time,target_x,target_y,target_z,actual_x,actual_y,actual_z,obs_meta
0.001,0.3,0.0,0.4,-7.347690444166003e-17,8.298182218086482e-17,0.985298,"{'table_obstacle': {'pos': [0.3825981920028062, 0.37518922255766707, 0.1646257963690813], 'size': [0.049837904948193595, 0.0813235869879147, 0.05243307039854257]}, 'pillar_obstacle': {'pos': [0.39994824830915515, -0.3824307480766307, 0.23470116647765446], 'size': [0.033663755439403885, 0.20172185302840845, 0.0]}, 'small_block': {'pos': [0.6140097595303955, -0.3535133918987863, 0.1097032402875184], 'size': [0.04461973939918376, 0.0849493067344041, 0.09534921802665242]}}"
0.002,0.3,0.0,0.4,1.1567517744326735e-09,-6.251993604667823e-06,0.9852979969219531,"{'table_obstacle': {'pos': [0.3825981920028062, 0.37518922255766707, 0.1646257963690813], 'size': [0.049837904948193595, 0.0813235869879147, 0.05243307039854257]}, 'pillar_obstacle': {'pos': [0.39994824830915515, -0.3824307480766307, 0.23470116647765446], 'size': [0.033663755439403885, 0.20172185302840845, 0.0]}, 'small_block': {'pos': [0.6140097595303955, -0.3535133918987863, 0.1097032402875184], 'size': [0.04461973939918376, 0.0849493067344041, 0.09534921802665242]}}"
0.003,0.3,0.0,0.4,1.0380149354018005e-08,-1.927798230667698e-05,0.9852979727020722,"{'table_obstacle': {'pos': [0.3825981920028062, 0.37518922255766707, 0.1646257963690813], 'size': [0.049837904948193595, 0.0813235869879147, 0.05243307039854257]}, 'pillar_obstacle': {'pos': [0.39994824830915515, -0.3824307480766307, 0.23470116647765446], 'size': [0.033663755439403885, 0.20172185302840845, 0.0]}, 'small_block': {'pos': [0.6140097595303955, -0.3535133918987863, 0.1097032402875184], 'size': [0.04461973939918376, 0.0849493067344041, 0.09534921802665242]}}"
0.004,0.3,0.0,0.4,6.111434644281696e-08,-3.244945136387541e-05,0.985297880263671,"{'table_obstacle': {'pos': [0.3825981920028062, 0.37518922255766707, 0.1646257963690813], 'size': [0.049837904948193595, 0.0813235869879147, 0.05243307039854257]}, 'pillar_obstacle': {'pos': [0.39994824830915515, -0.3824307480766307, 0.23470116647765446], 'size': [0.033663755439403885, 0.20172185302840845, 0.0]}, 'small_block': {'pos': [0.6140097595303955, -0.3535133918987863, 0.1097032402875184], 'size': [0.04461973939918376, 0.0849493067344041, 0.09534921802665242]}}"
0.005,0.3,0.0,0.4,2.3854440608913694e-07,-3.930331472150709e-05,0.9852976126416352,"{'table_obstacle': {'pos': [0.3825981920028062, 0.37518922255766707, 0.1646257963690813], 'size': [0.049837904948193595, 0.0813235869879147, 0.05243307039854257]}, 'pillar_obstacle': {'pos': [0.39994824830915515, -0.3824307480766307, 0.23470116647765446], 'size': [0.033663755439403885, 0.20172185302840845, 0.0]}, 'small_block': {'pos': [0.6140097595303955, -0.3535133918987863, 0.1097032402875184], 'size': [0.04461973939918376, 0.0849493067344041, 0.09534921802665242]}}"
0.006,0.3,0.0,0.4,6.501737137495788e-07,-4.0924741456328616e-05,0.9852970126046905,"{'table_obstacle': {'pos': [0.3825981920028062, 0.37518922255766707, 0.1646257963690813], 'size': [0.049837904948193595, 0.0813235869879147, 0.05243307039854257]}, 'pillar_obstacle': {'pos': [0.39994824830915515, -0.3824307480766307, 0.23470116647765446], 'size': [0.033663755439403885, 0.20172185302840845, 0.0]}, 'small_block': {'pos': [0.6140097595303955, -0.3535133918987863, 0.1097032402875184], 'size': [0.04461973939918376, 0.0849493067344041, 0.09534921802665242]}}"
0.007,0.3,0.0,0.4,1.4253611509945626e-06,-3.838499397134358e-05,0.985295889406968,"{'table_obstacle': {'pos': [0.3825981920028062, 0.37518922255766707, 0.1646257963690813], 'size': [0.049837904948193595, 0.0813235869879147, 0.05243307039854257]}, 'pillar_obstacle': {'pos': [0.39994824830915515, -0.3824307480766307, 0.23470116647765446], 'size': [0.033663755439403885, 0.20172185302840845, 0.0]}, 'small_block': {'pos': [0.6140097595303955, -0.3535133918987863, 0.1097032402875184], 'size': [0.04461973939918376, 0.0849493067344041, 0.09534921802665242]}}"
0.008,0.3,0.0,0.4,2.712487343125607e-06,-3.270151361532415e-05,0.9852940326938537,"{'table_obstacle': {'pos': [0.3825981920028062, 0.37518922255766707, 0.1646257963690813], 'size': [0.049837904948193595, 0.0813235869879147, 0.05243307039854257]}, 'pillar_obstacle': {'pos': [0.39994824830915515, -0.3824307480766307, 0.23470116647765446], 'size': [0.033663755439403885, 0.20172185302840845, 0.0]}, 'small_block': {'pos': [0.6140097595303955, -0.3535133918987863, 0.1097032402875184], 'size': [0.04461973939918376, 0.0849493067344041, 0.09534921802665242]}}"
0.009000000000000001,0.3,0.0,0.4,4.6745211782837055e-06,-2.490944998121173e-05,0.985291223651063,"{'table_obstacle': {'pos': [0.3825981920028062, 0.37518922255766707, 0.1646257963690813], 'size': [0.049837904948193595, 0.0813235869879147, 0.05243307039854257]}, 'pillar_obstacle': {'pos': [0.39994824830915515, -0.3824307480766307, 0.23470116647765446], 'size': [0.033663755439403885, 0.20172185302840845, 0.0]}, 'small_block': {'pos': [0.6140097595303955, -0.3535133918987863, 0.1097032402875184], 'size': [0.04461973939918376, 0.0849493067344041, 0.09534921802665242]}}"
0.010000000000000002,0.3,0.0,0.4,7.486246177559575e-06,-1.6021445778717177e-05,0.9852872415296262,"{'table_obstacle': {'pos': [0.3825981920028062, 0.37518922255766707, 0.1646257963690813], 'size': [0.049837904948193595, 0.0813235869879147, 0.05243307039854257]}, 'pillar_obstacle': {'pos': [0.39994824830915515, -0.3824307480766307, 0.23470116647765446], 'size': [0.033663755439403885, 0.20172185302840845, 0.0]}, 'small_block': {'pos': [0.6140097595303955, -0.3535133918987863, 0.1097032402875184], 'size': [0.04461973939918376, 0.0849493067344041, 0.09534921802665242]}}"
0.011000000000000003,0.3,0.0,0.4,1.1331575054627188e-05,-7.026126585033725e-06,0.9852818680015459,"{'table_obstacle': {'pos': [0.3825981920028062, 0.37518922255766707, 0.1646257963690813], 'size': [0.049837904948193595, 0.0813235869879147, 0.05243307039854257]}, 'pillar_obstacle': {'pos': [0.39994824830915515, -0.3824307480766307, 0.23470116647765446], 'size': [0.033663755439403885, 0.20172185302840845, 0.0]}, 'small_block': {'pos': [0.6140097595303955, -0.3535133918987863, 0.1097032402875184], 'size': [0.04461973939918376, 0.0849493067344041, 0.09534921802665242]}}"
0.012000000000000004,0.3,0.0,0.4,1.6401254117823766e-05,1.1129278589288487e-06,0.9852748898017321,"{'table_obstacle': {'pos': [0.3825981920028062, 0.37518922255766707, 0.1646257963690813], 'size': [0.049837904948193595, 0.0813235869879147, 0.05243307039854257]}, 'pillar_obstacle': {'pos': [0.39994824830915515, -0.3824307480766307, 0.23470116647765446], 'size': [0.033663755439403885, 0.20172185302840845, 0.0]}, 'small_block': {'pos': [0.6140097595303955, -0.3535133918987863, 0.1097032402875184], 'size': [0.04461973939918376, 0.0849493067344041, 0.09534921802665242]}}"
0.013000000000000005,0.3,0.0,0.4,2.2890937021454656e-05,7.4578342864593545e-06,0.9852661001812952,"{'table_obstacle': {'pos': [0.3825981920028062, 0.37518922255766707, 0.1646257963690813], 'size': [0.049837904948193595, 0.0813235869879147, 0.05243307039854257]}, 'pillar_obstacle': {'pos': [0.39994824830915515, -0.3824307480766307, 0.23470116647765446], 'size': [0.033663755439403885, 0.20172185302840845, 0.0]}, 'small_block': {'pos': [0.6140097595303955, -0.3535133918987863, 0.1097032402875184], 'size': [0.04461973939918376, 0.0849493067344041, 0.09534921802665242]}}"
0.014000000000000005,0.3,0.0,0.4,3.099959741518251e-05,1.1096762658546712e-05,0.9852552995525563,"{'table_obstacle': {'pos': [0.3825981920028062, 0.37518922255766707, 0.1646257963690813], 'size': [0.049837904948193595, 0.0813235869879147, 0.05243307039854257]}, 'pillar_obstacle': {'pos': [0.39994824830915515, -0.3824307480766307, 0.23470116647765446], 'size': [0.033663755439403885, 0.20172185302840845, 0.0]}, 'small_block': {'pos': [0.6140097595303955, -0.3535133918987863, 0.1097032402875184], 'size': [0.04461973939918376, 0.0849493067344041, 0.09534921802665242]}}"
0.015000000000000006,0.3,0.0,0.4,4.092824519187146e-05,1.1144066545169156e-05,0.985242295599099,"{'table_obstacle': {'pos': [0.3825981920028062, 0.37518922255766707, 0.1646257963690813], 'size': [0.049837904948193595, 0.0813235869879147, 0.05243307039854257]}, 'pillar_obstacle': {'pos': [0.39994824830915515, -0.3824307480766307, 0.23470116647765446], 'size': [0.033663755439403885, 0.20172185302840845, 0.0]}, 'small_block': {'pos': [0.6140097595303955, -0.3535133918987863, 0.1097032402875184], 'size': [0.04461973939918376, 0.0849493067344041, 0.09534921802665242]}}"
0.016000000000000007,0.3,0.0,0.4,5.28789095533991e-05,6.7402406863936466e-06,0.9852269030453188,"{'table_obstacle': {'pos': [0.3825981920028062, 0.37518922255766707, 0.1646257963690813], 'size': [0.049837904948193595, 0.0813235869879147, 0.05243307039854257]}, 'pillar_obstacle': {'pos': [0.39994824830915515, -0.3824307480766307, 0.23470116647765446], 'size': [0.033663755439403885, 0.20172185302840845, 0.0]}, 'small_block': {'pos': [0.6140097595303955, -0.3535133918987863, 0.1097032402875184], 'size': [0.04461973939918376, 0.0849493067344041, 0.09534921802665242]}}"
0.017000000000000008,0.3,0.0,0.4,6.705385282454621e-05,-2.9482521525356267e-06,0.9852089432220699,"{'table_obstacle': {'pos': [0.3825981920028062, 0.37518922255766707, 0.1646257963690813], 'size': [0.049837904948193595, 0.0813235869879147, 0.05243307039854257]}, 'pillar_obstacle': {'pos': [0.39994824830915515, -0.3824307480766307, 0.23470116647765446], 'size': [0.033663755439403885, 0.20172185302840845, 0.0]}, 'small_block': {'pos': [0.6140097595303955, -0.3535133918987863, 0.1097032402875184], 'size': [0.04461973939918376, 0.0849493067344041, 0.09534921802665242]}}"
0.01800000000000001,0.3,0.0,0.4,8.304355911687432e-05,-3.4479884298137774e-05,0.9851881398631118,"{'table_obstacle': {'pos': [0.3825981920028062, 0.37518922255766707, 0.1646257963690813], 'size': [0.049837904948193595, 0.0813235869879147, 0.05243307039854257]}, 'pillar_obstacle': {'pos': [0.39994824830915515, -0.3824307480766307, 0.23470116647765446], 'size': [0.033663755439403885, 0.20172185302840845, 0.0]}, 'small_block': {'pos': [0.6140097595303955, -0.3535133918987863, 0.1097032402875184], 'size': [0.04461973939918376, 0.0849493067344041, 0.09534921802665242]}}"
0.01900000000000001,0.3,0.0,0.4,0.00010006528862442059,-0.00010680506935274248,0.9851641983795254,"{'table_obstacle': {'pos': [0.3825981920028062, 0.37518922255766707, 0.1646257963690813], 'size': [0.049837904948193595, 0.0813235869879147, 0.05243307039854257]}, 'pillar_obstacle': {'pos': [0.39994824830915515, -0.3824307480766307, 0.23470116647765446], 'size': [0.033663755439403885, 0.20172185302840845, 0.0]}, 'small_block': {'pos': [0.6140097595303955, -0.3535133918987863, 0.1097032402875184], 'size': [0.04461973939918376, 0.0849493067344041, 0.09534921802665242]}}"
0.02000000000000001,0.3,0.0,0.4,0.00011736307503220358,-0.00023087565673890736,0.9851368221516322,"{'table_obstacle': {'pos': [0.3825981920028062, 0.37518922255766707, 0.1646257963690813], 'size': [0.049837904948193595, 0.0813235869879147, 0.05243307039854257]}, 'pillar_obstacle': {'pos': [0.39994824830915515, -0.3824307480766307, 0.23470116647765446], 'size': [0.033663755439403885, 0.20172185302840845, 0.0]}, 'small_block': {'pos': [0.6140097595303955, -0.3535133918987863, 0.1097032402875184], 'size': [0.04461973939918376, 0.0849493067344041, 0.09534921802665242]}}"
0.02100000000000001,0.3,0.0,0.4,0.00013462247503772122,-0.00040460769983169387,0.985105761855378,"{'table_obstacle': {'pos': [0.3825981920028062, 0.37518922255766707, 0.1646257963690813], 'size': [0.049837904948193595, 0.0813235869879147, 0.05243307039854257]}, 'pillar_obstacle': {'pos': [0.39994824830915515, -0.3824307480766307, 0.23470116647765446], 'size': [0.033663755439403885, 0.20172185302840845, 0.0]}, 'small_block': {'pos': [0.6140097595303955, -0.3535133918987863, 0.1097032402875184], 'size': [0.04461973939918376, 0.0849493067344041, 0.09534921802665242]}}"
0.022000000000000013,0.3,0.0,0.4,0.0001515371049407402,-0.0006260523276262805,0.9850707247284515,"{'table_obstacle': {'pos': [0.3825981920028062, 0.37518922255766707, 0.1646257963690813], 'size': [0.049837904948193595, 0.0813235869879147, 0.05243307039854257]}, 'pillar_obstacle': {'pos': [0.39994824830915515, -0.3824307480766307, 0.23470116647765446], 'size': [0.033663755439403885, 0.20172185302840845, 0.0]}, 'small_block': {'pos': [0.6140097595303955, -0.3535133918987863, 0.1097032402875184], 'size': [0.04461973939918376, 0.0849493067344041, 0.09534921802665242]}}"
0.023000000000000013,0.3,0.0,0.4,0.00016782051671930645,-0.0008933847120377461,0.9850313991025356,"{'table_obstacle': {'pos': [0.3825981920028062, 0.37518922255766707, 0.1646257963690813], 'size': [0.049837904948193595, 0.0813235869879147, 0.05243307039854257]}, 'pillar_obstacle': {'pos': [0.39994824830915515, -0.3824307480766307, 0.23470116647765446], 'size': [0.033663755439403885, 0.20172185302840845, 0.0]}, 'small_block': {'pos': [0.6140097595303955, -0.3535133918987863, 0.1097032402875184], 'size': [0.04461973939918376, 0.0849493067344041, 0.09534921802665242]}}"
0.024000000000000014,0.3,0.0,0.4,0.0001831396940294709,-0.0011862662670931788,0.9849833238540245,"{'table_obstacle': {'pos': [0.3825981920028062, 0.37518922255766707, 0.1646257963690813], 'size': [0.049837904948193595, 0.0813235869879147, 0.05243307039854257]}, 'pillar_obstacle': {'pos': [0.39994824830915515, -0.3824307480766307, 0.23470116647765446], 'size': [0.033663755439403885, 0.20172185302840845, 0.0]}, 'small_block': {'pos': [0.6140097595303955, -0.3535133918987863, 0.1097032402875184], 'size': [0.04461973939918376, 0.0849493067344041, 0.09534921802665242]}}"
0.025000000000000015,0.3,0.0,0.4,0.00019703967807214429,-0.0015024905509422267,0.9849253903324549,"{'table_obstacle': {'pos': [0.3825981920028062, 0.37518922255766707, 0.1646257963690813], 'size': [0.049837904948193595, 0.0813235869879147, 0.05243307039854257]}, 'pillar_obstacle': {'pos': [0.39994824830915515, -0.3824307480766307, 0.23470116647765446], 'size': [0.033663755439403885, 0.20172185302840845, 0.0]}, 'small_block': {'pos': [0.6140097595303955, -0.3535133918987863, 0.1097032402875184], 'size': [0.04461973939918376, 0.0849493067344041, 0.09534921802665242]}}"
0.026000000000000016,0.3,0.0,0.4,0.00020908326634973363,-0.0018400125068417242,0.9848564849529622,"{'table_obstacle': {'pos': [0.3825981920028062, 0.37518922255766707, 0.1646257963690813], 'size': [0.049837904948193595, 0.0813235869879147, 0.05243307039854257]}, 'pillar_obstacle': {'pos': [0.39994824830915515, -0.3824307480766307, 0.23470116647765446], 'size': [0.033663755439403885, 0.20172185302840845, 0.0]}, 'small_block': {'pos': [0.6140097595303955, -0.3535133918987863, 0.1097032402875184], 'size': [0.04461973939918376, 0.0849493067344041, 0.09534921802665242]}}"
0.027000000000000017,0.3,0.0,0.4,0.0002188647269743458,-0.0021969356586653208,0.9847755388605128,"{'table_obstacle': {'pos': [0.3825981920028062, 0.37518922255766707, 0.1646257963690813], 'size': [0.049837904948193595, 0.0813235869879147, 0.05243307039854257]}, 'pillar_obstacle': {'pos': [0.39994824830915515, -0.3824307480766307, 0.23470116647765446], 'size': [0.033663755439403885, 0.20172185302840845, 0.0]}, 'small_block': {'pos': [0.6140097595303955, -0.3535133918987863, 0.1097032402875184], 'size': [0.04461973939918376, 0.0849493067344041, 0.09534921802665242]}}"
0.028000000000000018,0.3,0.0,0.4,0.00022601792992943891,-0.0025715007217169657,0.984681559742621,"{'table_obstacle': {'pos': [0.3825981920028062, 0.37518922255766707, 0.1646257963690813], 'size': [0.049837904948193595, 0.0813235869879147, 0.05243307039854257]}, 'pillar_obstacle': {'pos': [0.39994824830915515, -0.3824307480766307, 0.23470116647765446], 'size': [0.033663755439403885, 0.20172185302840845, 0.0]}, 'small_block': {'pos': [0.6140097595303955, -0.3535133918987863, 0.1097032402875184], 'size': [0.04461973939918376, 0.0849493067344041, 0.09534921802665242]}}"
0.02900000000000002,0.3,0.0,0.4,0.00023022040544832024,-0.0029620753685845984,0.9845736505042088,"{'table_obstacle': {'pos': [0.3825981920028062, 0.37518922255766707, 0.1646257963690813], 'size': [0.049837904948193595, 0.0813235869879147, 0.05243307039854257]}, 'pillar_obstacle': {'pos': [0.39994824830915515, -0.3824307480766307, 0.23470116647765446], 'size': [0.033663755439403885, 0.20172185302840845, 0.0]}, 'small_block': {'pos': [0.6140097595303955, -0.3535133918987863, 0.1097032402875184], 'size': [0.04461973939918376, 0.0849493067344041, 0.09534921802665242]}}"
0.03000000000000002,0.3,0.0,0.4,0.00023119447965627135,-0.0033671449275433354,0.9844510184067691,"{'table_obstacle': {'pos': [0.3825981920028062, 0.37518922255766707, 0.1646257963690813], 'size': [0.049837904948193595, 0.0813235869879147, 0.05243307039854257]}, 'pillar_obstacle': {'pos': [0.39994824830915515, -0.3824307480766307, 0.23470116647765446], 'size': [0.033663755439403885, 0.20172185302840845, 0.0]}, 'small_block': {'pos': [0.6140097595303955, -0.3535133918987863, 0.1097032402875184], 'size': [0.04461973939918376, 0.0849493067344041, 0.09534921802665242]}}"
0.03100000000000002,0.3,0.0,0.4,0.00022870636342551526,-0.003785303836664268,0.9843129774233902,"{'table_obstacle': {'pos': [0.3825981920028062, 0.37518922255766707, 0.1646257963690813], 'size': [0.049837904948193595, 0.0813235869879147, 0.05243307039854257]}, 'pillar_obstacle': {'pos': [0.39994824830915515, -0.3824307480766307, 0.23470116647765446], 'size': [0.033663755439403885, 0.20172185302840845, 0.0]}, 'small_block': {'pos': [0.6140097595303955, -0.3535133918987863, 0.1097032402875184], 'size': [0.04461973939918376, 0.0849493067344041, 0.09534921802665242]}}"
0.03200000000000002,0.3,0.0,0.4,0.00022256386021795465,-0.00421524772108022,0.9841589459058888,"{'table_obstacle': {'pos': [0.3825981920028062, 0.37518922255766707, 0.1646257963690813], 'size': [0.049837904948193595, 0.0813235869879147, 0.05243307039854257]}, 'pillar_obstacle': {'pos': [0.39994824830915515, -0.3824307480766307, 0.23470116647765446], 'size': [0.033663755439403885, 0.20172185302840845, 0.0]}, 'small_block': {'pos': [0.6140097595303955, -0.3535133918987863, 0.1097032402875184], 'size': [0.04461973939918376, 0.0849493067344041, 0.09534921802665242]}}"
0.03300000000000002,0.3,0.0,0.4,0.00021261319639993853,-0.004655765999215395,0.9839884411519599,"{'table_obstacle': {'pos': [0.3825981920028062, 0.37518922255766707, 0.1646257963690813], 'size': [0.049837904948193595, 0.0813235869879147, 0.05243307039854257]}, 'pillar_obstacle': {'pos': [0.39994824830915515, -0.3824307480766307, 0.23470116647765446], 'size': [0.033663755439403885, 0.20172185302840845, 0.0]}, 'small_block': {'pos': [0.6140097595303955, -0.3535133918987863, 0.1097032402875184], 'size': [0.04461973939918376, 0.0849493067344041, 0.09534921802665242]}}"
0.03400000000000002,0.3,0.0,0.4,0.00019873535135511987,-0.00510573495441876,0.9838010720637094,"{'table_obstacle': {'pos': [0.3825981920028062, 0.37518922255766707, 0.1646257963690813], 'size': [0.049837904948193595, 0.0813235869879147, 0.05243307039854257]}, 'pillar_obstacle': {'pos': [0.39994824830915515, -0.3824307480766307, 0.23470116647765446], 'size': [0.033663755439403885, 0.20172185302840845, 0.0]}, 'small_block': {'pos': [0.6140097595303955, -0.3535133918987863, 0.1097032402875184], 'size': [0.04461973939918376, 0.0849493067344041, 0.09534921802665242]}}"
0.035000000000000024,0.3,0.0,0.4,0.0001808421661891468,-0.005564111231209502,0.9835965307787051,"{'table_obstacle': {'pos': [0.3825981920028062, 0.37518922255766707, 0.1646257963690813], 'size': [0.049837904948193595, 0.0813235869879147, 0.05243307039854257]}, 'pillar_obstacle': {'pos': [0.39994824830915515, -0.3824307480766307, 0.23470116647765446], 'size': [0.033663755439403885, 0.20172185302840845, 0.0]}, 'small_block': {'pos': [0.6140097595303955, -0.3535133918987863, 0.1097032402875184], 'size': [0.04461973939918376, 0.0849493067344041, 0.09534921802665242]}}"
0.036000000000000025,0.3,0.0,0.4,0.00015887243273925757,-0.006029925731013682,0.9833745839120583,"{'table_obstacle': {'pos': [0.3825981920028062, 0.37518922255766707, 0.1646257963690813], 'size': [0.049837904948193595, 0.0813235869879147, 0.05243307039854257]}, 'pillar_obstacle': {'pos': [0.39994824830915515, -0.3824307480766307, 0.23470116647765446], 'size': [0.033663755439403885, 0.20172185302840845, 0.0]}, 'small_block': {'pos': [0.6140097595303955, -0.3535133918987863, 0.1097032402875184], 'size': [0.04461973939918376, 0.0849493067344041, 0.09534921802665242]}}"
0.037000000000000026,0.3,0.0,0.4,0.00013278810441397508,-0.006502277892043825,0.9831350638590722,"{'table_obstacle': {'pos': [0.3825981920028062, 0.37518922255766707, 0.1646257963690813], 'size': [0.049837904948193595, 0.0813235869879147, 0.05243307039854257]}, 'pillar_obstacle': {'pos': [0.39994824830915515, -0.3824307480766307, 0.23470116647765446], 'size': [0.033663755439403885, 0.20172185302840845, 0.0]}, 'small_block': {'pos': [0.6140097595303955, -0.3535133918987863, 0.1097032402875184], 'size': [0.04461973939918376, 0.0849493067344041, 0.09534921802665242]}}"
0.03800000000000003,0.3,0.0,0.4,0.00010257072370039379,-0.006980330343173585,0.9828778604620698,"{'table_obstacle': {'pos': [0.3825981920028062, 0.37518922255766707, 0.1646257963690813], 'size': [0.049837904948193595, 0.0813235869879147, 0.05243307039854257]}, 'pillar_obstacle': {'pos': [0.39994824830915515, -0.3824307480766307, 0.23470116647765446], 'size': [0.033663755439403885, 0.20172185302840845, 0.0]}, 'small_block': {'pos': [0.6140097595303955, -0.3535133918987863, 0.1097032402875184], 'size': [0.04461973939918376, 0.0849493067344041, 0.09534921802665242]}}"
0.03900000000000003,0.3,0.0,0.4,6.821812531227347e-05,-0.007463303923564653,0.9826029132337084,"{'table_obstacle': {'pos': [0.3825981920028062, 0.37518922255766707, 0.1646257963690813], 'size': [0.049837904948193595, 0.0813235869879147, 0.05243307039854257]}, 'pillar_obstacle': {'pos': [0.39994824830915515, -0.3824307480766307, 0.23470116647765446], 'size': [0.033663755439403885, 0.20172185302840845, 0.0]}, 'small_block': {'pos': [0.6140097595303955, -0.3535133918987863, 0.1097032402875184], 'size': [0.04461973939918376, 0.0849493067344041, 0.09534921802665242]}}"
0.04000000000000003,0.3,0.0,0.4,2.974144686006498e-05,-0.007950473059523247,0.9823102042456598,"{'table_obstacle': {'pos': [0.3825981920028062, 0.37518922255766707, 0.1646257963690813], 'size': [0.049837904948193595, 0.0813235869879147, 0.05243307039854257]}, 'pillar_obstacle': {'pos': [0.39994824830915515, -0.3824307480766307, 0.23470116647765446], 'size': [0.033663755439403885, 0.20172185302840845, 0.0]}, 'small_block': {'pos': [0.6140097595303955, -0.3535133918987863, 0.1097032402875184], 'size': [0.04461973939918376, 0.0849493067344041, 0.09534921802665242]}}"
0.04100000000000003,0.3,0.0,0.4,-1.2837541150919674e-05,-0.008441161488513062,0.9819997517304465,"{'table_obstacle': {'pos': [0.3825981920028062, 0.37518922255766707, 0.1646257963690813], 'size': [0.049837904948193595, 0.0813235869879147, 0.05243307039854257]}, 'pillar_obstacle': {'pos': [0.39994824830915515, -0.3824307480766307, 0.23470116647765446], 'size': [0.033663755439403885, 0.20172185302840845, 0.0]}, 'small_block': {'pos': [0.6140097595303955, -0.3535133918987863, 0.1097032402875184], 'size': [0.04461973939918376, 0.0849493067344041, 0.09534921802665242]}}"
0.04200000000000003,0.3,0.0,0.4,-5.407479498310491e-05,-0.0089586397846965,0.9816840989991021,"{'table_obstacle': {'pos': [0.3825981920028062, 0.37518922255766707, 0.1646257963690813], 'size': [0.049837904948193595, 0.0813235869879147, 0.05243307039854257]}, 'pillar_obstacle': {'pos': [0.39994824830915515, -0.3824307480766307, 0.23470116647765446], 'size': [0.033663755439403885, 0.20172185302840845, 0.0]}, 'small_block': {'pos': [0.6140097595303955, -0.3535133918987863, 0.1097032402875184], 'size': [0.04461973939918376, 0.0849493067344041, 0.09534921802665242]}}"
0.04300000000000003,0.3,0.0,0.4,-9.313480546326632e-05,-0.009501770917674662,0.9813626250659664,"{'table_obstacle': {'pos': [0.3825981920028062, 0.37518922255766707, 0.1646257963690813], 'size': [0.049837904948193595, 0.0813235869879147, 0.05243307039854257]}, 'pillar_obstacle': {'pos': [0.39994824830915515, -0.3824307480766307, 0.23470116647765446], 'size': [0.033663755439403885, 0.20172185302840845, 0.0]}, 'small_block': {'pos': [0.6140097595303955, -0.3535133918987863, 0.1097032402875184], 'size': [0.04461973939918376, 0.0849493067344041, 0.09534921802665242]}}"
0.04400000000000003,0.3,0.0,0.4,-0.00012919907398562896,-0.010069389217133655,0.9810346274836534,"{'table_obstacle': {'pos': [0.3825981920028062, 0.37518922255766707, 0.1646257963690813], 'size': [0.049837904948193595, 0.0813235869879147, 0.05243307039854257]}, 'pillar_obstacle': {'pos': [0.39994824830915515, -0.3824307480766307, 0.23470116647765446], 'size': [0.033663755439403885, 0.20172185302840845, 0.0]}, 'small_block': {'pos': [0.6140097595303955, -0.3535133918987863, 0.1097032402875184], 'size': [0.04461973939918376, 0.0849493067344041, 0.09534921802665242]}}"
0.04500000000000003,0.3,0.0,0.4,-0.00016037629385591784,-0.010655126507463569,0.9807010595941447,"{'table_obstacle': {'pos': [0.3825981920028062, 0.37518922255766707, 0.1646257963690813], 'size': [0.049837904948193595, 0.0813235869879147, 0.05243307039854257]}, 'pillar_obstacle': {'pos': [0.39994824830915515, -0.3824307480766307, 0.23470116647765446], 'size': [0.033663755439403885, 0.20172185302840845, 0.0]}, 'small_block': {'pos': [0.6140097595303955, -0.3535133918987863, 0.1097032402875184], 'size': [0.04461973939918376, 0.0849493067344041, 0.09534921802665242]}}"
0.046000000000000034,0.3,0.0,0.4,-0.0001849620340721931,-0.011253563647222228,0.9803627361918782,"{'table_obstacle': {'pos': [0.3825981920028062, 0.37518922255766707, 0.1646257963690813], 'size': [0.049837904948193595, 0.0813235869879147, 0.05243307039854257]}, 'pillar_obstacle': {'pos': [0.39994824830915515, -0.3824307480766307, 0.23470116647765446], 'size': [0.033663755439403885, 0.20172185302840845, 0.0]}, 'small_block': {'pos': [0.6140097595303955, -0.3535133918987863, 0.1097032402875184], 'size': [0.04461973939918376, 0.0849493067344041, 0.09534921802665242]}}"
0.047000000000000035,0.3,0.0,0.4,-0.00020154265401577413,-0.011860498196862298,0.9800201991461521,"{'table_obstacle': {'pos': [0.3825981920028062, 0.37518922255766707, 0.1646257963690813], 'size': [0.049837904948193595, 0.0813235869879147, 0.05243307039854257]}, 'pillar_obstacle': {'pos': [0.39994824830915515, -0.3824307480766307, 0.23470116647765446], 'size': [0.033663755439403885, 0.20172185302840845, 0.0]}, 'small_block': {'pos': [0.6140097595303955, -0.3535133918987863, 0.1097032402875184], 'size': [0.04461973939918376, 0.0849493067344041, 0.09534921802665242]}}"
0.048000000000000036,0.3,0.0,0.4,-0.00020896476286714485,-0.012472661628766825,0.9796737680661534,"{'table_obstacle': {'pos': [0.3825981920028062, 0.37518922255766707, 0.1646257963690813], 'size': [0.049837904948193595, 0.0813235869879147, 0.05243307039854257]}, 'pillar_obstacle': {'pos': [0.39994824830915515, -0.3824307480766307, 0.23470116647765446], 'size': [0.033663755439403885, 0.20172185302840845, 0.0]}, 'small_block': {'pos': [0.6140097595303955, -0.3535133918987863, 0.1097032402875184], 'size': [0.04461973939918376, 0.0849493067344041, 0.09534921802665242]}}"
0.04900000000000004,0.3,0.0,0.4,-0.00020630291517146444,-0.013087505364405254,0.9793235835826507,"{'table_obstacle': {'pos': [0.3825981920028062, 0.37518922255766707, 0.1646257963690813], 'size': [0.049837904948193595, 0.0813235869879147, 0.05243307039854257]}, 'pillar_obstacle': {'pos': [0.39994824830915515, -0.3824307480766307, 0.23470116647765446], 'size': [0.033663755439403885, 0.20172185302840845, 0.0]}, 'small_block': {'pos': [0.6140097595303955, -0.3535133918987863, 0.1097032402875184], 'size': [0.04461973939918376, 0.0849493067344041, 0.09534921802665242]}}"
0.05000000000000004,0.3,0.0,0.4,-0.00019262528781468786,-0.013704285617267192,0.9789703010155264,"{'table_obstacle': {'pos': [0.3825981920028062, 0.37518922255766707, 0.1646257963690813], 'size': [0.049837904948193595, 0.0813235869879147, 0.05243307039854257]}, 'pillar_obstacle': {'pos': [0.39994824830915515, -0.3824307480766307, 0.23470116647765446], 'size': [0.033663755439403885, 0.20172185302840845, 0.0]}, 'small_block': {'pos': [0.6140097595303955, -0.3535133918987863, 0.1097032402875184], 'size': [0.04461973939918376, 0.0849493067344041, 0.09534921802665242]}}"
0.05100000000000004,0.3,0.0,0.4,-0.00016710162352835288,-0.014322953819884632,0.9786145504520021,"{'table_obstacle': {'pos': [0.3825981920028062, 0.37518922255766707, 0.1646257963690813], 'size': [0.049837904948193595, 0.0813235869879147, 0.05243307039854257]}, 'pillar_obstacle': {'pos': [0.39994824830915515, -0.3824307480766307, 0.23470116647765446], 'size': [0.033663755439403885, 0.20172185302840845, 0.0]}, 'small_block': {'pos': [0.6140097595303955, -0.3535133918987863, 0.1097032402875184], 'size': [0.04461973939918376, 0.0849493067344041, 0.09534921802665242]}}"
0.05200000000000004,0.3,0.0,0.4,-0.00012917721919437507,-0.014942930717835088,0.9782563459700216,"{'table_obstacle': {'pos': [0.3825981920028062, 0.37518922255766707, 0.1646257963690813], 'size': [0.049837904948193595, 0.0813235869879147, 0.05243307039854257]}, 'pillar_obstacle': {'pos': [0.39994824830915515, -0.3824307480766307, 0.23470116647765446], 'size': [0.033663755439403885, 0.20172185302840845, 0.0]}, 'small_block': {'pos': [0.6140097595303955, -0.3535133918987863, 0.1097032402875184], 'size': [0.04461973939918376, 0.0849493067344041, 0.09534921802665242]}}"
0.05300000000000004,0.3,0.0,0.4,-7.85202119378774e-05,-0.015563326766648882,0.9778952936903672,"{'table_obstacle': {'pos': [0.3825981920028062, 0.37518922255766707, 0.1646257963690813], 'size': [0.049837904948193595, 0.0813235869879147, 0.05243307039854257]}, 'pillar_obstacle': {'pos': [0.39994824830915515, -0.3824307480766307, 0.23470116647765446], 'size': [0.033663755439403885, 0.20172185302840845, 0.0]}, 'small_block': {'pos': [0.6140097595303955, -0.3535133918987863, 0.1097032402875184], 'size': [0.04461973939918376, 0.0849493067344041, 0.09534921802665242]}}"
0.05400000000000004,0.3,0.0,0.4,-1.4972459329981851e-05,-0.016183099810329834,0.977530750588798,"{'table_obstacle': {'pos': [0.3825981920028062, 0.37518922255766707, 0.1646257963690813], 'size': [0.049837904948193595, 0.0813235869879147, 0.05243307039854257]}, 'pillar_obstacle': {'pos': [0.39994824830915515, -0.3824307480766307, 0.23470116647765446], 'size': [0.033663755439403885, 0.20172185302840845, 0.0]}, 'small_block': {'pos': [0.6140097595303955, -0.3535133918987863, 0.1097032402875184], 'size': [0.04461973939918376, 0.0849493067344041, 0.09534921802665242]}}"
0.05500000000000004,0.3,0.0,0.4,6.1492997422682e-05,-0.016801161989722473,0.9771619399672763,"{'table_obstacle': {'pos': [0.3825981920028062, 0.37518922255766707, 0.1646257963690813], 'size': [0.049837904948193595, 0.0813235869879147, 0.05243307039854257]}, 'pillar_obstacle': {'pos': [0.39994824830915515, -0.3824307480766307, 0.23470116647765446], 'size': [0.033663755439403885, 0.20172185302840845, 0.0]}, 'small_block': {'pos': [0.6140097595303955, -0.3535133918987863, 0.1097032402875184], 'size': [0.04461973939918376, 0.0849493067344041, 0.09534921802665242]}}"
0.05600000000000004,0.3,0.0,0.4,0.00015080687879081688,-0.017416447814984363,0.9767880316116359,"{'table_obstacle': {'pos': [0.3825981920028062, 0.37518922255766707, 0.1646257963690813], 'size': [0.049837904948193595, 0.0813235869879147, 0.05243307039854257]}, 'pillar_obstacle': {'pos': [0.39994824830915515, -0.3824307480766307, 0.23470116647765446], 'size': [0.033663755439403885, 0.20172185302840845, 0.0]}, 'small_block': {'pos': [0.6140097595303955, -0.3535133918987863, 0.1097032402875184], 'size': [0.04461973939918376, 0.0849493067344041, 0.09534921802665242]}}"
0.057000000000000044,0.3,0.0,0.4,0.0002528312248067429,-0.01802795401922296,0.9764081947623189,"{'table_obstacle': {'pos': [0.3825981920028062, 0.37518922255766707, 0.1646257963690813], 'size': [0.049837904948193595, 0.0813235869879147, 0.05243307039854257]}, 'pillar_obstacle': {'pos': [0.39994824830915515, -0.3824307480766307, 0.23470116647765446], 'size': [0.033663755439403885, 0.20172185302840845, 0.0]}, 'small_block': {'pos': [0.6140097595303955, -0.3535133918987863, 0.1097032402875184], 'size': [0.04461973939918376, 0.0849493067344041, 0.09534921802665242]}}"
0.058000000000000045,0.3,0.0,0.4,0.000367380403322631,-0.018634759893564005,0.9760216310726346,"{'table_obstacle': {'pos': [0.3825981920028062, 0.37518922255766707, 0.1646257963690813], 'size': [0.049837904948193595, 0.0813235869879147, 0.05243307039854257]}, 'pillar_obstacle': {'pos': [0.39994824830915515, -0.3824307480766307, 0.23470116647765446], 'size': [0.033663755439403885, 0.20172185302840845, 0.0]}, 'small_block': {'pos': [0.6140097595303955, -0.3535133918987863, 0.1097032402875184], 'size': [0.04461973939918376, 0.0849493067344041, 0.09534921802665242]}}"
0.059000000000000045,0.3,0.0,0.4,0.000494236653763154,-0.019236034796103064,0.9756275933887161,"{'table_obstacle': {'pos': [0.3825981920028062, 0.37518922255766707, 0.1646257963690813], 'size': [0.049837904948193595, 0.0813235869879147, 0.05243307039854257]}, 'pillar_obstacle': {'pos': [0.39994824830915515, -0.3824307480766307, 0.23470116647765446], 'size': [0.033663755439403885, 0.20172185302840845, 0.0]}, 'small_block': {'pos': [0.6140097595303955, -0.3535133918987863, 0.1097032402875184], 'size': [0.04461973939918376, 0.0849493067344041, 0.09534921802665242]}}"
0.060000000000000046,0.3,0.0,0.4,0.0006331612680586436,-0.019831037720677007,0.9752253948369005,"{'table_obstacle': {'pos': [0.3825981920028062, 0.37518922255766707, 0.1646257963690813], 'size': [0.049837904948193595, 0.0813235869879147, 0.05243307039854257]}, 'pillar_obstacle': {'pos': [0.39994824830915515, -0.3824307480766307, 0.23470116647765446], 'size': [0.033663755439403885, 0.20172185302840845, 0.0]}, 'small_block': {'pos': [0.6140097595303955, -0.3535133918987863, 0.1097032402875184], 'size': [0.04461973939918376, 0.0849493067344041, 0.09534921802665242]}}"
0.06100000000000005,0.3,0.0,0.4,0.0007839577434622118,-0.020419344043021904,0.9748145377341132,"{'table_obstacle': {'pos': [0.3825981920028062, 0.37518922255766707, 0.1646257963690813], 'size': [0.049837904948193595, 0.0813235869879147, 0.05243307039854257]}, 'pillar_obstacle': {'pos': [0.39994824830915515, -0.3824307480766307, 0.23470116647765446], 'size': [0.033663755439403885, 0.20172185302840845, 0.0]}, 'small_block': {'pos': [0.6140097595303955, -0.3535133918987863, 0.1097032402875184], 'size': [0.04461973939918376, 0.0849493067344041, 0.09534921802665242]}}"
0.06200000000000005,0.3,0.0,0.4,0.0009464938077165092,-0.02100088924562712,0.9743947325241537,"{'table_obstacle': {'pos': [0.3825981920028062, 0.37518922255766707, 0.1646257963690813], 'size': [0.049837904948193595, 0.0813235869879147, 0.05243307039854257]}, 'pillar_obstacle': {'pos': [0.39994824830915515, -0.3824307480766307, 0.23470116647765446], 'size': [0.033663755439403885, 0.20172185302840845, 0.0]}, 'small_block': {'pos': [0.6140097595303955, -0.3535133918987863, 0.1097032402875184], 'size': [0.04461973939918376, 0.0849493067344041, 0.09534921802665242]}}"
0.06300000000000004,0.3,0.0,0.4,0.0011206232206994937,-0.021575617859550707,0.9739656957078903,"{'table_obstacle': {'pos': [0.3825981920028062, 0.37518922255766707, 0.1646257963690813], 'size': [0.049837904948193595, 0.0813235869879147, 0.05243307039854257]}, 'pillar_obstacle': {'pos': [0.39994824830915515, -0.3824307480766307, 0.23470116647765446], 'size': [0.033663755439403885, 0.20172185302840845, 0.0]}, 'small_block': {'pos': [0.6140097595303955, -0.3535133918987863, 0.1097032402875184], 'size': [0.04461973939918376, 0.0849493067344041, 0.09534921802665242]}}"
0.06400000000000004,0.3,0.0,0.4,0.0013061877629882551,-0.02214348154602873,0.9735271500900904,"{'table_obstacle': {'pos': [0.3825981920028062, 0.37518922255766707, 0.1646257963690813], 'size': [0.049837904948193595, 0.0813235869879147, 0.05243307039854257]}, 'pillar_obstacle': {'pos': [0.39994824830915515, -0.3824307480766307, 0.23470116647765446], 'size': [0.033663755439403885, 0.20172185302840845, 0.0]}, 'small_block': {'pos': [0.6140097595303955, -0.3535133918987863, 0.1097032402875184], 'size': [0.04461973939918376, 0.0849493067344041, 0.09534921802665242]}}"
0.06500000000000004,0.3,0.0,0.4,0.0015030189177220315,-0.022704437499513078,0.9730788249477688,"{'table_obstacle': {'pos': [0.3825981920028062, 0.37518922255766707, 0.1646257963690813], 'size': [0.049837904948193595, 0.0813235869879147, 0.05243307039854257]}, 'pillar_obstacle': {'pos': [0.39994824830915515, -0.3824307480766307, 0.23470116647765446], 'size': [0.033663755439403885, 0.20172185302840845, 0.0]}, 'small_block': {'pos': [0.6140097595303955, -0.3535133918987863, 0.1097032402875184], 'size': [0.04461973939918376, 0.0849493067344041, 0.09534921802665242]}}"
0.06600000000000004,0.3,0.0,0.4,0.0017109392869453254,-0.02325844714191027,0.9726204561257734,"{'table_obstacle': {'pos': [0.3825981920028062, 0.37518922255766707, 0.1646257963690813], 'size': [0.049837904948193595, 0.0813235869879147, 0.05243307039854257]}, 'pillar_obstacle': {'pos': [0.39994824830915515, -0.3824307480766307, 0.23470116647765446], 'size': [0.033663755439403885, 0.20172185302840845, 0.0]}, 'small_block': {'pos': [0.6140097595303955, -0.3535133918987863, 0.1097032402875184], 'size': [0.04461973939918376, 0.0849493067344041, 0.09534921802665242]}}"
0.06700000000000005,0.3,0.0,0.4,0.001929763780317957,-0.023805475074307737,0.9721517860674963,"{'table_obstacle': {'pos': [0.3825981920028062, 0.37518922255766707, 0.1646257963690813], 'size': [0.049837904948193595, 0.0813235869879147, 0.05243307039854257]}, 'pillar_obstacle': {'pos': [0.39994824830915515, -0.3824307480766307, 0.23470116647765446], 'size': [0.033663755439403885, 0.20172185302840845, 0.0]}, 'small_block': {'pos': [0.6140097595303955, -0.3535133918987863, 0.1097032402875184], 'size': [0.04461973939918376, 0.0849493067344041, 0.09534921802665242]}}"
0.06800000000000005,0.3,0.0,0.4,0.0021437706787420935,-0.024322310931451794,0.9716569587349908,"{'table_obstacle': {'pos': [0.3825981920028062, 0.37518922255766707, 0.1646257963690813], 'size': [0.049837904948193595, 0.0813235869879147, 0.05243307039854257]}, 'pillar_obstacle': {'pos': [0.39994824830915515, -0.3824307480766307, 0.23470116647765446], 'size': [0.033663755439403885, 0.20172185302840845, 0.0]}, 'small_block': {'pos': [0.6140097595303955, -0.3535133918987863, 0.1097032402875184], 'size': [0.04461973939918376, 0.0849493067344041, 0.09534921802665242]}}"
0.06900000000000005,0.3,0.0,0.4,0.00235285383414297,-0.024809908711589692,0.9711374308147747,"{'table_obstacle': {'pos': [0.3825981920028062, 0.37518922255766707, 0.1646257963690813], 'size': [0.049837904948193595, 0.0813235869879147, 0.05243307039854257]}, 'pillar_obstacle': {'pos': [0.39994824830915515, -0.3824307480766307, 0.23470116647765446], 'size': [0.033663755439403885, 0.20172185302840845, 0.0]}, 'small_block': {'pos': [0.6140097595303955, -0.3535133918987863, 0.1097032402875184], 'size': [0.04461973939918376, 0.0849493067344041, 0.09534921802665242]}}"
0.07000000000000005,0.3,0.0,0.4,0.0025569649765989503,-0.025269137828282516,0.9705945708180027,"{'table_obstacle': {'pos': [0.3825981920028062, 0.37518922255766707, 0.1646257963690813], 'size': [0.049837904948193595, 0.0813235869879147, 0.05243307039854257]}, 'pillar_obstacle': {'pos': [0.39994824830915515, -0.3824307480766307, 0.23470116647765446], 'size': [0.033663755439403885, 0.20172185302840845, 0.0]}, 'small_block': {'pos': [0.6140097595303955, -0.3535133918987863, 0.1097032402875184], 'size': [0.04461973939918376, 0.0849493067344041, 0.09534921802665242]}}"
0.07100000000000005,0.3,0.0,0.4,0.002756081603638093,-0.025701175870650482,0.9700294474090784,"{'table_obstacle': {'pos': [0.3825981920028062, 0.37518922255766707, 0.1646257963690813], 'size': [0.049837904948193595, 0.0813235869879147, 0.05243307039854257]}, 'pillar_obstacle': {'pos': [0.39994824830915515, -0.3824307480766307, 0.23470116647765446], 'size': [0.033663755439403885, 0.20172185302840845, 0.0]}, 'small_block': {'pos': [0.6140097595303955, -0.3535133918987863, 0.1097032402875184], 'size': [0.04461973939918376, 0.0849493067344041, 0.09534921802665242]}}"
0.07200000000000005,0.3,0.0,0.4,0.0029502525191430957,-0.02610671952030219,0.9694432861410971,"{'table_obstacle': {'pos': [0.3825981920028062, 0.37518922255766707, 0.1646257963690813], 'size': [0.049837904948193595, 0.0813235869879147, 0.05243307039854257]}, 'pillar_obstacle': {'pos': [0.39994824830915515, -0.3824307480766307, 0.23470116647765446], 'size': [0.033663755439403885, 0.20172185302840845, 0.0]}, 'small_block': {'pos': [0.6140097595303955, -0.3535133918987863, 0.1097032402875184], 'size': [0.04461973939918376, 0.0849493067344041, 0.09534921802665242]}}"
0.07300000000000005,0.3,0.0,0.4,0.0031395566378613613,-0.026486460781607702,0.9688372080573859,"{'table_obstacle': {'pos': [0.3825981920028062, 0.37518922255766707, 0.1646257963690813], 'size': [0.049837904948193595, 0.0813235869879147, 0.05243307039854257]}, 'pillar_obstacle': {'pos': [0.39994824830915515, -0.3824307480766307, 0.23470116647765446], 'size': [0.033663755439403885, 0.20172185302840845, 0.0]}, 'small_block': {'pos': [0.6140097595303955, -0.3535133918987863, 0.1097032402875184], 'size': [0.04461973939918376, 0.0849493067344041, 0.09534921802665242]}}"
0.07400000000000005,0.3,0.0,0.4,0.003324099259152863,-0.026841093826271402,0.9682122319342067,"{'table_obstacle': {'pos': [0.3825981920028062, 0.37518922255766707, 0.1646257963690813], 'size': [0.049837904948193595, 0.0813235869879147, 0.05243307039854257]}, 'pillar_obstacle': {'pos': [0.39994824830915515, -0.3824307480766307, 0.23470116647765446], 'size': [0.033663755439403885, 0.20172185302840845, 0.0]}, 'small_block': {'pos': [0.6140097595303955, -0.3535133918987863, 0.1097032402875184], 'size': [0.04461973939918376, 0.0849493067344041, 0.09534921802665242]}}"
0.07500000000000005,0.3,0.0,0.4,0.0035040089586116725,-0.027171318832473028,0.9675692775745863,"{'table_obstacle': {'pos': [0.3825981920028062, 0.37518922255766707, 0.1646257963690813], 'size': [0.049837904948193595, 0.0813235869879147, 0.05243307039854257]}, 'pillar_obstacle': {'pos': [0.39994824830915515, -0.3824307480766307, 0.23470116647765446], 'size': [0.033663755439403885, 0.20172185302840845, 0.0]}, 'small_block': {'pos': [0.6140097595303955, -0.3535133918987863, 0.1097032402875184], 'size': [0.04461973939918376, 0.0849493067344041, 0.09534921802665242]}}"
0.07600000000000005,0.3,0.0,0.4,0.0036794349112058097,-0.02747784363796138,0.96690916994122,"{'table_obstacle': {'pos': [0.3825981920028062, 0.37518922255766707, 0.1646257963690813], 'size': [0.049837904948193595, 0.0813235869879147, 0.05243307039854257]}, 'pillar_obstacle': {'pos': [0.39994824830915515, -0.3824307480766307, 0.23470116647765446], 'size': [0.033663755439403885, 0.20172185302840845, 0.0]}, 'small_block': {'pos': [0.6140097595303955, -0.3535133918987863, 0.1097032402875184], 'size': [0.04461973939918376, 0.0849493067344041, 0.09534921802665242]}}"
0.07700000000000005,0.3,0.0,0.4,0.00385054452396188,-0.02776138385678615,0.9662326439258482,"{'table_obstacle': {'pos': [0.3825981920028062, 0.37518922255766707, 0.1646257963690813], 'size': [0.049837904948193595, 0.0813235869879147, 0.05243307039854257]}, 'pillar_obstacle': {'pos': [0.39994824830915515, -0.3824307480766307, 0.23470116647765446], 'size': [0.033663755439403885, 0.20172185302840845, 0.0]}, 'small_block': {'pos': [0.6140097595303955, -0.3535133918987863, 0.1097032402875184], 'size': [0.04461973939918376, 0.0849493067344041, 0.09534921802665242]}}"
0.07800000000000006,0.3,0.0,0.4,0.004017521299703083,-0.028022661962585658,0.9655403495698054,"{'table_obstacle': {'pos': [0.3825981920028062, 0.37518922255766707, 0.1646257963690813], 'size': [0.049837904948193595, 0.0813235869879147, 0.05243307039854257]}, 'pillar_obstacle': {'pos': [0.39994824830915515, -0.3824307480766307, 0.23470116647765446], 'size': [0.033663755439403885, 0.20172185302840845, 0.0]}, 'small_block': {'pos': [0.6140097595303955, -0.3535133918987863, 0.1097032402875184], 'size': [0.04461973939918376, 0.0849493067344041, 0.09534921802665242]}}"
0.07900000000000006,0.3,0.0,0.4,0.004180562882061971,-0.028262405718020713,0.964832857572563,"{'table_obstacle': {'pos': [0.3825981920028062, 0.37518922255766707, 0.1646257963690813], 'size': [0.049837904948193595, 0.0813235869879147, 0.05243307039854257]}, 'pillar_obstacle': {'pos': [0.39994824830915515, -0.3824307480766307, 0.23470116647765446], 'size': [0.033663755439403885, 0.20172185302840845, 0.0]}, 'small_block': {'pos': [0.6140097595303955, -0.3535133918987863, 0.1097032402875184], 'size': [0.04461973939918376, 0.0849493067344041, 0.09534921802665242]}}"
0.08000000000000006,0.3,0.0,0.4,0.0043398792505407475,-0.028481346228906832,0.9641106649495563,"{'table_obstacle': {'pos': [0.3825981920028062, 0.37518922255766707, 0.1646257963690813], 'size': [0.049837904948193595, 0.0813235869879147, 0.05243307039854257]}, 'pillar_obstacle': {'pos': [0.39994824830915515, -0.3824307480766307, 0.23470116647765446], 'size': [0.033663755439403885, 0.20172185302840845, 0.0]}, 'small_block': {'pos': [0.6140097595303955, -0.3535133918987863, 0.1097032402875184], 'size': [0.04461973939918376, 0.0849493067344041, 0.09534921802665242]}}"
0.08100000000000006,0.3039999885714612,0.0,0.4,0.00449569104606315,-0.02868021582072219,0.9633742007252903,"{'table_obstacle': {'pos': [0.3825981920028062, 0.37518922255766707, 0.1646257963690813], 'size': [0.049837904948193595, 0.0813235869879147, 0.05243307039854257]}, 'pillar_obstacle': {'pos': [0.39994824830915515, -0.3824307480766307, 0.23470116647765446], 'size': [0.033663755439403885, 0.20172185302840845, 0.0]}, 'small_block': {'pos': [0.6140097595303955, -0.3535133918987863, 0.1097032402875184], 'size': [0.04461973939918376, 0.0849493067344041, 0.09534921802665242]}}"
0.08200000000000006,0.3039999885714612,0.0,0.4,0.004648228828408167,-0.02885970799751366,0.9626238548907258,"{'table_obstacle': {'pos': [0.3825981920028062, 0.37518922255766707, 0.1646257963690813], 'size': [0.049837904948193595, 0.0813235869879147, 0.05243307039854257]}, 'pillar_obstacle': {'pos': [0.39994824830915515, -0.3824307480766307, 0.23470116647765446], 'size': [0.033663755439403885, 0.20172185302840845, 0.0]}, 'small_block': {'pos': [0.6140097595303955, -0.3535133918987863, 0.1097032402875184], 'size': [0.04461973939918376, 0.0849493067344041, 0.09534921802665242]}}"
0.08300000000000006,0.3039999885714612,0.0,0.4,0.0047977297873307975,-0.029020559023236005,0.9618599320062863,"{'table_obstacle': {'pos': [0.3825981920028062, 0.37518922255766707, 0.1646257963690813], 'size': [0.049837904948193595, 0.0813235869879147, 0.05243307039854257]}, 'pillar_obstacle': {'pos': [0.39994824830915515, -0.3824307480766307, 0.23470116647765446], 'size': [0.033663755439403885, 0.20172185302840845, 0.0]}, 'small_block': {'pos': [0.6140097595303955, -0.3535133918987863, 0.1097032402875184], 'size': [0.04461973939918376, 0.0849493067344041, 0.09534921802665242]}}"
0.08400000000000006,0.3039999885714612,0.0,0.4,0.004944437550097678,-0.029163498680305707,0.9610826860015899,"{'table_obstacle': {'pos': [0.3825981920028062, 0.37518922255766707, 0.1646257963690813], 'size': [0.049837904948193595, 0.0813235869879147, 0.05243307039854257]}, 'pillar_obstacle': {'pos': [0.39994824830915515, -0.3824307480766307, 0.23470116647765446], 'size': [0.033663755439403885, 0.20172185302840845, 0.0]}, 'small_block': {'pos': [0.6140097595303955, -0.3535133918987863, 0.1097032402875184], 'size': [0.04461973939918376, 0.0849493067344041, 0.09534921802665242]}}"
0.08500000000000006,0.3039999885714612,0.0,0.4,0.005088600902845965,-0.029289248591118443,0.960292325167911,"{'table_obstacle': {'pos': [0.3825981920028062, 0.37518922255766707, 0.1646257963690813], 'size': [0.049837904948193595, 0.0813235869879147, 0.05243307039854257]}, 'pillar_obstacle': {'pos': [0.39994824830915515, -0.3824307480766307, 0.23470116647765446], 'size': [0.033663755439403885, 0.20172185302840845, 0.0]}, 'small_block': {'pos': [0.6140097595303955, -0.3535133918987863, 0.1097032402875184], 'size': [0.04461973939918376, 0.0849493067344041, 0.09534921802665242]}}"
0.08600000000000006,0.3039999885714612,0.0,0.4,0.005230472617777388,-0.029398520617699923,0.9594890169402303,"{'table_obstacle': {'pos': [0.3825981920028062, 0.37518922255766707, 0.1646257963690813], 'size': [0.049837904948193595, 0.0813235869879147, 0.05243307039854257]}, 'pillar_obstacle': {'pos': [0.39994824830915515, -0.3824307480766307, 0.23470116647765446], 'size': [0.033663755439403885, 0.20172185302840845, 0.0]}, 'small_block': {'pos': [0.6140097595303955, -0.3535133918987863, 0.1097032402875184], 'size': [0.04461973939918376, 0.0849493067344041, 0.09534921802665242]}}"
0.08700000000000006,0.3039999885714612,0.0,0.4,0.005370308381080779,-0.02949201534398596,0.9586728924503974,"{'table_obstacle': {'pos': [0.3825981920028062, 0.37518922255766707, 0.1646257963690813], 'size': [0.049837904948193595, 0.0813235869879147, 0.05243307039854257]}, 'pillar_obstacle': {'pos': [0.39994824830915515, -0.3824307480766307, 0.23470116647765446], 'size': [0.033663755439403885, 0.20172185302840845, 0.0]}, 'small_block': {'pos': [0.6140097595303955, -0.3535133918987863, 0.1097032402875184], 'size': [0.04461973939918376, 0.0849493067344041, 0.09534921802665242]}}"
0.08800000000000006,0.3039999885714612,0.0,0.4,0.0055083658174489404,-0.02957042063822543,0.9578440508398225,"{'table_obstacle': {'pos': [0.3825981920028062, 0.37518922255766707, 0.1646257963690813], 'size': [0.049837904948193595, 0.0813235869879147, 0.05243307039854257]}, 'pillar_obstacle': {'pos': [0.39994824830915515, -0.3824307480766307, 0.23470116647765446], 'size': [0.033663755439403885, 0.20172185302840845, 0.0]}, 'small_block': {'pos': [0.6140097595303955, -0.3535133918987863, 0.1097032402875184], 'size': [0.04461973939918376, 0.0849493067344041, 0.09534921802665242]}}"
0.08900000000000007,0.3039999885714612,0.0,0.4,0.005644903607807697,-0.029634410290481,0.9570025633243997,"{'table_obstacle': {'pos': [0.3825981920028062, 0.37518922255766707, 0.1646257963690813], 'size': [0.049837904948193595, 0.0813235869879147, 0.05243307039854257]}, 'pillar_obstacle': {'pos': [0.39994824830915515, -0.3824307480766307, 0.23470116647765446], 'size': [0.033663755439403885, 0.20172185302840845, 0.0]}, 'small_block': {'pos': [0.6140097595303955, -0.3535133918987863, 0.1097032402875184], 'size': [0.04461973939918376, 0.0849493067344041, 0.09534921802665242]}}"
0.09000000000000007,0.3039999885714612,0.0,0.4,0.005780180697474413,-0.029684642721304604,0.9561484770064206,"{'table_obstacle': {'pos': [0.3825981920028062, 0.37518922255766707, 0.1646257963690813], 'size': [0.049837904948193595, 0.0813235869879147, 0.05243307039854257]}, 'pillar_obstacle': {'pos': [0.39994824830915515, -0.3824307480766307, 0.23470116647765446], 'size': [0.033663755439403885, 0.20172185302840845, 0.0]}, 'small_block': {'pos': [0.6140097595303955, -0.3535133918987863, 0.1097032402875184], 'size': [0.04461973939918376, 0.0849493067344041, 0.09534921802665242]}}"
0.09100000000000007,0.3039999885714612,0.0,0.4,0.005914455592384724,-0.02972175976161464,0.9552818184284024,"{'table_obstacle': {'pos': [0.3825981920028062, 0.37518922255766707, 0.1646257963690813], 'size': [0.049837904948193595, 0.0813235869879147, 0.05243307039854257]}, 'pillar_obstacle': {'pos': [0.39994824830915515, -0.3824307480766307, 0.23470116647765446], 'size': [0.033663755439403885, 0.20172185302840845, 0.0]}, 'small_block': {'pos': [0.6140097595303955, -0.3535133918987863, 0.1097032402875184], 'size': [0.04461973939918376, 0.0849493067344041, 0.09534921802665242]}}"
0.09200000000000007,0.3039999885714612,0.0,0.4,0.006047985741254846,-0.02974638550996901,0.9544025968624892,"{'table_obstacle': {'pos': [0.3825981920028062, 0.37518922255766707, 0.1646257963690813], 'size': [0.049837904948193595, 0.0813235869879147, 0.05243307039854257]}, 'pillar_obstacle': {'pos': [0.39994824830915515, -0.3824307480766307, 0.23470116647765446], 'size': [0.033663755439403885, 0.20172185302840845, 0.0]}, 'small_block': {'pos': [0.6140097595303955, -0.3535133918987863, 0.1097032402875184], 'size': [0.04461973939918376, 0.0849493067344041, 0.09534921802665242]}}"
0.09300000000000007,0.3039999885714612,0.0,0.4,0.006181027001524532,-0.02975912528117598,0.9535108073268073,"{'table_obstacle': {'pos': [0.3825981920028062, 0.37518922255766707, 0.1646257963690813], 'size': [0.049837904948193595, 0.0813235869879147, 0.05243307039854257]}, 'pillar_obstacle': {'pos': [0.39994824830915515, -0.3824307480766307, 0.23470116647765446], 'size': [0.033663755439403885, 0.20172185302840845, 0.0]}, 'small_block': {'pos': [0.6140097595303955, -0.3535133918987863, 0.1097032402875184], 'size': [0.04461973939918376, 0.0849493067344041, 0.09534921802665242]}}"
0.09400000000000007,0.3039999885714612,0.0,0.4,0.006313833186603772,-0.029760564668849555,0.9526064333173819,"{'table_obstacle': {'pos': [0.3825981920028062, 0.37518922255766707, 0.1646257963690813], 'size': [0.049837904948193595, 0.0813235869879147, 0.05243307039854257]}, 'pillar_obstacle': {'pos': [0.39994824830915515, -0.3824307480766307, 0.23470116647765446], 'size': [0.033663755439403885, 0.20172185302840845, 0.0]}, 'small_block': {'pos': [0.6140097595303955, -0.3535133918987863, 0.1097032402875184], 'size': [0.04461973939918376, 0.0849493067344041, 0.09534921802665242]}}"
0.09500000000000007,0.3039999885714612,0.0,0.4,0.006446655691267109,-0.029751268753373764,0.9516894492415109,"{'table_obstacle': {'pos': [0.3825981920028062, 0.37518922255766707, 0.1646257963690813], 'size': [0.049837904948193595, 0.0813235869879147, 0.05243307039854257]}, 'pillar_obstacle': {'pos': [0.39994824830915515, -0.3824307480766307, 0.23470116647765446], 'size': [0.033663755439403885, 0.20172185302840845, 0.0]}, 'small_block': {'pos': [0.6140097595303955, -0.3535133918987863, 0.1097032402875184], 'size': [0.04461973939918376, 0.0849493067344041, 0.09534921802665242]}}"
0.09600000000000007,0.3039999885714612,0.0,0.4,0.006579743190992891,-0.029731781494927237,0.9507598225364189,"{'table_obstacle': {'pos': [0.3825981920028062, 0.37518922255766707, 0.1646257963690813], 'size': [0.049837904948193595, 0.0813235869879147, 0.05243307039854257]}, 'pillar_obstacle': {'pos': [0.39994824830915515, -0.3824307480766307, 0.23470116647765446], 'size': [0.033663755439403885, 0.20172185302840845, 0.0]}, 'small_block': {'pos': [0.6140097595303955, -0.3535133918987863, 0.1097032402875184], 'size': [0.04461973939918376, 0.0849493067344041, 0.09534921802665242]}}"
0.09700000000000007,0.3039999885714612,0.0,0.4,0.006713341409595768,-0.02970262535780966,0.94981751545624,"{'table_obstacle': {'pos': [0.3825981920028062, 0.37518922255766707, 0.1646257963690813], 'size': [0.049837904948193595, 0.0813235869879147, 0.05243307039854257]}, 'pillar_obstacle': {'pos': [0.39994824830915515, -0.3824307480766307, 0.23470116647765446], 'size': [0.033663755439403885, 0.20172185302840845, 0.0]}, 'small_block': {'pos': [0.6140097595303955, -0.3535133918987863, 0.1097032402875184], 'size': [0.04461973939918376, 0.0849493067344041, 0.09534921802665242]}}"
0.09800000000000007,0.3039999885714612,0.0,0.4,0.006847692947726176,-0.02966430121625612,0.9488624865114766,"{'table_obstacle': {'pos': [0.3825981920028062, 0.37518922255766707, 0.1646257963690813], 'size': [0.049837904948193595, 0.0813235869879147, 0.05243307039854257]}, 'pillar_obstacle': {'pos': [0.39994824830915515, -0.3824307480766307, 0.23470116647765446], 'size': [0.033663755439403885, 0.20172185302840845, 0.0]}, 'small_block': {'pos': [0.6140097595303955, -0.3535133918987863, 0.1097032402875184], 'size': [0.04461973939918376, 0.0849493067344041, 0.09534921802665242]}}"
0.09900000000000007,0.3039999885714612,0.0,0.4,0.006983037162772564,-0.02961728859221634,0.9478946915486156,"{'table_obstacle': {'pos': [0.3825981920028062, 0.37518922255766707, 0.1646257963690813], 'size': [0.049837904948193595, 0.0813235869879147, 0.05243307039854257]}, 'pillar_obstacle': {'pos': [0.39994824830915515, -0.3824307480766307, 0.23470116647765446], 'size': [0.033663755439403885, 0.20172185302840845, 0.0]}, 'small_block': {'pos': [0.6140097595303955, -0.3535133918987863, 0.1097032402875184], 'size': [0.04461973939918376, 0.0849493067344041, 0.09534921802665242]}}"
0.10000000000000007,0.3039999885714612,0.0,0.4,0.007120696053649995,-0.02956513357202875,0.9469171396154378,"{'table_obstacle': {'pos': [0.3825981920028062, 0.37518922255766707, 0.1646257963690813], 'size': [0.049837904948193595, 0.0813235869879147, 0.05243307039854257]}, 'pillar_obstacle': {'pos': [0.39994824830915515, -0.3824307480766307, 0.23470116647765446], 'size': [0.033663755439403885, 0.20172185302840845, 0.0]}, 'small_block': {'pos': [0.6140097595303955, -0.3535133918987863, 0.1097032402875184], 'size': [0.04461973939918376, 0.0849493067344041, 0.09534921802665242]}}"
0.10100000000000008,0.3039999885714612,0.0,0.4,0.00726241294084117,-0.029512532188901826,0.9459338684155993,"{'table_obstacle': {'pos': [0.3825981920028062, 0.37518922255766707, 0.1646257963690813], 'size': [0.049837904948193595, 0.0813235869879147, 0.05243307039854257]}, 'pillar_obstacle': {'pos': [0.39994824830915515, -0.3824307480766307, 0.23470116647765446], 'size': [0.033663755439403885, 0.20172185302840845, 0.0]}, 'small_block': {'pos': [0.6140097595303955, -0.3535133918987863, 0.1097032402875184], 'size': [0.04461973939918376, 0.0849493067344041, 0.09534921802665242]}}"
0.10200000000000008,0.3039999885714612,0.0,0.4,0.007408520233831048,-0.029460143145274398,0.9449448106821274,"{'table_obstacle': {'pos': [0.3825981920028062, 0.37518922255766707, 0.1646257963690813], 'size': [0.049837904948193595, 0.0813235869879147, 0.05243307039854257]}, 'pillar_obstacle': {'pos': [0.39994824830915515, -0.3824307480766307, 0.23470116647765446], 'size': [0.033663755439403885, 0.20172185302840845, 0.0]}, 'small_block': {'pos': [0.6140097595303955, -0.3535133918987863, 0.1097032402875184], 'size': [0.04461973939918376, 0.0849493067344041, 0.09534921802665242]}}"
0.10300000000000008,0.3039999885714612,0.0,0.4,0.0075581998878365975,-0.02940537683843468,0.9439467479928976,"{'table_obstacle': {'pos': [0.3825981920028062, 0.37518922255766707, 0.1646257963690813], 'size': [0.049837904948193595, 0.0813235869879147, 0.05243307039854257]}, 'pillar_obstacle': {'pos': [0.39994824830915515, -0.3824307480766307, 0.23470116647765446], 'size': [0.033663755439403885, 0.20172185302840845, 0.0]}, 'small_block': {'pos': [0.6140097595303955, -0.3535133918987863, 0.1097032402875184], 'size': [0.04461973939918376, 0.0849493067344041, 0.09534921802665242]}}"
0.10400000000000008,0.3039999885714612,0.0,0.4,0.007709998800438025,-0.029343894657812064,0.9429349029928575,"{'table_obstacle': {'pos': [0.3825981920028062, 0.37518922255766707, 0.1646257963690813], 'size': [0.049837904948193595, 0.0813235869879147, 0.05243307039854257]}, 'pillar_obstacle': {'pos': [0.39994824830915515, -0.3824307480766307, 0.23470116647765446], 'size': [0.033663755439403885, 0.20172185302840845, 0.0]}, 'small_block': {'pos': [0.6140097595303955, -0.3535133918987863, 0.1097032402875184], 'size': [0.04461973939918376, 0.0849493067344041, 0.09534921802665242]}}"
0.10500000000000008,0.3039999885714612,0.0,0.4,0.007864142729018728,-0.0292760749271859,0.9419092613135958,"{'table_obstacle': {'pos': [0.3825981920028062, 0.37518922255766707, 0.1646257963690813], 'size': [0.049837904948193595, 0.0813235869879147, 0.05243307039854257]}, 'pillar_obstacle': {'pos': [0.39994824830915515, -0.3824307480766307, 0.23470116647765446], 'size': [0.033663755439403885, 0.20172185302840845, 0.0]}, 'small_block': {'pos': [0.6140097595303955, -0.3535133918987863, 0.1097032402875184], 'size': [0.04461973939918376, 0.0849493067344041, 0.09534921802665242]}}"
0.10600000000000008,0.3039999885714612,0.0,0.4,0.00802085288243071,-0.02920228697684526,0.9408698020969672,"{'table_obstacle': {'pos': [0.3825981920028062, 0.37518922255766707, 0.1646257963690813], 'size': [0.049837904948193595, 0.0813235869879147, 0.05243307039854257]}, 'pillar_obstacle': {'pos': [0.39994824830915515, -0.3824307480766307, 0.23470116647765446], 'size': [0.033663755439403885, 0.20172185302840845, 0.0]}, 'small_block': {'pos': [0.6140097595303955, -0.3535133918987863, 0.1097032402875184], 'size': [0.04461973939918376, 0.0849493067344041, 0.09534921802665242]}}"
0.10700000000000008,0.3039999885714612,0.0,0.4,0.0081803457589523,-0.02912289443833749,0.9398164970829396,"{'table_obstacle': {'pos': [0.3825981920028062, 0.37518922255766707, 0.1646257963690813], 'size': [0.049837904948193595, 0.0813235869879147, 0.05243307039854257]}, 'pillar_obstacle': {'pos': [0.39994824830915515, -0.3824307480766307, 0.23470116647765446], 'size': [0.033663755439403885, 0.20172185302840845, 0.0]}, 'small_block': {'pos': [0.6140097595303955, -0.3535133918987863, 0.1097032402875184], 'size': [0.04461973939918376, 0.0849493067344041, 0.09534921802665242]}}"
0.10800000000000008,0.3039999885714612,0.0,0.4,0.008342832911752432,-0.02903825851714165,0.9387493097735636,"{'table_obstacle': {'pos': [0.3825981920028062, 0.37518922255766707, 0.1646257963690813], 'size': [0.049837904948193595, 0.0813235869879147, 0.05243307039854257]}, 'pillar_obstacle': {'pos': [0.39994824830915515, -0.3824307480766307, 0.23470116647765446], 'size': [0.033663755439403885, 0.20172185302840845, 0.0]}, 'small_block': {'pos': [0.6140097595303955, -0.3535133918987863, 0.1097032402875184], 'size': [0.04461973939918376, 0.0849493067344041, 0.09534921802665242]}}"
0.10900000000000008,0.3039999885714612,0.0,0.4,0.00850852063953283,-0.028948741138206738,0.9376681947434617,"{'table_obstacle': {'pos': [0.3825981920028062, 0.37518922255766707, 0.1646257963690813], 'size': [0.049837904948193595, 0.0813235869879147, 0.05243307039854257]}, 'pillar_obstacle': {'pos': [0.39994824830915515, -0.3824307480766307, 0.23470116647765446], 'size': [0.033663755439403885, 0.20172185302840845, 0.0]}, 'small_block': {'pos': [0.6140097595303955, -0.3535133918987863, 0.1097032402875184], 'size': [0.04461973939918376, 0.0849493067344041, 0.09534921802665242]}}"
0.11000000000000008,0.3039999885714612,0.0,0.4,0.008677609605104063,-0.02885470784984654,0.9365730971651238,"{'table_obstacle': {'pos': [0.3825981920028062, 0.37518922255766707, 0.1646257963690813], 'size': [0.049837904948193595, 0.0813235869879147, 0.05243307039854257]}, 'pillar_obstacle': {'pos': [0.39994824830915515, -0.3824307480766307, 0.23470116647765446], 'size': [0.033663755439403885, 0.20172185302840845, 0.0]}, 'small_block': {'pos': [0.6140097595303955, -0.3535133918987863, 0.1097032402875184], 'size': [0.04461973939918376, 0.0849493067344041, 0.09534921802665242]}}"
0.11100000000000008,0.3039999885714612,0.0,0.4,0.008850294389840906,-0.028756530371783322,0.9354639526089116,"{'table_obstacle': {'pos': [0.3825981920028062, 0.37518922255766707, 0.1646257963690813], 'size': [0.049837904948193595, 0.0813235869879147, 0.05243307039854257]}, 'pillar_obstacle': {'pos': [0.39994824830915515, -0.3824307480766307, 0.23470116647765446], 'size': [0.033663755439403885, 0.20172185302840845, 0.0]}, 'small_block': {'pos': [0.6140097595303955, -0.3535133918987863, 0.1097032402875184], 'size': [0.04461973939918376, 0.0849493067344041, 0.09534921802665242]}}"
0.11200000000000009,0.3039999885714612,0.0,0.4,0.009026762996821227,-0.028654588683080486,0.9343406871637543,"{'table_obstacle': {'pos': [0.3825981920028062, 0.37518922255766707, 0.1646257963690813], 'size': [0.049837904948193595, 0.0813235869879147, 0.05243307039854257]}, 'pillar_obstacle': {'pos': [0.39994824830915515, -0.3824307480766307, 0.23470116647765446], 'size': [0.033663755439403885, 0.20172185302840845, 0.0]}, 'small_block': {'pos': [0.6140097595303955, -0.3535133918987863, 0.1097032402875184], 'size': [0.04461973939918376, 0.0849493067344041, 0.09534921802665242]}}"
0.11300000000000009,0.3039999885714612,0.0,0.4,0.009207196319608287,-0.028549272564267546,0.9332032179063443,"{'table_obstacle': {'pos': [0.3825981920028062, 0.37518922255766707, 0.1646257963690813], 'size': [0.049837904948193595, 0.0813235869879147, 0.05243307039854257]}, 'pillar_obstacle': {'pos': [0.39994824830915515, -0.3824307480766307, 0.23470116647765446], 'size': [0.033663755439403885, 0.20172185302840845, 0.0]}, 'small_block': {'pos': [0.6140097595303955, -0.3535133918987863, 0.1097032402875184], 'size': [0.04461973939918376, 0.0849493067344041, 0.09534921802665242]}}"
0.11400000000000009,0.3039999885714612,0.0,0.4,0.009391767596714753,-0.028440982533335733,0.9320514537259644,"{'table_obstacle': {'pos': [0.3825981920028062, 0.37518922255766707, 0.1646257963690813], 'size': [0.049837904948193595, 0.0813235869879147, 0.05243307039854257]}, 'pillar_obstacle': {'pos': [0.39994824830915515, -0.3824307480766307, 0.23470116647765446], 'size': [0.033663755439403885, 0.20172185302840845, 0.0]}, 'small_block': {'pos': [0.6140097595303955, -0.3535133918987863, 0.1097032402875184], 'size': [0.04461973939918376, 0.0849493067344041, 0.09534921802665242]}}"
0.11500000000000009,0.3039999885714612,0.0,0.4,0.009580719177610946,-0.028330400809279267,0.9308854758635658,"{'table_obstacle': {'pos': [0.3825981920028062, 0.37518922255766707, 0.1646257963690813], 'size': [0.049837904948193595, 0.0813235869879147, 0.05243307039854257]}, 'pillar_obstacle': {'pos': [0.39994824830915515, -0.3824307480766307, 0.23470116647765446], 'size': [0.033663755439403885, 0.20172185302840845, 0.0]}, 'small_block': {'pos': [0.6140097595303955, -0.3535133918987863, 0.1097032402875184], 'size': [0.04461973939918376, 0.0849493067344041, 0.09534921802665242]}}"
0.11600000000000009,0.3039999885714612,0.0,0.4,0.009774925561150217,-0.028220507608056302,0.9297069046919394,"{'table_obstacle': {'pos': [0.3825981920028062, 0.37518922255766707, 0.1646257963690813], 'size': [0.049837904948193595, 0.0813235869879147, 0.05243307039854257]}, 'pillar_obstacle': {'pos': [0.39994824830915515, -0.3824307480766307, 0.23470116647765446], 'size': [0.033663755439403885, 0.20172185302840845, 0.0]}, 'small_block': {'pos': [0.6140097595303955, -0.3535133918987863, 0.1097032402875184], 'size': [0.04461973939918376, 0.0849493067344041, 0.09534921802665242]}}"
0.11700000000000009,0.3039999885714612,0.0,0.4,0.009974970299649125,-0.0281134733382791,0.9285168507987995,"{'table_obstacle': {'pos': [0.3825981920028062, 0.37518922255766707, 0.1646257963690813], 'size': [0.049837904948193595, 0.0813235869879147, 0.05243307039854257]}, 'pillar_obstacle': {'pos': [0.39994824830915515, -0.3824307480766307, 0.23470116647765446], 'size': [0.033663755439403885, 0.20172185302840845, 0.0]}, 'small_block': {'pos': [0.6140097595303955, -0.3535133918987863, 0.1097032402875184], 'size': [0.04461973939918376, 0.0849493067344041, 0.09534921802665242]}}"
0.11800000000000009,0.3039999885714612,0.0,0.4,0.010181202726192733,-0.028010806869634874,0.9273160200634553,"{'table_obstacle': {'pos': [0.3825981920028062, 0.37518922255766707, 0.1646257963690813], 'size': [0.049837904948193595, 0.0813235869879147, 0.05243307039854257]}, 'pillar_obstacle': {'pos': [0.39994824830915515, -0.3824307480766307, 0.23470116647765446], 'size': [0.033663755439403885, 0.20172185302840845, 0.0]}, 'small_block': {'pos': [0.6140097595303955, -0.3535133918987863, 0.1097032402875184], 'size': [0.04461973939918376, 0.0849493067344041, 0.09534921802665242]}}"
0.11900000000000009,0.3039999885714612,0.0,0.4,0.010393786027953798,-0.02791348243238706,0.9261048003782992,"{'table_obstacle': {'pos': [0.3825981920028062, 0.37518922255766707, 0.1646257963690813], 'size': [0.049837904948193595, 0.0813235869879147, 0.05243307039854257]}, 'pillar_obstacle': {'pos': [0.39994824830915515, -0.3824307480766307, 0.23470116647765446], 'size': [0.033663755439403885, 0.20172185302840845, 0.0]}, 'small_block': {'pos': [0.6140097595303955, -0.3535133918987863, 0.1097032402875184], 'size': [0.04461973939918376, 0.0849493067344041, 0.09534921802665242]}}"
0.12000000000000009,0.3039999885714612,0.0,0.4,0.01061759457601448,-0.027829812254593227,0.9248868792434126,"{'table_obstacle': {'pos': [0.3825981920028062, 0.37518922255766707, 0.1646257963690813], 'size': [0.049837904948193595, 0.0813235869879147, 0.05243307039854257]}, 'pillar_obstacle': {'pos': [0.39994824830915515, -0.3824307480766307, 0.23470116647765446], 'size': [0.033663755439403885, 0.20172185302840845, 0.0]}, 'small_block': {'pos': [0.6140097595303955, -0.3535133918987863, 0.1097032402875184], 'size': [0.04461973939918376, 0.0849493067344041, 0.09534921802665242]}}"
0.1210000000000001,0.3039999885714612,0.0,0.4,0.010858527125452898,-0.027769887390772196,0.923666491937098,"{'table_obstacle': {'pos': [0.3825981920028062, 0.37518922255766707, 0.1646257963690813], 'size': [0.049837904948193595, 0.0813235869879147, 0.05243307039854257]}, 'pillar_obstacle': {'pos': [0.39994824830915515, -0.3824307480766307, 0.23470116647765446], 'size': [0.033663755439403885, 0.20172185302840845, 0.0]}, 'small_block': {'pos': [0.6140097595303955, -0.3535133918987863, 0.1097032402875184], 'size': [0.04461973939918376, 0.0849493067344041, 0.09534921802665242]}}"
0.1220000000000001,0.3039999885714612,0.0,0.4,0.011115373948254414,-0.027732382390747417,0.9224424768869004,"{'table_obstacle': {'pos': [0.3825981920028062, 0.37518922255766707, 0.1646257963690813], 'size': [0.049837904948193595, 0.0813235869879147, 0.05243307039854257]}, 'pillar_obstacle': {'pos': [0.39994824830915515, -0.3824307480766307, 0.23470116647765446], 'size': [0.033663755439403885, 0.20172185302840845, 0.0]}, 'small_block': {'pos': [0.6140097595303955, -0.3535133918987863, 0.1097032402875184], 'size': [0.04461973939918376, 0.0849493067344041, 0.09534921802665242]}}"
0.1230000000000001,0.3039999885714612,0.0,0.4,0.011387074378054234,-0.027716072833260774,0.9212137993565105,"{'table_obstacle': {'pos': [0.3825981920028062, 0.37518922255766707, 0.1646257963690813], 'size': [0.049837904948193595, 0.0813235869879147, 0.05243307039854257]}, 'pillar_obstacle': {'pos': [0.39994824830915515, -0.3824307480766307, 0.23470116647765446], 'size': [0.033663755439403885, 0.20172185302840845, 0.0]}, 'small_block': {'pos': [0.6140097595303955, -0.3535133918987863, 0.1097032402875184], 'size': [0.04461973939918376, 0.0849493067344041, 0.09534921802665242]}}"
0.1240000000000001,0.3039999885714612,0.0,0.4,0.011672594668303407,-0.027719617619972527,0.919979411318405,"{'table_obstacle': {'pos': [0.3825981920028062, 0.37518922255766707, 0.1646257963690813], 'size': [0.049837904948193595, 0.0813235869879147, 0.05243307039854257]}, 'pillar_obstacle': {'pos': [0.39994824830915515, -0.3824307480766307, 0.23470116647765446], 'size': [0.033663755439403885, 0.20172185302840845, 0.0]}, 'small_block': {'pos': [0.6140097595303955, -0.3535133918987863, 0.1097032402875184], 'size': [0.04461973939918376, 0.0849493067344041, 0.09534921802665242]}}"
0.12500000000000008,0.3039999885714612,0.0,0.4,0.011970938345635791,-0.02774161456135208,0.9187382744637096,"{'table_obstacle': {'pos': [0.3825981920028062, 0.37518922255766707, 0.1646257963690813], 'size': [0.049837904948193595, 0.0813235869879147, 0.05243307039854257]}, 'pillar_obstacle': {'pos': [0.39994824830915515, -0.3824307480766307, 0.23470116647765446], 'size': [0.033663755439403885, 0.20172185302840845, 0.0]}, 'small_block': {'pos': [0.6140097595303955, -0.3535133918987863, 0.1097032402875184], 'size': [0.04461973939918376, 0.0849493067344041, 0.09534921802665242]}}"
0.12600000000000008,0.3039999885714612,0.0,0.4,0.012281152676843987,-0.027780642530632463,0.9174893767926833,"{'table_obstacle': {'pos': [0.3825981920028062, 0.37518922255766707, 0.1646257963690813], 'size': [0.049837904948193595, 0.0813235869879147, 0.05243307039854257]}, 'pillar_obstacle': {'pos': [0.39994824830915515, -0.3824307480766307, 0.23470116647765446], 'size': [0.033663755439403885, 0.20172185302840845, 0.0]}, 'small_block': {'pos': [0.6140097595303955, -0.3535133918987863, 0.1097032402875184], 'size': [0.04461973939918376, 0.0849493067344041, 0.09534921802665242]}}"
0.12700000000000009,0.3039999885714612,0.0,0.4,0.012602351871542135,-0.02783537779341229,0.9162318178350092,"{'table_obstacle': {'pos': [0.3825981920028062, 0.37518922255766707, 0.1646257963690813], 'size': [0.049837904948193595, 0.0813235869879147, 0.05243307039854257]}, 'pillar_obstacle': {'pos': [0.39994824830915515, -0.3824307480766307, 0.23470116647765446], 'size': [0.033663755439403885, 0.20172185302840845, 0.0]}, 'small_block': {'pos': [0.6140097595303955, -0.3535133918987863, 0.1097032402875184], 'size': [0.04461973939918376, 0.0849493067344041, 0.09534921802665242]}}"
0.12800000000000009,0.3039999885714612,0.0,0.4,0.012933671234921605,-0.02790442198036717,0.9149646509368268,"{'table_obstacle': {'pos': [0.3825981920028062, 0.37518922255766707, 0.1646257963690813], 'size': [0.049837904948193595, 0.0813235869879147, 0.05243307039854257]}, 'pillar_obstacle': {'pos': [0.39994824830915515, -0.3824307480766307, 0.23470116647765446], 'size': [0.033663755439403885, 0.20172185302840845, 0.0]}, 'small_block': {'pos': [0.6140097595303955, -0.3535133918987863, 0.1097032402875184], 'size': [0.04461973939918376, 0.0849493067344041, 0.09534921802665242]}}"
0.1290000000000001,0.3039999885714612,0.0,0.4,0.0132742961169659,-0.027986432261541204,0.913686983155415,"{'table_obstacle': {'pos': [0.3825981920028062, 0.37518922255766707, 0.1646257963690813], 'size': [0.049837904948193595, 0.0813235869879147, 0.05243307039854257]}, 'pillar_obstacle': {'pos': [0.39994824830915515, -0.3824307480766307, 0.23470116647765446], 'size': [0.033663755439403885, 0.20172185302840845, 0.0]}, 'small_block': {'pos': [0.6140097595303955, -0.3535133918987863, 0.1097032402875184], 'size': [0.04461973939918376, 0.0849493067344041, 0.09534921802665242]}}"
0.1300000000000001,0.3039999885714612,0.0,0.4,0.013623460059308866,-0.028080130322617566,0.9123979765756121,"{'table_obstacle': {'pos': [0.3825981920028062, 0.37518922255766707, 0.1646257963690813], 'size': [0.049837904948193595, 0.0813235869879147, 0.05243307039854257]}, 'pillar_obstacle': {'pos': [0.39994824830915515, -0.3824307480766307, 0.23470116647765446], 'size': [0.033663755439403885, 0.20172185302840845, 0.0]}, 'small_block': {'pos': [0.6140097595303955, -0.3535133918987863, 0.1097032402875184], 'size': [0.04461973939918376, 0.0849493067344041, 0.09534921802665242]}}"
0.1310000000000001,0.3039999885714612,0.0,0.4,0.01398044229859817,-0.028184307471057508,0.9110968480731696,"{'table_obstacle': {'pos': [0.3825981920028062, 0.37518922255766707, 0.1646257963690813], 'size': [0.049837904948193595, 0.0813235869879147, 0.05243307039854257]}, 'pillar_obstacle': {'pos': [0.39994824830915515, -0.3824307480766307, 0.23470116647765446], 'size': [0.033663755439403885, 0.20172185302840845, 0.0]}, 'small_block': {'pos': [0.6140097595303955, -0.3535133918987863, 0.1097032402875184], 'size': [0.04461973939918376, 0.0849493067344041, 0.09534921802665242]}}"
0.1320000000000001,0.3039999885714612,0.0,0.4,0.014344561697912511,-0.02829781046748236,0.9097828515636719,"{'table_obstacle': {'pos': [0.3825981920028062, 0.37518922255766707, 0.1646257963690813], 'size': [0.049837904948193595, 0.0813235869879147, 0.05243307039854257]}, 'pillar_obstacle': {'pos': [0.39994824830915515, -0.3824307480766307, 0.23470116647765446], 'size': [0.033663755439403885, 0.20172185302840845, 0.0]}, 'small_block': {'pos': [0.6140097595303955, -0.3535133918987863, 0.1097032402875184], 'size': [0.04461973939918376, 0.0849493067344041, 0.09534921802665242]}}"
0.1330000000000001,0.3039999885714612,0.0,0.4,0.014715176543121631,-0.028419552267987955,0.9084552848194319,"{'table_obstacle': {'pos': [0.3825981920028062, 0.37518922255766707, 0.1646257963690813], 'size': [0.049837904948193595, 0.0813235869879147, 0.05243307039854257]}, 'pillar_obstacle': {'pos': [0.39994824830915515, -0.3824307480766307, 0.23470116647765446], 'size': [0.033663755439403885, 0.20172185302840845, 0.0]}, 'small_block': {'pos': [0.6140097595303955, -0.3535133918987863, 0.1097032402875184], 'size': [0.04461973939918376, 0.0849493067344041, 0.09534921802665242]}}"
0.1340000000000001,0.3039999885714612,0.0,0.4,0.015091683740027576,-0.02854852083168278,0.9071134968482943,"{'table_obstacle': {'pos': [0.3825981920028062, 0.37518922255766707, 0.1646257963690813], 'size': [0.049837904948193595, 0.0813235869879147, 0.05243307039854257]}, 'pillar_obstacle': {'pos': [0.39994824830915515, -0.3824307480766307, 0.23470116647765446], 'size': [0.033663755439403885, 0.20172185302840845, 0.0]}, 'small_block': {'pos': [0.6140097595303955, -0.3535133918987863, 0.1097032402875184], 'size': [0.04461973939918376, 0.0849493067344041, 0.09534921802665242]}}"
0.1350000000000001,0.3039999885714612,0.0,0.4,0.015473515475016221,-0.02868377520614223,0.9057568834824751,"{'table_obstacle': {'pos': [0.3825981920028062, 0.37518922255766707, 0.1646257963690813], 'size': [0.049837904948193595, 0.0813235869879147, 0.05243307039854257]}, 'pillar_obstacle': {'pos': [0.39994824830915515, -0.3824307480766307, 0.23470116647765446], 'size': [0.033663755439403885, 0.20172185302840845, 0.0]}, 'small_block': {'pos': [0.6140097595303955, -0.3535133918987863, 0.1097032402875184], 'size': [0.04461973939918376, 0.0849493067344041, 0.09534921802665242]}}"
0.1360000000000001,0.3039999885714612,0.0,0.4,0.01586013624939756,-0.028824441649682897,0.9043848834936057,"{'table_obstacle': {'pos': [0.3825981920028062, 0.37518922255766707, 0.1646257963690813], 'size': [0.049837904948193595, 0.0813235869879147, 0.05243307039854257]}, 'pillar_obstacle': {'pos': [0.39994824830915515, -0.3824307480766307, 0.23470116647765446], 'size': [0.033663755439403885, 0.20172185302840845, 0.0]}, 'small_block': {'pos': [0.6140097595303955, -0.3535133918987863, 0.1097032402875184], 'size': [0.04461973939918376, 0.0849493067344041, 0.09534921802665242]}}"
0.1370000000000001,0.3039999885714612,0.0,0.4,0.0162510402431269,-0.028969709862197452,0.9029969751455327,"{'table_obstacle': {'pos': [0.3825981920028062, 0.37518922255766707, 0.1646257963690813], 'size': [0.049837904948193595, 0.0813235869879147, 0.05243307039854257]}, 'pillar_obstacle': {'pos': [0.39994824830915515, -0.3824307480766307, 0.23470116647765446], 'size': [0.033663755439403885, 0.20172185302840845, 0.0]}, 'small_block': {'pos': [0.6140097595303955, -0.3535133918987863, 0.1097032402875184], 'size': [0.04461973939918376, 0.0849493067344041, 0.09534921802665242]}}"
0.1380000000000001,0.3039999885714612,0.0,0.4,0.016645748970896913,-0.029118829338342023,0.9015926731288191,"{'table_obstacle': {'pos': [0.3825981920028062, 0.37518922255766707, 0.1646257963690813], 'size': [0.049837904948193595, 0.0813235869879147, 0.05243307039854257]}, 'pillar_obstacle': {'pos': [0.39994824830915515, -0.3824307480766307, 0.23470116647765446], 'size': [0.033663755439403885, 0.20172185302840845, 0.0]}, 'small_block': {'pos': [0.6140097595303955, -0.3535133918987863, 0.1097032402875184], 'size': [0.04461973939918376, 0.0849493067344041, 0.09534921802665242]}}"
0.1390000000000001,0.3039999885714612,0.0,0.4,0.017043809197081754,-0.02927110585318491,0.9001715258284431,"{'table_obstacle': {'pos': [0.3825981920028062, 0.37518922255766707, 0.1646257963690813], 'size': [0.049837904948193595, 0.0813235869879147, 0.05243307039854257]}, 'pillar_obstacle': {'pos': [0.39994824830915515, -0.3824307480766307, 0.23470116647765446], 'size': [0.033663755439403885, 0.20172185302840845, 0.0]}, 'small_block': {'pos': [0.6140097595303955, -0.3535133918987863, 0.1097032402875184], 'size': [0.04461973939918376, 0.0849493067344041, 0.09534921802665242]}}"
0.1400000000000001,0.3039999885714612,0.0,0.4,0.017444791079295308,-0.02942589808753661,0.8987331128826365,"{'table_obstacle': {'pos': [0.3825981920028062, 0.37518922255766707, 0.1646257963690813], 'size': [0.049837904948193595, 0.0813235869879147, 0.05243307039854257]}, 'pillar_obstacle': {'pos': [0.39994824830915515, -0.3824307480766307, 0.23470116647765446], 'size': [0.033663755439403885, 0.20172185302840845, 0.0]}, 'small_block': {'pos': [0.6140097595303955, -0.3535133918987863, 0.1097032402875184], 'size': [0.04461973939918376, 0.0849493067344041, 0.09534921802665242]}}"
0.1410000000000001,0.3039999885714612,0.0,0.4,0.01784828651342803,-0.029582614397843644,0.8972770429963085,"{'table_obstacle': {'pos': [0.3825981920028062, 0.37518922255766707, 0.1646257963690813], 'size': [0.049837904948193595, 0.0813235869879147, 0.05243307039854257]}, 'pillar_obstacle': {'pos': [0.39994824830915515, -0.3824307480766307, 0.23470116647765446], 'size': [0.033663755439403885, 0.20172185302840845, 0.0]}, 'small_block': {'pos': [0.6140097595303955, -0.3535133918987863, 0.1097032402875184], 'size': [0.04461973939918376, 0.0849493067344041, 0.09534921802665242]}}"
0.1420000000000001,0.3039999885714612,0.0,0.4,0.018253907655925092,-0.029740709733580627,0.8958029519772623,"{'table_obstacle': {'pos': [0.3825981920028062, 0.37518922255766707, 0.1646257963690813], 'size': [0.049837904948193595, 0.0813235869879147, 0.05243307039854257]}, 'pillar_obstacle': {'pos': [0.39994824830915515, -0.3824307480766307, 0.23470116647765446], 'size': [0.033663755439403885, 0.20172185302840845, 0.0]}, 'small_block': {'pos': [0.6140097595303955, -0.3535133918987863, 0.1097032402875184], 'size': [0.04461973939918376, 0.0849493067344041, 0.09534921802665242]}}"
0.1430000000000001,0.3039999885714612,0.0,0.4,0.018661285601784955,-0.029899682703427893,0.8943105009675366,"{'table_obstacle': {'pos': [0.3825981920028062, 0.37518922255766707, 0.1646257963690813], 'size': [0.049837904948193595, 0.0813235869879147, 0.05243307039854257]}, 'pillar_obstacle': {'pos': [0.39994824830915515, -0.3824307480766307, 0.23470116647765446], 'size': [0.033663755439403885, 0.20172185302840845, 0.0]}, 'small_block': {'pos': [0.6140097595303955, -0.3535133918987863, 0.1097032402875184], 'size': [0.04461973939918376, 0.0849493067344041, 0.09534921802665242]}}"
0.1440000000000001,0.3039999885714612,0.0,0.4,0.019070069199261765,-0.0300590727900965,0.8927993748457986,"{'table_obstacle': {'pos': [0.3825981920028062, 0.37518922255766707, 0.1646257963690813], 'size': [0.049837904948193595, 0.0813235869879147, 0.05243307039854257]}, 'pillar_obstacle': {'pos': [0.39994824830915515, -0.3824307480766307, 0.23470116647765446], 'size': [0.033663755439403885, 0.20172185302840845, 0.0]}, 'small_block': {'pos': [0.6140097595303955, -0.3535133918987863, 0.1097032402875184], 'size': [0.04461973939918376, 0.0849493067344041, 0.09534921802665242]}}"
0.1450000000000001,0.3039999885714612,0.0,0.4,0.019479923984551468,-0.03021845771243654,0.8912692807798318,"{'table_obstacle': {'pos': [0.3825981920028062, 0.37518922255766707, 0.1646257963690813], 'size': [0.049837904948193595, 0.0813235869879147, 0.05243307039854257]}, 'pillar_obstacle': {'pos': [0.39994824830915515, -0.3824307480766307, 0.23470116647765446], 'size': [0.033663755439403885, 0.20172185302840845, 0.0]}, 'small_block': {'pos': [0.6140097595303955, -0.3535133918987863, 0.1097032402875184], 'size': [0.04461973939918376, 0.0849493067344041, 0.09534921802665242]}}"
0.1460000000000001,0.3039999885714612,0.0,0.4,0.019890531221833985,-0.030377450932399117,0.8897199469108982,"{'table_obstacle': {'pos': [0.3825981920028062, 0.37518922255766707, 0.1646257963690813], 'size': [0.049837904948193595, 0.0813235869879147, 0.05243307039854257]}, 'pillar_obstacle': {'pos': [0.39994824830915515, -0.3824307480766307, 0.23470116647765446], 'size': [0.033663755439403885, 0.20172185302840845, 0.0]}, 'small_block': {'pos': [0.6140097595303955, -0.3535133918987863, 0.1097032402875184], 'size': [0.04461973939918376, 0.0849493067344041, 0.09534921802665242]}}"
0.1470000000000001,0.3039999885714612,0.0,0.4,0.02030158703591744,-0.03053569930351473,0.8881511211541373,"{'table_obstacle': {'pos': [0.3825981920028062, 0.37518922255766707, 0.1646257963690813], 'size': [0.049837904948193595, 0.0813235869879147, 0.05243307039854257]}, 'pillar_obstacle': {'pos': [0.39994824830915515, -0.3824307480766307, 0.23470116647765446], 'size': [0.033663755439403885, 0.20172185302840845, 0.0]}, 'small_block': {'pos': [0.6140097595303955, -0.3535133918987863, 0.1097032402875184], 'size': [0.04461973939918376, 0.0849493067344041, 0.09534921802665242]}}"
0.1480000000000001,0.3039999885714612,0.0,0.4,0.020712801626409077,-0.03069288085678779,0.8865625701012428,"{'table_obstacle': {'pos': [0.3825981920028062, 0.37518922255766707, 0.1646257963690813], 'size': [0.049837904948193595, 0.0813235869879147, 0.05243307039854257]}, 'pillar_obstacle': {'pos': [0.39994824830915515, -0.3824307480766307, 0.23470116647765446], 'size': [0.033663755439403885, 0.20172185302840845, 0.0]}, 'small_block': {'pos': [0.6140097595303955, -0.3535133918987863, 0.1097032402875184], 'size': [0.04461973939918376, 0.0849493067344041, 0.09534921802665242]}}"
0.1490000000000001,0.3039999885714612,0.0,0.4,0.02112389855381277,-0.030848702719270118,0.8849540780134686,"{'table_obstacle': {'pos': [0.3825981920028062, 0.37518922255766707, 0.1646257963690813], 'size': [0.049837904948193595, 0.0813235869879147, 0.05243307039854257]}, 'pillar_obstacle': {'pos': [0.39994824830915515, -0.3824307480766307, 0.23470116647765446], 'size': [0.033663755439403885, 0.20172185302840845, 0.0]}, 'small_block': {'pos': [0.6140097595303955, -0.3535133918987863, 0.1097032402875184], 'size': [0.04461973939918376, 0.0849493067344041, 0.09534921802665242]}}"
0.1500000000000001,0.3039999885714612,0.0,0.4,0.021534614089246302,-0.031002899160079218,0.8833254458946082,"{'table_obstacle': {'pos': [0.3825981920028062, 0.37518922255766707, 0.1646257963690813], 'size': [0.049837904948193595, 0.0813235869879147, 0.05243307039854257]}, 'pillar_obstacle': {'pos': [0.39994824830915515, -0.3824307480766307, 0.23470116647765446], 'size': [0.033663755439403885, 0.20172185302840845, 0.0]}, 'small_block': {'pos': [0.6140097595303955, -0.3535133918987863, 0.1097032402875184], 'size': [0.04461973939918376, 0.0849493067344041, 0.09534921802665242]}}"
0.1510000000000001,0.3039999885714612,0.0,0.4,0.02194469662059651,-0.031155229758236203,0.88167649063496,"{'table_obstacle': {'pos': [0.3825981920028062, 0.37518922255766707, 0.1646257963690813], 'size': [0.049837904948193595, 0.0813235869879147, 0.05243307039854257]}, 'pillar_obstacle': {'pos': [0.39994824830915515, -0.3824307480766307, 0.23470116647765446], 'size': [0.033663755439403885, 0.20172185302840845, 0.0]}, 'small_block': {'pos': [0.6140097595303955, -0.3535133918987863, 0.1097032402875184], 'size': [0.04461973939918376, 0.0849493067344041, 0.09534921802665242]}}"
0.1520000000000001,0.3039999885714612,0.0,0.4,0.022353906108895677,-0.03130547768642698,0.8800070442185026,"{'table_obstacle': {'pos': [0.3825981920028062, 0.37518922255766707, 0.1646257963690813], 'size': [0.049837904948193595, 0.0813235869879147, 0.05243307039854257]}, 'pillar_obstacle': {'pos': [0.39994824830915515, -0.3824307480766307, 0.23470116647765446], 'size': [0.033663755439403885, 0.20172185302840845, 0.0]}, 'small_block': {'pos': [0.6140097595303955, -0.3535133918987863, 0.1097032402875184], 'size': [0.04461973939918376, 0.0849493067344041, 0.09534921802665242]}}"
0.1530000000000001,0.3039999885714612,0.0,0.4,0.022762013589525402,-0.03145344810461224,0.8783169529865327,"{'table_obstacle': {'pos': [0.3825981920028062, 0.37518922255766707, 0.1646257963690813], 'size': [0.049837904948193595, 0.0813235869879147, 0.05243307039854257]}, 'pillar_obstacle': {'pos': [0.39994824830915515, -0.3824307480766307, 0.23470116647765446], 'size': [0.033663755439403885, 0.20172185302840845, 0.0]}, 'small_block': {'pos': [0.6140097595303955, -0.3535133918987863, 0.1097032402875184], 'size': [0.04461973939918376, 0.0849493067344041, 0.09534921802665242]}}"
0.1540000000000001,0.3039999885714612,0.0,0.4,0.023168800713555766,-0.031598966657330765,0.8766060769519441,"{'table_obstacle': {'pos': [0.3825981920028062, 0.37518922255766707, 0.1646257963690813], 'size': [0.049837904948193595, 0.0813235869879147, 0.05243307039854257]}, 'pillar_obstacle': {'pos': [0.39994824830915515, -0.3824307480766307, 0.23470116647765446], 'size': [0.033663755439403885, 0.20172185302840845, 0.0]}, 'small_block': {'pos': [0.6140097595303955, -0.3535133918987863, 0.1097032402875184], 'size': [0.04461973939918376, 0.0849493067344041, 0.09534921802665242]}}"
0.1550000000000001,0.3039999885714612,0.0,0.4,0.02357405932512232,-0.03174187806853042,0.8748742891590933,"{'table_obstacle': {'pos': [0.3825981920028062, 0.37518922255766707, 0.1646257963690813], 'size': [0.049837904948193595, 0.0813235869879147, 0.05243307039854257]}, 'pillar_obstacle': {'pos': [0.39994824830915515, -0.3824307480766307, 0.23470116647765446], 'size': [0.033663755439403885, 0.20172185302840845, 0.0]}, 'small_block': {'pos': [0.6140097595303955, -0.3535133918987863, 0.1097032402875184], 'size': [0.04461973939918376, 0.0849493067344041, 0.09534921802665242]}}"
0.1560000000000001,0.3039999885714612,0.0,0.4,0.023977591071231742,-0.03188204482783223,0.8731214750848932,"{'table_obstacle': {'pos': [0.3825981920028062, 0.37518922255766707, 0.1646257963690813], 'size': [0.049837904948193595, 0.0813235869879147, 0.05243307039854257]}, 'pillar_obstacle': {'pos': [0.39994824830915515, -0.3824307480766307, 0.23470116647765446], 'size': [0.033663755439403885, 0.20172185302840845, 0.0]}, 'small_block': {'pos': [0.6140097595303955, -0.3535133918987863, 0.1097032402875184], 'size': [0.04461973939918376, 0.0849493067344041, 0.09534921802665242]}}"
0.1570000000000001,0.3039999885714612,0.0,0.4,0.02437920704081172,-0.03201934596225145,0.8713475320773579,"{'table_obstacle': {'pos': [0.3825981920028062, 0.37518922255766707, 0.1646257963690813], 'size': [0.049837904948193595, 0.0813235869879147, 0.05243307039854257]}, 'pillar_obstacle': {'pos': [0.39994824830915515, -0.3824307480766307, 0.23470116647765446], 'size': [0.033663755439403885, 0.20172185302840845, 0.0]}, 'small_block': {'pos': [0.6140097595303955, -0.3535133918987863, 0.1097032402875184], 'size': [0.04461973939918376, 0.0849493067344041, 0.09534921802665242]}}"
0.1580000000000001,0.3039999885714612,0.0,0.4,0.024778727430159766,-0.032153675887573244,0.8695523688283321,"{'table_obstacle': {'pos': [0.3825981920028062, 0.37518922255766707, 0.1646257963690813], 'size': [0.049837904948193595, 0.0813235869879147, 0.05243307039854257]}, 'pillar_obstacle': {'pos': [0.39994824830915515, -0.3824307480766307, 0.23470116647765446], 'size': [0.033663755439403885, 0.20172185302840845, 0.0]}, 'small_block': {'pos': [0.6140097595303955, -0.3535133918987863, 0.1097032402875184], 'size': [0.04461973939918376, 0.0849493067344041, 0.09534921802665242]}}"
0.1590000000000001,0.3039999885714612,0.0,0.4,0.025175981232242517,-0.03228494333379406,0.86773590487758,"{'table_obstacle': {'pos': [0.3825981920028062, 0.37518922255766707, 0.1646257963690813], 'size': [0.049837904948193595, 0.0813235869879147, 0.05243307039854257]}, 'pillar_obstacle': {'pos': [0.39994824830915515, -0.3824307480766307, 0.23470116647765446], 'size': [0.033663755439403885, 0.20172185302840845, 0.0]}, 'small_block': {'pos': [0.6140097595303955, -0.3535133918987863, 0.1097032402875184], 'size': [0.04461973939918376, 0.0849493067344041, 0.09534921802665242]}}"
0.16000000000000011,0.3039999885714612,0.0,0.4,0.025570805947536288,-0.03241307033928604,0.8658980701457889,"{'table_obstacle': {'pos': [0.3825981920028062, 0.37518922255766707, 0.1646257963690813], 'size': [0.049837904948193595, 0.0813235869879147, 0.05243307039854257]}, 'pillar_obstacle': {'pos': [0.39994824830915515, -0.3824307480766307, 0.23470116647765446], 'size': [0.033663755439403885, 0.20172185302840845, 0.0]}, 'small_block': {'pos': [0.6140097595303955, -0.3535133918987863, 0.1097032402875184], 'size': [0.04461973939918376, 0.0849493067344041, 0.09534921802665242]}}"
0.16100000000000012,0.30799997701080134,0.0,0.4,0.025963047314310858,-0.03253799130859987,0.8640388044943581,"{'table_obstacle': {'pos': [0.3825981920028062, 0.37518922255766707, 0.1646257963690813], 'size': [0.049837904948193595, 0.0813235869879147, 0.05243307039854257]}, 'pillar_obstacle': {'pos': [0.39994824830915515, -0.3824307480766307, 0.23470116647765446], 'size': [0.033663755439403885, 0.20172185302840845, 0.0]}, 'small_block': {'pos': [0.6140097595303955, -0.3535133918987863, 0.1097032402875184], 'size': [0.04461973939918376, 0.0849493067344041, 0.09534921802665242]}}"
0.16200000000000012,0.30799997701080134,0.0,0.4,0.026352562236273278,-0.0326596651250351,0.8621580512265117,"{'table_obstacle': {'pos': [0.3825981920028062, 0.37518922255766707, 0.1646257963690813], 'size': [0.049837904948193595, 0.0813235869879147, 0.05243307039854257]}, 'pillar_obstacle': {'pos': [0.39994824830915515, -0.3824307480766307, 0.23470116647765446], 'size': [0.033663755439403885, 0.20172185302840845, 0.0]}, 'small_block': {'pos': [0.6140097595303955, -0.3535133918987863, 0.1097032402875184], 'size': [0.04461973939918376, 0.0849493067344041, 0.09534921802665242]}}"
0.16300000000000012,0.30799997701080134,0.0,0.4,0.026739212682963406,-0.032778048674751974,0.8602557686937066,"{'table_obstacle': {'pos': [0.3825981920028062, 0.37518922255766707, 0.1646257963690813], 'size': [0.049837904948193595, 0.0813235869879147, 0.05243307039854257]}, 'pillar_obstacle': {'pos': [0.39994824830915515, -0.3824307480766307, 0.23470116647765446], 'size': [0.033663755439403885, 0.20172185302840845, 0.0]}, 'small_block': {'pos': [0.6140097595303955, -0.3535133918987863, 0.1097032402875184], 'size': [0.04461973939918376, 0.0849493067344041, 0.09534921802665242]}}"
0.16400000000000012,0.30799997701080134,0.0,0.4,0.02712286811725497,-0.032893108497895646,0.858331924104317,"{'table_obstacle': {'pos': [0.3825981920028062, 0.37518922255766707, 0.1646257963690813], 'size': [0.049837904948193595, 0.0813235869879147, 0.05243307039854257]}, 'pillar_obstacle': {'pos': [0.39994824830915515, -0.3824307480766307, 0.23470116647765446], 'size': [0.033663755439403885, 0.20172185302840845, 0.0]}, 'small_block': {'pos': [0.6140097595303955, -0.3535133918987863, 0.1097032402875184], 'size': [0.04461973939918376, 0.0849493067344041, 0.09534921802665242]}}"
0.16500000000000012,0.30799997701080134,0.0,0.4,0.027503405284910014,-0.03300482009795211,0.8563864931560251,"{'table_obstacle': {'pos': [0.3825981920028062, 0.37518922255766707, 0.1646257963690813], 'size': [0.049837904948193595, 0.0813235869879147, 0.05243307039854257]}, 'pillar_obstacle': {'pos': [0.39994824830915515, -0.3824307480766307, 0.23470116647765446], 'size': [0.033663755439403885, 0.20172185302840845, 0.0]}, 'small_block': {'pos': [0.6140097595303955, -0.3535133918987863, 0.1097032402875184], 'size': [0.04461973939918376, 0.0849493067344041, 0.09534921802665242]}}"
0.16600000000000012,0.30799997701080134,0.0,0.4,0.027880708015640177,-0.03311316728584888,0.85441945969141,"{'table_obstacle': {'pos': [0.3825981920028062, 0.37518922255766707, 0.1646257963690813], 'size': [0.049837904948193595, 0.0813235869879147, 0.05243307039854257]}, 'pillar_obstacle': {'pos': [0.39994824830915515, -0.3824307480766307, 0.23470116647765446], 'size': [0.033663755439403885, 0.20172185302840845, 0.0]}, 'small_block': {'pos': [0.6140097595303955, -0.3535133918987863, 0.1097032402875184], 'size': [0.04461973939918376, 0.0849493067344041, 0.09534921802665242]}}"
0.16700000000000012,0.30799997701080134,0.0,0.4,0.028254667034269484,-0.03321814155701459,0.8524308153750949,"{'table_obstacle': {'pos': [0.3825981920028062, 0.37518922255766707, 0.1646257963690813], 'size': [0.049837904948193595, 0.0813235869879147, 0.05243307039854257]}, 'pillar_obstacle': {'pos': [0.39994824830915515, -0.3824307480766307, 0.23470116647765446], 'size': [0.033663755439403885, 0.20172185302840845, 0.0]}, 'small_block': {'pos': [0.6140097595303955, -0.3535133918987863, 0.1097032402875184], 'size': [0.04461973939918376, 0.0849493067344041, 0.09534921802665242]}}"
0.16800000000000012,0.30799997701080134,0.0,0.4,0.02862517978071961,-0.03331974149958299,0.8504205593910292,"{'table_obstacle': {'pos': [0.3825981920028062, 0.37518922255766707, 0.1646257963690813], 'size': [0.049837904948193595, 0.0813235869879147, 0.05243307039854257]}, 'pillar_obstacle': {'pos': [0.39994824830915515, -0.3824307480766307, 0.23470116647765446], 'size': [0.033663755439403885, 0.20172185302840845, 0.0]}, 'small_block': {'pos': [0.6140097595303955, -0.3535133918987863, 0.1097032402875184], 'size': [0.04461973939918376, 0.0849493067344041, 0.09534921802665242]}}"
0.16900000000000012,0.30799997701080134,0.0,0.4,0.028992150237640072,-0.0334179722319593,0.8483886981587054,"{'table_obstacle': {'pos': [0.3825981920028062, 0.37518922255766707, 0.1646257963690813], 'size': [0.049837904948193595, 0.0813235869879147, 0.05243307039854257]}, 'pillar_obstacle': {'pos': [0.39994824830915515, -0.3824307480766307, 0.23470116647765446], 'size': [0.033663755439403885, 0.20172185302840845, 0.0]}, 'small_block': {'pos': [0.6140097595303955, -0.3535133918987863, 0.1097032402875184], 'size': [0.04461973939918376, 0.0849493067344041, 0.09534921802665242]}}"
0.17000000000000012,0.30799997701080134,0.0,0.4,0.02935548876461435,-0.03351284486801756,0.8463352450672584,"{'table_obstacle': {'pos': [0.3825981920028062, 0.37518922255766707, 0.1646257963690813], 'size': [0.049837904948193595, 0.0813235869879147, 0.05243307039854257]}, 'pillar_obstacle': {'pos': [0.39994824830915515, -0.3824307480766307, 0.23470116647765446], 'size': [0.033663755439403885, 0.20172185302840845, 0.0]}, 'small_block': {'pos': [0.6140097595303955, -0.3535133918987863, 0.1097032402875184], 'size': [0.04461973939918376, 0.0849493067344041, 0.09534921802665242]}}"
0.17100000000000012,0.30799997701080134,0.0,0.4,0.029715111937962144,-0.0336043760082885,0.8442602202265355,"{'table_obstacle': {'pos': [0.3825981920028062, 0.37518922255766707, 0.1646257963690813], 'size': [0.049837904948193595, 0.0813235869879147, 0.05243307039854257]}, 'pillar_obstacle': {'pos': [0.39994824830915515, -0.3824307480766307, 0.23470116647765446], 'size': [0.033663755439403885, 0.20172185302840845, 0.0]}, 'small_block': {'pos': [0.6140097595303955, -0.3535133918987863, 0.1097032402875184], 'size': [0.04461973939918376, 0.0849493067344041, 0.09534921802665242]}}"
0.17200000000000013,0.30799997701080134,0.0,0.4,0.030070942395251314,-0.033692587255591384,0.8421636502343275,"{'table_obstacle': {'pos': [0.3825981920028062, 0.37518922255766707, 0.1646257963690813], 'size': [0.049837904948193595, 0.0813235869879147, 0.05243307039854257]}, 'pillar_obstacle': {'pos': [0.39994824830915515, -0.3824307480766307, 0.23470116647765446], 'size': [0.033663755439403885, 0.20172185302840845, 0.0]}, 'small_block': {'pos': [0.6140097595303955, -0.3535133918987863, 0.1097032402875184], 'size': [0.04461973939918376, 0.0849493067344041, 0.09534921802665242]}}"
0.17300000000000013,0.30799997701080134,0.0,0.4,0.03042290868372134,-0.03377750475367716,0.8400455679590486,"{'table_obstacle': {'pos': [0.3825981920028062, 0.37518922255766707, 0.1646257963690813], 'size': [0.049837904948193595, 0.0813235869879147, 0.05243307039854257]}, 'pillar_obstacle': {'pos': [0.39994824830915515, -0.3824307480766307, 0.23470116647765446], 'size': [0.033663755439403885, 0.20172185302840845, 0.0]}, 'small_block': {'pos': [0.6140097595303955, -0.3535133918987863, 0.1097032402875184], 'size': [0.04461973939918376, 0.0849493067344041, 0.09534921802665242]}}"
0.17400000000000013,0.30799997701080134,0.0,0.4,0.030770945111900625,-0.03385915874756355,0.8379060123372026,"{'table_obstacle': {'pos': [0.3825981920028062, 0.37518922255766707, 0.1646257963690813], 'size': [0.049837904948193595, 0.0813235869879147, 0.05243307039854257]}, 'pillar_obstacle': {'pos': [0.39994824830915515, -0.3824307480766307, 0.23470116647765446], 'size': [0.033663755439403885, 0.20172185302840845, 0.0]}, 'small_block': {'pos': [0.6140097595303955, -0.3535133918987863, 0.1097032402875184], 'size': [0.04461973939918376, 0.0849493067344041, 0.09534921802665242]}}"
0.17500000000000013,0.30799997701080134,0.0,0.4,0.03111499160378729,-0.03393758316435655,0.8357450281850546,"{'table_obstacle': {'pos': [0.3825981920028062, 0.37518922255766707, 0.1646257963690813], 'size': [0.049837904948193595, 0.0813235869879147, 0.05243307039854257]}, 'pillar_obstacle': {'pos': [0.39994824830915515, -0.3824307480766307, 0.23470116647765446], 'size': [0.033663755439403885, 0.20172185302840845, 0.0]}, 'small_block': {'pos': [0.6140097595303955, -0.3535133918987863, 0.1097032402875184], 'size': [0.04461973939918376, 0.0849493067344041, 0.09534921802665242]}}"
0.17600000000000013,0.30799997701080134,0.0,0.4,0.03145499355503644,-0.03401281521346718,0.8335626660239468,"{'table_obstacle': {'pos': [0.3825981920028062, 0.37518922255766707, 0.1646257963690813], 'size': [0.049837904948193595, 0.0813235869879147, 0.05243307039854257]}, 'pillar_obstacle': {'pos': [0.39994824830915515, -0.3824307480766307, 0.23470116647765446], 'size': [0.033663755439403885, 0.20172185302840845, 0.0]}, 'small_block': {'pos': [0.6140097595303955, -0.3535133918987863, 0.1097032402875184], 'size': [0.04461973939918376, 0.0849493067344041, 0.09534921802665242]}}"
0.17700000000000013,0.30799997701080134,0.0,0.4,0.03179090169068087,-0.03408489500524561,0.8313589819187506,"{'table_obstacle': {'pos': [0.3825981920028062, 0.37518922255766707, 0.1646257963690813], 'size': [0.049837904948193595, 0.0813235869879147, 0.05243307039854257]}, 'pillar_obstacle': {'pos': [0.39994824830915515, -0.3824307480766307, 0.23470116647765446], 'size': [0.033663755439403885, 0.20172185302840845, 0.0]}, 'small_block': {'pos': [0.6140097595303955, -0.3535133918987863, 0.1097032402875184], 'size': [0.04461973939918376, 0.0849493067344041, 0.09534921802665242]}}"
0.17800000000000013,0.30799997701080134,0.0,0.4,0.03212267192398159,-0.03415386518715108,0.8291340373289607,"{'table_obstacle': {'pos': [0.3825981920028062, 0.37518922255766707, 0.1646257963690813], 'size': [0.049837904948193595, 0.0813235869879147, 0.05243307039854257]}, 'pillar_obstacle': {'pos': [0.39994824830915515, -0.3824307480766307, 0.23470116647765446], 'size': [0.033663755439403885, 0.20172185302840845, 0.0]}, 'small_block': {'pos': [0.6140097595303955, -0.3535133918987863, 0.1097032402875184], 'size': [0.04461973939918376, 0.0849493067344041, 0.09534921802665242]}}"
0.17900000000000013,0.30799997701080134,0.0,0.4,0.03245026521608277,-0.034219770596681166,0.8268878989719675,"{'table_obstacle': {'pos': [0.3825981920028062, 0.37518922255766707, 0.1646257963690813], 'size': [0.049837904948193595, 0.0813235869879147, 0.05243307039854257]}, 'pillar_obstacle': {'pos': [0.39994824830915515, -0.3824307480766307, 0.23470116647765446], 'size': [0.033663755439403885, 0.20172185302840845, 0.0]}, 'small_block': {'pos': [0.6140097595303955, -0.3535133918987863, 0.1097032402875184], 'size': [0.04461973939918376, 0.0849493067344041, 0.09534921802665242]}}"
0.18000000000000013,0.30799997701080134,0.0,0.4,0.03277364743621118,-0.034282657930369616,0.8246206386980455,"{'table_obstacle': {'pos': [0.3825981920028062, 0.37518922255766707, 0.1646257963690813], 'size': [0.049837904948193595, 0.0813235869879147, 0.05243307039854257]}, 'pillar_obstacle': {'pos': [0.39994824830915515, -0.3824307480766307, 0.23470116647765446], 'size': [0.033663755439403885, 0.20172185302840845, 0.0]}, 'small_block': {'pos': [0.6140097595303955, -0.3535133918987863, 0.1097032402875184], 'size': [0.04461973939918376, 0.0849493067344041, 0.09534921802665242]}}"
0.18100000000000013,0.30799997701080134,0.0,0.4,0.03309278922223349,-0.034342575428248485,0.8223323333766259,"{'table_obstacle': {'pos': [0.3825981920028062, 0.37518922255766707, 0.1646257963690813], 'size': [0.049837904948193595, 0.0813235869879147, 0.05243307039854257]}, 'pillar_obstacle': {'pos': [0.39994824830915515, -0.3824307480766307, 0.23470116647765446], 'size': [0.033663755439403885, 0.20172185302840845, 0.0]}, 'small_block': {'pos': [0.6140097595303955, -0.3535133918987863, 0.1097032402875184], 'size': [0.04461973939918376, 0.0849493067344041, 0.09534921802665242]}}"
0.18200000000000013,0.30799997701080134,0.0,0.4,0.033407665841443626,-0.03439957257323835,0.8200230647934067,"{'table_obstacle': {'pos': [0.3825981920028062, 0.37518922255766707, 0.1646257963690813], 'size': [0.049837904948193595, 0.0813235869879147, 0.05243307039854257]}, 'pillar_obstacle': {'pos': [0.39994824830915515, -0.3824307480766307, 0.23470116647765446], 'size': [0.033663755439403885, 0.20172185302840845, 0.0]}, 'small_block': {'pos': [0.6140097595303955, -0.3535133918987863, 0.1097032402875184], 'size': [0.04461973939918376, 0.0849493067344041, 0.09534921802665242]}}"
0.18300000000000013,0.30799997701080134,0.0,0.4,0.03371825705151991,-0.03445369980500658,0.8176929195578707,"{'table_obstacle': {'pos': [0.3825981920028062, 0.37518922255766707, 0.1646257963690813], 'size': [0.049837904948193595, 0.0813235869879147, 0.05243307039854257]}, 'pillar_obstacle': {'pos': [0.39994824830915515, -0.3824307480766307, 0.23470116647765446], 'size': [0.033663755439403885, 0.20172185302840845, 0.0]}, 'small_block': {'pos': [0.6140097595303955, -0.3535133918987863, 0.1097032402875184], 'size': [0.04461973939918376, 0.0849493067344041, 0.09534921802665242]}}"
0.18400000000000014,0.30799997701080134,0.0,0.4,0.0340245469616466,-0.034505008247885105,0.8153419890207863,"{'table_obstacle': {'pos': [0.3825981920028062, 0.37518922255766707, 0.1646257963690813], 'size': [0.049837904948193595, 0.0813235869879147, 0.05243307039854257]}, 'pillar_obstacle': {'pos': [0.39994824830915515, -0.3824307480766307, 0.23470116647765446], 'size': [0.033663755439403885, 0.20172185302840845, 0.0]}, 'small_block': {'pos': [0.6140097595303955, -0.3535133918987863, 0.1097032402875184], 'size': [0.04461973939918376, 0.0849493067344041, 0.09534921802665242]}}"
0.18500000000000014,0.30799997701080134,0.0,0.4,0.034326523893848965,-0.034553549452494225,0.8129703692012512,"{'table_obstacle': {'pos': [0.3825981920028062, 0.37518922255766707, 0.1646257963690813], 'size': [0.049837904948193595, 0.0813235869879147, 0.05243307039854257]}, 'pillar_obstacle': {'pos': [0.39994824830915515, -0.3824307480766307, 0.23470116647765446], 'size': [0.033663755439403885, 0.20172185302840845, 0.0]}, 'small_block': {'pos': [0.6140097595303955, -0.3535133918987863, 0.1097032402875184], 'size': [0.04461973939918376, 0.0849493067344041, 0.09534921802665242]}}"
0.18600000000000014,0.30799997701080134,0.0,0.4,0.03463076538403191,-0.034607419073283394,0.810586461449383,"{'table_obstacle': {'pos': [0.3825981920028062, 0.37518922255766707, 0.1646257963690813], 'size': [0.049837904948193595, 0.0813235869879147, 0.05243307039854257]}, 'pillar_obstacle': {'pos': [0.39994824830915515, -0.3824307480766307, 0.23470116647765446], 'size': [0.033663755439403885, 0.20172185302840845, 0.0]}, 'small_block': {'pos': [0.6140097595303955, -0.3535133918987863, 0.1097032402875184], 'size': [0.04461973939918376, 0.0849493067344041, 0.09534921802665242]}}"
0.18700000000000014,0.30799997701080134,0.0,0.4,0.03494571636226874,-0.03467660403562296,0.8082005831711896,"{'table_obstacle': {'pos': [0.3825981920028062, 0.37518922255766707, 0.1646257963690813], 'size': [0.049837904948193595, 0.0813235869879147, 0.05243307039854257]}, 'pillar_obstacle': {'pos': [0.39994824830915515, -0.3824307480766307, 0.23470116647765446], 'size': [0.033663755439403885, 0.20172185302840845, 0.0]}, 'small_block': {'pos': [0.6140097595303955, -0.3535133918987863, 0.1097032402875184], 'size': [0.04461973939918376, 0.0849493067344041, 0.09534921802665242]}}"
0.18800000000000014,0.30799997701080134,0.0,0.4,0.035277573299486595,-0.03476795238197399,0.8058197316490003,"{'table_obstacle': {'pos': [0.3825981920028062, 0.37518922255766707, 0.1646257963690813], 'size': [0.049837904948193595, 0.0813235869879147, 0.05243307039854257]}, 'pillar_obstacle': {'pos': [0.39994824830915515, -0.3824307480766307, 0.23470116647765446], 'size': [0.033663755439403885, 0.20172185302840845, 0.0]}, 'small_block': {'pos': [0.6140097595303955, -0.3535133918987863, 0.1097032402875184], 'size': [0.04461973939918376, 0.0849493067344041, 0.09534921802665242]}}"
0.18900000000000014,0.30799997701080134,0.0,0.4,0.0356265985818999,-0.03488098305660095,0.8034432169412946,"{'table_obstacle': {'pos': [0.3825981920028062, 0.37518922255766707, 0.1646257963690813], 'size': [0.049837904948193595, 0.0813235869879147, 0.05243307039854257]}, 'pillar_obstacle': {'pos': [0.39994824830915515, -0.3824307480766307, 0.23470116647765446], 'size': [0.033663755439403885, 0.20172185302840845, 0.0]}, 'small_block': {'pos': [0.6140097595303955, -0.3535133918987863, 0.1097032402875184], 'size': [0.04461973939918376, 0.0849493067344041, 0.09534921802665242]}}"
0.19000000000000014,0.30799997701080134,0.0,0.4,0.035993048004793776,-0.035015211118570685,0.8010703619575448,"{'table_obstacle': {'pos': [0.3825981920028062, 0.37518922255766707, 0.1646257963690813], 'size': [0.049837904948193595, 0.0813235869879147, 0.05243307039854257]}, 'pillar_obstacle': {'pos': [0.39994824830915515, -0.3824307480766307, 0.23470116647765446], 'size': [0.033663755439403885, 0.20172185302840845, 0.0]}, 'small_block': {'pos': [0.6140097595303955, -0.3535133918987863, 0.1097032402875184], 'size': [0.04461973939918376, 0.0849493067344041, 0.09534921802665242]}}"
0.19100000000000014,0.30799997701080134,0.0,0.4,0.03637716902434443,-0.0351701453856378,0.7987005034983778,"{'table_obstacle': {'pos': [0.3825981920028062, 0.37518922255766707, 0.1646257963690813], 'size': [0.049837904948193595, 0.0813235869879147, 0.05243307039854257]}, 'pillar_obstacle': {'pos': [0.39994824830915515, -0.3824307480766307, 0.23470116647765446], 'size': [0.033663755439403885, 0.20172185302840845, 0.0]}, 'small_block': {'pos': [0.6140097595303955, -0.3535133918987863, 0.1097032402875184], 'size': [0.04461973939918376, 0.0849493067344041, 0.09534921802665242]}}"
0.19200000000000014,0.30799997701080134,0.0,0.4,0.03677919904357463,-0.03534528646053206,0.7963329931765215,"{'table_obstacle': {'pos': [0.3825981920028062, 0.37518922255766707, 0.1646257963690813], 'size': [0.049837904948193595, 0.0813235869879147, 0.05243307039854257]}, 'pillar_obstacle': {'pos': [0.39994824830915515, -0.3824307480766307, 0.23470116647765446], 'size': [0.033663755439403885, 0.20172185302840845, 0.0]}, 'small_block': {'pos': [0.6140097595303955, -0.3535133918987863, 0.1097032402875184], 'size': [0.04461973939918376, 0.0849493067344041, 0.09534921802665242]}}"
0.19300000000000014,0.30799997701080134,0.0,0.4,0.037199363745443,-0.035540125113648166,0.7939671982277448,"{'table_obstacle': {'pos': [0.3825981920028062, 0.37518922255766707, 0.1646257963690813], 'size': [0.049837904948193595, 0.0813235869879147, 0.05243307039854257]}, 'pillar_obstacle': {'pos': [0.39994824830915515, -0.3824307480766307, 0.23470116647765446], 'size': [0.033663755439403885, 0.20172185302840845, 0.0]}, 'small_block': {'pos': [0.6140097595303955, -0.3535133918987863, 0.1097032402875184], 'size': [0.04461973939918376, 0.0849493067344041, 0.09534921802665242]}}"
0.19400000000000014,0.30799997701080134,0.0,0.4,0.03763787548834284,-0.035754141001463347,0.7916025022170192,"{'table_obstacle': {'pos': [0.3825981920028062, 0.37518922255766707, 0.1646257963690813], 'size': [0.049837904948193595, 0.0813235869879147, 0.05243307039854257]}, 'pillar_obstacle': {'pos': [0.39994824830915515, -0.3824307480766307, 0.23470116647765446], 'size': [0.033663755439403885, 0.20172185302840845, 0.0]}, 'small_block': {'pos': [0.6140097595303955, -0.3535133918987863, 0.1097032402875184], 'size': [0.04461973939918376, 0.0849493067344041, 0.09534921802665242]}}"
0.19500000000000015,0.30799997701080134,0.0,0.4,0.03809493178089754,-0.03598680170357964,0.7892383056420738,"{'table_obstacle': {'pos': [0.3825981920028062, 0.37518922255766707, 0.1646257963690813], 'size': [0.049837904948193595, 0.0813235869879147, 0.05243307039854257]}, 'pillar_obstacle': {'pos': [0.39994824830915515, -0.3824307480766307, 0.23470116647765446], 'size': [0.033663755439403885, 0.20172185302840845, 0.0]}, 'small_block': {'pos': [0.6140097595303955, -0.3535133918987863, 0.1097032402875184], 'size': [0.04461973939918376, 0.0849493067344041, 0.09534921802665242]}}"
0.19600000000000015,0.30799997701080134,0.0,0.4,0.03857071385382853,-0.03623756206334138,0.7868740264342436,"{'table_obstacle': {'pos': [0.3825981920028062, 0.37518922255766707, 0.1646257963690813], 'size': [0.049837904948193595, 0.0813235869879147, 0.05243307039854257]}, 'pillar_obstacle': {'pos': [0.39994824830915515, -0.3824307480766307, 0.23470116647765446], 'size': [0.033663755439403885, 0.20172185302840845, 0.0]}, 'small_block': {'pos': [0.6140097595303955, -0.3535133918987863, 0.1097032402875184], 'size': [0.04461973939918376, 0.0849493067344041, 0.09534921802665242]}}"
0.19700000000000015,0.30799997701080134,0.0,0.4,0.039065385346818096,-0.03650586381776459,0.7845091003550412,"{'table_obstacle': {'pos': [0.3825981920028062, 0.37518922255766707, 0.1646257963690813], 'size': [0.049837904948193595, 0.0813235869879147, 0.05243307039854257]}, 'pillar_obstacle': {'pos': [0.39994824830915515, -0.3824307480766307, 0.23470116647765446], 'size': [0.033663755439403885, 0.20172185302840845, 0.0]}, 'small_block': {'pos': [0.6140097595303955, -0.3535133918987863, 0.1097032402875184], 'size': [0.04461973939918376, 0.0849493067344041, 0.09534921802665242]}}"
0.19800000000000015,0.30799997701080134,0.0,0.4,0.039579091127656674,-0.03679113550221096,0.7821429812861067,"{'table_obstacle': {'pos': [0.3825981920028062, 0.37518922255766707, 0.1646257963690813], 'size': [0.049837904948193595, 0.0813235869879147, 0.05243307039854257]}, 'pillar_obstacle': {'pos': [0.39994824830915515, -0.3824307480766307, 0.23470116647765446], 'size': [0.033663755439403885, 0.20172185302840845, 0.0]}, 'small_block': {'pos': [0.6140097595303955, -0.3535133918987863, 0.1097032402875184], 'size': [0.04461973939918376, 0.0849493067344041, 0.09534921802665242]}}"
0.19900000000000015,0.30799997701080134,0.0,0.4,0.04011195625956794,-0.03709279261408306,0.7797751414101124,"{'table_obstacle': {'pos': [0.3825981920028062, 0.37518922255766707, 0.1646257963690813], 'size': [0.049837904948193595, 0.0813235869879147, 0.05243307039854257]}, 'pillar_obstacle': {'pos': [0.39994824830915515, -0.3824307480766307, 0.23470116647765446], 'size': [0.033663755439403885, 0.20172185302840845, 0.0]}, 'small_block': {'pos': [0.6140097595303955, -0.3535133918987863, 0.1097032402875184], 'size': [0.04461973939918376, 0.0849493067344041, 0.09534921802665242]}}"
0.20000000000000015,0.30799997701080134,0.0,0.4,0.040664085130434596,-0.03741023801797237,0.7774050712807319,"{'table_obstacle': {'pos': [0.3825981920028062, 0.37518922255766707, 0.1646257963690813], 'size': [0.049837904948193595, 0.0813235869879147, 0.05243307039854257]}, 'pillar_obstacle': {'pos': [0.39994824830915515, -0.3824307480766307, 0.23470116647765446], 'size': [0.033663755439403885, 0.20172185302840845, 0.0]}, 'small_block': {'pos': [0.6140097595303955, -0.3535133918987863, 0.1097032402875184], 'size': [0.04461973939918376, 0.0849493067344041, 0.09534921802665242]}}"
0.20100000000000015,0.30799997701080134,0.0,0.4,0.041235560754780576,-0.03774286257239692,0.7750322797809176,"{'table_obstacle': {'pos': [0.3825981920028062, 0.37518922255766707, 0.1646257963690813], 'size': [0.049837904948193595, 0.0813235869879147, 0.05243307039854257]}, 'pillar_obstacle': {'pos': [0.39994824830915515, -0.3824307480766307, 0.23470116647765446], 'size': [0.033663755439403885, 0.20172185302840845, 0.0]}, 'small_block': {'pos': [0.6140097595303955, -0.3535133918987863, 0.1097032402875184], 'size': [0.04461973939918376, 0.0849493067344041, 0.09534921802665242]}}"
0.20200000000000015,0.30799997701080134,0.0,0.4,0.041826444255868594,-0.038090045955721186,0.7726562939703359,"{'table_obstacle': {'pos': [0.3825981920028062, 0.37518922255766707, 0.1646257963690813], 'size': [0.049837904948193595, 0.0813235869879147, 0.05243307039854257]}, 'pillar_obstacle': {'pos': [0.39994824830915515, -0.3824307480766307, 0.23470116647765446], 'size': [0.033663755439403885, 0.20172185302840845, 0.0]}, 'small_block': {'pos': [0.6140097595303955, -0.3535133918987863, 0.1097032402875184], 'size': [0.04461973939918376, 0.0849493067344041, 0.09534921802665242]}}"
0.20300000000000015,0.30799997701080134,0.0,0.4,0.042436774531277754,-0.03845115766627087,0.7702766588248335,"{'table_obstacle': {'pos': [0.3825981920028062, 0.37518922255766707, 0.1646257963690813], 'size': [0.049837904948193595, 0.0813235869879147, 0.05243307039854257]}, 'pillar_obstacle': {'pos': [0.39994824830915515, -0.3824307480766307, 0.23470116647765446], 'size': [0.033663755439403885, 0.20172185302840845, 0.0]}, 'small_block': {'pos': [0.6140097595303955, -0.3535133918987863, 0.1097032402875184], 'size': [0.04461973939918376, 0.0849493067344041, 0.09534921802665242]}}"
0.20400000000000015,0.30799997701080134,0.0,0.4,0.0430665681009737,-0.03882555816927083,0.7678929368731299,"{'table_obstacle': {'pos': [0.3825981920028062, 0.37518922255766707, 0.1646257963690813], 'size': [0.049837904948193595, 0.0813235869879147, 0.05243307039854257]}, 'pillar_obstacle': {'pos': [0.39994824830915515, -0.3824307480766307, 0.23470116647765446], 'size': [0.033663755439403885, 0.20172185302840845, 0.0]}, 'small_block': {'pos': [0.6140097595303955, -0.3535133918987863, 0.1097032402875184], 'size': [0.04461973939918376, 0.0849493067344041, 0.09534921802665242]}}"
0.20500000000000015,0.30799997701080134,0.0,0.4,0.04371581913238913,-0.039212600161233124,0.7655047077383789,"{'table_obstacle': {'pos': [0.3825981920028062, 0.37518922255766707, 0.1646257963690813], 'size': [0.049837904948193595, 0.0813235869879147, 0.05243307039854257]}, 'pillar_obstacle': {'pos': [0.39994824830915515, -0.3824307480766307, 0.23470116647765446], 'size': [0.033663755439403885, 0.20172185302840845, 0.0]}, 'small_block': {'pos': [0.6140097595303955, -0.3535133918987863, 0.1097032402875184], 'size': [0.04461973939918376, 0.0849493067344041, 0.09534921802665242]}}"
0.20600000000000016,0.30799997701080134,0.0,0.4,0.044384499632554766,-0.03961162992099683,0.7631115675947406,"{'table_obstacle': {'pos': [0.3825981920028062, 0.37518922255766707, 0.1646257963690813], 'size': [0.049837904948193595, 0.0813235869879147, 0.05243307039854257]}, 'pillar_obstacle': {'pos': [0.39994824830915515, -0.3824307480766307, 0.23470116647765446], 'size': [0.033663755439403885, 0.20172185302840845, 0.0]}, 'small_block': {'pos': [0.6140097595303955, -0.3535133918987863, 0.1097032402875184], 'size': [0.04461973939918376, 0.0849493067344041, 0.09534921802665242]}}"
0.20700000000000016,0.30799997701080134,0.0,0.4,0.04507255979311958,-0.04002198871591893,0.7607131285514416,"{'table_obstacle': {'pos': [0.3825981920028062, 0.37518922255766707, 0.1646257963690813], 'size': [0.049837904948193595, 0.0813235869879147, 0.05243307039854257]}, 'pillar_obstacle': {'pos': [0.39994824830915515, -0.3824307480766307, 0.23470116647765446], 'size': [0.033663755439403885, 0.20172185302840845, 0.0]}, 'small_block': {'pos': [0.6140097595303955, -0.3535133918987863, 0.1097032402875184], 'size': [0.04461973939918376, 0.0849493067344041, 0.09534921802665242]}}"
0.20800000000000016,0.30799997701080134,0.0,0.4,0.04577992379305544,-0.04044300933316772,0.7583090224224812,"{'table_obstacle': {'pos': [0.3825981920028062, 0.37518922255766707, 0.1646257963690813], 'size': [0.049837904948193595, 0.0813235869879147, 0.05243307039854257]}, 'pillar_obstacle': {'pos': [0.39994824830915515, -0.3824307480766307, 0.23470116647765446], 'size': [0.033663755439403885, 0.20172185302840845, 0.0]}, 'small_block': {'pos': [0.6140097595303955, -0.3535133918987863, 0.1097032402875184], 'size': [0.04461973939918376, 0.0849493067344041, 0.09534921802665242]}}"
0.20900000000000016,0.30799997701080134,0.0,0.4,0.04650621757838598,-0.04087373810207111,0.7558991589378328,"{'table_obstacle': {'pos': [0.3825981920028062, 0.37518922255766707, 0.1646257963690813], 'size': [0.049837904948193595, 0.0813235869879147, 0.05243307039854257]}, 'pillar_obstacle': {'pos': [0.39994824830915515, -0.3824307480766307, 0.23470116647765446], 'size': [0.033663755439403885, 0.20172185302840845, 0.0]}, 'small_block': {'pos': [0.6140097595303955, -0.3535133918987863, 0.1097032402875184], 'size': [0.04461973939918376, 0.0849493067344041, 0.09534921802665242]}}"
0.21000000000000016,0.30799997701080134,0.0,0.4,0.04725138372551141,-0.04131358147811663,0.7534831367811928,"{'table_obstacle': {'pos': [0.3825981920028062, 0.37518922255766707, 0.1646257963690813], 'size': [0.049837904948193595, 0.0813235869879147, 0.05243307039854257]}, 'pillar_obstacle': {'pos': [0.39994824830915515, -0.3824307480766307, 0.23470116647765446], 'size': [0.033663755439403885, 0.20172185302840845, 0.0]}, 'small_block': {'pos': [0.6140097595303955, -0.3535133918987863, 0.1097032402875184], 'size': [0.04461973939918376, 0.0849493067344041, 0.09534921802665242]}}"
0.21100000000000016,0.30799997701080134,0.0,0.4,0.04801533579988197,-0.04176193196312984,0.7510605784665446,"{'table_obstacle': {'pos': [0.3825981920028062, 0.37518922255766707, 0.1646257963690813], 'size': [0.049837904948193595, 0.0813235869879147, 0.05243307039854257]}, 'pillar_obstacle': {'pos': [0.39994824830915515, -0.3824307480766307, 0.23470116647765446], 'size': [0.033663755439403885, 0.20172185302840845, 0.0]}, 'small_block': {'pos': [0.6140097595303955, -0.3535133918987863, 0.1097032402875184], 'size': [0.04461973939918376, 0.0849493067344041, 0.09534921802665242]}}"
0.21200000000000016,0.30799997701080134,0.0,0.4,0.04879796089230247,-0.04221817223759369,0.7486311275862003,"{'table_obstacle': {'pos': [0.3825981920028062, 0.37518922255766707, 0.1646257963690813], 'size': [0.049837904948193595, 0.0813235869879147, 0.05243307039854257]}, 'pillar_obstacle': {'pos': [0.39994824830915515, -0.3824307480766307, 0.23470116647765446], 'size': [0.033663755439403885, 0.20172185302840845, 0.0]}, 'small_block': {'pos': [0.6140097595303955, -0.3535133918987863, 0.1097032402875184], 'size': [0.04461973939918376, 0.0849493067344041, 0.09534921802665242]}}"
0.21300000000000016,0.30799997701080134,0.0,0.4,0.049599121856737635,-0.04268167861570056,0.746194446466477,"{'table_obstacle': {'pos': [0.3825981920028062, 0.37518922255766707, 0.1646257963690813], 'size': [0.049837904948193595, 0.0813235869879147, 0.05243307039854257]}, 'pillar_obstacle': {'pos': [0.39994824830915515, -0.3824307480766307, 0.23470116647765446], 'size': [0.033663755439403885, 0.20172185302840845, 0.0]}, 'small_block': {'pos': [0.6140097595303955, -0.3535133918987863, 0.1097032402875184], 'size': [0.04461973939918376, 0.0849493067344041, 0.09534921802665242]}}"
0.21400000000000016,0.30799997701080134,0.0,0.4,0.0504186592829787,-0.04315182392427097,0.7437502141748754,"{'table_obstacle': {'pos': [0.3825981920028062, 0.37518922255766707, 0.1646257963690813], 'size': [0.049837904948193595, 0.0813235869879147, 0.05243307039854257]}, 'pillar_obstacle': {'pos': [0.39994824830915515, -0.3824307480766307, 0.23470116647765446], 'size': [0.033663755439403885, 0.20172185302840845, 0.0]}, 'small_block': {'pos': [0.6140097595303955, -0.3535133918987863, 0.1097032402875184], 'size': [0.04461973939918376, 0.0849493067344041, 0.09534921802665242]}}"
0.21500000000000016,0.30799997701080134,0.0,0.4,0.05125639322948191,-0.043627979888018975,0.7412981248345578,"{'table_obstacle': {'pos': [0.3825981920028062, 0.37518922255766707, 0.1646257963690813], 'size': [0.049837904948193595, 0.0813235869879147, 0.05243307039854257]}, 'pillar_obstacle': {'pos': [0.39994824830915515, -0.3824307480766307, 0.23470116647765446], 'size': [0.033663755439403885, 0.20172185302840845, 0.0]}, 'small_block': {'pos': [0.6140097595303955, -0.3535133918987863, 0.1097032402875184], 'size': [0.04461973939918376, 0.0849493067344041, 0.09534921802665242]}}"
0.21600000000000016,0.30799997701080134,0.0,0.4,0.052112124736078465,-0.04410951908961808,0.7388378862108433,"{'table_obstacle': {'pos': [0.3825981920028062, 0.37518922255766707, 0.1646257963690813], 'size': [0.049837904948193595, 0.0813235869879147, 0.05243307039854257]}, 'pillar_obstacle': {'pos': [0.39994824830915515, -0.3824307480766307, 0.23470116647765446], 'size': [0.033663755439403885, 0.20172185302840845, 0.0]}, 'small_block': {'pos': [0.6140097595303955, -0.3535133918987863, 0.1097032402875184], 'size': [0.04461973939918376, 0.0849493067344041, 0.09534921802665242]}}"
0.21700000000000016,0.30799997701080134,0.0,0.4,0.0529856371326114,-0.04459581656251803,0.7363692185409435,"{'table_obstacle': {'pos': [0.3825981920028062, 0.37518922255766707, 0.1646257963690813], 'size': [0.049837904948193595, 0.0813235869879147, 0.05243307039854257]}, 'pillar_obstacle': {'pos': [0.39994824830915515, -0.3824307480766307, 0.23470116647765446], 'size': [0.033663755439403885, 0.20172185302840845, 0.0]}, 'small_block': {'pos': [0.6140097595303955, -0.3535133918987863, 0.1097032402875184], 'size': [0.04461973939918376, 0.0849493067344041, 0.09534921802665242]}}"
0.21800000000000017,0.30799997701080134,0.0,0.4,0.05387669715744887,-0.045086251066569834,0.7338918535827703,"{'table_obstacle': {'pos': [0.3825981920028062, 0.37518922255766707, 0.1646257963690813], 'size': [0.049837904948193595, 0.0813235869879147, 0.05243307039854257]}, 'pillar_obstacle': {'pos': [0.39994824830915515, -0.3824307480766307, 0.23470116647765446], 'size': [0.033663755439403885, 0.20172185302840845, 0.0]}, 'small_block': {'pos': [0.6140097595303955, -0.3535133918987863, 0.1097032402875184], 'size': [0.04461973939918376, 0.0849493067344041, 0.09534921802665242]}}"
0.21900000000000017,0.30799997701080134,0.0,0.4,0.054785055898852936,-0.04558020609052202,0.7314055338618378,"{'table_obstacle': {'pos': [0.3825981920028062, 0.37518922255766707, 0.1646257963690813], 'size': [0.049837904948193595, 0.0813235869879147, 0.05243307039854257]}, 'pillar_obstacle': {'pos': [0.39994824830915515, -0.3824307480766307, 0.23470116647765446], 'size': [0.033663755439403885, 0.20172185302840845, 0.0]}, 'small_block': {'pos': [0.6140097595303955, -0.3535133918987863, 0.1097032402875184], 'size': [0.04461973939918376, 0.0849493067344041, 0.09534921802665242]}}"
0.22000000000000017,0.30799997701080134,0.0,0.4,0.05571044957200165,-0.046077070620757096,0.728910012097382,"{'table_obstacle': {'pos': [0.3825981920028062, 0.37518922255766707, 0.1646257963690813], 'size': [0.049837904948193595, 0.0813235869879147, 0.05243307039854257]}, 'pillar_obstacle': {'pos': [0.39994824830915515, -0.3824307480766307, 0.23470116647765446], 'size': [0.033663755439403885, 0.20172185302840845, 0.0]}, 'small_block': {'pos': [0.6140097595303955, -0.3535133918987863, 0.1097032402875184], 'size': [0.04461973939918376, 0.0849493067344041, 0.09534921802665242]}}"
0.22100000000000017,0.30799997701080134,0.0,0.4,0.056652600144784154,-0.04657623971184424,0.7264050507902068,"{'table_obstacle': {'pos': [0.3825981920028062, 0.37518922255766707, 0.1646257963690813], 'size': [0.049837904948193595, 0.0813235869879147, 0.05243307039854257]}, 'pillar_obstacle': {'pos': [0.39994824830915515, -0.3824307480766307, 0.23470116647765446], 'size': [0.033663755439403885, 0.20172185302840845, 0.0]}, 'small_block': {'pos': [0.6140097595303955, -0.3535133918987863, 0.1097032402875184], 'size': [0.04461973939918376, 0.0849493067344041, 0.09534921802665242]}}"
0.22200000000000017,0.30799997701080134,0.0,0.4,0.05761121582606031,-0.047077114891238656,0.7238904219556382,"{'table_obstacle': {'pos': [0.3825981920028062, 0.37518922255766707, 0.1646257963690813], 'size': [0.049837904948193595, 0.0813235869879147, 0.05243307039854257]}, 'pillar_obstacle': {'pos': [0.39994824830915515, -0.3824307480766307, 0.23470116647765446], 'size': [0.033663755439403885, 0.20172185302840845, 0.0]}, 'small_block': {'pos': [0.6140097595303955, -0.3535133918987863, 0.1097032402875184], 'size': [0.04461973939918376, 0.0849493067344041, 0.09534921802665242]}}"
0.22300000000000017,0.30799997701080134,0.0,0.4,0.05858599143071343,-0.04757910442755019,0.721365906985574,"{'table_obstacle': {'pos': [0.3825981920028062, 0.37518922255766707, 0.1646257963690813], 'size': [0.049837904948193595, 0.0813235869879147, 0.05243307039854257]}, 'pillar_obstacle': {'pos': [0.39994824830915515, -0.3824307480766307, 0.23470116647765446], 'size': [0.033663755439403885, 0.20172185302840845, 0.0]}, 'small_block': {'pos': [0.6140097595303955, -0.3535133918987863, 0.1097032402875184], 'size': [0.04461973939918376, 0.0849493067344041, 0.09534921802665242]}}"
0.22400000000000017,0.30799997701080134,0.0,0.4,0.059576608636377974,-0.048081623489076485,0.7188312966240709,"{'table_obstacle': {'pos': [0.3825981920028062, 0.37518922255766707, 0.1646257963690813], 'size': [0.049837904948193595, 0.0813235869879147, 0.05243307039854257]}, 'pillar_obstacle': {'pos': [0.39994824830915515, -0.3824307480766307, 0.23470116647765446], 'size': [0.033663755439403885, 0.20172185302840845, 0.0]}, 'small_block': {'pos': [0.6140097595303955, -0.3535133918987863, 0.1097032402875184], 'size': [0.04461973939918376, 0.0849493067344041, 0.09534921802665242]}}"
0.22500000000000017,0.30799997701080134,0.0,0.4,0.060582736147098804,-0.04858409421666347,0.7162863910413584,"{'table_obstacle': {'pos': [0.3825981920028062, 0.37518922255766707, 0.1646257963690813], 'size': [0.049837904948193595, 0.0813235869879147, 0.05243307039854257]}, 'pillar_obstacle': {'pos': [0.39994824830915515, -0.3824307480766307, 0.23470116647765446], 'size': [0.033663755439403885, 0.20172185302840845, 0.0]}, 'small_block': {'pos': [0.6140097595303955, -0.3535133918987863, 0.1097032402875184], 'size': [0.04461973939918376, 0.0849493067344041, 0.09534921802665242]}}"
0.22600000000000017,0.30799997701080134,0.0,0.4,0.06160402977931957,-0.049085945732371065,0.7137309999916515,"{'table_obstacle': {'pos': [0.3825981920028062, 0.37518922255766707, 0.1646257963690813], 'size': [0.049837904948193595, 0.0813235869879147, 0.05243307039854257]}, 'pillar_obstacle': {'pos': [0.39994824830915515, -0.3824307480766307, 0.23470116647765446], 'size': [0.033663755439403885, 0.20172185302840845, 0.0]}, 'small_block': {'pos': [0.6140097595303955, -0.3535133918987863, 0.1097032402875184], 'size': [0.04461973939918376, 0.0849493067344041, 0.09534921802665242]}}"
0.22700000000000017,0.30799997701080134,0.0,0.4,0.06264013248546603,-0.04958661410287621,0.7111649430407118,"{'table_obstacle': {'pos': [0.3825981920028062, 0.37518922255766707, 0.1646257963690813], 'size': [0.049837904948193595, 0.0813235869879147, 0.05243307039854257]}, 'pillar_obstacle': {'pos': [0.39994824830915515, -0.3824307480766307, 0.23470116647765446], 'size': [0.033663755439403885, 0.20172185302840845, 0.0]}, 'small_block': {'pos': [0.6140097595303955, -0.3535133918987863, 0.1097032402875184], 'size': [0.04461973939918376, 0.0849493067344041, 0.09534921802665242]}}"
0.22800000000000017,0.30799997701080134,0.0,0.4,0.06369067432999909,-0.050085542274046754,0.7085880498497957,"{'table_obstacle': {'pos': [0.3825981920028062, 0.37518922255766707, 0.1646257963690813], 'size': [0.049837904948193595, 0.0813235869879147, 0.05243307039854257]}, 'pillar_obstacle': {'pos': [0.39994824830915515, -0.3824307480766307, 0.23470116647765446], 'size': [0.033663755439403885, 0.20172185302840845, 0.0]}, 'small_block': {'pos': [0.6140097595303955, -0.3535133918987863, 0.1097032402875184], 'size': [0.04461973939918376, 0.0849493067344041, 0.09534921802665242]}}"
0.22900000000000018,0.30799997701080134,0.0,0.4,0.06475527243217119,-0.05058217999069747,0.7060001605034312,"{'table_obstacle': {'pos': [0.3825981920028062, 0.37518922255766707, 0.1646257963690813], 'size': [0.049837904948193595, 0.0813235869879147, 0.05243307039854257]}, 'pillar_obstacle': {'pos': [0.39994824830915515, -0.3824307480766307, 0.23470116647765446], 'size': [0.033663755439403885, 0.20172185302840845, 0.0]}, 'small_block': {'pos': [0.6140097595303955, -0.3535133918987863, 0.1097032402875184], 'size': [0.04461973939918376, 0.0849493067344041, 0.09534921802665242]}}"
0.23000000000000018,0.30799997701080134,0.0,0.4,0.06583353088886451,-0.05107598371321169,0.7034011258693518,"{'table_obstacle': {'pos': [0.3825981920028062, 0.37518922255766707, 0.1646257963690813], 'size': [0.049837904948193595, 0.0813235869879147, 0.05243307039854257]}, 'pillar_obstacle': {'pos': [0.39994824830915515, -0.3824307480766307, 0.23470116647765446], 'size': [0.033663755439403885, 0.20172185302840845, 0.0]}, 'small_block': {'pos': [0.6140097595303955, -0.3535133918987863, 0.1097032402875184], 'size': [0.04461973939918376, 0.0849493067344041, 0.09534921802665242]}}"
0.23100000000000018,0.30799997701080134,0.0,0.4,0.06692504068986127,-0.05156641654052468,0.7007908079799036,"{'table_obstacle': {'pos': [0.3825981920028062, 0.37518922255766707, 0.1646257963690813], 'size': [0.049837904948193595, 0.0813235869879147, 0.05243307039854257]}, 'pillar_obstacle': {'pos': [0.39994824830915515, -0.3824307480766307, 0.23470116647765446], 'size': [0.033663755439403885, 0.20172185302840845, 0.0]}, 'small_block': {'pos': [0.6140097595303955, -0.3535133918987863, 0.1097032402875184], 'size': [0.04461973939918376, 0.0849493067344041, 0.09534921802665242]}}"
0.23200000000000018,0.30799997701080134,0.0,0.4,0.06802937963673505,-0.052052948146920436,0.6981690804252596,"{'table_obstacle': {'pos': [0.3825981920028062, 0.37518922255766707, 0.1646257963690813], 'size': [0.049837904948193595, 0.0813235869879147, 0.05243307039854257]}, 'pillar_obstacle': {'pos': [0.39994824830915515, -0.3824307480766307, 0.23470116647765446], 'size': [0.033663755439403885, 0.20172185302840845, 0.0]}, 'small_block': {'pos': [0.6140097595303955, -0.3535133918987863, 0.1097032402875184], 'size': [0.04461973939918376, 0.0849493067344041, 0.09534921802665242]}}"
0.23300000000000018,0.30799997701080134,0.0,0.4,0.06914611227530712,-0.05253505473824745,0.6955358287498402,"{'table_obstacle': {'pos': [0.3825981920028062, 0.37518922255766707, 0.1646257963690813], 'size': [0.049837904948193595, 0.0813235869879147, 0.05243307039854257]}, 'pillar_obstacle': {'pos': [0.39994824830915515, -0.3824307480766307, 0.23470116647765446], 'size': [0.033663755439403885, 0.20172185302840845, 0.0]}, 'small_block': {'pos': [0.6140097595303955, -0.3535133918987863, 0.1097032402875184], 'size': [0.04461973939918376, 0.0849493067344041, 0.09534921802665242]}}"
0.23400000000000018,0.30799997701080134,0.0,0.4,0.07027478985032257,-0.053012219031482656,0.6928909508443909,"{'table_obstacle': {'pos': [0.3825981920028062, 0.37518922255766707, 0.1646257963690813], 'size': [0.049837904948193595, 0.0813235869879147, 0.05243307039854257]}, 'pillar_obstacle': {'pos': [0.39994824830915515, -0.3824307480766307, 0.23470116647765446], 'size': [0.033663755439403885, 0.20172185302840845, 0.0]}, 'small_block': {'pos': [0.6140097595303955, -0.3535133918987863, 0.1097032402875184], 'size': [0.04461973939918376, 0.0849493067344041, 0.09534921802665242]}}"
0.23500000000000018,0.30799997701080134,0.0,0.4,0.07141495028970374,-0.053483930260119425,0.6902343573272121,"{'table_obstacle': {'pos': [0.3825981920028062, 0.37518922255766707, 0.1646257963690813], 'size': [0.049837904948193595, 0.0813235869879147, 0.05243307039854257]}, 'pillar_obstacle': {'pos': [0.39994824830915515, -0.3824307480766307, 0.23470116647765446], 'size': [0.033663755439403885, 0.20172185302840845, 0.0]}, 'small_block': {'pos': [0.6140097595303955, -0.3535133918987863, 0.1097032402875184], 'size': [0.04461973939918376, 0.0849493067344041, 0.09534921802665242]}}"
0.23600000000000018,0.30799997701080134,0.0,0.4,0.07256611822446732,-0.05394968420658677,0.6875659719090275,"{'table_obstacle': {'pos': [0.3825981920028062, 0.37518922255766707, 0.1646257963690813], 'size': [0.049837904948193595, 0.0813235869879147, 0.05243307039854257]}, 'pillar_obstacle': {'pos': [0.39994824830915515, -0.3824307480766307, 0.23470116647765446], 'size': [0.033663755439403885, 0.20172185302840845, 0.0]}, 'small_block': {'pos': [0.6140097595303955, -0.3535133918987863, 0.1097032402875184], 'size': [0.04461973939918376, 0.0849493067344041, 0.09534921802665242]}}"
0.23700000000000018,0.30799997701080134,0.0,0.4,0.07372780504917553,-0.05440898326185248,0.6848857317369222,"{'table_obstacle': {'pos': [0.3825981920028062, 0.37518922255766707, 0.1646257963690813], 'size': [0.049837904948193595, 0.0813235869879147, 0.05243307039854257]}, 'pillar_obstacle': {'pos': [0.39994824830915515, -0.3824307480766307, 0.23470116647765446], 'size': [0.033663755439403885, 0.20172185302840845, 0.0]}, 'small_block': {'pos': [0.6140097595303955, -0.3535133918987863, 0.1097032402875184], 'size': [0.04461973939918376, 0.0849493067344041, 0.09534921802665242]}}"
0.23800000000000018,0.30799997701080134,0.0,0.4,0.07489950902664348,-0.05486133651148563,0.6821935877136476,"{'table_obstacle': {'pos': [0.3825981920028062, 0.37518922255766707, 0.1646257963690813], 'size': [0.049837904948193595, 0.0813235869879147, 0.05243307039854257]}, 'pillar_obstacle': {'pos': [0.39994824830915515, -0.3824307480766307, 0.23470116647765446], 'size': [0.033663755439403885, 0.20172185302840845, 0.0]}, 'small_block': {'pos': [0.6140097595303955, -0.3535133918987863, 0.1097032402875184], 'size': [0.04461973939918376, 0.0849493067344041, 0.09534921802665242]}}"
0.23900000000000018,0.30799997701080134,0.0,0.4,0.07608071543957066,-0.0553062598467647,0.6794895047893881,"{'table_obstacle': {'pos': [0.3825981920028062, 0.37518922255766707, 0.1646257963690813], 'size': [0.049837904948193595, 0.0813235869879147, 0.05243307039854257]}, 'pillar_obstacle': {'pos': [0.39994824830915515, -0.3824307480766307, 0.23470116647765446], 'size': [0.033663755439403885, 0.20172185302840845, 0.0]}, 'small_block': {'pos': [0.6140097595303955, -0.3535133918987863, 0.1097032402875184], 'size': [0.04461973939918376, 0.0849493067344041, 0.09534921802665242]}}"
0.24000000000000019,0.3119999653149299,0.0,0.4,0.07727089679079968,-0.05574327609888266,0.6767734622237933,"{'table_obstacle': {'pos': [0.3825981920028062, 0.37518922255766707, 0.1646257963690813], 'size': [0.049837904948193595, 0.0813235869879147, 0.05243307039854257]}, 'pillar_obstacle': {'pos': [0.39994824830915515, -0.3824307480766307, 0.23470116647765446], 'size': [0.033663755439403885, 0.20172185302840845, 0.0]}, 'small_block': {'pos': [0.6140097595303955, -0.3535133918987863, 0.1097032402875184], 'size': [0.04461973939918376, 0.0849493067344041, 0.09534921802665242]}}"
0.2410000000000002,0.3119999653149299,0.0,0.4,0.07846958572537055,-0.056171954637775356,0.6740453750017759,"{'table_obstacle': {'pos': [0.3825981920028062, 0.37518922255766707, 0.1646257963690813], 'size': [0.049837904948193595, 0.0813235869879147, 0.05243307039854257]}, 'pillar_obstacle': {'pos': [0.39994824830915515, -0.3824307480766307, 0.23470116647765446], 'size': [0.033663755439403885, 0.20172185302840845, 0.0]}, 'small_block': {'pos': [0.6140097595303955, -0.3535133918987863, 0.1097032402875184], 'size': [0.04461973939918376, 0.0849493067344041, 0.09534921802665242]}}"
0.2420000000000002,0.3119999653149299,0.0,0.4,0.0796762155727082,-0.05659182250147721,0.6713052668588523,"{'table_obstacle': {'pos': [0.3825981920028062, 0.37518922255766707, 0.1646257963690813], 'size': [0.049837904948193595, 0.0813235869879147, 0.05243307039854257]}, 'pillar_obstacle': {'pos': [0.39994824830915515, -0.3824307480766307, 0.23470116647765446], 'size': [0.033663755439403885, 0.20172185302840845, 0.0]}, 'small_block': {'pos': [0.6140097595303955, -0.3535133918987863, 0.1097032402875184], 'size': [0.04461973939918376, 0.0849493067344041, 0.09534921802665242]}}"
0.2430000000000002,0.3119999653149299,0.0,0.4,0.08089021061887458,-0.05700241634008975,0.6685531734257162,"{'table_obstacle': {'pos': [0.3825981920028062, 0.37518922255766707, 0.1646257963690813], 'size': [0.049837904948193595, 0.0813235869879147, 0.05243307039854257]}, 'pillar_obstacle': {'pos': [0.39994824830915515, -0.3824307480766307, 0.23470116647765446], 'size': [0.033663755439403885, 0.20172185302840845, 0.0]}, 'small_block': {'pos': [0.6140097595303955, -0.3535133918987863, 0.1097032402875184], 'size': [0.04461973939918376, 0.0849493067344041, 0.09534921802665242]}}"
0.2440000000000002,0.3119999653149299,0.0,0.4,0.08211098594202172,-0.05740328215728685,0.6657891429454715,"{'table_obstacle': {'pos': [0.3825981920028062, 0.37518922255766707, 0.1646257963690813], 'size': [0.049837904948193595, 0.0813235869879147, 0.05243307039854257]}, 'pillar_obstacle': {'pos': [0.39994824830915515, -0.3824307480766307, 0.23470116647765446], 'size': [0.033663755439403885, 0.20172185302840845, 0.0]}, 'small_block': {'pos': [0.6140097595303955, -0.3535133918987863, 0.1097032402875184], 'size': [0.04461973939918376, 0.0849493067344041, 0.09534921802665242]}}"
0.2450000000000002,0.3119999653149299,0.0,0.4,0.08333794740202453,-0.057793975157882864,0.663013236846853,"{'table_obstacle': {'pos': [0.3825981920028062, 0.37518922255766707, 0.1646257963690813], 'size': [0.049837904948193595, 0.0813235869879147, 0.05243307039854257]}, 'pillar_obstacle': {'pos': [0.39994824830915515, -0.3824307480766307, 0.23470116647765446], 'size': [0.033663755439403885, 0.20172185302840845, 0.0]}, 'small_block': {'pos': [0.6140097595303955, -0.3535133918987863, 0.1097032402875184], 'size': [0.04461973939918376, 0.0849493067344041, 0.09534921802665242]}}"
0.2460000000000002,0.3119999653149299,0.0,0.4,0.0845704917619182,-0.058174059678968326,0.6602255301947301,"{'table_obstacle': {'pos': [0.3825981920028062, 0.37518922255766707, 0.1646257963690813], 'size': [0.049837904948193595, 0.0813235869879147, 0.05243307039854257]}, 'pillar_obstacle': {'pos': [0.39994824830915515, -0.3824307480766307, 0.23470116647765446], 'size': [0.033663755439403885, 0.20172185302840845, 0.0]}, 'small_block': {'pos': [0.6140097595303955, -0.3535133918987863, 0.1097032402875184], 'size': [0.04461973939918376, 0.0849493067344041, 0.09534921802665242]}}"
0.2470000000000002,0.3119999653149299,0.0,0.4,0.08580800692231916,-0.058543109186319185,0.6574261120354579,"{'table_obstacle': {'pos': [0.3825981920028062, 0.37518922255766707, 0.1646257963690813], 'size': [0.049837904948193595, 0.0813235869879147, 0.05243307039854257]}, 'pillar_obstacle': {'pos': [0.39994824830915515, -0.3824307480766307, 0.23470116647765446], 'size': [0.033663755439403885, 0.20172185302840845, 0.0]}, 'small_block': {'pos': [0.6140097595303955, -0.3535133918987863, 0.1097032402875184], 'size': [0.04461973939918376, 0.0849493067344041, 0.09534921802665242]}}"
0.2480000000000002,0.3119999653149299,0.0,0.4,0.08704987225290048,-0.05890070632118164,0.6546150856515544,"{'table_obstacle': {'pos': [0.3825981920028062, 0.37518922255766707, 0.1646257963690813], 'size': [0.049837904948193595, 0.0813235869879147, 0.05243307039854257]}, 'pillar_obstacle': {'pos': [0.39994824830915515, -0.3824307480766307, 0.23470116647765446], 'size': [0.033663755439403885, 0.20172185302840845, 0.0]}, 'small_block': {'pos': [0.6140097595303955, -0.3535133918987863, 0.1097032402875184], 'size': [0.04461973939918376, 0.0849493067344041, 0.09534921802665242]}}"
0.2490000000000002,0.3119999653149299,0.0,0.4,0.08829543802215961,-0.05924642852095009,0.6517925523621283,"{'table_obstacle': {'pos': [0.3825981920028062, 0.37518922255766707, 0.1646257963690813], 'size': [0.049837904948193595, 0.0813235869879147, 0.05243307039854257]}, 'pillar_obstacle': {'pos': [0.39994824830915515, -0.3824307480766307, 0.23470116647765446], 'size': [0.033663755439403885, 0.20172185302840845, 0.0]}, 'small_block': {'pos': [0.6140097595303955, -0.3535133918987863, 0.1097032402875184], 'size': [0.04461973939918376, 0.0849493067344041, 0.09534921802665242]}}"
0.25000000000000017,0.3119999653149299,0.0,0.4,0.08954384423452989,-0.059579724269905154,0.648958472059491,"{'table_obstacle': {'pos': [0.3825981920028062, 0.37518922255766707, 0.1646257963690813], 'size': [0.049837904948193595, 0.0813235869879147, 0.05243307039854257]}, 'pillar_obstacle': {'pos': [0.39994824830915515, -0.3824307480766307, 0.23470116647765446], 'size': [0.033663755439403885, 0.20172185302840845, 0.0]}, 'small_block': {'pos': [0.6140097595303955, -0.3535133918987863, 0.1097032402875184], 'size': [0.04461973939918376, 0.0849493067344041, 0.09534921802665242]}}"
0.25100000000000017,0.3119999653149299,0.0,0.4,0.09079445017535437,-0.05990021010349502,0.646113000122816,"{'table_obstacle': {'pos': [0.3825981920028062, 0.37518922255766707, 0.1646257963690813], 'size': [0.049837904948193595, 0.0813235869879147, 0.05243307039854257]}, 'pillar_obstacle': {'pos': [0.39994824830915515, -0.3824307480766307, 0.23470116647765446], 'size': [0.033663755439403885, 0.20172185302840845, 0.0]}, 'small_block': {'pos': [0.6140097595303955, -0.3535133918987863, 0.1097032402875184], 'size': [0.04461973939918376, 0.0849493067344041, 0.09534921802665242]}}"
0.25200000000000017,0.3119999653149299,0.0,0.4,0.09204660878424516,-0.06020751214528426,0.6432563063343412,"{'table_obstacle': {'pos': [0.3825981920028062, 0.37518922255766707, 0.1646257963690813], 'size': [0.049837904948193595, 0.0813235869879147, 0.05243307039854257]}, 'pillar_obstacle': {'pos': [0.39994824830915515, -0.3824307480766307, 0.23470116647765446], 'size': [0.033663755439403885, 0.20172185302840845, 0.0]}, 'small_block': {'pos': [0.6140097595303955, -0.3535133918987863, 0.1097032402875184], 'size': [0.04461973939918376, 0.0849493067344041, 0.09534921802665242]}}"
0.25300000000000017,0.3119999653149299,0.0,0.4,0.09329966730237282,-0.060501266263730646,0.6403885748172609,"{'table_obstacle': {'pos': [0.3825981920028062, 0.37518922255766707, 0.1646257963690813], 'size': [0.049837904948193595, 0.0813235869879147, 0.05243307039854257]}, 'pillar_obstacle': {'pos': [0.39994824830915515, -0.3824307480766307, 0.23470116647765446], 'size': [0.033663755439403885, 0.20172185302840845, 0.0]}, 'small_block': {'pos': [0.6140097595303955, -0.3535133918987863, 0.1097032402875184], 'size': [0.04461973939918376, 0.0849493067344041, 0.09534921802665242]}}"
0.25400000000000017,0.3119999653149299,0.0,0.4,0.09455296795796478,-0.06078111823306333,0.6375100039307383,"{'table_obstacle': {'pos': [0.3825981920028062, 0.37518922255766707, 0.1646257963690813], 'size': [0.049837904948193595, 0.0813235869879147, 0.05243307039854257]}, 'pillar_obstacle': {'pos': [0.39994824830915515, -0.3824307480766307, 0.23470116647765446], 'size': [0.033663755439403885, 0.20172185302840845, 0.0]}, 'small_block': {'pos': [0.6140097595303955, -0.3535133918987863, 0.1097032402875184], 'size': [0.04461973939918376, 0.0849493067344041, 0.09534921802665242]}}"
0.25500000000000017,0.3119999653149299,0.0,0.4,0.09580584868423658,-0.06104672389499058,0.6346208061257853,"{'table_obstacle': {'pos': [0.3825981920028062, 0.37518922255766707, 0.1646257963690813], 'size': [0.049837904948193595, 0.0813235869879147, 0.05243307039854257]}, 'pillar_obstacle': {'pos': [0.39994824830915515, -0.3824307480766307, 0.23470116647765446], 'size': [0.033663755439403885, 0.20172185302840845, 0.0]}, 'small_block': {'pos': [0.6140097595303955, -0.3535133918987863, 0.1097032402875184], 'size': [0.04461973939918376, 0.0849493067344041, 0.09534921802665242]}}"
0.25600000000000017,0.3119999653149299,0.0,0.4,0.09705764386459918,-0.061297749318639835,0.6317212077651104,"{'table_obstacle': {'pos': [0.3825981920028062, 0.37518922255766707, 0.1646257963690813], 'size': [0.049837904948193595, 0.0813235869879147, 0.05243307039854257]}, 'pillar_obstacle': {'pos': [0.39994824830915515, -0.3824307480766307, 0.23470116647765446], 'size': [0.033663755439403885, 0.20172185302840845, 0.0]}, 'small_block': {'pos': [0.6140097595303955, -0.3535133918987863, 0.1097032402875184], 'size': [0.04461973939918376, 0.0849493067344041, 0.09534921802665242]}}"
0.2570000000000002,0.3119999653149299,0.0,0.4,0.09830768510050726,-0.06153387095670044,0.6288114489094834,"{'table_obstacle': {'pos': [0.3825981920028062, 0.37518922255766707, 0.1646257963690813], 'size': [0.049837904948193595, 0.0813235869879147, 0.05243307039854257]}, 'pillar_obstacle': {'pos': [0.39994824830915515, -0.3824307480766307, 0.23470116647765446], 'size': [0.033663755439403885, 0.20172185302840845, 0.0]}, 'small_block': {'pos': [0.6140097595303955, -0.3535133918987863, 0.1097032402875184], 'size': [0.04461973939918376, 0.0849493067344041, 0.09534921802665242]}}"
0.2580000000000002,0.3119999653149299,0.0,0.4,0.09955530199774396,-0.061754775796186843,0.6258917830727062,"{'table_obstacle': {'pos': [0.3825981920028062, 0.37518922255766707, 0.1646257963690813], 'size': [0.049837904948193595, 0.0813235869879147, 0.05243307039854257]}, 'pillar_obstacle': {'pos': [0.39994824830915515, -0.3824307480766307, 0.23470116647765446], 'size': [0.033663755439403885, 0.20172185302840845, 0.0]}, 'small_block': {'pos': [0.6140097595303955, -0.3535133918987863, 0.1097032402875184], 'size': [0.04461973939918376, 0.0849493067344041, 0.09534921802665242]}}"
0.2590000000000002,0.3119999653149299,0.0,0.4,0.10079982296730475,-0.06196016150262962,0.6229624769468883,"{'table_obstacle': {'pos': [0.3825981920028062, 0.37518922255766707, 0.1646257963690813], 'size': [0.049837904948193595, 0.0813235869879147, 0.05243307039854257]}, 'pillar_obstacle': {'pos': [0.39994824830915515, -0.3824307480766307, 0.23470116647765446], 'size': [0.033663755439403885, 0.20172185302840845, 0.0]}, 'small_block': {'pos': [0.6140097595303955, -0.3535133918987863, 0.1097032402875184], 'size': [0.04461973939918376, 0.0849493067344041, 0.09534921802665242]}}"
0.2600000000000002,0.3119999653149299,0.0,0.4,0.10204057603734745,-0.06214973655679806,0.6200238100994069,"{'table_obstacle': {'pos': [0.3825981920028062, 0.37518922255766707, 0.1646257963690813], 'size': [0.049837904948193595, 0.0813235869879147, 0.05243307039854257]}, 'pillar_obstacle': {'pos': [0.39994824830915515, -0.3824307480766307, 0.23470116647765446], 'size': [0.033663755439403885, 0.20172185302840845, 0.0]}, 'small_block': {'pos': [0.6140097595303955, -0.3535133918987863, 0.1097032402875184], 'size': [0.04461973939918376, 0.0849493067344041, 0.09534921802665242]}}"
0.2610000000000002,0.3119999653149299,0.0,0.4,0.10327688967293111,-0.062323220383309536,0.6170760746426579,"{'table_obstacle': {'pos': [0.3825981920028062, 0.37518922255766707, 0.1646257963690813], 'size': [0.049837904948193595, 0.0813235869879147, 0.05243307039854257]}, 'pillar_obstacle': {'pos': [0.39994824830915515, -0.3824307480766307, 0.23470116647765446], 'size': [0.033663755439403885, 0.20172185302840845, 0.0]}, 'small_block': {'pos': [0.6140097595303955, -0.3535133918987863, 0.1097032402875184], 'size': [0.04461973939918376, 0.0849493067344041, 0.09534921802665242]}}"
0.2620000000000002,0.3119999653149299,0.0,0.4,0.10450809360047839,-0.0624803434706787,0.6141195748774781,"{'table_obstacle': {'pos': [0.3825981920028062, 0.37518922255766707, 0.1646257963690813], 'size': [0.049837904948193595, 0.0813235869879147, 0.05243307039854257]}, 'pillar_obstacle': {'pos': [0.39994824830915515, -0.3824307480766307, 0.23470116647765446], 'size': [0.033663755439403885, 0.20172185302840845, 0.0]}, 'small_block': {'pos': [0.6140097595303955, -0.3535133918987863, 0.1097032402875184], 'size': [0.04461973939918376, 0.0849493067344041, 0.09534921802665242]}}"
0.2630000000000002,0.3119999653149299,0.0,0.4,0.10573351963407412,-0.0626208474825116,0.6111546269109415,"{'table_obstacle': {'pos': [0.3825981920028062, 0.37518922255766707, 0.1646257963690813], 'size': [0.049837904948193595, 0.0813235869879147, 0.05243307039854257]}, 'pillar_obstacle': {'pos': [0.39994824830915515, -0.3824307480766307, 0.23470116647765446], 'size': [0.033663755439403885, 0.20172185302840845, 0.0]}, 'small_block': {'pos': [0.6140097595303955, -0.3535133918987863, 0.1097032402875184], 'size': [0.04461973939918376, 0.0849493067344041, 0.09534921802665242]}}"
0.2640000000000002,0.3119999653149299,0.0,0.4,0.10695250250085206,-0.06274448535967068,0.6081815582490776,"{'table_obstacle': {'pos': [0.3825981920028062, 0.37518922255766707, 0.1646257963690813], 'size': [0.049837904948193595, 0.0813235869879147, 0.05243307039854257]}, 'pillar_obstacle': {'pos': [0.39994824830915515, -0.3824307480766307, 0.23470116647765446], 'size': [0.033663755439403885, 0.20172185302840845, 0.0]}, 'small_block': {'pos': [0.6140097595303955, -0.3535133918987863, 0.1097032402875184], 'size': [0.04461973939918376, 0.0849493067344041, 0.09534921802665242]}}"
0.2650000000000002,0.3119999653149299,0.0,0.4,0.10816438066284367,-0.06285102141332136,0.6052007073649452,"{'table_obstacle': {'pos': [0.3825981920028062, 0.37518922255766707, 0.1646257963690813], 'size': [0.049837904948193595, 0.0813235869879147, 0.05243307039854257]}, 'pillar_obstacle': {'pos': [0.39994824830915515, -0.3824307480766307, 0.23470116647765446], 'size': [0.033663755439403885, 0.20172185302840845, 0.0]}, 'small_block': {'pos': [0.6140097595303955, -0.3535133918987863, 0.1097032402875184], 'size': [0.04461973939918376, 0.0849493067344041, 0.09534921802665242]}}"
0.2660000000000002,0.3119999653149299,0.0,0.4,0.10936849713275032,-0.06294023140883183,0.6022124232424164,"{'table_obstacle': {'pos': [0.3825981920028062, 0.37518922255766707, 0.1646257963690813], 'size': [0.049837904948193595, 0.0813235869879147, 0.05243307039854257]}, 'pillar_obstacle': {'pos': [0.39994824830915515, -0.3824307480766307, 0.23470116647765446], 'size': [0.033663755439403885, 0.20172185302840845, 0.0]}, 'small_block': {'pos': [0.6140097595303955, -0.3535133918987863, 0.1097032402875184], 'size': [0.04461973939918376, 0.0849493067344041, 0.09534921802665242]}}"
0.2670000000000002,0.3119999653149299,0.0,0.4,0.11056420028117162,-0.06301190264053615,0.5992170648959555,"{'table_obstacle': {'pos': [0.3825981920028062, 0.37518922255766707, 0.1646257963690813], 'size': [0.049837904948193595, 0.0813235869879147, 0.05243307039854257]}, 'pillar_obstacle': {'pos': [0.39994824830915515, -0.3824307480766307, 0.23470116647765446], 'size': [0.033663755439403885, 0.20172185302840845, 0.0]}, 'small_block': {'pos': [0.6140097595303955, -0.3535133918987863, 0.1097032402875184], 'size': [0.04461973939918376, 0.0849493067344041, 0.09534921802665242]}}"
0.2680000000000002,0.3119999653149299,0.0,0.4,0.11175084463287052,-0.06306583399738437,0.5962150008666596,"{'table_obstacle': {'pos': [0.3825981920028062, 0.37518922255766707, 0.1646257963690813], 'size': [0.049837904948193595, 0.0813235869879147, 0.05243307039854257]}, 'pillar_obstacle': {'pos': [0.39994824830915515, -0.3824307480766307, 0.23470116647765446], 'size': [0.033663755439403885, 0.20172185302840845, 0.0]}, 'small_block': {'pos': [0.6140097595303955, -0.3535133918987863, 0.1097032402875184], 'size': [0.04461973939918376, 0.0849493067344041, 0.09534921802665242]}}"
0.2690000000000002,0.3119999653149299,0.0,0.4,0.11292779164969052,-0.06310183601950793,0.5932066086948212,"{'table_obstacle': {'pos': [0.3825981920028062, 0.37518922255766707, 0.1646257963690813], 'size': [0.049837904948193595, 0.0813235869879147, 0.05243307039854257]}, 'pillar_obstacle': {'pos': [0.39994824830915515, -0.3824307480766307, 0.23470116647765446], 'size': [0.033663755439403885, 0.20172185302840845, 0.0]}, 'small_block': {'pos': [0.6140097595303955, -0.3535133918987863, 0.1097032402875184], 'size': [0.04461973939918376, 0.0849493067344041, 0.09534921802665242]}}"
0.2700000000000002,0.3119999653149299,0.0,0.4,0.11409441049774569,-0.0631197309457104,0.5901922743693055,"{'table_obstacle': {'pos': [0.3825981920028062, 0.37518922255766707, 0.1646257963690813], 'size': [0.049837904948193595, 0.0813235869879147, 0.05243307039854257]}, 'pillar_obstacle': {'pos': [0.39994824830915515, -0.3824307480766307, 0.23470116647765446], 'size': [0.033663755439403885, 0.20172185302840845, 0.0]}, 'small_block': {'pos': [0.6140097595303955, -0.3535133918987863, 0.1097032402875184], 'size': [0.04461973939918376, 0.0849493067344041, 0.09534921802665242]}}"
0.2710000000000002,0.3119999653149299,0.0,0.4,0.11525007879650234,-0.06311935275187006,0.5871723917541,"{'table_obstacle': {'pos': [0.3825981920028062, 0.37518922255766707, 0.1646257963690813], 'size': [0.049837904948193595, 0.0813235869879147, 0.05243307039854257]}, 'pillar_obstacle': {'pos': [0.39994824830915515, -0.3824307480766307, 0.23470116647765446], 'size': [0.033663755439403885, 0.20172185302840845, 0.0]}, 'small_block': {'pos': [0.6140097595303955, -0.3535133918987863, 0.1097032402875184], 'size': [0.04461973939918376, 0.0849493067344041, 0.09534921802665242]}}"
0.2720000000000002,0.3119999653149299,0.0,0.4,0.11639418334734429,-0.06310054718019996,0.5841473619925005,"{'table_obstacle': {'pos': [0.3825981920028062, 0.37518922255766707, 0.1646257963690813], 'size': [0.049837904948193595, 0.0813235869879147, 0.05243307039854257]}, 'pillar_obstacle': {'pos': [0.39994824830915515, -0.3824307480766307, 0.23470116647765446], 'size': [0.033663755439403885, 0.20172185302840845, 0.0]}, 'small_block': {'pos': [0.6140097595303955, -0.3535133918987863, 0.1097032402875184], 'size': [0.04461973939918376, 0.0849493067344041, 0.09534921802665242]}}"
0.2730000000000002,0.3119999653149299,0.0,0.4,0.11752623058532638,-0.06306327181423735,0.5811195044699305,"{'table_obstacle': {'pos': [0.3825981920028062, 0.37518922255766707, 0.1646257963690813], 'size': [0.049837904948193595, 0.0813235869879147, 0.05243307039854257]}, 'pillar_obstacle': {'pos': [0.39994824830915515, -0.3824307480766307, 0.23470116647765446], 'size': [0.033663755439403885, 0.20172185302840845, 0.0]}, 'small_block': {'pos': [0.6140097595303955, -0.3535133918987863, 0.1097032402875184], 'size': [0.04461973939918376, 0.0849493067344041, 0.09534921802665242]}}"
0.2740000000000002,0.3119999653149299,0.0,0.4,0.11864658441357626,-0.06300820435598091,0.5781036271942849,"{'table_obstacle': {'pos': [0.3825981920028062, 0.37518922255766707, 0.1646257963690813], 'size': [0.049837904948193595, 0.0813235869879147, 0.05243307039854257]}, 'pillar_obstacle': {'pos': [0.39994824830915515, -0.3824307480766307, 0.23470116647765446], 'size': [0.033663755439403885, 0.20172185302840845, 0.0]}, 'small_block': {'pos': [0.6140097595303955, -0.3535133918987863, 0.1097032402875184], 'size': [0.04461973939918376, 0.0849493067344041, 0.09534921802665242]}}"
0.2750000000000002,0.3119999653149299,0.0,0.4,0.11975574311729995,-0.06293600432024517,0.5751119838538465,"{'table_obstacle': {'pos': [0.3825981920028062, 0.37518922255766707, 0.1646257963690813], 'size': [0.049837904948193595, 0.0813235869879147, 0.05243307039854257]}, 'pillar_obstacle': {'pos': [0.39994824830915515, -0.3824307480766307, 0.23470116647765446], 'size': [0.033663755439403885, 0.20172185302840845, 0.0]}, 'small_block': {'pos': [0.6140097595303955, -0.3535133918987863, 0.1097032402875184], 'size': [0.04461973939918376, 0.0849493067344041, 0.09534921802665242]}}"
0.2760000000000002,0.3119999653149299,0.0,0.4,0.12085431169522473,-0.06284730972935287,0.5721547302792627,"{'table_obstacle': {'pos': [0.3825981920028062, 0.37518922255766707, 0.1646257963690813], 'size': [0.049837904948193595, 0.0813235869879147, 0.05243307039854257]}, 'pillar_obstacle': {'pos': [0.39994824830915515, -0.3824307480766307, 0.23470116647765446], 'size': [0.033663755439403885, 0.20172185302840845, 0.0]}, 'small_block': {'pos': [0.6140097595303955, -0.3535133918987863, 0.1097032402875184], 'size': [0.04461973939918376, 0.0849493067344041, 0.09534921802665242]}}"
0.2770000000000002,0.3119999653149299,0.0,0.4,0.12194298008282756,-0.06274273522247727,0.5692402970131767,"{'table_obstacle': {'pos': [0.3825981920028062, 0.37518922255766707, 0.1646257963690813], 'size': [0.049837904948193595, 0.0813235869879147, 0.05243307039854257]}, 'pillar_obstacle': {'pos': [0.39994824830915515, -0.3824307480766307, 0.23470116647765446], 'size': [0.033663755439403885, 0.20172185302840845, 0.0]}, 'small_block': {'pos': [0.6140097595303955, -0.3535133918987863, 0.1097032402875184], 'size': [0.04461973939918376, 0.0849493067344041, 0.09534921802665242]}}"
0.2780000000000002,0.3119999653149299,0.0,0.4,0.12302250612395954,-0.06262287119376139,0.5663756931520069,"{'table_obstacle': {'pos': [0.3825981920028062, 0.37518922255766707, 0.1646257963690813], 'size': [0.049837904948193595, 0.0813235869879147, 0.05243307039854257]}, 'pillar_obstacle': {'pos': [0.39994824830915515, -0.3824307480766307, 0.23470116647765446], 'size': [0.033663755439403885, 0.20172185302840845, 0.0]}, 'small_block': {'pos': [0.6140097595303955, -0.3535133918987863, 0.1097032402875184], 'size': [0.04461973939918376, 0.0849493067344041, 0.09534921802665242]}}"
0.2790000000000002,0.3119999653149299,0.0,0.4,0.12409366133181005,-0.062497328016450304,0.563563859900973,"{'table_obstacle': {'pos': [0.3825981920028062, 0.37518922255766707, 0.1646257963690813], 'size': [0.049837904948193595, 0.0813235869879147, 0.05243307039854257]}, 'pillar_obstacle': {'pos': [0.39994824830915515, -0.3824307480766307, 0.23470116647765446], 'size': [0.033663755439403885, 0.20172185302840845, 0.0]}, 'small_block': {'pos': [0.6140097595303955, -0.3535133918987863, 0.1097032402875184], 'size': [0.04461973939918376, 0.0849493067344041, 0.09534921802665242]}}"
0.2800000000000002,0.3119999653149299,0.0,0.4,0.12515704406353495,-0.06237715679013747,0.5608060092720917,"{'table_obstacle': {'pos': [0.3825981920028062, 0.37518922255766707, 0.1646257963690813], 'size': [0.049837904948193595, 0.0813235869879147, 0.05243307039854257]}, 'pillar_obstacle': {'pos': [0.39994824830915515, -0.3824307480766307, 0.23470116647765446], 'size': [0.033663755439403885, 0.20172185302840845, 0.0]}, 'small_block': {'pos': [0.6140097595303955, -0.3535133918987863, 0.1097032402875184], 'size': [0.04461973939918376, 0.0849493067344041, 0.09534921802665242]}}"
0.2810000000000002,0.3119999653149299,0.0,0.4,0.1262131608503515,-0.062262753916269536,0.5581058428167314,"{'table_obstacle': {'pos': [0.3825981920028062, 0.37518922255766707, 0.1646257963690813], 'size': [0.049837904948193595, 0.0813235869879147, 0.05243307039854257]}, 'pillar_obstacle': {'pos': [0.39994824830915515, -0.3824307480766307, 0.23470116647765446], 'size': [0.033663755439403885, 0.20172185302840845, 0.0]}, 'small_block': {'pos': [0.6140097595303955, -0.3535133918987863, 0.1097032402875184], 'size': [0.04461973939918376, 0.0849493067344041, 0.09534921802665242]}}"
0.2820000000000002,0.3119999653149299,0.0,0.4,0.1272625701619144,-0.062154513253091875,0.5554665540715121,"{'table_obstacle': {'pos': [0.3825981920028062, 0.37518922255766707, 0.1646257963690813], 'size': [0.049837904948193595, 0.0813235869879147, 0.05243307039854257]}, 'pillar_obstacle': {'pos': [0.39994824830915515, -0.3824307480766307, 0.23470116647765446], 'size': [0.033663755439403885, 0.20172185302840845, 0.0]}, 'small_block': {'pos': [0.6140097595303955, -0.3535133918987863, 0.1097032402875184], 'size': [0.04461973939918376, 0.0849493067344041, 0.09534921802665242]}}"
0.2830000000000002,0.3119999653149299,0.0,0.4,0.12830568174190088,-0.06205270591323765,0.5528894067522065,"{'table_obstacle': {'pos': [0.3825981920028062, 0.37518922255766707, 0.1646257963690813], 'size': [0.049837904948193595, 0.0813235869879147, 0.05243307039854257]}, 'pillar_obstacle': {'pos': [0.39994824830915515, -0.3824307480766307, 0.23470116647765446], 'size': [0.033663755439403885, 0.20172185302840845, 0.0]}, 'small_block': {'pos': [0.6140097595303955, -0.3535133918987863, 0.1097032402875184], 'size': [0.04461973939918376, 0.0849493067344041, 0.09534921802665242]}}"
0.2840000000000002,0.3119999653149299,0.0,0.4,0.12934261638344569,-0.06195741146063406,0.5503731269912844,"{'table_obstacle': {'pos': [0.3825981920028062, 0.37518922255766707, 0.1646257963690813], 'size': [0.049837904948193595, 0.0813235869879147, 0.05243307039854257]}, 'pillar_obstacle': {'pos': [0.39994824830915515, -0.3824307480766307, 0.23470116647765446], 'size': [0.033663755439403885, 0.20172185302840845, 0.0]}, 'small_block': {'pos': [0.6140097595303955, -0.3535133918987863, 0.1097032402875184], 'size': [0.04461973939918376, 0.0849493067344041, 0.09534921802665242]}}"
0.2850000000000002,0.3119999653149299,0.0,0.4,0.1303735039676539,-0.06186871363690749,0.5479164745577222,"{'table_obstacle': {'pos': [0.3825981920028062, 0.37518922255766707, 0.1646257963690813], 'size': [0.049837904948193595, 0.0813235869879147, 0.05243307039854257]}, 'pillar_obstacle': {'pos': [0.39994824830915515, -0.3824307480766307, 0.23470116647765446], 'size': [0.033663755439403885, 0.20172185302840845, 0.0]}, 'small_block': {'pos': [0.6140097595303955, -0.3535133918987863, 0.1097032402875184], 'size': [0.04461973939918376, 0.0849493067344041, 0.09534921802665242]}}"
0.2860000000000002,0.3119999653149299,0.0,0.4,0.1313984828545998,-0.06178670033642736,0.5455182434433495,"{'table_obstacle': {'pos': [0.3825981920028062, 0.37518922255766707, 0.1646257963690813], 'size': [0.049837904948193595, 0.0813235869879147, 0.05243307039854257]}, 'pillar_obstacle': {'pos': [0.39994824830915515, -0.3824307480766307, 0.23470116647765446], 'size': [0.033663755439403885, 0.20172185302840845, 0.0]}, 'small_block': {'pos': [0.6140097595303955, -0.3535133918987863, 0.1097032402875184], 'size': [0.04461973939918376, 0.0849493067344041, 0.09534921802665242]}}"
0.2870000000000002,0.3119999653149299,0.0,0.4,0.13241769939693154,-0.061711463608450604,0.5431772620247896,"{'table_obstacle': {'pos': [0.3825981920028062, 0.37518922255766707, 0.1646257963690813], 'size': [0.049837904948193595, 0.0813235869879147, 0.05243307039854257]}, 'pillar_obstacle': {'pos': [0.39994824830915515, -0.3824307480766307, 0.23470116647765446], 'size': [0.033663755439403885, 0.20172185302840845, 0.0]}, 'small_block': {'pos': [0.6140097595303955, -0.3535133918987863, 0.1097032402875184], 'size': [0.04461973939918376, 0.0849493067344041, 0.09534921802665242]}}"
0.2880000000000002,0.3119999653149299,0.0,0.4,0.13343130752165652,-0.06164309966874702,0.5408923929196635,"{'table_obstacle': {'pos': [0.3825981920028062, 0.37518922255766707, 0.1646257963690813], 'size': [0.049837904948193595, 0.0813235869879147, 0.05243307039854257]}, 'pillar_obstacle': {'pos': [0.39994824830915515, -0.3824307480766307, 0.23470116647765446], 'size': [0.033663755439403885, 0.20172185302840845, 0.0]}, 'small_block': {'pos': [0.6140097595303955, -0.3535133918987863, 0.1097032402875184], 'size': [0.04461973939918376, 0.0849493067344041, 0.09534921802665242]}}"
0.2890000000000002,0.3119999653149299,0.0,0.4,0.13443946833963072,-0.061581708909816346,0.5386625326371254,"{'table_obstacle': {'pos': [0.3825981920028062, 0.37518922255766707, 0.1646257963690813], 'size': [0.049837904948193595, 0.0813235869879147, 0.05243307039854257]}, 'pillar_obstacle': {'pos': [0.39994824830915515, -0.3824307480766307, 0.23470116647765446], 'size': [0.033663755439403885, 0.20172185302840845, 0.0]}, 'small_block': {'pos': [0.6140097595303955, -0.3535133918987863, 0.1097032402875184], 'size': [0.04461973939918376, 0.0849493067344041, 0.09534921802665242]}}"
0.2900000000000002,0.3119999653149299,0.0,0.4,0.13544234975357974,-0.06152739590386301,0.5364866111076207,"{'table_obstacle': {'pos': [0.3825981920028062, 0.37518922255766707, 0.1646257963690813], 'size': [0.049837904948193595, 0.0813235869879147, 0.05243307039854257]}, 'pillar_obstacle': {'pos': [0.39994824830915515, -0.3824307480766307, 0.23470116647765446], 'size': [0.033663755439403885, 0.20172185302840845, 0.0]}, 'small_block': {'pos': [0.6140097595303955, -0.3535133918987863, 0.1097032402875184], 'size': [0.04461973939918376, 0.0849493067344041, 0.09534921802665242]}}"
0.2910000000000002,0.3119999653149299,0.0,0.4,0.13644012604492475,-0.06148026939650404,0.5343635911637621,"{'table_obstacle': {'pos': [0.3825981920028062, 0.37518922255766707, 0.1646257963690813], 'size': [0.049837904948193595, 0.0813235869879147, 0.05243307039854257]}, 'pillar_obstacle': {'pos': [0.39994824830915515, -0.3824307480766307, 0.23470116647765446], 'size': [0.033663755439403885, 0.20172185302840845, 0.0]}, 'small_block': {'pos': [0.6140097595303955, -0.3535133918987863, 0.1097032402875184], 'size': [0.04461973939918376, 0.0849493067344041, 0.09534921802665242]}}"
0.2920000000000002,0.3119999653149299,0.0,0.4,0.1374329774280117,-0.06144044229202882,0.5322924680320925,"{'table_obstacle': {'pos': [0.3825981920028062, 0.37518922255766707, 0.1646257963690813], 'size': [0.049837904948193595, 0.0813235869879147, 0.05243307039854257]}, 'pillar_obstacle': {'pos': [0.39994824830915515, -0.3824307480766307, 0.23470116647765446], 'size': [0.033663755439403885, 0.20172185302840845, 0.0]}, 'small_block': {'pos': [0.6140097595303955, -0.3535133918987863, 0.1097032402875184], 'size': [0.04461973939918376, 0.0849493067344041, 0.09534921802665242]}}"
0.2930000000000002,0.3119999653149299,0.0,0.4,0.13842108956818344,-0.061408031633106805,0.5302722688826265,"{'table_obstacle': {'pos': [0.3825981920028062, 0.37518922255766707, 0.1646257963690813], 'size': [0.049837904948193595, 0.0813235869879147, 0.05243307039854257]}, 'pillar_obstacle': {'pos': [0.39994824830915515, -0.3824307480766307, 0.23470116647765446], 'size': [0.033663755439403885, 0.20172185302840845, 0.0]}, 'small_block': {'pos': [0.6140097595303955, -0.3535133918987863, 0.1097032402875184], 'size': [0.04461973939918376, 0.0849493067344041, 0.09534921802665242]}}"
0.2940000000000002,0.3119999653149299,0.0,0.4,0.13940465306805638,-0.061383158579216224,0.5283020524677073,"{'table_obstacle': {'pos': [0.3825981920028062, 0.37518922255766707, 0.1646257963690813], 'size': [0.049837904948193595, 0.0813235869879147, 0.05243307039854257]}, 'pillar_obstacle': {'pos': [0.39994824830915515, -0.3824307480766307, 0.23470116647765446], 'size': [0.033663755439403885, 0.20172185302840845, 0.0]}, 'small_block': {'pos': [0.6140097595303955, -0.3535133918987863, 0.1097032402875184], 'size': [0.04461973939918376, 0.0849493067344041, 0.09534921802665242]}}"
0.2950000000000002,0.3119999653149299,0.0,0.4,0.14038386293474653,-0.06136594838874338,0.5263809088619584,"{'table_obstacle': {'pos': [0.3825981920028062, 0.37518922255766707, 0.1646257963690813], 'size': [0.049837904948193595, 0.0813235869879147, 0.05243307039854257]}, 'pillar_obstacle': {'pos': [0.39994824830915515, -0.3824307480766307, 0.23470116647765446], 'size': [0.033663755439403885, 0.20172185302840845, 0.0]}, 'small_block': {'pos': [0.6140097595303955, -0.3535133918987863, 0.1097032402875184], 'size': [0.04461973939918376, 0.0849493067344041, 0.09534921802665242]}}"
0.2960000000000002,0.3119999653149299,0.0,0.4,0.1413589180497151,-0.06135653040956311,0.5245079592892525,"{'table_obstacle': {'pos': [0.3825981920028062, 0.37518922255766707, 0.1646257963690813], 'size': [0.049837904948193595, 0.0813235869879147, 0.05243307039854257]}, 'pillar_obstacle': {'pos': [0.39994824830915515, -0.3824307480766307, 0.23470116647765446], 'size': [0.033663755439403885, 0.20172185302840845, 0.0]}, 'small_block': {'pos': [0.6140097595303955, -0.3535133918987863, 0.1097032402875184], 'size': [0.04461973939918376, 0.0849493067344041, 0.09534921802665242]}}"
0.2970000000000002,0.3119999653149299,0.0,0.4,0.14233002067190173,-0.06135503808177663,0.5226823559898117,"{'table_obstacle': {'pos': [0.3825981920028062, 0.37518922255766707, 0.1646257963690813], 'size': [0.049837904948193595, 0.0813235869879147, 0.05243307039854257]}, 'pillar_obstacle': {'pos': [0.39994824830915515, -0.3824307480766307, 0.23470116647765446], 'size': [0.033663755439403885, 0.20172185302840845, 0.0]}, 'small_block': {'pos': [0.6140097595303955, -0.3535133918987863, 0.1097032402875184], 'size': [0.04461973939918376, 0.0849493067344041, 0.09534921802665242]}}"
0.2980000000000002,0.3119999653149299,0.0,0.4,0.1432973760127573,-0.06136160895397476,0.5209032820417057,"{'table_obstacle': {'pos': [0.3825981920028062, 0.37518922255766707, 0.1646257963690813], 'size': [0.049837904948193595, 0.0813235869879147, 0.05243307039854257]}, 'pillar_obstacle': {'pos': [0.39994824830915515, -0.3824307480766307, 0.23470116647765446], 'size': [0.033663755439403885, 0.20172185302840845, 0.0]}, 'small_block': {'pos': [0.6140097595303955, -0.3535133918987863, 0.1097032402875184], 'size': [0.04461973939918376, 0.0849493067344041, 0.09534921802665242]}}"
0.2990000000000002,0.3119999653149299,0.0,0.4,0.14426278052842414,-0.06137823172877942,0.5191708371643984,"{'table_obstacle': {'pos': [0.3825981920028062, 0.37518922255766707, 0.1646257963690813], 'size': [0.049837904948193595, 0.0813235869879147, 0.05243307039854257]}, 'pillar_obstacle': {'pos': [0.39994824830915515, -0.3824307480766307, 0.23470116647765446], 'size': [0.033663755439403885, 0.20172185302840845, 0.0]}, 'small_block': {'pos': [0.6140097595303955, -0.3535133918987863, 0.1097032402875184], 'size': [0.04461973939918376, 0.0849493067344041, 0.09534921802665242]}}"
0.3000000000000002,0.3119999653149299,0.0,0.4,0.1452290192601517,-0.061408103981597045,0.5174854634885186,"{'table_obstacle': {'pos': [0.3825981920028062, 0.37518922255766707, 0.1646257963690813], 'size': [0.049837904948193595, 0.0813235869879147, 0.05243307039854257]}, 'pillar_obstacle': {'pos': [0.39994824830915515, -0.3824307480766307, 0.23470116647765446], 'size': [0.033663755439403885, 0.20172185302840845, 0.0]}, 'small_block': {'pos': [0.6140097595303955, -0.3535133918987863, 0.1097032402875184], 'size': [0.04461973939918376, 0.0849493067344041, 0.09534921802665242]}}"
0.3010000000000002,0.3119999653149299,0.0,0.4,0.1461985246013459,-0.061453891082319634,0.5158471808346397,"{'table_obstacle': {'pos': [0.3825981920028062, 0.37518922255766707, 0.1646257963690813], 'size': [0.049837904948193595, 0.0813235869879147, 0.05243307039854257]}, 'pillar_obstacle': {'pos': [0.39994824830915515, -0.3824307480766307, 0.23470116647765446], 'size': [0.033663755439403885, 0.20172185302840845, 0.0]}, 'small_block': {'pos': [0.6140097595303955, -0.3535133918987863, 0.1097032402875184], 'size': [0.04461973939918376, 0.0849493067344041, 0.09534921802665242]}}"
0.3020000000000002,0.3119999653149299,0.0,0.4,0.14717335132890003,-0.06151811037695571,0.514255494580303,"{'table_obstacle': {'pos': [0.3825981920028062, 0.37518922255766707, 0.1646257963690813], 'size': [0.049837904948193595, 0.0813235869879147, 0.05243307039854257]}, 'pillar_obstacle': {'pos': [0.39994824830915515, -0.3824307480766307, 0.23470116647765446], 'size': [0.033663755439403885, 0.20172185302840845, 0.0]}, 'small_block': {'pos': [0.6140097595303955, -0.3535133918987863, 0.1097032402875184], 'size': [0.04461973939918376, 0.0849493067344041, 0.09534921802665242]}}"
0.3030000000000002,0.3119999653149299,0.0,0.4,0.14814339536868074,-0.06160391981081695,0.5127041542271834,"{'table_obstacle': {'pos': [0.3825981920028062, 0.37518922255766707, 0.1646257963690813], 'size': [0.049837904948193595, 0.0813235869879147, 0.05243307039854257]}, 'pillar_obstacle': {'pos': [0.39994824830915515, -0.3824307480766307, 0.23470116647765446], 'size': [0.033663755439403885, 0.20172185302840845, 0.0]}, 'small_block': {'pos': [0.6140097595303955, -0.3535133918987863, 0.1097032402875184], 'size': [0.04461973939918376, 0.0849493067344041, 0.09534921802665242]}}"
0.3040000000000002,0.3119999653149299,0.0,0.4,0.1491001257553875,-0.06170332774993685,0.5111884824637455,"{'table_obstacle': {'pos': [0.3825981920028062, 0.37518922255766707, 0.1646257963690813], 'size': [0.049837904948193595, 0.0813235869879147, 0.05243307039854257]}, 'pillar_obstacle': {'pos': [0.39994824830915515, -0.3824307480766307, 0.23470116647765446], 'size': [0.033663755439403885, 0.20172185302840845, 0.0]}, 'small_block': {'pos': [0.6140097595303955, -0.3535133918987863, 0.1097032402875184], 'size': [0.04461973939918376, 0.0849493067344041, 0.09534921802665242]}}"
0.3050000000000002,0.3119999653149299,0.0,0.4,0.15004596335419515,-0.06179608882731785,0.509714818219045,"{'table_obstacle': {'pos': [0.3825981920028062, 0.37518922255766707, 0.1646257963690813], 'size': [0.049837904948193595, 0.0813235869879147, 0.05243307039854257]}, 'pillar_obstacle': {'pos': [0.39994824830915515, -0.3824307480766307, 0.23470116647765446], 'size': [0.033663755439403885, 0.20172185302840845, 0.0]}, 'small_block': {'pos': [0.6140097595303955, -0.3535133918987863, 0.1097032402875184], 'size': [0.04461973939918376, 0.0849493067344041, 0.09534921802665242]}}"
0.3060000000000002,0.3119999653149299,0.0,0.4,0.1509809071128561,-0.0618816177475851,0.5082814630313721,"{'table_obstacle': {'pos': [0.3825981920028062, 0.37518922255766707, 0.1646257963690813], 'size': [0.049837904948193595, 0.0813235869879147, 0.05243307039854257]}, 'pillar_obstacle': {'pos': [0.39994824830915515, -0.3824307480766307, 0.23470116647765446], 'size': [0.033663755439403885, 0.20172185302840845, 0.0]}, 'small_block': {'pos': [0.6140097595303955, -0.3535133918987863, 0.1097032402875184], 'size': [0.04461973939918376, 0.0849493067344041, 0.09534921802665242]}}"
0.3070000000000002,0.3119999653149299,0.0,0.4,0.15190498656611967,-0.06195935317133361,0.506886864255371,"{'table_obstacle': {'pos': [0.3825981920028062, 0.37518922255766707, 0.1646257963690813], 'size': [0.049837904948193595, 0.0813235869879147, 0.05243307039854257]}, 'pillar_obstacle': {'pos': [0.39994824830915515, -0.3824307480766307, 0.23470116647765446], 'size': [0.033663755439403885, 0.20172185302840845, 0.0]}, 'small_block': {'pos': [0.6140097595303955, -0.3535133918987863, 0.1097032402875184], 'size': [0.04461973939918376, 0.0849493067344041, 0.09534921802665242]}}"
0.3080000000000002,0.3119999653149299,0.0,0.4,0.15281416574441617,-0.06202702938586099,0.5055164996018966,"{'table_obstacle': {'pos': [0.3825981920028062, 0.37518922255766707, 0.1646257963690813], 'size': [0.049837904948193595, 0.0813235869879147, 0.05243307039854257]}, 'pillar_obstacle': {'pos': [0.39994824830915515, -0.3824307480766307, 0.23470116647765446], 'size': [0.033663755439403885, 0.20172185302840845, 0.0]}, 'small_block': {'pos': [0.6140097595303955, -0.3535133918987863, 0.1097032402875184], 'size': [0.04461973939918376, 0.0849493067344041, 0.09534921802665242]}}"
0.3090000000000002,0.3119999653149299,0.0,0.4,0.15370315470608706,-0.06208192162544835,0.5041527375003825,"{'table_obstacle': {'pos': [0.3825981920028062, 0.37518922255766707, 0.1646257963690813], 'size': [0.049837904948193595, 0.0813235869879147, 0.05243307039854257]}, 'pillar_obstacle': {'pos': [0.39994824830915515, -0.3824307480766307, 0.23470116647765446], 'size': [0.033663755439403885, 0.20172185302840845, 0.0]}, 'small_block': {'pos': [0.6140097595303955, -0.3535133918987863, 0.1097032402875184], 'size': [0.04461973939918376, 0.0849493067344041, 0.09534921802665242]}}"
0.3100000000000002,0.3119999653149299,0.0,0.4,0.15456753837930162,-0.06212174829427655,0.5027815935026915,"{'table_obstacle': {'pos': [0.3825981920028062, 0.37518922255766707, 0.1646257963690813], 'size': [0.049837904948193595, 0.0813235869879147, 0.05243307039854257]}, 'pillar_obstacle': {'pos': [0.39994824830915515, -0.3824307480766307, 0.23470116647765446], 'size': [0.033663755439403885, 0.20172185302840845, 0.0]}, 'small_block': {'pos': [0.6140097595303955, -0.3535133918987863, 0.1097032402875184], 'size': [0.04461973939918376, 0.0849493067344041, 0.09534921802665242]}}"
0.3110000000000002,0.3119999653149299,0.0,0.4,0.15540375912804777,-0.06214464832117189,0.5013923829424158,"{'table_obstacle': {'pos': [0.3825981920028062, 0.37518922255766707, 0.1646257963690813], 'size': [0.049837904948193595, 0.0813235869879147, 0.05243307039854257]}, 'pillar_obstacle': {'pos': [0.39994824830915515, -0.3824307480766307, 0.23470116647765446], 'size': [0.033663755439403885, 0.20172185302840845, 0.0]}, 'small_block': {'pos': [0.6140097595303955, -0.3535133918987863, 0.1097032402875184], 'size': [0.04461973939918376, 0.0849493067344041, 0.09534921802665242]}}"
0.3120000000000002,0.3119999653149299,0.0,0.4,0.15620907791645827,-0.06214915122862091,0.4999773561752454,"{'table_obstacle': {'pos': [0.3825981920028062, 0.37518922255766707, 0.1646257963690813], 'size': [0.049837904948193595, 0.0813235869879147, 0.05243307039854257]}, 'pillar_obstacle': {'pos': [0.39994824830915515, -0.3824307480766307, 0.23470116647765446], 'size': [0.033663755439403885, 0.20172185302840845, 0.0]}, 'small_block': {'pos': [0.6140097595303955, -0.3535133918987863, 0.1097032402875184], 'size': [0.04461973939918376, 0.0849493067344041, 0.09534921802665242]}}"
0.3130000000000002,0.3119999653149299,0.0,0.4,0.15698151880965394,-0.06213414220517949,0.49853132795682287,"{'table_obstacle': {'pos': [0.3825981920028062, 0.37518922255766707, 0.1646257963690813], 'size': [0.049837904948193595, 0.0813235869879147, 0.05243307039854257]}, 'pillar_obstacle': {'pos': [0.39994824830915515, -0.3824307480766307, 0.23470116647765446], 'size': [0.033663755439403885, 0.20172185302840845, 0.0]}, 'small_block': {'pos': [0.6140097595303955, -0.3535133918987863, 0.1097032402875184], 'size': [0.04461973939918376, 0.0849493067344041, 0.09534921802665242]}}"
0.3140000000000002,0.3119999653149299,0.0,0.4,0.1577198011979966,-0.062098824145255804,0.4970513108706328,"{'table_obstacle': {'pos': [0.3825981920028062, 0.37518922255766707, 0.1646257963690813], 'size': [0.049837904948193595, 0.0813235869879147, 0.05243307039854257]}, 'pillar_obstacle': {'pos': [0.39994824830915515, -0.3824307480766307, 0.23470116647765446], 'size': [0.033663755439403885, 0.20172185302840845, 0.0]}, 'small_block': {'pos': [0.6140097595303955, -0.3535133918987863, 0.1097032402875184], 'size': [0.04461973939918376, 0.0849493067344041, 0.09534921802665242]}}"
0.3150000000000002,0.3119999653149299,0.0,0.4,0.1584236536909761,-0.062042834091218545,0.49553725179252406,"{'table_obstacle': {'pos': [0.3825981920028062, 0.37518922255766707, 0.1646257963690813], 'size': [0.049837904948193595, 0.0813235869879147, 0.05243307039854257]}, 'pillar_obstacle': {'pos': [0.39994824830915515, -0.3824307480766307, 0.23470116647765446], 'size': [0.033663755439403885, 0.20172185302840845, 0.0]}, 'small_block': {'pos': [0.6140097595303955, -0.3535133918987863, 0.1097032402875184], 'size': [0.04461973939918376, 0.0849493067344041, 0.09534921802665242]}}"
0.3160000000000002,0.3119999653149299,0.0,0.4,0.15909299675207386,-0.06196590686240459,0.49398960063322306,"{'table_obstacle': {'pos': [0.3825981920028062, 0.37518922255766707, 0.1646257963690813], 'size': [0.049837904948193595, 0.0813235869879147, 0.05243307039854257]}, 'pillar_obstacle': {'pos': [0.39994824830915515, -0.3824307480766307, 0.23470116647765446], 'size': [0.033663755439403885, 0.20172185302840845, 0.0]}, 'small_block': {'pos': [0.6140097595303955, -0.3535133918987863, 0.1097032402875184], 'size': [0.04461973939918376, 0.0849493067344041, 0.09534921802665242]}}"
0.3170000000000002,0.3119999653149299,0.0,0.4,0.15972777260646184,-0.06186780669989108,0.4924088266027567,"{'table_obstacle': {'pos': [0.3825981920028062, 0.37518922255766707, 0.1646257963690813], 'size': [0.049837904948193595, 0.0813235869879147, 0.05243307039854257]}, 'pillar_obstacle': {'pos': [0.39994824830915515, -0.3824307480766307, 0.23470116647765446], 'size': [0.033663755439403885, 0.20172185302840845, 0.0]}, 'small_block': {'pos': [0.6140097595303955, -0.3535133918987863, 0.1097032402875184], 'size': [0.04461973939918376, 0.0849493067344041, 0.09534921802665242]}}"
0.3180000000000002,0.3119999653149299,0.0,0.4,0.1603284760373663,-0.061748535548547354,0.49079683628179693,"{'table_obstacle': {'pos': [0.3825981920028062, 0.37518922255766707, 0.1646257963690813], 'size': [0.049837904948193595, 0.0813235869879147, 0.05243307039854257]}, 'pillar_obstacle': {'pos': [0.39994824830915515, -0.3824307480766307, 0.23470116647765446], 'size': [0.033663755439403885, 0.20172185302840845, 0.0]}, 'small_block': {'pos': [0.6140097595303955, -0.3535133918987863, 0.1097032402875184], 'size': [0.04461973939918376, 0.0849493067344041, 0.09534921802665242]}}"
0.31900000000000023,0.3119999653149299,0.0,0.4,0.16089615663598233,-0.061608328276639306,0.48915689946180807,"{'table_obstacle': {'pos': [0.3825981920028062, 0.37518922255766707, 0.1646257963690813], 'size': [0.049837904948193595, 0.0813235869879147, 0.05243307039854257]}, 'pillar_obstacle': {'pos': [0.39994824830915515, -0.3824307480766307, 0.23470116647765446], 'size': [0.033663755439403885, 0.20172185302840845, 0.0]}, 'small_block': {'pos': [0.6140097595303955, -0.3535133918987863, 0.1097032402875184], 'size': [0.04461973939918376, 0.0849493067344041, 0.09534921802665242]}}"
0.32000000000000023,0.31599995348064663,0.0,0.4,0.16143206622838746,-0.06144752710334275,0.48749301455625704,"{'table_obstacle': {'pos': [0.3825981920028062, 0.37518922255766707, 0.1646257963690813], 'size': [0.049837904948193595, 0.0813235869879147, 0.05243307039854257]}, 'pillar_obstacle': {'pos': [0.39994824830915515, -0.3824307480766307, 0.23470116647765446], 'size': [0.033663755439403885, 0.20172185302840845, 0.0]}, 'small_block': {'pos': [0.6140097595303955, -0.3535133918987863, 0.1097032402875184], 'size': [0.04461973939918376, 0.0849493067344041, 0.09534921802665242]}}"
0.32100000000000023,0.31599995348064663,0.0,0.4,0.16193588348316482,-0.06126585795724534,0.4858044197269655,"{'table_obstacle': {'pos': [0.3825981920028062, 0.37518922255766707, 0.1646257963690813], 'size': [0.049837904948193595, 0.0813235869879147, 0.05243307039854257]}, 'pillar_obstacle': {'pos': [0.39994824830915515, -0.3824307480766307, 0.23470116647765446], 'size': [0.033663755439403885, 0.20172185302840845, 0.0]}, 'small_block': {'pos': [0.6140097595303955, -0.3535133918987863, 0.1097032402875184], 'size': [0.04461973939918376, 0.0849493067344041, 0.09534921802665242]}}"
0.32200000000000023,0.31599995348064663,0.0,0.4,0.16240948157185456,-0.061063918541694,0.4840961180002959,"{'table_obstacle': {'pos': [0.3825981920028062, 0.37518922255766707, 0.1646257963690813], 'size': [0.049837904948193595, 0.0813235869879147, 0.05243307039854257]}, 'pillar_obstacle': {'pos': [0.39994824830915515, -0.3824307480766307, 0.23470116647765446], 'size': [0.033663755439403885, 0.20172185302840845, 0.0]}, 'small_block': {'pos': [0.6140097595303955, -0.3535133918987863, 0.1097032402875184], 'size': [0.04461973939918376, 0.0849493067344041, 0.09534921802665242]}}"
0.32300000000000023,0.31599995348064663,0.0,0.4,0.1628547398153042,-0.06084231699002845,0.4823729425793517,"{'table_obstacle': {'pos': [0.3825981920028062, 0.37518922255766707, 0.1646257963690813], 'size': [0.049837904948193595, 0.0813235869879147, 0.05243307039854257]}, 'pillar_obstacle': {'pos': [0.39994824830915515, -0.3824307480766307, 0.23470116647765446], 'size': [0.033663755439403885, 0.20172185302840845, 0.0]}, 'small_block': {'pos': [0.6140097595303955, -0.3535133918987863, 0.1097032402875184], 'size': [0.04461973939918376, 0.0849493067344041, 0.09534921802665242]}}"
0.32400000000000023,0.31599995348064663,0.0,0.4,0.16327351679862834,-0.06060166207889052,0.4806395038684491,"{'table_obstacle': {'pos': [0.3825981920028062, 0.37518922255766707, 0.1646257963690813], 'size': [0.049837904948193595, 0.0813235869879147, 0.05243307039854257]}, 'pillar_obstacle': {'pos': [0.39994824830915515, -0.3824307480766307, 0.23470116647765446], 'size': [0.033663755439403885, 0.20172185302840845, 0.0]}, 'small_block': {'pos': [0.6140097595303955, -0.3535133918987863, 0.1097032402875184], 'size': [0.04461973939918376, 0.0849493067344041, 0.09534921802665242]}}"
0.32500000000000023,0.31599995348064663,0.0,0.4,0.1636676281395536,-0.060342555279924014,0.47890015075575976,"{'table_obstacle': {'pos': [0.3825981920028062, 0.37518922255766707, 0.1646257963690813], 'size': [0.049837904948193595, 0.0813235869879147, 0.05243307039854257]}, 'pillar_obstacle': {'pos': [0.39994824830915515, -0.3824307480766307, 0.23470116647765446], 'size': [0.033663755439403885, 0.20172185302840845, 0.0]}, 'small_block': {'pos': [0.6140097595303955, -0.3535133918987863, 0.1097032402875184], 'size': [0.04461973939918376, 0.0849493067344041, 0.09534921802665242]}}"
0.32600000000000023,0.31599995348064663,0.0,0.4,0.1640388288679016,-0.06006558457921616,0.47715894488410365,"{'table_obstacle': {'pos': [0.3825981920028062, 0.37518922255766707, 0.1646257963690813], 'size': [0.049837904948193595, 0.0813235869879147, 0.05243307039854257]}, 'pillar_obstacle': {'pos': [0.39994824830915515, -0.3824307480766307, 0.23470116647765446], 'size': [0.033663755439403885, 0.20172185302840845, 0.0]}, 'small_block': {'pos': [0.6140097595303955, -0.3535133918987863, 0.1097032402875184], 'size': [0.04461973939918376, 0.0849493067344041, 0.09534921802665242]}}"
0.32700000000000023,0.31599995348064663,0.0,0.4,0.16438880012821436,-0.059771319912232154,0.475419646213195,"{'table_obstacle': {'pos': [0.3825981920028062, 0.37518922255766707, 0.1646257963690813], 'size': [0.049837904948193595, 0.0813235869879147, 0.05243307039854257]}, 'pillar_obstacle': {'pos': [0.39994824830915515, -0.3824307480766307, 0.23470116647765446], 'size': [0.033663755439403885, 0.20172185302840845, 0.0]}, 'small_block': {'pos': [0.6140097595303955, -0.3535133918987863, 0.1097032402875184], 'size': [0.04461973939918376, 0.0849493067344041, 0.09534921802665242]}}"
0.32800000000000024,0.31599995348064663,0.0,0.4,0.1647191397670786,-0.059460310016613824,0.4736857080063583,"{'table_obstacle': {'pos': [0.3825981920028062, 0.37518922255766707, 0.1646257963690813], 'size': [0.049837904948193595, 0.0813235869879147, 0.05243307039854257]}, 'pillar_obstacle': {'pos': [0.39994824830915515, -0.3824307480766307, 0.23470116647765446], 'size': [0.033663755439403885, 0.20172185302840845, 0.0]}, 'small_block': {'pos': [0.6140097595303955, -0.3535133918987863, 0.1097032402875184], 'size': [0.04461973939918376, 0.0849493067344041, 0.09534921802665242]}}"
0.32900000000000024,0.31599995348064663,0.0,0.4,0.16503135629032895,-0.059133080486845964,0.4719602793836785,"{'table_obstacle': {'pos': [0.3825981920028062, 0.37518922255766707, 0.1646257963690813], 'size': [0.049837904948193595, 0.0813235869879147, 0.05243307039854257]}, 'pillar_obstacle': {'pos': [0.39994824830915515, -0.3824307480766307, 0.23470116647765446], 'size': [0.033663755439403885, 0.20172185302840845, 0.0]}, 'small_block': {'pos': [0.6140097595303955, -0.3535133918987863, 0.1097032402875184], 'size': [0.04461973939918376, 0.0849493067344041, 0.09534921802665242]}}"
0.33000000000000024,0.31599995348064663,0.0,0.4,0.16532686565331906,-0.05879013281538217,0.47024621370796144,"{'table_obstacle': {'pos': [0.3825981920028062, 0.37518922255766707, 0.1646257963690813], 'size': [0.049837904948193595, 0.0813235869879147, 0.05243307039854257]}, 'pillar_obstacle': {'pos': [0.39994824830915515, -0.3824307480766307, 0.23470116647765446], 'size': [0.033663755439403885, 0.20172185302840845, 0.0]}, 'small_block': {'pos': [0.6140097595303955, -0.3535133918987863, 0.1097032402875184], 'size': [0.04461973939918376, 0.0849493067344041, 0.09534921802665242]}}"
0.33100000000000024,0.31599995348064663,0.0,0.4,0.16560699036288673,-0.0584319442177735,0.46854608126024805,"{'table_obstacle': {'pos': [0.3825981920028062, 0.37518922255766707, 0.1646257963690813], 'size': [0.049837904948193595, 0.0813235869879147, 0.05243307039854257]}, 'pillar_obstacle': {'pos': [0.39994824830915515, -0.3824307480766307, 0.23470116647765446], 'size': [0.033663755439403885, 0.20172185302840845, 0.0]}, 'small_block': {'pos': [0.6140097595303955, -0.3535133918987863, 0.1097032402875184], 'size': [0.04461973939918376, 0.0849493067344041, 0.09534921802665242]}}"
0.33200000000000024,0.31599995348064663,0.0,0.4,0.16587296040881389,-0.05805896805953936,0.46686218488168174,"{'table_obstacle': {'pos': [0.3825981920028062, 0.37518922255766707, 0.1646257963690813], 'size': [0.049837904948193595, 0.0813235869879147, 0.05243307039854257]}, 'pillar_obstacle': {'pos': [0.39994824830915515, -0.3824307480766307, 0.23470116647765446], 'size': [0.033663755439403885, 0.20172185302840845, 0.0]}, 'small_block': {'pos': [0.6140097595303955, -0.3535133918987863, 0.1097032402875184], 'size': [0.04461973939918376, 0.0849493067344041, 0.09534921802665242]}}"
0.33300000000000024,0.31599995348064663,0.0,0.4,0.16612591559503845,-0.05767163472620861,0.4651965774832955,"{'table_obstacle': {'pos': [0.3825981920028062, 0.37518922255766707, 0.1646257963690813], 'size': [0.049837904948193595, 0.0813235869879147, 0.05243307039854257]}, 'pillar_obstacle': {'pos': [0.39994824830915515, -0.3824307480766307, 0.23470116647765446], 'size': [0.033663755439403885, 0.20172185302840845, 0.0]}, 'small_block': {'pos': [0.6140097595303955, -0.3535133918987863, 0.1097032402875184], 'size': [0.04461973939918376, 0.0849493067344041, 0.09534921802665242]}}"
0.33400000000000024,0.31599995348064663,0.0,0.4,0.16636690889894798,-0.057270352802490945,0.4635510805387339,"{'table_obstacle': {'pos': [0.3825981920028062, 0.37518922255766707, 0.1646257963690813], 'size': [0.049837904948193595, 0.0813235869879147, 0.05243307039854257]}, 'pillar_obstacle': {'pos': [0.39994824830915515, -0.3824307480766307, 0.23470116647765446], 'size': [0.033663755439403885, 0.20172185302840845, 0.0]}, 'small_block': {'pos': [0.6140097595303955, -0.3535133918987863, 0.1097032402875184], 'size': [0.04461973939918376, 0.0849493067344041, 0.09534921802665242]}}"
0.33500000000000024,0.31599995348064663,0.0,0.4,0.1665969105455577,-0.056855510450211186,0.4619273028678272,"{'table_obstacle': {'pos': [0.3825981920028062, 0.37518922255766707, 0.1646257963690813], 'size': [0.049837904948193595, 0.0813235869879147, 0.05243307039854257]}, 'pillar_obstacle': {'pos': [0.39994824830915515, -0.3824307480766307, 0.23470116647765446], 'size': [0.033663755439403885, 0.20172185302840845, 0.0]}, 'small_block': {'pos': [0.6140097595303955, -0.3535133918987863, 0.1097032402875184], 'size': [0.04461973939918376, 0.0849493067344041, 0.09534921802665242]}}"
0.33600000000000024,0.31599995348064663,0.0,0.4,0.16681681253880773,-0.05642747689638865,0.4603266591868702,"{'table_obstacle': {'pos': [0.3825981920028062, 0.37518922255766707, 0.1646257963690813], 'size': [0.049837904948193595, 0.0813235869879147, 0.05243307039854257]}, 'pillar_obstacle': {'pos': [0.39994824830915515, -0.3824307480766307, 0.23470116647765446], 'size': [0.033663755439403885, 0.20172185302840845, 0.0]}, 'small_block': {'pos': [0.6140097595303955, -0.3535133918987863, 0.1097032402875184], 'size': [0.04461973939918376, 0.0849493067344041, 0.09534921802665242]}}"
0.33700000000000024,0.31599995348064663,0.0,0.4,0.16702743344265747,-0.0559866039621437,0.45875038804330703,"{'table_obstacle': {'pos': [0.3825981920028062, 0.37518922255766707, 0.1646257963690813], 'size': [0.049837904948193595, 0.0813235869879147, 0.05243307039854257]}, 'pillar_obstacle': {'pos': [0.39994824830915515, -0.3824307480766307, 0.23470116647765446], 'size': [0.033663755439403885, 0.20172185302840845, 0.0]}, 'small_block': {'pos': [0.6140097595303955, -0.3535133918987863, 0.1097032402875184], 'size': [0.04461973939918376, 0.0849493067344041, 0.09534921802665242]}}"
0.33800000000000024,0.31599995348064663,0.0,0.4,0.16723859715209766,-0.055537659588515205,0.4572015955462666,"{'table_obstacle': {'pos': [0.3825981920028062, 0.37518922255766707, 0.1646257963690813], 'size': [0.049837904948193595, 0.0813235869879147, 0.05243307039854257]}, 'pillar_obstacle': {'pos': [0.39994824830915515, -0.3824307480766307, 0.23470116647765446], 'size': [0.033663755439403885, 0.20172185302840845, 0.0]}, 'small_block': {'pos': [0.6140097595303955, -0.3535133918987863, 0.1097032402875184], 'size': [0.04461973939918376, 0.0849493067344041, 0.09534921802665242]}}"
0.33900000000000025,0.31599995348064663,0.0,0.4,0.16745811309350825,-0.055084310604962314,0.45568269222898006,"{'table_obstacle': {'pos': [0.3825981920028062, 0.37518922255766707, 0.1646257963690813], 'size': [0.049837904948193595, 0.0813235869879147, 0.05243307039854257]}, 'pillar_obstacle': {'pos': [0.39994824830915515, -0.3824307480766307, 0.23470116647765446], 'size': [0.033663755439403885, 0.20172185302840845, 0.0]}, 'small_block': {'pos': [0.6140097595303955, -0.3535133918987863, 0.1097032402875184], 'size': [0.04461973939918376, 0.0849493067344041, 0.09534921802665242]}}"
0.34000000000000025,0.31599995348064663,0.0,0.4,0.16769200507320842,-0.05462926108197733,0.4541954921352553,"{'table_obstacle': {'pos': [0.3825981920028062, 0.37518922255766707, 0.1646257963690813], 'size': [0.049837904948193595, 0.0813235869879147, 0.05243307039854257]}, 'pillar_obstacle': {'pos': [0.39994824830915515, -0.3824307480766307, 0.23470116647765446], 'size': [0.033663755439403885, 0.20172185302840845, 0.0]}, 'small_block': {'pos': [0.6140097595303955, -0.3535133918987863, 0.1097032402875184], 'size': [0.04461973939918376, 0.0849493067344041, 0.09534921802665242]}}"
0.34100000000000025,0.31599995348064663,0.0,0.4,0.16794490379597926,-0.05417446709424734,0.45274133857076604,"{'table_obstacle': {'pos': [0.3825981920028062, 0.37518922255766707, 0.1646257963690813], 'size': [0.049837904948193595, 0.0813235869879147, 0.05243307039854257]}, 'pillar_obstacle': {'pos': [0.39994824830915515, -0.3824307480766307, 0.23470116647765446], 'size': [0.033663755439403885, 0.20172185302840845, 0.0]}, 'small_block': {'pos': [0.6140097595303955, -0.3535133918987863, 0.1097032402875184], 'size': [0.04461973939918376, 0.0849493067344041, 0.09534921802665242]}}"
0.34200000000000025,0.31599995348064663,0.0,0.4,0.16821997458217802,-0.053720969729418803,0.45132136242381027,"{'table_obstacle': {'pos': [0.3825981920028062, 0.37518922255766707, 0.1646257963690813], 'size': [0.049837904948193595, 0.0813235869879147, 0.05243307039854257]}, 'pillar_obstacle': {'pos': [0.39994824830915515, -0.3824307480766307, 0.23470116647765446], 'size': [0.033663755439403885, 0.20172185302840845, 0.0]}, 'small_block': {'pos': [0.6140097595303955, -0.3535133918987863, 0.1097032402875184], 'size': [0.04461973939918376, 0.0849493067344041, 0.09534921802665242]}}"
0.34300000000000025,0.31599995348064663,0.0,0.4,0.1685186352767702,-0.05326893563404104,0.44993626496405403,"{'table_obstacle': {'pos': [0.3825981920028062, 0.37518922255766707, 0.1646257963690813], 'size': [0.049837904948193595, 0.0813235869879147, 0.05243307039854257]}, 'pillar_obstacle': {'pos': [0.39994824830915515, -0.3824307480766307, 0.23470116647765446], 'size': [0.033663755439403885, 0.20172185302840845, 0.0]}, 'small_block': {'pos': [0.6140097595303955, -0.3535133918987863, 0.1097032402875184], 'size': [0.04461973939918376, 0.0849493067344041, 0.09534921802665242]}}"
0.34400000000000025,0.31599995348064663,0.0,0.4,0.16884060288636515,-0.05281776798628667,0.4485862870560386,"{'table_obstacle': {'pos': [0.3825981920028062, 0.37518922255766707, 0.1646257963690813], 'size': [0.049837904948193595, 0.0813235869879147, 0.05243307039854257]}, 'pillar_obstacle': {'pos': [0.39994824830915515, -0.3824307480766307, 0.23470116647765446], 'size': [0.033663755439403885, 0.20172185302840845, 0.0]}, 'small_block': {'pos': [0.6140097595303955, -0.3535133918987863, 0.1097032402875184], 'size': [0.04461973939918376, 0.0849493067344041, 0.09534921802665242]}}"
0.34500000000000025,0.31599995348064663,0.0,0.4,0.1691856640105945,-0.052366955465438694,0.4472715729376221,"{'table_obstacle': {'pos': [0.3825981920028062, 0.37518922255766707, 0.1646257963690813], 'size': [0.049837904948193595, 0.0813235869879147, 0.05243307039854257]}, 'pillar_obstacle': {'pos': [0.39994824830915515, -0.3824307480766307, 0.23470116647765446], 'size': [0.033663755439403885, 0.20172185302840845, 0.0]}, 'small_block': {'pos': [0.6140097595303955, -0.3535133918987863, 0.1097032402875184], 'size': [0.04461973939918376, 0.0849493067344041, 0.09534921802665242]}}"
0.34600000000000025,0.31599995348064663,0.0,0.4,0.16955361234154334,-0.051916039122427815,0.44599187800799567,"{'table_obstacle': {'pos': [0.3825981920028062, 0.37518922255766707, 0.1646257963690813], 'size': [0.049837904948193595, 0.0813235869879147, 0.05243307039854257]}, 'pillar_obstacle': {'pos': [0.39994824830915515, -0.3824307480766307, 0.23470116647765446], 'size': [0.033663755439403885, 0.20172185302840845, 0.0]}, 'small_block': {'pos': [0.6140097595303955, -0.3535133918987863, 0.1097032402875184], 'size': [0.04461973939918376, 0.0849493067344041, 0.09534921802665242]}}"
0.34700000000000025,0.31599995348064663,0.0,0.4,0.16994434146342755,-0.05146462650255103,0.44474726112080876,"{'table_obstacle': {'pos': [0.3825981920028062, 0.37518922255766707, 0.1646257963690813], 'size': [0.049837904948193595, 0.0813235869879147, 0.05243307039854257]}, 'pillar_obstacle': {'pos': [0.39994824830915515, -0.3824307480766307, 0.23470116647765446], 'size': [0.033663755439403885, 0.20172185302840845, 0.0]}, 'small_block': {'pos': [0.6140097595303955, -0.3535133918987863, 0.1097032402875184], 'size': [0.04461973939918376, 0.0849493067344041, 0.09534921802665242]}}"
0.34800000000000025,0.31599995348064663,0.0,0.4,0.17035777662534154,-0.051012364705711244,0.44353770281273724,"{'table_obstacle': {'pos': [0.3825981920028062, 0.37518922255766707, 0.1646257963690813], 'size': [0.049837904948193595, 0.0813235869879147, 0.05243307039854257]}, 'pillar_obstacle': {'pos': [0.39994824830915515, -0.3824307480766307, 0.23470116647765446], 'size': [0.033663755439403885, 0.20172185302840845, 0.0]}, 'small_block': {'pos': [0.6140097595303955, -0.3535133918987863, 0.1097032402875184], 'size': [0.04461973939918376, 0.0849493067344041, 0.09534921802665242]}}"
0.34900000000000025,0.31599995348064663,0.0,0.4,0.17079386739539604,-0.05055893089293669,0.4423631162065398,"{'table_obstacle': {'pos': [0.3825981920028062, 0.37518922255766707, 0.1646257963690813], 'size': [0.049837904948193595, 0.0813235869879147, 0.05243307039854257]}, 'pillar_obstacle': {'pos': [0.39994824830915515, -0.3824307480766307, 0.23470116647765446], 'size': [0.033663755439403885, 0.20172185302840845, 0.0]}, 'small_block': {'pos': [0.6140097595303955, -0.3535133918987863, 0.1097032402875184], 'size': [0.04461973939918376, 0.0849493067344041, 0.09534921802665242]}}"
0.35000000000000026,0.31599995348064663,0.0,0.4,0.17125258137043928,-0.05010402460616645,0.4412233557191435,"{'table_obstacle': {'pos': [0.3825981920028062, 0.37518922255766707, 0.1646257963690813], 'size': [0.049837904948193595, 0.0813235869879147, 0.05243307039854257]}, 'pillar_obstacle': {'pos': [0.39994824830915515, -0.3824307480766307, 0.23470116647765446], 'size': [0.033663755439403885, 0.20172185302840845, 0.0]}, 'small_block': {'pos': [0.6140097595303955, -0.3535133918987863, 0.1097032402875184], 'size': [0.04461973939918376, 0.0849493067344041, 0.09534921802665242]}}"
0.35100000000000026,0.31599995348064663,0.0,0.4,0.17173375580921968,-0.049647318479943775,0.44011796946195453,"{'table_obstacle': {'pos': [0.3825981920028062, 0.37518922255766707, 0.1646257963690813], 'size': [0.049837904948193595, 0.0813235869879147, 0.05243307039854257]}, 'pillar_obstacle': {'pos': [0.39994824830915515, -0.3824307480766307, 0.23470116647765446], 'size': [0.033663755439403885, 0.20172185302840845, 0.0]}, 'small_block': {'pos': [0.6140097595303955, -0.3535133918987863, 0.1097032402875184], 'size': [0.04461973939918376, 0.0849493067344041, 0.09534921802665242]}}"
0.35200000000000026,0.31599995348064663,0.0,0.4,0.17223713832575666,-0.049188469100832015,0.439046294597259,"{'table_obstacle': {'pos': [0.3825981920028062, 0.37518922255766707, 0.1646257963690813], 'size': [0.049837904948193595, 0.0813235869879147, 0.05243307039854257]}, 'pillar_obstacle': {'pos': [0.39994824830915515, -0.3824307480766307, 0.23470116647765446], 'size': [0.033663755439403885, 0.20172185302840845, 0.0]}, 'small_block': {'pos': [0.6140097595303955, -0.3535133918987863, 0.1097032402875184], 'size': [0.04461973939918376, 0.0849493067344041, 0.09534921802665242]}}"
0.35300000000000026,0.31599995348064663,0.0,0.4,0.17276250098021584,-0.04872714947428486,0.43800767432730264,"{'table_obstacle': {'pos': [0.3825981920028062, 0.37518922255766707, 0.1646257963690813], 'size': [0.049837904948193595, 0.0813235869879147, 0.05243307039854257]}, 'pillar_obstacle': {'pos': [0.39994824830915515, -0.3824307480766307, 0.23470116647765446], 'size': [0.033663755439403885, 0.20172185302840845, 0.0]}, 'small_block': {'pos': [0.6140097595303955, -0.3535133918987863, 0.1097032402875184], 'size': [0.04461973939918376, 0.0849493067344041, 0.09534921802665242]}}"
0.35400000000000026,0.31599995348064663,0.0,0.4,0.17330963612550968,-0.0482630454251106,0.4370014588474592,"{'table_obstacle': {'pos': [0.3825981920028062, 0.37518922255766707, 0.1646257963690813], 'size': [0.049837904948193595, 0.0813235869879147, 0.05243307039854257]}, 'pillar_obstacle': {'pos': [0.39994824830915515, -0.3824307480766307, 0.23470116647765446], 'size': [0.033663755439403885, 0.20172185302840845, 0.0]}, 'small_block': {'pos': [0.6140097595303955, -0.3535133918987863, 0.1097032402875184], 'size': [0.04461973939918376, 0.0849493067344041, 0.09534921802665242]}}"
0.35500000000000026,0.31599995348064663,0.0,0.4,0.17387803642293415,-0.04779576188265317,0.4360264656052887,"{'table_obstacle': {'pos': [0.3825981920028062, 0.37518922255766707, 0.1646257963690813], 'size': [0.049837904948193595, 0.0813235869879147, 0.05243307039854257]}, 'pillar_obstacle': {'pos': [0.39994824830915515, -0.3824307480766307, 0.23470116647765446], 'size': [0.033663755439403885, 0.20172185302840845, 0.0]}, 'small_block': {'pos': [0.6140097595303955, -0.3535133918987863, 0.1097032402875184], 'size': [0.04461973939918376, 0.0849493067344041, 0.09534921802665242]}}"
0.35600000000000026,0.31599995348064663,0.0,0.4,0.17446752429169957,-0.04732500523725262,0.43508206901737684,"{'table_obstacle': {'pos': [0.3825981920028062, 0.37518922255766707, 0.1646257963690813], 'size': [0.049837904948193595, 0.0813235869879147, 0.05243307039854257]}, 'pillar_obstacle': {'pos': [0.39994824830915515, -0.3824307480766307, 0.23470116647765446], 'size': [0.033663755439403885, 0.20172185302840845, 0.0]}, 'small_block': {'pos': [0.6140097595303955, -0.3535133918987863, 0.1097032402875184], 'size': [0.04461973939918376, 0.0849493067344041, 0.09534921802665242]}}"
0.35700000000000026,0.31599995348064663,0.0,0.4,0.17507793352755824,-0.046850487781638514,0.4341676520546497,"{'table_obstacle': {'pos': [0.3825981920028062, 0.37518922255766707, 0.1646257963690813], 'size': [0.049837904948193595, 0.0813235869879147, 0.05243307039854257]}, 'pillar_obstacle': {'pos': [0.39994824830915515, -0.3824307480766307, 0.23470116647765446], 'size': [0.033663755439403885, 0.20172185302840845, 0.0]}, 'small_block': {'pos': [0.6140097595303955, -0.3535133918987863, 0.1097032402875184], 'size': [0.04461973939918376, 0.0849493067344041, 0.09534921802665242]}}"
0.35800000000000026,0.31599995348064663,0.0,0.4,0.17570910723506747,-0.04637192628226047,0.43328260655388595,"{'table_obstacle': {'pos': [0.3825981920028062, 0.37518922255766707, 0.1646257963690813], 'size': [0.049837904948193595, 0.0813235869879147, 0.05243307039854257]}, 'pillar_obstacle': {'pos': [0.39994824830915515, -0.3824307480766307, 0.23470116647765446], 'size': [0.033663755439403885, 0.20172185302840845, 0.0]}, 'small_block': {'pos': [0.6140097595303955, -0.3535133918987863, 0.1097032402875184], 'size': [0.04461973939918376, 0.0849493067344041, 0.09534921802665242]}}"
0.35900000000000026,0.31599995348064663,0.0,0.4,0.17636089606619682,-0.045889040857026366,0.4324263334342593,"{'table_obstacle': {'pos': [0.3825981920028062, 0.37518922255766707, 0.1646257963690813], 'size': [0.049837904948193595, 0.0813235869879147, 0.05243307039854257]}, 'pillar_obstacle': {'pos': [0.39994824830915515, -0.3824307480766307, 0.23470116647765446], 'size': [0.033663755439403885, 0.20172185302840845, 0.0]}, 'small_block': {'pos': [0.6140097595303955, -0.3535133918987863, 0.1097032402875184], 'size': [0.04461973939918376, 0.0849493067344041, 0.09534921802665242]}}"
0.36000000000000026,0.31599995348064663,0.0,0.4,0.17703315671120026,-0.04540155410034716,0.43159824283712134,"{'table_obstacle': {'pos': [0.3825981920028062, 0.37518922255766707, 0.1646257963690813], 'size': [0.049837904948193595, 0.0813235869879147, 0.05243307039854257]}, 'pillar_obstacle': {'pos': [0.39994824830915515, -0.3824307480766307, 0.23470116647765446], 'size': [0.033663755439403885, 0.20172185302840845, 0.0]}, 'small_block': {'pos': [0.6140097595303955, -0.3535133918987863, 0.1097032402875184], 'size': [0.04461973939918376, 0.0849493067344041, 0.09534921802665242]}}"
0.36100000000000027,0.31599995348064663,0.0,0.4,0.1777257505977167,-0.04490919040796074,0.4307977542042583,"{'table_obstacle': {'pos': [0.3825981920028062, 0.37518922255766707, 0.1646257963690813], 'size': [0.049837904948193595, 0.0813235869879147, 0.05243307039854257]}, 'pillar_obstacle': {'pos': [0.39994824830915515, -0.3824307480766307, 0.23470116647765446], 'size': [0.033663755439403885, 0.20172185302840845, 0.0]}, 'small_block': {'pos': [0.6140097595303955, -0.3535133918987863, 0.1097032402875184], 'size': [0.04461973939918376, 0.0849493067344041, 0.09534921802665242]}}"
0.36200000000000027,0.31599995348064663,0.0,0.4,0.17843854276225538,-0.04441167546335634,0.430024296307313,"{'table_obstacle': {'pos': [0.3825981920028062, 0.37518922255766707, 0.1646257963690813], 'size': [0.049837904948193595, 0.0813235869879147, 0.05243307039854257]}, 'pillar_obstacle': {'pos': [0.39994824830915515, -0.3824307480766307, 0.23470116647765446], 'size': [0.033663755439403885, 0.20172185302840845, 0.0]}, 'small_block': {'pos': [0.6140097595303955, -0.3535133918987863, 0.1097032402875184], 'size': [0.04461973939918376, 0.0849493067344041, 0.09534921802665242]}}"
0.36300000000000027,0.31599995348064663,0.0,0.4,0.17917140086489908,-0.04390873585515035,0.42927730723889007,"{'table_obstacle': {'pos': [0.3825981920028062, 0.37518922255766707, 0.1646257963690813], 'size': [0.049837904948193595, 0.0813235869879147, 0.05243307039854257]}, 'pillar_obstacle': {'pos': [0.39994824830915515, -0.3824307480766307, 0.23470116647765446], 'size': [0.033663755439403885, 0.20172185302840845, 0.0]}, 'small_block': {'pos': [0.6140097595303955, -0.3535133918987863, 0.1097032402875184], 'size': [0.04461973939918376, 0.0849493067344041, 0.09534921802665242]}}"
0.36400000000000027,0.31599995348064663,0.0,0.4,0.17992419432350149,-0.043400098800836014,0.4285562343740267,"{'table_obstacle': {'pos': [0.3825981920028062, 0.37518922255766707, 0.1646257963690813], 'size': [0.049837904948193595, 0.0813235869879147, 0.05243307039854257]}, 'pillar_obstacle': {'pos': [0.39994824830915515, -0.3824307480766307, 0.23470116647765446], 'size': [0.033663755439403885, 0.20172185302840845, 0.0]}, 'small_block': {'pos': [0.6140097595303955, -0.3535133918987863, 0.1097032402875184], 'size': [0.04461973939918376, 0.0849493067344041, 0.09534921802665242]}}"
0.36500000000000027,0.31599995348064663,0.0,0.4,0.18069679354809293,-0.04288549195720336,0.42786053430915555,"{'table_obstacle': {'pos': [0.3825981920028062, 0.37518922255766707, 0.1646257963690813], 'size': [0.049837904948193595, 0.0813235869879147, 0.05243307039854257]}, 'pillar_obstacle': {'pos': [0.39994824830915515, -0.3824307480766307, 0.23470116647765446], 'size': [0.033663755439403885, 0.20172185302840845, 0.0]}, 'small_block': {'pos': [0.6140097595303955, -0.3535133918987863, 0.1097032402875184], 'size': [0.04461973939918376, 0.0849493067344041, 0.09534921802665242]}}"
0.36600000000000027,0.31599995348064663,0.0,0.4,0.18148906925983116,-0.04236464330164547,0.42718967278437175,"{'table_obstacle': {'pos': [0.3825981920028062, 0.37518922255766707, 0.1646257963690813], 'size': [0.049837904948193595, 0.0813235869879147, 0.05243307039854257]}, 'pillar_obstacle': {'pos': [0.39994824830915515, -0.3824307480766307, 0.23470116647765446], 'size': [0.033663755439403885, 0.20172185302840845, 0.0]}, 'small_block': {'pos': [0.6140097595303955, -0.3535133918987863, 0.1097032402875184], 'size': [0.04461973939918376, 0.0849493067344041, 0.09534921802665242]}}"
0.36700000000000027,0.31599995348064663,0.0,0.4,0.1823008918817773,-0.04183728107170802,0.4265431245937194,"{'table_obstacle': {'pos': [0.3825981920028062, 0.37518922255766707, 0.1646257963690813], 'size': [0.049837904948193595, 0.0813235869879147, 0.05243307039854257]}, 'pillar_obstacle': {'pos': [0.39994824830915515, -0.3824307480766307, 0.23470116647765446], 'size': [0.033663755439403885, 0.20172185302840845, 0.0]}, 'small_block': {'pos': [0.6140097595303955, -0.3535133918987863, 0.1097032402875184], 'size': [0.04461973939918376, 0.0849493067344041, 0.09534921802665242]}}"
0.36800000000000027,0.31599995348064663,0.0,0.4,0.18313213099118414,-0.04130313375275077,0.4259203734872859,"{'table_obstacle': {'pos': [0.3825981920028062, 0.37518922255766707, 0.1646257963690813], 'size': [0.049837904948193595, 0.0813235869879147, 0.05243307039854257]}, 'pillar_obstacle': {'pos': [0.39994824830915515, -0.3824307480766307, 0.23470116647765446], 'size': [0.033663755439403885, 0.20172185302840845, 0.0]}, 'small_block': {'pos': [0.6140097595303955, -0.3535133918987863, 0.1097032402875184], 'size': [0.04461973939918376, 0.0849493067344041, 0.09534921802665242]}}"
0.36900000000000027,0.31599995348064663,0.0,0.4,0.18398265482493642,-0.04076193010560155,0.4253209120681279,"{'table_obstacle': {'pos': [0.3825981920028062, 0.37518922255766707, 0.1646257963690813], 'size': [0.049837904948193595, 0.0813235869879147, 0.05243307039854257]}, 'pillar_obstacle': {'pos': [0.39994824830915515, -0.3824307480766307, 0.23470116647765446], 'size': [0.033663755439403885, 0.20172185302840845, 0.0]}, 'small_block': {'pos': [0.6140097595303955, -0.3535133918987863, 0.1097032402875184], 'size': [0.04461973939918376, 0.0849493067344041, 0.09534921802665242]}}"
0.3700000000000003,0.31599995348064663,0.0,0.4,0.18485232983137936,-0.0402133992276769,0.4247442416863986,"{'table_obstacle': {'pos': [0.3825981920028062, 0.37518922255766707, 0.1646257963690813], 'size': [0.049837904948193595, 0.0813235869879147, 0.05243307039854257]}, 'pillar_obstacle': {'pos': [0.39994824830915515, -0.3824307480766307, 0.23470116647765446], 'size': [0.033663755439403885, 0.20172185302840845, 0.0]}, 'small_block': {'pos': [0.6140097595303955, -0.3535133918987863, 0.1097032402875184], 'size': [0.04461973939918376, 0.0849493067344041, 0.09534921802665242]}}"
0.3710000000000003,0.31599995348064663,0.0,0.4,0.18574102026306252,-0.039657270642320434,0.4241898723325215,"{'table_obstacle': {'pos': [0.3825981920028062, 0.37518922255766707, 0.1646257963690813], 'size': [0.049837904948193595, 0.0813235869879147, 0.05243307039854257]}, 'pillar_obstacle': {'pos': [0.39994824830915515, -0.3824307480766307, 0.23470116647765446], 'size': [0.033663755439403885, 0.20172185302840845, 0.0]}, 'small_block': {'pos': [0.6140097595303955, -0.3535133918987863, 0.1097032402875184], 'size': [0.04461973939918376, 0.0849493067344041, 0.09534921802665242]}}"
0.3720000000000003,0.31599995348064663,0.0,0.4,0.1866485878059794,-0.039093274412112064,0.4236573225308068,"{'table_obstacle': {'pos': [0.3825981920028062, 0.37518922255766707, 0.1646257963690813], 'size': [0.049837904948193595, 0.0813235869879147, 0.05243307039854257]}, 'pillar_obstacle': {'pos': [0.39994824830915515, -0.3824307480766307, 0.23470116647765446], 'size': [0.033663755439403885, 0.20172185302840845, 0.0]}, 'small_block': {'pos': [0.6140097595303955, -0.3535133918987863, 0.1097032402875184], 'size': [0.04461973939918376, 0.0849493067344041, 0.09534921802665242]}}"
0.3730000000000003,0.31599995348064663,0.0,0.4,0.18757489124173776,-0.038521141272697436,0.4231461192345339,"{'table_obstacle': {'pos': [0.3825981920028062, 0.37518922255766707, 0.1646257963690813], 'size': [0.049837904948193595, 0.0813235869879147, 0.05243307039854257]}, 'pillar_obstacle': {'pos': [0.39994824830915515, -0.3824307480766307, 0.23470116647765446], 'size': [0.033663755439403885, 0.20172185302840845, 0.0]}, 'small_block': {'pos': [0.6140097595303955, -0.3535133918987863, 0.1097032402875184], 'size': [0.04461973939918376, 0.0849493067344041, 0.09534921802665242]}}"
0.3740000000000003,0.31599995348064663,0.0,0.4,0.1885197861397836,-0.037940602784308206,0.4226557977232317,"{'table_obstacle': {'pos': [0.3825981920028062, 0.37518922255766707, 0.1646257963690813], 'size': [0.049837904948193595, 0.0813235869879147, 0.05243307039854257]}, 'pillar_obstacle': {'pos': [0.39994824830915515, -0.3824307480766307, 0.23470116647765446], 'size': [0.033663755439403885, 0.20172185302840845, 0.0]}, 'small_block': {'pos': [0.6140097595303955, -0.3535133918987863, 0.1097032402875184], 'size': [0.04461973939918376, 0.0849493067344041, 0.09534921802665242]}}"
0.3750000000000003,0.31599995348064663,0.0,0.4,0.1894831245773632,-0.0373513914986333,0.42218590150261925,"{'table_obstacle': {'pos': [0.3825981920028062, 0.37518922255766707, 0.1646257963690813], 'size': [0.049837904948193595, 0.0813235869879147, 0.05243307039854257]}, 'pillar_obstacle': {'pos': [0.39994824830915515, -0.3824307480766307, 0.23470116647765446], 'size': [0.033663755439403885, 0.20172185302840845, 0.0]}, 'small_block': {'pos': [0.6140097595303955, -0.3535133918987863, 0.1097032402875184], 'size': [0.04461973939918376, 0.0849493067344041, 0.09534921802665242]}}"
0.3760000000000003,0.31599995348064663,0.0,0.4,0.1904637351894053,-0.036757422166492054,0.4217345959436283,"{'table_obstacle': {'pos': [0.3825981920028062, 0.37518922255766707, 0.1646257963690813], 'size': [0.049837904948193595, 0.0813235869879147, 0.05243307039854257]}, 'pillar_obstacle': {'pos': [0.39994824830915515, -0.3824307480766307, 0.23470116647765446], 'size': [0.033663755439403885, 0.20172185302840845, 0.0]}, 'small_block': {'pos': [0.6140097595303955, -0.3535133918987863, 0.1097032402875184], 'size': [0.04461973939918376, 0.0849493067344041, 0.09534921802665242]}}"
0.3770000000000003,0.31599995348064663,0.0,0.4,0.19146050637228978,-0.036162567973852776,0.4213001152936568,"{'table_obstacle': {'pos': [0.3825981920028062, 0.37518922255766707, 0.1646257963690813], 'size': [0.049837904948193595, 0.0813235869879147, 0.05243307039854257]}, 'pillar_obstacle': {'pos': [0.39994824830915515, -0.3824307480766307, 0.23470116647765446], 'size': [0.033663755439403885, 0.20172185302840845, 0.0]}, 'small_block': {'pos': [0.6140097595303955, -0.3535133918987863, 0.1097032402875184], 'size': [0.04461973939918376, 0.0849493067344041, 0.09534921802665242]}}"
0.3780000000000003,0.31599995348064663,0.0,0.4,0.19247258155645836,-0.03556984979082545,0.42088102576874925,"{'table_obstacle': {'pos': [0.3825981920028062, 0.37518922255766707, 0.1646257963690813], 'size': [0.049837904948193595, 0.0813235869879147, 0.05243307039854257]}, 'pillar_obstacle': {'pos': [0.39994824830915515, -0.3824307480766307, 0.23470116647765446], 'size': [0.033663755439403885, 0.20172185302840845, 0.0]}, 'small_block': {'pos': [0.6140097595303955, -0.3535133918987863, 0.1097032402875184], 'size': [0.04461973939918376, 0.0849493067344041, 0.09534921802665242]}}"
0.3790000000000003,0.31599995348064663,0.0,0.4,0.19349931127468156,-0.03498159097607629,0.4204761657185917,"{'table_obstacle': {'pos': [0.3825981920028062, 0.37518922255766707, 0.1646257963690813], 'size': [0.049837904948193595, 0.0813235869879147, 0.05243307039854257]}, 'pillar_obstacle': {'pos': [0.39994824830915515, -0.3824307480766307, 0.23470116647765446], 'size': [0.033663755439403885, 0.20172185302840845, 0.0]}, 'small_block': {'pos': [0.6140097595303955, -0.3535133918987863, 0.1097032402875184], 'size': [0.04461973939918376, 0.0849493067344041, 0.09534921802665242]}}"
0.3800000000000003,0.31599995348064663,0.0,0.4,0.1945402132540865,-0.03439954504615675,0.4200845961170696,"{'table_obstacle': {'pos': [0.3825981920028062, 0.37518922255766707, 0.1646257963690813], 'size': [0.049837904948193595, 0.0813235869879147, 0.05243307039854257]}, 'pillar_obstacle': {'pos': [0.39994824830915515, -0.3824307480766307, 0.23470116647765446], 'size': [0.033663755439403885, 0.20172185302840845, 0.0]}, 'small_block': {'pos': [0.6140097595303955, -0.3535133918987863, 0.1097032402875184], 'size': [0.04461973939918376, 0.0849493067344041, 0.09534921802665242]}}"
0.3810000000000003,0.31599995348064663,0.0,0.4,0.1955949393629328,-0.033825001016597446,0.41970555956558536,"{'table_obstacle': {'pos': [0.3825981920028062, 0.37518922255766707, 0.1646257963690813], 'size': [0.049837904948193595, 0.0813235869879147, 0.05243307039854257]}, 'pillar_obstacle': {'pos': [0.39994824830915515, -0.3824307480766307, 0.23470116647765446], 'size': [0.033663755439403885, 0.20172185302840845, 0.0]}, 'small_block': {'pos': [0.6140097595303955, -0.3535133918987863, 0.1097032402875184], 'size': [0.04461973939918376, 0.0849493067344041, 0.09534921802665242]}}"
0.3820000000000003,0.31599995348064663,0.0,0.4,0.19666324834864027,-0.03325887034018989,0.4193384463382472,"{'table_obstacle': {'pos': [0.3825981920028062, 0.37518922255766707, 0.1646257963690813], 'size': [0.049837904948193595, 0.0813235869879147, 0.05243307039854257]}, 'pillar_obstacle': {'pos': [0.39994824830915515, -0.3824307480766307, 0.23470116647765446], 'size': [0.033663755439403885, 0.20172185302840845, 0.0]}, 'small_block': {'pos': [0.6140097595303955, -0.3535133918987863, 0.1097032402875184], 'size': [0.04461973939918376, 0.0849493067344041, 0.09534921802665242]}}"
0.3830000000000003,0.31599995348064663,0.0,0.4,0.19774498342803565,-0.032701758656953885,0.41898276626831527,"{'table_obstacle': {'pos': [0.3825981920028062, 0.37518922255766707, 0.1646257963690813], 'size': [0.049837904948193595, 0.0813235869879147, 0.05243307039854257]}, 'pillar_obstacle': {'pos': [0.39994824830915515, -0.3824307480766307, 0.23470116647765446], 'size': [0.033663755439403885, 0.20172185302840845, 0.0]}, 'small_block': {'pos': [0.6140097595303955, -0.3535133918987863, 0.1097032402875184], 'size': [0.04461973939918376, 0.0849493067344041, 0.09534921802665242]}}"
0.3840000000000003,0.31599995348064663,0.0,0.4,0.1988400539175888,-0.032154024994691756,0.41863812549056495,"{'table_obstacle': {'pos': [0.3825981920028062, 0.37518922255766707, 0.1646257963690813], 'size': [0.049837904948193595, 0.0813235869879147, 0.05243307039854257]}, 'pillar_obstacle': {'pos': [0.39994824830915515, -0.3824307480766307, 0.23470116647765446], 'size': [0.033663755439403885, 0.20172185302840845, 0.0]}, 'small_block': {'pos': [0.6140097595303955, -0.3535133918987863, 0.1097032402875184], 'size': [0.04461973939918376, 0.0849493067344041, 0.09534921802665242]}}"
0.3850000000000003,0.31599995348064663,0.0,0.4,0.19994842021136386,-0.031615830591339135,0.41830420722699235,"{'table_obstacle': {'pos': [0.3825981920028062, 0.37518922255766707, 0.1646257963690813], 'size': [0.049837904948193595, 0.0813235869879147, 0.05243307039854257]}, 'pillar_obstacle': {'pos': [0.39994824830915515, -0.3824307480766307, 0.23470116647765446], 'size': [0.033663755439403885, 0.20172185302840845, 0.0]}, 'small_block': {'pos': [0.6140097595303955, -0.3535133918987863, 0.1097032402875184], 'size': [0.04461973939918376, 0.0849493067344041, 0.09534921802665242]}}"
0.3860000000000003,0.31599995348064663,0.0,0.4,0.20107008152304215,-0.03108717912902321,0.417980755942927,"{'table_obstacle': {'pos': [0.3825981920028062, 0.37518922255766707, 0.1646257963690813], 'size': [0.049837904948193595, 0.0813235869879147, 0.05243307039854257]}, 'pillar_obstacle': {'pos': [0.39994824830915515, -0.3824307480766307, 0.23470116647765446], 'size': [0.033663755439403885, 0.20172185302840845, 0.0]}, 'small_block': {'pos': [0.6140097595303955, -0.3535133918987863, 0.1097032402875184], 'size': [0.04461973939918376, 0.0849493067344041, 0.09534921802665242]}}"
0.3870000000000003,0.31599995348064663,0.0,0.4,0.202205065903947,-0.030567949857911204,0.41766756431425767,"{'table_obstacle': {'pos': [0.3825981920028062, 0.37518922255766707, 0.1646257963690813], 'size': [0.049837904948193595, 0.0813235869879147, 0.05243307039854257]}, 'pillar_obstacle': {'pos': [0.39994824830915515, -0.3824307480766307, 0.23470116647765446], 'size': [0.033663755439403885, 0.20172185302840845, 0.0]}, 'small_block': {'pos': [0.6140097595303955, -0.3535133918987863, 0.1097032402875184], 'size': [0.04461973939918376, 0.0849493067344041, 0.09534921802665242]}}"
0.3880000000000003,0.31599995348064663,0.0,0.4,0.20335342213143676,-0.030057924832199243,0.4173644625395438,"{'table_obstacle': {'pos': [0.3825981920028062, 0.37518922255766707, 0.1646257963690813], 'size': [0.049837904948193595, 0.0813235869879147, 0.05243307039854257]}, 'pillar_obstacle': {'pos': [0.39994824830915515, -0.3824307480766307, 0.23470116647765446], 'size': [0.033663755439403885, 0.20172185302840845, 0.0]}, 'small_block': {'pos': [0.6140097595303955, -0.3535133918987863, 0.1097032402875184], 'size': [0.04461973939918376, 0.0849493067344041, 0.09534921802665242]}}"
0.3890000000000003,0.31599995348064663,0.0,0.4,0.2045152131321187,-0.029556811270319068,0.4170713096074296,"{'table_obstacle': {'pos': [0.3825981920028062, 0.37518922255766707, 0.1646257963690813], 'size': [0.049837904948193595, 0.0813235869879147, 0.05243307039854257]}, 'pillar_obstacle': {'pos': [0.39994824830915515, -0.3824307480766307, 0.23470116647765446], 'size': [0.033663755439403885, 0.20172185302840845, 0.0]}, 'small_block': {'pos': [0.6140097595303955, -0.3535133918987863, 0.1097032402875184], 'size': [0.04461973939918376, 0.0849493067344041, 0.09534921802665242]}}"
0.3900000000000003,0.31599995348064663,0.0,0.4,0.2056905106632837,-0.029064259878153875,0.4167879861932307,"{'table_obstacle': {'pos': [0.3825981920028062, 0.37518922255766707, 0.1646257963690813], 'size': [0.049837904948193595, 0.0813235869879147, 0.05243307039854257]}, 'pillar_obstacle': {'pos': [0.39994824830915515, -0.3824307480766307, 0.23470116647765446], 'size': [0.033663755439403885, 0.20172185302840845, 0.0]}, 'small_block': {'pos': [0.6140097595303955, -0.3535133918987863, 0.1097032402875184], 'size': [0.04461973939918376, 0.0849493067344041, 0.09534921802665242]}}"
0.3910000000000003,0.31599995348064663,0.0,0.4,0.20687939102516964,-0.028579879830952993,0.4165143889113143,"{'table_obstacle': {'pos': [0.3825981920028062, 0.37518922255766707, 0.1646257963690813], 'size': [0.049837904948193595, 0.0813235869879147, 0.05243307039854257]}, 'pillar_obstacle': {'pos': [0.39994824830915515, -0.3824307480766307, 0.23470116647765446], 'size': [0.033663755439403885, 0.20172185302840845, 0.0]}, 'small_block': {'pos': [0.6140097595303955, -0.3535133918987863, 0.1097032402875184], 'size': [0.04461973939918376, 0.0849493067344041, 0.09534921802665242]}}"
0.3920000000000003,0.31599995348064663,0.0,0.4,0.20808077797800253,-0.02810337180735017,0.4162505063493085,"{'table_obstacle': {'pos': [0.3825981920028062, 0.37518922255766707, 0.1646257963690813], 'size': [0.049837904948193595, 0.0813235869879147, 0.05243307039854257]}, 'pillar_obstacle': {'pos': [0.39994824830915515, -0.3824307480766307, 0.23470116647765446], 'size': [0.033663755439403885, 0.20172185302840845, 0.0]}, 'small_block': {'pos': [0.6140097595303955, -0.3535133918987863, 0.1097032402875184], 'size': [0.04461973939918376, 0.0849493067344041, 0.09534921802665242]}}"
0.3930000000000003,0.31599995348064663,0.0,0.4,0.20929114714510955,-0.027634756961724648,0.41599655037749905,"{'table_obstacle': {'pos': [0.3825981920028062, 0.37518922255766707, 0.1646257963690813], 'size': [0.049837904948193595, 0.0813235869879147, 0.05243307039854257]}, 'pillar_obstacle': {'pos': [0.39994824830915515, -0.3824307480766307, 0.23470116647765446], 'size': [0.033663755439403885, 0.20172185302840845, 0.0]}, 'small_block': {'pos': [0.6140097595303955, -0.3535133918987863, 0.1097032402875184], 'size': [0.04461973939918376, 0.0849493067344041, 0.09534921802665242]}}"
0.3940000000000003,0.31599995348064663,0.0,0.4,0.21050780328247148,-0.027174078566086297,0.4157526979373518,"{'table_obstacle': {'pos': [0.3825981920028062, 0.37518922255766707, 0.1646257963690813], 'size': [0.049837904948193595, 0.0813235869879147, 0.05243307039854257]}, 'pillar_obstacle': {'pos': [0.39994824830915515, -0.3824307480766307, 0.23470116647765446], 'size': [0.033663755439403885, 0.20172185302840845, 0.0]}, 'small_block': {'pos': [0.6140097595303955, -0.3535133918987863, 0.1097032402875184], 'size': [0.04461973939918376, 0.0849493067344041, 0.09534921802665242]}}"
0.3950000000000003,0.31599995348064663,0.0,0.4,0.21172742273139689,-0.02672122495418657,0.41551753321175794,"{'table_obstacle': {'pos': [0.3825981920028062, 0.37518922255766707, 0.1646257963690813], 'size': [0.049837904948193595, 0.0813235869879147, 0.05243307039854257]}, 'pillar_obstacle': {'pos': [0.39994824830915515, -0.3824307480766307, 0.23470116647765446], 'size': [0.033663755439403885, 0.20172185302840845, 0.0]}, 'small_block': {'pos': [0.6140097595303955, -0.3535133918987863, 0.1097032402875184], 'size': [0.04461973939918376, 0.0849493067344041, 0.09534921802665242]}}"
0.3960000000000003,0.31599995348064663,0.0,0.4,0.2129474589452742,-0.026276141497986228,0.4152898869130441,"{'table_obstacle': {'pos': [0.3825981920028062, 0.37518922255766707, 0.1646257963690813], 'size': [0.049837904948193595, 0.0813235869879147, 0.05243307039854257]}, 'pillar_obstacle': {'pos': [0.39994824830915515, -0.3824307480766307, 0.23470116647765446], 'size': [0.033663755439403885, 0.20172185302840845, 0.0]}, 'small_block': {'pos': [0.6140097595303955, -0.3535133918987863, 0.1097032402875184], 'size': [0.04461973939918376, 0.0849493067344041, 0.09534921802665242]}}"
0.3970000000000003,0.31599995348064663,0.0,0.4,0.21416599100908737,-0.02583881095460267,0.41506877438712897,"{'table_obstacle': {'pos': [0.3825981920028062, 0.37518922255766707, 0.1646257963690813], 'size': [0.049837904948193595, 0.0813235869879147, 0.05243307039854257]}, 'pillar_obstacle': {'pos': [0.39994824830915515, -0.3824307480766307, 0.23470116647765446], 'size': [0.033663755439403885, 0.20172185302840845, 0.0]}, 'small_block': {'pos': [0.6140097595303955, -0.3535133918987863, 0.1097032402875184], 'size': [0.04461973939918376, 0.0849493067344041, 0.09534921802665242]}}"
0.3980000000000003,0.31599995348064663,0.0,0.4,0.21538159985596594,-0.02540923849423578,0.4148533489404909,"{'table_obstacle': {'pos': [0.3825981920028062, 0.37518922255766707, 0.1646257963690813], 'size': [0.049837904948193595, 0.0813235869879147, 0.05243307039854257]}, 'pillar_obstacle': {'pos': [0.39994824830915515, -0.3824307480766307, 0.23470116647765446], 'size': [0.033663755439403885, 0.20172185302840845, 0.0]}, 'small_block': {'pos': [0.6140097595303955, -0.3535133918987863, 0.1097032402875184], 'size': [0.04461973939918376, 0.0849493067344041, 0.09534921802665242]}}"
0.3990000000000003,0.31999994150463623,0.0,0.4,0.21659326722506825,-0.02498744047710092,0.41464286700127,"{'table_obstacle': {'pos': [0.3825981920028062, 0.37518922255766707, 0.1646257963690813], 'size': [0.049837904948193595, 0.0813235869879147, 0.05243307039854257]}, 'pillar_obstacle': {'pos': [0.39994824830915515, -0.3824307480766307, 0.23470116647765446], 'size': [0.033663755439403885, 0.20172185302840845, 0.0]}, 'small_block': {'pos': [0.6140097595303955, -0.3535133918987863, 0.1097032402875184], 'size': [0.04461973939918376, 0.0849493067344041, 0.09534921802665242]}}"
0.4000000000000003,0.31999994150463623,0.0,0.4,0.21780263937819722,-0.024571565958239283,0.4144396006270747,"{'table_obstacle': {'pos': [0.3825981920028062, 0.37518922255766707, 0.1646257963690813], 'size': [0.049837904948193595, 0.0813235869879147, 0.05243307039854257]}, 'pillar_obstacle': {'pos': [0.39994824830915515, -0.3824307480766307, 0.23470116647765446], 'size': [0.033663755439403885, 0.20172185302840845, 0.0]}, 'small_block': {'pos': [0.6140097595303955, -0.3535133918987863, 0.1097032402875184], 'size': [0.04461973939918376, 0.0849493067344041, 0.09534921802665242]}}"
0.4010000000000003,0.31999994150463623,0.0,0.4,0.21900878502029014,-0.024162013840550806,0.41424239924597683,"{'table_obstacle': {'pos': [0.3825981920028062, 0.37518922255766707, 0.1646257963690813], 'size': [0.049837904948193595, 0.0813235869879147, 0.05243307039854257]}, 'pillar_obstacle': {'pos': [0.39994824830915515, -0.3824307480766307, 0.23470116647765446], 'size': [0.033663755439403885, 0.20172185302840845, 0.0]}, 'small_block': {'pos': [0.6140097595303955, -0.3535133918987863, 0.1097032402875184], 'size': [0.04461973939918376, 0.0849493067344041, 0.09534921802665242]}}"
0.4020000000000003,0.31999994150463623,0.0,0.4,0.22021106402656104,-0.023759110883672524,0.4140502621557352,"{'table_obstacle': {'pos': [0.3825981920028062, 0.37518922255766707, 0.1646257963690813], 'size': [0.049837904948193595, 0.0813235869879147, 0.05243307039854257]}, 'pillar_obstacle': {'pos': [0.39994824830915515, -0.3824307480766307, 0.23470116647765446], 'size': [0.033663755439403885, 0.20172185302840845, 0.0]}, 'small_block': {'pos': [0.6140097595303955, -0.3535133918987863, 0.1097032402875184], 'size': [0.04461973939918376, 0.0849493067344041, 0.09534921802665242]}}"
0.4030000000000003,0.31999994150463623,0.0,0.4,0.22140906558971762,-0.023363119631904346,0.4138623079082671,"{'table_obstacle': {'pos': [0.3825981920028062, 0.37518922255766707, 0.1646257963690813], 'size': [0.049837904948193595, 0.0813235869879147, 0.05243307039854257]}, 'pillar_obstacle': {'pos': [0.39994824830915515, -0.3824307480766307, 0.23470116647765446], 'size': [0.033663755439403885, 0.20172185302840845, 0.0]}, 'small_block': {'pos': [0.6140097595303955, -0.3535133918987863, 0.1097032402875184], 'size': [0.04461973939918376, 0.0849493067344041, 0.09534921802665242]}}"
0.4040000000000003,0.31999994150463623,0.0,0.4,0.22260255815687363,-0.02297424574629687,0.41367775081310765,"{'table_obstacle': {'pos': [0.3825981920028062, 0.37518922255766707, 0.1646257963690813], 'size': [0.049837904948193595, 0.0813235869879147, 0.05243307039854257]}, 'pillar_obstacle': {'pos': [0.39994824830915515, -0.3824307480766307, 0.23470116647765446], 'size': [0.033663755439403885, 0.20172185302840845, 0.0]}, 'small_block': {'pos': [0.6140097595303955, -0.3535133918987863, 0.1097032402875184], 'size': [0.04461973939918376, 0.0849493067344041, 0.09534921802665242]}}"
0.4050000000000003,0.31999994150463623,0.0,0.4,0.22379144901054568,-0.02259264474081516,0.41349588291657285,"{'table_obstacle': {'pos': [0.3825981920028062, 0.37518922255766707, 0.1646257963690813], 'size': [0.049837904948193595, 0.0813235869879147, 0.05243307039854257]}, 'pillar_obstacle': {'pos': [0.39994824830915515, -0.3824307480766307, 0.23470116647765446], 'size': [0.033663755439403885, 0.20172185302840845, 0.0]}, 'small_block': {'pos': [0.6140097595303955, -0.3535133918987863, 0.1097032402875184], 'size': [0.04461973939918376, 0.0849493067344041, 0.09534921802665242]}}"
0.4060000000000003,0.31999994150463623,0.0,0.4,0.22497575172746534,-0.022218428131105063,0.4133160601763572,"{'table_obstacle': {'pos': [0.3825981920028062, 0.37518922255766707, 0.1646257963690813], 'size': [0.049837904948193595, 0.0813235869879147, 0.05243307039854257]}, 'pillar_obstacle': {'pos': [0.39994824830915515, -0.3824307480766307, 0.23470116647765446], 'size': [0.033663755439403885, 0.20172185302840845, 0.0]}, 'small_block': {'pos': [0.6140097595303955, -0.3535133918987863, 0.1097032402875184], 'size': [0.04461973939918376, 0.0849493067344041, 0.09534921802665242]}}"
0.4070000000000003,0.31999994150463623,0.0,0.4,0.2261555600626165,-0.021851669012821123,0.41313769183863575,"{'table_obstacle': {'pos': [0.3825981920028062, 0.37518922255766707, 0.1646257963690813], 'size': [0.049837904948193595, 0.0813235869879147, 0.05243307039854257]}, 'pillar_obstacle': {'pos': [0.39994824830915515, -0.3824307480766307, 0.23470116647765446], 'size': [0.033663755439403885, 0.20172185302840845, 0.0]}, 'small_block': {'pos': [0.6140097595303955, -0.3535133918987863, 0.1097032402875184], 'size': [0.04461973939918376, 0.0849493067344041, 0.09534921802665242]}}"
0.4080000000000003,0.31999994150463623,0.0,0.4,0.2273310270651421,-0.021492407093663676,0.412960232250977,"{'table_obstacle': {'pos': [0.3825981920028062, 0.37518922255766707, 0.1646257963690813], 'size': [0.049837904948193595, 0.0813235869879147, 0.05243307039854257]}, 'pillar_obstacle': {'pos': [0.39994824830915515, -0.3824307480766307, 0.23470116647765446], 'size': [0.033663755439403885, 0.20172185302840845, 0.0]}, 'small_block': {'pos': [0.6140097595303955, -0.3535133918987863, 0.1097032402875184], 'size': [0.04461973939918376, 0.0849493067344041, 0.09534921802665242]}}"
0.4090000000000003,0.31999994150463623,0.0,0.4,0.22850234844687486,-0.02114065320879555,0.41278317452164964,"{'table_obstacle': {'pos': [0.3825981920028062, 0.37518922255766707, 0.1646257963690813], 'size': [0.049837904948193595, 0.0813235869879147, 0.05243307039854257]}, 'pillar_obstacle': {'pos': [0.39994824830915515, -0.3824307480766307, 0.23470116647765446], 'size': [0.033663755439403885, 0.20172185302840845, 0.0]}, 'small_block': {'pos': [0.6140097595303955, -0.3535133918987863, 0.1097032402875184], 'size': [0.04461973939918376, 0.0849493067344041, 0.09534921802665242]}}"
0.4100000000000003,0.31999994150463623,0.0,0.4,0.22966974940093224,-0.020796393353119898,0.4126060455741722,"{'table_obstacle': {'pos': [0.3825981920028062, 0.37518922255766707, 0.1646257963690813], 'size': [0.049837904948193595, 0.0813235869879147, 0.05243307039854257]}, 'pillar_obstacle': {'pos': [0.39994824830915515, -0.3824307480766307, 0.23470116647765446], 'size': [0.033663755439403885, 0.20172185302840845, 0.0]}, 'small_block': {'pos': [0.6140097595303955, -0.3535133918987863, 0.1097032402875184], 'size': [0.04461973939918376, 0.0849493067344041, 0.09534921802665242]}}"
0.4110000000000003,0.31999994150463623,0.0,0.4,0.23083347421348566,-0.020459592266141607,0.41242840225330585,"{'table_obstacle': {'pos': [0.3825981920028062, 0.37518922255766707, 0.1646257963690813], 'size': [0.049837904948193595, 0.0813235869879147, 0.05243307039854257]}, 'pillar_obstacle': {'pos': [0.39994824830915515, -0.3824307480766307, 0.23470116647765446], 'size': [0.033663755439403885, 0.20172185302840845, 0.0]}, 'small_block': {'pos': [0.6140097595303955, -0.3535133918987863, 0.1097032402875184], 'size': [0.04461973939918376, 0.0849493067344041, 0.09534921802665242]}}"
0.4120000000000003,0.31999994150463623,0.0,0.4,0.23199377813178576,-0.02013019660604393,0.41224982822167455,"{'table_obstacle': {'pos': [0.3825981920028062, 0.37518922255766707, 0.1646257963690813], 'size': [0.049837904948193595, 0.0813235869879147, 0.05243307039854257]}, 'pillar_obstacle': {'pos': [0.39994824830915515, -0.3824307480766307, 0.23470116647765446], 'size': [0.033663755439403885, 0.20172185302840845, 0.0]}, 'small_block': {'pos': [0.6140097595303955, -0.3535133918987863, 0.1097032402875184], 'size': [0.04461973939918376, 0.0849493067344041, 0.09534921802665242]}}"
0.4130000000000003,0.31999994150463623,0.0,0.4,0.23315092105021418,-0.01980813774944658,0.4120699314500713,"{'table_obstacle': {'pos': [0.3825981920028062, 0.37518922255766707, 0.1646257963690813], 'size': [0.049837904948193595, 0.0813235869879147, 0.05243307039854257]}, 'pillar_obstacle': {'pos': [0.39994824830915515, -0.3824307480766307, 0.23470116647765446], 'size': [0.033663755439403885, 0.20172185302840845, 0.0]}, 'small_block': {'pos': [0.6140097595303955, -0.3535133918987863, 0.1097032402875184], 'size': [0.04461973939918376, 0.0849493067344041, 0.09534921802665242]}}"
0.4140000000000003,0.31999994150463623,0.0,0.4,0.2343051626572315,-0.01949333425232677,0.4118883421534434,"{'table_obstacle': {'pos': [0.3825981920028062, 0.37518922255766707, 0.1646257963690813], 'size': [0.049837904948193595, 0.0813235869879147, 0.05243307039854257]}, 'pillar_obstacle': {'pos': [0.39994824830915515, -0.3824307480766307, 0.23470116647765446], 'size': [0.033663755439403885, 0.20172185302840845, 0.0]}, 'small_block': {'pos': [0.6140097595303955, -0.3535133918987863, 0.1097032402875184], 'size': [0.04461973939918376, 0.0849493067344041, 0.09534921802665242]}}"
0.4150000000000003,0.31999994150463623,0.0,0.4,0.23545675875263755,-0.019185694006007607,0.41170471106187967,"{'table_obstacle': {'pos': [0.3825981920028062, 0.37518922255766707, 0.1646257963690813], 'size': [0.049837904948193595, 0.0813235869879147, 0.05243307039854257]}, 'pillar_obstacle': {'pos': [0.39994824830915515, -0.3824307480766307, 0.23470116647765446], 'size': [0.033663755439403885, 0.20172185302840845, 0.0]}, 'small_block': {'pos': [0.6140097595303955, -0.3535133918987863, 0.1097032402875184], 'size': [0.04461973939918376, 0.0849493067344041, 0.09534921802665242]}}"
0.4160000000000003,0.31999994150463623,0.0,0.4,0.23660595849910718,-0.018885116120132328,0.41151870794426115,"{'table_obstacle': {'pos': [0.3825981920028062, 0.37518922255766707, 0.1646257963690813], 'size': [0.049837904948193595, 0.0813235869879147, 0.05243307039854257]}, 'pillar_obstacle': {'pos': [0.39994824830915515, -0.3824307480766307, 0.23470116647765446], 'size': [0.033663755439403885, 0.20172185302840845, 0.0]}, 'small_block': {'pos': [0.6140097595303955, -0.3535133918987863, 0.1097032402875184], 'size': [0.04461973939918376, 0.0849493067344041, 0.09534921802665242]}}"
0.4170000000000003,0.31999994150463623,0.0,0.4,0.23775062343272144,-0.018591111101686528,0.41133115395474606,"{'table_obstacle': {'pos': [0.3825981920028062, 0.37518922255766707, 0.1646257963690813], 'size': [0.049837904948193595, 0.0813235869879147, 0.05243307039854257]}, 'pillar_obstacle': {'pos': [0.39994824830915515, -0.3824307480766307, 0.23470116647765446], 'size': [0.033663755439403885, 0.20172185302840845, 0.0]}, 'small_block': {'pos': [0.6140097595303955, -0.3535133918987863, 0.1097032402875184], 'size': [0.04461973939918376, 0.0849493067344041, 0.09534921802665242]}}"
0.4180000000000003,0.31999994150463623,0.0,0.4,0.23888854556782668,-0.018303193038957766,0.41114297509372344,"{'table_obstacle': {'pos': [0.3825981920028062, 0.37518922255766707, 0.1646257963690813], 'size': [0.049837904948193595, 0.0813235869879147, 0.05243307039854257]}, 'pillar_obstacle': {'pos': [0.39994824830915515, -0.3824307480766307, 0.23470116647765446], 'size': [0.033663755439403885, 0.20172185302840845, 0.0]}, 'small_block': {'pos': [0.6140097595303955, -0.3535133918987863, 0.1097032402875184], 'size': [0.04461973939918376, 0.0849493067344041, 0.09534921802665242]}}"
0.4190000000000003,0.31999994150463623,0.0,0.4,0.24001797672215605,-0.018020962911947255,0.4109549393523366,"{'table_obstacle': {'pos': [0.3825981920028062, 0.37518922255766707, 0.1646257963690813], 'size': [0.049837904948193595, 0.0813235869879147, 0.05243307039854257]}, 'pillar_obstacle': {'pos': [0.39994824830915515, -0.3824307480766307, 0.23470116647765446], 'size': [0.033663755439403885, 0.20172185302840845, 0.0]}, 'small_block': {'pos': [0.6140097595303955, -0.3535133918987863, 0.1097032402875184], 'size': [0.04461973939918376, 0.0849493067344041, 0.09534921802665242]}}"
0.4200000000000003,0.31999994150463623,0.0,0.4,0.24113754167716306,-0.017744090930665195,0.4107676798681721,"{'table_obstacle': {'pos': [0.3825981920028062, 0.37518922255766707, 0.1646257963690813], 'size': [0.049837904948193595, 0.0813235869879147, 0.05243307039854257]}, 'pillar_obstacle': {'pos': [0.39994824830915515, -0.3824307480766307, 0.23470116647765446], 'size': [0.033663755439403885, 0.20172185302840845, 0.0]}, 'small_block': {'pos': [0.6140097595303955, -0.3535133918987863, 0.1097032402875184], 'size': [0.04461973939918376, 0.0849493067344041, 0.09534921802665242]}}"
0.4210000000000003,0.31999994150463623,0.0,0.4,0.24224616757673187,-0.01747230246877729,0.41058171499653107,"{'table_obstacle': {'pos': [0.3825981920028062, 0.37518922255766707, 0.1646257963690813], 'size': [0.049837904948193595, 0.0813235869879147, 0.05243307039854257]}, 'pillar_obstacle': {'pos': [0.39994824830915515, -0.3824307480766307, 0.23470116647765446], 'size': [0.033663755439403885, 0.20172185302840845, 0.0]}, 'small_block': {'pos': [0.6140097595303955, -0.3535133918987863, 0.1097032402875184], 'size': [0.04461973939918376, 0.0849493067344041, 0.09534921802665242]}}"
0.4220000000000003,0.31999994150463623,0.0,0.4,0.2433430265372852,-0.01720536686072008,0.41039746567327096,"{'table_obstacle': {'pos': [0.3825981920028062, 0.37518922255766707, 0.1646257963690813], 'size': [0.049837904948193595, 0.0813235869879147, 0.05243307039854257]}, 'pillar_obstacle': {'pos': [0.39994824830915515, -0.3824307480766307, 0.23470116647765446], 'size': [0.033663755439403885, 0.20172185302840845, 0.0]}, 'small_block': {'pos': [0.6140097595303955, -0.3535133918987863, 0.1097032402875184], 'size': [0.04461973939918376, 0.0849493067344041, 0.09534921802665242]}}"
0.4230000000000003,0.31999994150463623,0.0,0.4,0.24442748900569786,-0.016943088481222796,0.4102152703973299,"{'table_obstacle': {'pos': [0.3825981920028062, 0.37518922255766707, 0.1646257963690813], 'size': [0.049837904948193595, 0.0813235869879147, 0.05243307039854257]}, 'pillar_obstacle': {'pos': [0.39994824830915515, -0.3824307480766307, 0.23470116647765446], 'size': [0.033663755439403885, 0.20172185302840845, 0.0]}, 'small_block': {'pos': [0.6140097595303955, -0.3535133918987863, 0.1097032402875184], 'size': [0.04461973939918376, 0.0849493067344041, 0.09534921802665242]}}"
0.4240000000000003,0.31999994150463623,0.0,0.4,0.24549908585977473,-0.016685299645010376,0.41003539812365053,"{'table_obstacle': {'pos': [0.3825981920028062, 0.37518922255766707, 0.1646257963690813], 'size': [0.049837904948193595, 0.0813235869879147, 0.05243307039854257]}, 'pillar_obstacle': {'pos': [0.39994824830915515, -0.3824307480766307, 0.23470116647765446], 'size': [0.033663755439403885, 0.20172185302840845, 0.0]}, 'small_block': {'pos': [0.6140097595303955, -0.3535133918987863, 0.1097032402875184], 'size': [0.04461973939918376, 0.0849493067344041, 0.09534921802665242]}}"
0.4250000000000003,0.31999994150463623,0.0,0.4,0.24655747761913896,-0.016431854958439785,0.4098580593260249,"{'table_obstacle': {'pos': [0.3825981920028062, 0.37518922255766707, 0.1646257963690813], 'size': [0.049837904948193595, 0.0813235869879147, 0.05243307039854257]}, 'pillar_obstacle': {'pos': [0.39994824830915515, -0.3824307480766307, 0.23470116647765446], 'size': [0.033663755439403885, 0.20172185302840845, 0.0]}, 'small_block': {'pos': [0.6140097595303955, -0.3535133918987863, 0.1097032402875184], 'size': [0.04461973939918376, 0.0849493067344041, 0.09534921802665242]}}"
0.4260000000000003,0.31999994150463623,0.0,0.4,0.24760242943814137,-0.016182626829349334,0.40968341546204395,"{'table_obstacle': {'pos': [0.3825981920028062, 0.37518922255766707, 0.1646257963690813], 'size': [0.049837904948193595, 0.0813235869879147, 0.05243307039854257]}, 'pillar_obstacle': {'pos': [0.39994824830915515, -0.3824307480766307, 0.23470116647765446], 'size': [0.033663755439403885, 0.20172185302840845, 0.0]}, 'small_block': {'pos': [0.6140097595303955, -0.3535133918987863, 0.1097032402875184], 'size': [0.04461973939918376, 0.0849493067344041, 0.09534921802665242]}}"
0.4270000000000003,0.31999994150463623,0.0,0.4,0.24863379079977296,-0.01593750190065159,0.4095115870476434,"{'table_obstacle': {'pos': [0.3825981920028062, 0.37518922255766707, 0.1646257963690813], 'size': [0.049837904948193595, 0.0813235869879147, 0.05243307039854257]}, 'pillar_obstacle': {'pos': [0.39994824830915515, -0.3824307480766307, 0.23470116647765446], 'size': [0.033663755439403885, 0.20172185302840845, 0.0]}, 'small_block': {'pos': [0.6140097595303955, -0.3535133918987863, 0.1097032402875184], 'size': [0.04461973939918376, 0.0849493067344041, 0.09534921802665242]}}"
0.4280000000000003,0.31999994150463623,0.0,0.4,0.24965147903099688,-0.015696378220392243,0.4093426605260728,"{'table_obstacle': {'pos': [0.3825981920028062, 0.37518922255766707, 0.1646257963690813], 'size': [0.049837904948193595, 0.0813235869879147, 0.05243307039854257]}, 'pillar_obstacle': {'pos': [0.39994824830915515, -0.3824307480766307, 0.23470116647765446], 'size': [0.033663755439403885, 0.20172185302840845, 0.0]}, 'small_block': {'pos': [0.6140097595303955, -0.3535133918987863, 0.1097032402875184], 'size': [0.04461973939918376, 0.0849493067344041, 0.09534921802665242]}}"
0.4290000000000003,0.31999994150463623,0.0,0.4,0.2506554659239436,-0.015459162998643347,0.409176694095247,"{'table_obstacle': {'pos': [0.3825981920028062, 0.37518922255766707, 0.1646257963690813], 'size': [0.049837904948193595, 0.0813235869879147, 0.05243307039854257]}, 'pillar_obstacle': {'pos': [0.39994824830915515, -0.3824307480766307, 0.23470116647765446], 'size': [0.033663755439403885, 0.20172185302840845, 0.0]}, 'small_block': {'pos': [0.6140097595303955, -0.3535133918987863, 0.1097032402875184], 'size': [0.04461973939918376, 0.0849493067344041, 0.09534921802665242]}}"
0.4300000000000003,0.31999994150463623,0.0,0.4,0.2516457668809625,-0.01522577083167016,0.40901372263823166,"{'table_obstacle': {'pos': [0.3825981920028062, 0.37518922255766707, 0.1646257963690813], 'size': [0.049837904948193595, 0.0813235869879147, 0.05243307039854257]}, 'pillar_obstacle': {'pos': [0.39994824830915515, -0.3824307480766307, 0.23470116647765446], 'size': [0.033663755439403885, 0.20172185302840845, 0.0]}, 'small_block': {'pos': [0.6140097595303955, -0.3535133918987863, 0.1097032402875184], 'size': [0.04461973939918376, 0.0849493067344041, 0.09534921802665242]}}"
0.4310000000000003,0.31999994150463623,0.0,0.4,0.2526224321102296,-0.014996122297845912,0.4088537618840528,"{'table_obstacle': {'pos': [0.3825981920028062, 0.37518922255766707, 0.1646257963690813], 'size': [0.049837904948193595, 0.0813235869879147, 0.05243307039854257]}, 'pillar_obstacle': {'pos': [0.39994824830915515, -0.3824307480766307, 0.23470116647765446], 'size': [0.033663755439403885, 0.20172185302840845, 0.0]}, 'small_block': {'pos': [0.6140097595303955, -0.3535133918987863, 0.1097032402875184], 'size': [0.04461973939918376, 0.0849493067344041, 0.09534921802665242]}}"
0.43200000000000033,0.31999994150463623,0.0,0.4,0.25358553948709217,-0.014770142849009299,0.4086968119100446,"{'table_obstacle': {'pos': [0.3825981920028062, 0.37518922255766707, 0.1646257963690813], 'size': [0.049837904948193595, 0.0813235869879147, 0.05243307039854257]}, 'pillar_obstacle': {'pos': [0.39994824830915515, -0.3824307480766307, 0.23470116647765446], 'size': [0.033663755439403885, 0.20172185302840845, 0.0]}, 'small_block': {'pos': [0.6140097595303955, -0.3535133918987863, 0.1097032402875184], 'size': [0.04461973939918376, 0.0849493067344041, 0.09534921802665242]}}"
0.43300000000000033,0.31999994150463623,0.0,0.4,0.2545351887683267,-0.014547761936349818,0.4085428600825617,"{'table_obstacle': {'pos': [0.3825981920028062, 0.37518922255766707, 0.1646257963690813], 'size': [0.049837904948193595, 0.0813235869879147, 0.05243307039854257]}, 'pillar_obstacle': {'pos': [0.39994824830915515, -0.3824307480766307, 0.23470116647765446], 'size': [0.033663755439403885, 0.20172185302840845, 0.0]}, 'small_block': {'pos': [0.6140097595303955, -0.3535133918987863, 0.1097032402875184], 'size': [0.04461973939918376, 0.0849493067344041, 0.09534921802665242]}}"
0.43400000000000033,0.31999994150463623,0.0,0.4,0.2554714969050539,-0.014328912322207456,0.408391883519967,"{'table_obstacle': {'pos': [0.3825981920028062, 0.37518922255766707, 0.1646257963690813], 'size': [0.049837904948193595, 0.0813235869879147, 0.05243307039854257]}, 'pillar_obstacle': {'pos': [0.39994824830915515, -0.3824307480766307, 0.23470116647765446], 'size': [0.033663755439403885, 0.20172185302840845, 0.0]}, 'small_block': {'pos': [0.6140097595303955, -0.3535133918987863, 0.1097032402875184], 'size': [0.04461973939918376, 0.0849493067344041, 0.09534921802665242]}}"
0.43500000000000033,0.31999994150463623,0.0,0.4,0.25639459424769967,-0.014113529539030037,0.4082438511503485,"{'table_obstacle': {'pos': [0.3825981920028062, 0.37518922255766707, 0.1646257963690813], 'size': [0.049837904948193595, 0.0813235869879147, 0.05243307039854257]}, 'pillar_obstacle': {'pos': [0.39994824830915515, -0.3824307480766307, 0.23470116647765446], 'size': [0.033663755439403885, 0.20172185302840845, 0.0]}, 'small_block': {'pos': [0.6140097595303955, -0.3535133918987863, 0.1097032402875184], 'size': [0.04461973939918376, 0.0849493067344041, 0.09534921802665242]}}"
0.43600000000000033,0.31999994150463623,0.0,0.4,0.2573046214751241,-0.013901551464611075,0.4080987254262797,"{'table_obstacle': {'pos': [0.3825981920028062, 0.37518922255766707, 0.1646257963690813], 'size': [0.049837904948193595, 0.0813235869879147, 0.05243307039854257]}, 'pillar_obstacle': {'pos': [0.39994824830915515, -0.3824307480766307, 0.23470116647765446], 'size': [0.033663755439403885, 0.20172185302840845, 0.0]}, 'small_block': {'pos': [0.6140097595303955, -0.3535133918987863, 0.1097032402875184], 'size': [0.04461973939918376, 0.0849493067344041, 0.09534921802665242]}}"
0.43700000000000033,0.31999994150463623,0.0,0.4,0.25820172711154904,-0.013692917989033422,0.40795646375003153,"{'table_obstacle': {'pos': [0.3825981920028062, 0.37518922255766707, 0.1646257963690813], 'size': [0.049837904948193595, 0.0813235869879147, 0.05243307039854257]}, 'pillar_obstacle': {'pos': [0.39994824830915515, -0.3824307480766307, 0.23470116647765446], 'size': [0.033663755439403885, 0.20172185302840845, 0.0]}, 'small_block': {'pos': [0.6140097595303955, -0.3535133918987863, 0.1097032402875184], 'size': [0.04461973939918376, 0.0849493067344041, 0.09534921802665242]}}"
0.43800000000000033,0.31999994150463623,0.0,0.4,0.25908606552050306,-0.013487570753787904,0.40781701965487815,"{'table_obstacle': {'pos': [0.3825981920028062, 0.37518922255766707, 0.1646257963690813], 'size': [0.049837904948193595, 0.0813235869879147, 0.05243307039854257]}, 'pillar_obstacle': {'pos': [0.39994824830915515, -0.3824307480766307, 0.23470116647765446], 'size': [0.033663755439403885, 0.20172185302840845, 0.0]}, 'small_block': {'pos': [0.6140097595303955, -0.3535133918987863, 0.1097032402875184], 'size': [0.04461973939918376, 0.0849493067344041, 0.09534921802665242]}}"
0.43900000000000033,0.31999994150463623,0.0,0.4,0.2599577952858275,-0.013285452947555069,0.40768034378137435,"{'table_obstacle': {'pos': [0.3825981920028062, 0.37518922255766707, 0.1646257963690813], 'size': [0.049837904948193595, 0.0813235869879147, 0.05243307039854257]}, 'pillar_obstacle': {'pos': [0.39994824830915515, -0.3824307480766307, 0.23470116647765446], 'size': [0.033663755439403885, 0.20172185302840845, 0.0]}, 'small_block': {'pos': [0.6140097595303955, -0.3535133918987863, 0.1097032402875184], 'size': [0.04461973939918376, 0.0849493067344041, 0.09534921802665242]}}"
0.44000000000000034,0.31999994150463623,0.0,0.4,0.26081707790668673,-0.013086509146362875,0.4075463846816354,"{'table_obstacle': {'pos': [0.3825981920028062, 0.37518922255766707, 0.1646257963690813], 'size': [0.049837904948193595, 0.0813235869879147, 0.05243307039854257]}, 'pillar_obstacle': {'pos': [0.39994824830915515, -0.3824307480766307, 0.23470116647765446], 'size': [0.033663755439403885, 0.20172185302840845, 0.0]}, 'small_block': {'pos': [0.6140097595303955, -0.3535133918987863, 0.1097032402875184], 'size': [0.04461973939918376, 0.0849493067344041, 0.09534921802665242]}}"
0.44100000000000034,0.31999994150463623,0.0,0.4,0.26166407674726544,-0.012890685188388193,0.40741508947961685,"{'table_obstacle': {'pos': [0.3825981920028062, 0.37518922255766707, 0.1646257963690813], 'size': [0.049837904948193595, 0.0813235869879147, 0.05243307039854257]}, 'pillar_obstacle': {'pos': [0.39994824830915515, -0.3824307480766307, 0.23470116647765446], 'size': [0.033663755439403885, 0.20172185302840845, 0.0]}, 'small_block': {'pos': [0.6140097595303955, -0.3535133918987863, 0.1097032402875184], 'size': [0.04461973939918376, 0.0849493067344041, 0.09534921802665242]}}"
0.44200000000000034,0.31999994150463623,0.0,0.4,0.2624989561930023,-0.01269792807572014,0.407286404411061,"{'table_obstacle': {'pos': [0.3825981920028062, 0.37518922255766707, 0.1646257963690813], 'size': [0.049837904948193595, 0.0813235869879147, 0.05243307039854257]}, 'pillar_obstacle': {'pos': [0.39994824830915515, -0.3824307480766307, 0.23470116647765446], 'size': [0.033663755439403885, 0.20172185302840845, 0.0]}, 'small_block': {'pos': [0.6140097595303955, -0.3535133918987863, 0.1097032402875184], 'size': [0.04461973939918376, 0.0849493067344041, 0.09534921802665242]}}"
0.44300000000000034,0.31999994150463623,0.0,0.4,0.2633218809742654,-0.012508185897027513,0.40716027526307913,"{'table_obstacle': {'pos': [0.3825981920028062, 0.37518922255766707, 0.1646257963690813], 'size': [0.049837904948193595, 0.0813235869879147, 0.05243307039854257]}, 'pillar_obstacle': {'pos': [0.39994824830915515, -0.3824307480766307, 0.23470116647765446], 'size': [0.033663755439403885, 0.20172185302840845, 0.0]}, 'small_block': {'pos': [0.6140097595303955, -0.3535133918987863, 0.1097032402875184], 'size': [0.04461973939918376, 0.0849493067344041, 0.09534921802665242]}}"
0.44400000000000034,0.31999994150463623,0.0,0.4,0.26413301562574465,-0.01232140776636505,0.40703664773018217,"{'table_obstacle': {'pos': [0.3825981920028062, 0.37518922255766707, 0.1646257963690813], 'size': [0.049837904948193595, 0.0813235869879147, 0.05243307039854257]}, 'pillar_obstacle': {'pos': [0.39994824830915515, -0.3824307480766307, 0.23470116647765446], 'size': [0.033663755439403885, 0.20172185302840845, 0.0]}, 'small_block': {'pos': [0.6140097595303955, -0.3535133918987863, 0.1097032402875184], 'size': [0.04461973939918376, 0.0849493067344041, 0.09534921802665242]}}"
0.44500000000000034,0.31999994150463623,0.0,0.4,0.2649325240558086,-0.012137543774386538,0.4069154677008862,"{'table_obstacle': {'pos': [0.3825981920028062, 0.37518922255766707, 0.1646257963690813], 'size': [0.049837904948193595, 0.0813235869879147, 0.05243307039854257]}, 'pillar_obstacle': {'pos': [0.39994824830915515, -0.3824307480766307, 0.23470116647765446], 'size': [0.033663755439403885, 0.20172185302840845, 0.0]}, 'small_block': {'pos': [0.6140097595303955, -0.3535133918987863, 0.1097032402875184], 'size': [0.04461973939918376, 0.0849493067344041, 0.09534921802665242]}}"
0.44600000000000034,0.31999994150463623,0.0,0.4,0.2657205692049335,-0.011956544949038025,0.40679668148674797,"{'table_obstacle': {'pos': [0.3825981920028062, 0.37518922255766707, 0.1646257963690813], 'size': [0.049837904948193595, 0.0813235869879147, 0.05243307039854257]}, 'pillar_obstacle': {'pos': [0.39994824830915515, -0.3824307480766307, 0.23470116647765446], 'size': [0.033663755439403885, 0.20172185302840845, 0.0]}, 'small_block': {'pos': [0.6140097595303955, -0.3535133918987863, 0.1097032402875184], 'size': [0.04461973939918376, 0.0849493067344041, 0.09534921802665242]}}"
0.44700000000000034,0.31999994150463623,0.0,0.4,0.2664973127762446,-0.011778363223456838,0.4066802360037481,"{'table_obstacle': {'pos': [0.3825981920028062, 0.37518922255766707, 0.1646257963690813], 'size': [0.049837904948193595, 0.0813235869879147, 0.05243307039854257]}, 'pillar_obstacle': {'pos': [0.39994824830915515, -0.3824307480766307, 0.23470116647765446], 'size': [0.033663755439403885, 0.20172185302840845, 0.0]}, 'small_block': {'pos': [0.6140097595303955, -0.3535133918987863, 0.1097032402875184], 'size': [0.04461973939918376, 0.0849493067344041, 0.09534921802665242]}}"
0.44800000000000034,0.31999994150463623,0.0,0.4,0.2672629150244189,-0.011602951409308207,0.4065660789143263,"{'table_obstacle': {'pos': [0.3825981920028062, 0.37518922255766707, 0.1646257963690813], 'size': [0.049837904948193595, 0.0813235869879147, 0.05243307039854257]}, 'pillar_obstacle': {'pos': [0.39994824830915515, -0.3824307480766307, 0.23470116647765446], 'size': [0.033663755439403885, 0.20172185302840845, 0.0]}, 'small_block': {'pos': [0.6140097595303955, -0.3535133918987863, 0.1097032402875184], 'size': [0.04461973939918376, 0.0849493067344041, 0.09534921802665242]}}"
0.44900000000000034,0.31999994150463623,0.0,0.4,0.2680175345917865,-0.011430263174192582,0.4064541587369888,"{'table_obstacle': {'pos': [0.3825981920028062, 0.37518922255766707, 0.1646257963690813], 'size': [0.049837904948193595, 0.0813235869879147, 0.05243307039854257]}, 'pillar_obstacle': {'pos': [0.39994824830915515, -0.3824307480766307, 0.23470116647765446], 'size': [0.033663755439403885, 0.20172185302840845, 0.0]}, 'small_block': {'pos': [0.6140097595303955, -0.3535133918987863, 0.1097032402875184], 'size': [0.04461973939918376, 0.0849493067344041, 0.09534921802665242]}}"
0.45000000000000034,0.31999994150463623,0.0,0.4,0.2687613283825799,-0.011260253022072883,0.4063444249292636,"{'table_obstacle': {'pos': [0.3825981920028062, 0.37518922255766707, 0.1646257963690813], 'size': [0.049837904948193595, 0.0813235869879147, 0.05243307039854257]}, 'pillar_obstacle': {'pos': [0.39994824830915515, -0.3824307480766307, 0.23470116647765446], 'size': [0.033663755439403885, 0.20172185302840845, 0.0]}, 'small_block': {'pos': [0.6140097595303955, -0.3535133918987863, 0.1097032402875184], 'size': [0.04461973939918376, 0.0849493067344041, 0.09534921802665242]}}"
0.45100000000000035,0.31999994150463623,0.0,0.4,0.26949445146799267,-0.011092876275919126,0.40623682794880767,"{'table_obstacle': {'pos': [0.3825981920028062, 0.37518922255766707, 0.1646257963690813], 'size': [0.049837904948193595, 0.0813235869879147, 0.05243307039854257]}, 'pillar_obstacle': {'pos': [0.39994824830915515, -0.3824307480766307, 0.23470116647765446], 'size': [0.033663755439403885, 0.20172185302840845, 0.0]}, 'small_block': {'pos': [0.6140097595303955, -0.3535133918987863, 0.1097032402875184], 'size': [0.04461973939918376, 0.0849493067344041, 0.09534921802665242]}}"
0.45200000000000035,0.31999994150463623,0.0,0.4,0.2702170570160891,-0.010928089061961221,0.4061313192966611,"{'table_obstacle': {'pos': [0.3825981920028062, 0.37518922255766707, 0.1646257963690813], 'size': [0.049837904948193595, 0.0813235869879147, 0.05243307039854257]}, 'pillar_obstacle': {'pos': [0.39994824830915515, -0.3824307480766307, 0.23470116647765446], 'size': [0.033663755439403885, 0.20172185302840845, 0.0]}, 'small_block': {'pos': [0.6140097595303955, -0.3535133918987863, 0.1097032402875184], 'size': [0.04461973939918376, 0.0849493067344041, 0.09534921802665242]}}"
0.45300000000000035,0.31999994150463623,0.0,0.4,0.27092929624174417,-0.010765848295090323,0.40602785154595655,"{'table_obstacle': {'pos': [0.3825981920028062, 0.37518922255766707, 0.1646257963690813], 'size': [0.049837904948193595, 0.0813235869879147, 0.05243307039854257]}, 'pillar_obstacle': {'pos': [0.39994824830915515, -0.3824307480766307, 0.23470116647765446], 'size': [0.033663755439403885, 0.20172185302840845, 0.0]}, 'small_block': {'pos': [0.6140097595303955, -0.3535133918987863, 0.1097032402875184], 'size': [0.04461973939918376, 0.0849493067344041, 0.09534921802665242]}}"
0.45400000000000035,0.31999994150463623,0.0,0.4,0.2716313183726974,-0.01060611166507012,0.40592637835883794,"{'table_obstacle': {'pos': [0.3825981920028062, 0.37518922255766707, 0.1646257963690813], 'size': [0.049837904948193595, 0.0813235869879147, 0.05243307039854257]}, 'pillar_obstacle': {'pos': [0.39994824830915515, -0.3824307480766307, 0.23470116647765446], 'size': [0.033663755439403885, 0.20172185302840845, 0.0]}, 'small_block': {'pos': [0.6140097595303955, -0.3535133918987863, 0.1097032402875184], 'size': [0.04461973939918376, 0.0849493067344041, 0.09534921802665242]}}"
0.45500000000000035,0.31999994150463623,0.0,0.4,0.27232327062855055,-0.010448837623304423,0.4058268544938532,"{'table_obstacle': {'pos': [0.3825981920028062, 0.37518922255766707, 0.1646257963690813], 'size': [0.049837904948193595, 0.0813235869879147, 0.05243307039854257]}, 'pillar_obstacle': {'pos': [0.39994824830915515, -0.3824307480766307, 0.23470116647765446], 'size': [0.033663755439403885, 0.20172185302840845, 0.0]}, 'small_block': {'pos': [0.6140097595303955, -0.3535133918987863, 0.1097032402875184], 'size': [0.04461973939918376, 0.0849493067344041, 0.09534921802665242]}}"
0.45600000000000035,0.31999994150463623,0.0,0.4,0.27300529821013975,-0.010293985369982581,0.40572923580570436,"{'table_obstacle': {'pos': [0.3825981920028062, 0.37518922255766707, 0.1646257963690813], 'size': [0.049837904948193595, 0.0813235869879147, 0.05243307039854257]}, 'pillar_obstacle': {'pos': [0.39994824830915515, -0.3824307480766307, 0.23470116647765446], 'size': [0.033663755439403885, 0.20172185302840845, 0.0]}, 'small_block': {'pos': [0.6140097595303955, -0.3535133918987863, 0.1097032402875184], 'size': [0.04461973939918376, 0.0849493067344041, 0.09534921802665242]}}"
0.45700000000000035,0.31999994150463623,0.0,0.4,0.2736775442972001,-0.010141514841472188,0.40563347923890175,"{'table_obstacle': {'pos': [0.3825981920028062, 0.37518922255766707, 0.1646257963690813], 'size': [0.049837904948193595, 0.0813235869879147, 0.05243307039854257]}, 'pillar_obstacle': {'pos': [0.39994824830915515, -0.3824307480766307, 0.23470116647765446], 'size': [0.033663755439403885, 0.20172185302840845, 0.0]}, 'small_block': {'pos': [0.6140097595303955, -0.3535133918987863, 0.1097032402875184], 'size': [0.04461973939918376, 0.0849493067344041, 0.09534921802665242]}}"
0.45800000000000035,0.31999994150463623,0.0,0.4,0.27434015005263773,-0.009991386697875377,0.4055395428165951,"{'table_obstacle': {'pos': [0.3825981920028062, 0.37518922255766707, 0.1646257963690813], 'size': [0.049837904948193595, 0.0813235869879147, 0.05243307039854257]}, 'pillar_obstacle': {'pos': [0.39994824830915515, -0.3824307480766307, 0.23470116647765446], 'size': [0.033663755439403885, 0.20172185302840845, 0.0]}, 'small_block': {'pos': [0.6140097595303955, -0.3535133918987863, 0.1097032402875184], 'size': [0.04461973939918376, 0.0849493067344041, 0.09534921802665242]}}"
0.45900000000000035,0.31999994150463623,0.0,0.4,0.2749932546320438,-0.00984356231068629,0.40544738562563576,"{'table_obstacle': {'pos': [0.3825981920028062, 0.37518922255766707, 0.1646257963690813], 'size': [0.049837904948193595, 0.0813235869879147, 0.05243307039854257]}, 'pillar_obstacle': {'pos': [0.39994824830915515, -0.3824307480766307, 0.23470116647765446], 'size': [0.033663755439403885, 0.20172185302840845, 0.0]}, 'small_block': {'pos': [0.6140097595303955, -0.3535133918987863, 0.1097032402875184], 'size': [0.04461973939918376, 0.0849493067344041, 0.09534921802665242]}}"
0.46000000000000035,0.31999994150463623,0.0,0.4,0.2756369951973465,-0.009698003750519726,0.40535696779872465,"{'table_obstacle': {'pos': [0.3825981920028062, 0.37518922255766707, 0.1646257963690813], 'size': [0.049837904948193595, 0.0813235869879147, 0.05243307039854257]}, 'pillar_obstacle': {'pos': [0.39994824830915515, -0.3824307480766307, 0.23470116647765446], 'size': [0.033663755439403885, 0.20172185302840845, 0.0]}, 'small_block': {'pos': [0.6140097595303955, -0.3535133918987863, 0.1097032402875184], 'size': [0.04461973939918376, 0.0849493067344041, 0.09534921802665242]}}"
0.46100000000000035,0.31999994150463623,0.0,0.4,0.27627150693370844,-0.009554673774888852,0.40526825049435256,"{'table_obstacle': {'pos': [0.3825981920028062, 0.37518922255766707, 0.1646257963690813], 'size': [0.049837904948193595, 0.0813235869879147, 0.05243307039854257]}, 'pillar_obstacle': {'pos': [0.39994824830915515, -0.3824307480766307, 0.23470116647765446], 'size': [0.033663755439403885, 0.20172185302840845, 0.0]}, 'small_block': {'pos': [0.6140097595303955, -0.3535133918987863, 0.1097032402875184], 'size': [0.04461973939918376, 0.0849493067344041, 0.09534921802665242]}}"
0.46200000000000035,0.31999994150463623,0.0,0.4,0.2768969230689482,-0.009413535816027113,0.4051811958751082,"{'table_obstacle': {'pos': [0.3825981920028062, 0.37518922255766707, 0.1646257963690813], 'size': [0.049837904948193595, 0.0813235869879147, 0.05243307039854257]}, 'pillar_obstacle': {'pos': [0.39994824830915515, -0.3824307480766307, 0.23470116647765446], 'size': [0.033663755439403885, 0.20172185302840845, 0.0]}, 'small_block': {'pos': [0.6140097595303955, -0.3535133918987863, 0.1097032402875184], 'size': [0.04461973939918376, 0.0849493067344041, 0.09534921802665242]}}"
0.46300000000000036,0.31999994150463623,0.0,0.4,0.2775133748949005,-0.009274553968756398,0.4050957670848206,"{'table_obstacle': {'pos': [0.3825981920028062, 0.37518922255766707, 0.1646257963690813], 'size': [0.049837904948193595, 0.0813235869879147, 0.05243307039854257]}, 'pillar_obstacle': {'pos': [0.39994824830915515, -0.3824307480766307, 0.23470116647765446], 'size': [0.033663755439403885, 0.20172185302840845, 0.0]}, 'small_block': {'pos': [0.6140097595303955, -0.3535133918987863, 0.1097032402875184], 'size': [0.04461973939918376, 0.0849493067344041, 0.09534921802665242]}}"
0.46400000000000036,0.31999994150463623,0.0,0.4,0.27812099179024846,-0.009137692978406104,0.40501192822491544,"{'table_obstacle': {'pos': [0.3825981920028062, 0.37518922255766707, 0.1646257963690813], 'size': [0.049837904948193595, 0.0813235869879147, 0.05243307039854257]}, 'pillar_obstacle': {'pos': [0.39994824830915515, -0.3824307480766307, 0.23470116647765446], 'size': [0.033663755439403885, 0.20172185302840845, 0.0]}, 'small_block': {'pos': [0.6140097595303955, -0.3535133918987863, 0.1097032402875184], 'size': [0.04461973939918376, 0.0849493067344041, 0.09534921802665242]}}"
0.46500000000000036,0.31999994150463623,0.0,0.4,0.2787199012444449,-0.009002918228798118,0.40492964433029577,"{'table_obstacle': {'pos': [0.3825981920028062, 0.37518922255766707, 0.1646257963690813], 'size': [0.049837904948193595, 0.0813235869879147, 0.05243307039854257]}, 'pillar_obstacle': {'pos': [0.39994824830915515, -0.3824307480766307, 0.23470116647765446], 'size': [0.033663755439403885, 0.20172185302840845, 0.0]}, 'small_block': {'pos': [0.6140097595303955, -0.3535133918987863, 0.1097032402875184], 'size': [0.04461973939918376, 0.0849493067344041, 0.09534921802665242]}}"
0.46600000000000036,0.31999994150463623,0.0,0.4,0.2793102288824215,-0.008870195730305099,0.4048488813449881,"{'table_obstacle': {'pos': [0.3825981920028062, 0.37518922255766707, 0.1646257963690813], 'size': [0.049837904948193595, 0.0813235869879147, 0.05243307039854257]}, 'pillar_obstacle': {'pos': [0.39994824830915515, -0.3824307480766307, 0.23470116647765446], 'size': [0.033663755439403885, 0.20172185302840845, 0.0]}, 'small_block': {'pos': [0.6140097595303955, -0.3535133918987863, 0.1097032402875184], 'size': [0.04461973939918376, 0.0849493067344041, 0.09534921802665242]}}"
0.46700000000000036,0.31999994150463623,0.0,0.4,0.27989209848983676,-0.008739492108000674,0.4047696060977575,"{'table_obstacle': {'pos': [0.3825981920028062, 0.37518922255766707, 0.1646257963690813], 'size': [0.049837904948193595, 0.0813235869879147, 0.05243307039854257]}, 'pillar_obstacle': {'pos': [0.39994824830915515, -0.3824307480766307, 0.23470116647765446], 'size': [0.033663755439403885, 0.20172185302840845, 0.0]}, 'small_block': {'pos': [0.6140097595303955, -0.3535133918987863, 0.1097032402875184], 'size': [0.04461973939918376, 0.0849493067344041, 0.09534921802665242]}}"
0.46800000000000036,0.31999994150463623,0.0,0.4,0.2804656320386689,-0.008610774589912454,0.4046917862778471,"{'table_obstacle': {'pos': [0.3825981920028062, 0.37518922255766707, 0.1646257963690813], 'size': [0.049837904948193595, 0.0813235869879147, 0.05243307039854257]}, 'pillar_obstacle': {'pos': [0.39994824830915515, -0.3824307480766307, 0.23470116647765446], 'size': [0.033663755439403885, 0.20172185302840845, 0.0]}, 'small_block': {'pos': [0.6140097595303955, -0.3535133918987863, 0.1097032402875184], 'size': [0.04461973939918376, 0.0849493067344041, 0.09534921802665242]}}"
0.46900000000000036,0.31999994150463623,0.0,0.4,0.2810309497129946,-0.00848401099539264,0.4046153904109626,"{'table_obstacle': {'pos': [0.3825981920028062, 0.37518922255766707, 0.1646257963690813], 'size': [0.049837904948193595, 0.0813235869879147, 0.05243307039854257]}, 'pillar_obstacle': {'pos': [0.39994824830915515, -0.3824307480766307, 0.23470116647765446], 'size': [0.033663755439403885, 0.20172185302840845, 0.0]}, 'small_block': {'pos': [0.6140097595303955, -0.3535133918987863, 0.1097032402875184], 'size': [0.04461973939918376, 0.0849493067344041, 0.09534921802665242]}}"
0.47000000000000036,0.31999994150463623,0.0,0.4,0.2815881699348283,-0.00835916972361858,0.4045403878356041,"{'table_obstacle': {'pos': [0.3825981920028062, 0.37518922255766707, 0.1646257963690813], 'size': [0.049837904948193595, 0.0813235869879147, 0.05243307039854257]}, 'pillar_obstacle': {'pos': [0.39994824830915515, -0.3824307480766307, 0.23470116647765446], 'size': [0.033663755439403885, 0.20172185302840845, 0.0]}, 'small_block': {'pos': [0.6140097595303955, -0.3535133918987863, 0.1097032402875184], 'size': [0.04461973939918376, 0.0849493067344041, 0.09534921802665242]}}"
0.47100000000000036,0.31999994150463623,0.0,0.4,0.28213740938992543,-0.008236219742233732,0.4044667486798147,"{'table_obstacle': {'pos': [0.3825981920028062, 0.37518922255766707, 0.1646257963690813], 'size': [0.049837904948193595, 0.0813235869879147, 0.05243307039854257]}, 'pillar_obstacle': {'pos': [0.39994824830915515, -0.3824307480766307, 0.23470116647765446], 'size': [0.033663755439403885, 0.20172185302840845, 0.0]}, 'small_block': {'pos': [0.6140097595303955, -0.3535133918987863, 0.1097032402875184], 'size': [0.04461973939918376, 0.0849493067344041, 0.09534921802665242]}}"
0.47200000000000036,0.31999994150463623,0.0,0.4,0.2826787830534633,-0.008115130576142734,0.4043944438384054,"{'table_obstacle': {'pos': [0.3825981920028062, 0.37518922255766707, 0.1646257963690813], 'size': [0.049837904948193595, 0.0813235869879147, 0.05243307039854257]}, 'pillar_obstacle': {'pos': [0.39994824830915515, -0.3824307480766307, 0.23470116647765446], 'size': [0.033663755439403885, 0.20172185302840845, 0.0]}, 'small_block': {'pos': [0.6140097595303955, -0.3535133918987863, 0.1097032402875184], 'size': [0.04461973939918376, 0.0849493067344041, 0.09534921802665242]}}"
0.47300000000000036,0.31999994150463623,0.0,0.4,0.28321240421554483,-0.007995872296465496,0.4043234449506962,"{'table_obstacle': {'pos': [0.3825981920028062, 0.37518922255766707, 0.1646257963690813], 'size': [0.049837904948193595, 0.0813235869879147, 0.05243307039854257]}, 'pillar_obstacle': {'pos': [0.39994824830915515, -0.3824307480766307, 0.23470116647765446], 'size': [0.033663755439403885, 0.20172185302840845, 0.0]}, 'small_block': {'pos': [0.6140097595303955, -0.3535133918987863, 0.1097032402875184], 'size': [0.04461973939918376, 0.0849493067344041, 0.09534921802665242]}}"
0.47400000000000037,0.31999994150463623,0.0,0.4,0.28373838450647487,-0.007878415509661726,0.40425372437880247,"{'table_obstacle': {'pos': [0.3825981920028062, 0.37518922255766707, 0.1646257963690813], 'size': [0.049837904948193595, 0.0813235869879147, 0.05243307039854257]}, 'pillar_obstacle': {'pos': [0.39994824830915515, -0.3824307480766307, 0.23470116647765446], 'size': [0.033663755439403885, 0.20172185302840845, 0.0]}, 'small_block': {'pos': [0.6140097595303955, -0.3535133918987863, 0.1097032402875184], 'size': [0.04461973939918376, 0.0849493067344041, 0.09534921802665242]}}"
0.47500000000000037,0.31999994150463623,0.0,0.4,0.28425683392176687,-0.007762731346831254,0.4041852551864876,"{'table_obstacle': {'pos': [0.3825981920028062, 0.37518922255766707, 0.1646257963690813], 'size': [0.049837904948193595, 0.0813235869879147, 0.05243307039854257]}, 'pillar_obstacle': {'pos': [0.39994824830915515, -0.3824307480766307, 0.23470116647765446], 'size': [0.033663755439403885, 0.20172185302840845, 0.0]}, 'small_block': {'pos': [0.6140097595303955, -0.3535133918987863, 0.1097032402875184], 'size': [0.04461973939918376, 0.0849493067344041, 0.09534921802665242]}}"
0.47600000000000037,0.31999994150463623,0.0,0.4,0.2847678608468597,-0.007648791453196226,0.40411801111859386,"{'table_obstacle': {'pos': [0.3825981920028062, 0.37518922255766707, 0.1646257963690813], 'size': [0.049837904948193595, 0.0813235869879147, 0.05243307039854257]}, 'pillar_obstacle': {'pos': [0.39994824830915515, -0.3824307480766307, 0.23470116647765446], 'size': [0.033663755439403885, 0.20172185302840845, 0.0]}, 'small_block': {'pos': [0.6140097595303955, -0.3535133918987863, 0.1097032402875184], 'size': [0.04461973939918376, 0.0849493067344041, 0.09534921802665242]}}"
0.47700000000000037,0.31999994150463623,0.0,0.4,0.28527157208151416,-0.007536567977768777,0.4040519665810525,"{'table_obstacle': {'pos': [0.3825981920028062, 0.37518922255766707, 0.1646257963690813], 'size': [0.049837904948193595, 0.0813235869879147, 0.05243307039854257]}, 'pillar_obstacle': {'pos': [0.39994824830915515, -0.3824307480766307, 0.23470116647765446], 'size': [0.033663755439403885, 0.20172185302840845, 0.0]}, 'small_block': {'pos': [0.6140097595303955, -0.3535133918987863, 0.1097032402875184], 'size': [0.04461973939918376, 0.0849493067344041, 0.09534921802665242]}}"
0.47800000000000037,0.31999994150463623,0.0,0.4,0.28576807286387984,-0.007426033563207969,0.4039870966214835,"{'table_obstacle': {'pos': [0.3825981920028062, 0.37518922255766707, 0.1646257963690813], 'size': [0.049837904948193595, 0.0813235869879147, 0.05243307039854257]}, 'pillar_obstacle': {'pos': [0.39994824830915515, -0.3824307480766307, 0.23470116647765446], 'size': [0.033663755439403885, 0.20172185302840845, 0.0]}, 'small_block': {'pos': [0.6140097595303955, -0.3535133918987863, 0.1097032402875184], 'size': [0.04461973939918376, 0.0849493067344041, 0.09534921802665242]}}"
0.47900000000000037,0.323999929383463,0.0,0.4,0.2862574668942197,-0.007317161335870834,0.40392337691037,"{'table_obstacle': {'pos': [0.3825981920028062, 0.37518922255766707, 0.1646257963690813], 'size': [0.049837904948193595, 0.0813235869879147, 0.05243307039854257]}, 'pillar_obstacle': {'pos': [0.39994824830915515, -0.3824307480766307, 0.23470116647765446], 'size': [0.033663755439403885, 0.20172185302840845, 0.0]}, 'small_block': {'pos': [0.6140097595303955, -0.3535133918987863, 0.1097032402875184], 'size': [0.04461973939918376, 0.0849493067344041, 0.09534921802665242]}}"
0.48000000000000037,0.323999929383463,0.0,0.4,0.28675078344379334,-0.007209907346757706,0.40386074621416035,"{'table_obstacle': {'pos': [0.3825981920028062, 0.37518922255766707, 0.1646257963690813], 'size': [0.049837904948193595, 0.0813235869879147, 0.05243307039854257]}, 'pillar_obstacle': {'pos': [0.39994824830915515, -0.3824307480766307, 0.23470116647765446], 'size': [0.033663755439403885, 0.20172185302840845, 0.0]}, 'small_block': {'pos': [0.6140097595303955, -0.3535133918987863, 0.1097032402875184], 'size': [0.04461973939918376, 0.0849493067344041, 0.09534921802665242]}}"
0.48100000000000037,0.323999929383463,0.0,0.4,0.28724588217996083,-0.007104241867942147,0.40379914975714276,"{'table_obstacle': {'pos': [0.3825981920028062, 0.37518922255766707, 0.1646257963690813], 'size': [0.049837904948193595, 0.0813235869879147, 0.05243307039854257]}, 'pillar_obstacle': {'pos': [0.39994824830915515, -0.3824307480766307, 0.23470116647765446], 'size': [0.033663755439403885, 0.20172185302840845, 0.0]}, 'small_block': {'pos': [0.6140097595303955, -0.3535133918987863, 0.1097032402875184], 'size': [0.04461973939918376, 0.0849493067344041, 0.09534921802665242]}}"
0.4820000000000004,0.323999929383463,0.0,0.4,0.28774105088793095,-0.007000138306967176,0.4037385489512078,"{'table_obstacle': {'pos': [0.3825981920028062, 0.37518922255766707, 0.1646257963690813], 'size': [0.049837904948193595, 0.0813235869879147, 0.05243307039854257]}, 'pillar_obstacle': {'pos': [0.39994824830915515, -0.3824307480766307, 0.23470116647765446], 'size': [0.033663755439403885, 0.20172185302840845, 0.0]}, 'small_block': {'pos': [0.6140097595303955, -0.3535133918987863, 0.1097032402875184], 'size': [0.04461973939918376, 0.0849493067344041, 0.09534921802665242]}}"
0.4830000000000004,0.323999929383463,0.0,0.4,0.2882349235588526,-0.006897572276920398,0.4036789165634894,"{'table_obstacle': {'pos': [0.3825981920028062, 0.37518922255766707, 0.1646257963690813], 'size': [0.049837904948193595, 0.0813235869879147, 0.05243307039854257]}, 'pillar_obstacle': {'pos': [0.39994824830915515, -0.3824307480766307, 0.23470116647765446], 'size': [0.033663755439403885, 0.20172185302840845, 0.0]}, 'small_block': {'pos': [0.6140097595303955, -0.3535133918987863, 0.1097032402875184], 'size': [0.04461973939918376, 0.0849493067344041, 0.09534921802665242]}}"
0.4840000000000004,0.323999929383463,0.0,0.4,0.28872641409991373,-0.006796520922998238,0.4036202331116508,"{'table_obstacle': {'pos': [0.3825981920028062, 0.37518922255766707, 0.1646257963690813], 'size': [0.049837904948193595, 0.0813235869879147, 0.05243307039854257]}, 'pillar_obstacle': {'pos': [0.39994824830915515, -0.3824307480766307, 0.23470116647765446], 'size': [0.033663755439403885, 0.20172185302840845, 0.0]}, 'small_block': {'pos': [0.6140097595303955, -0.3535133918987863, 0.1097032402875184], 'size': [0.04461973939918376, 0.0849493067344041, 0.09534921802665242]}}"
0.4850000000000004,0.323999929383463,0.0,0.4,0.28921466268637175,-0.006696962441410733,0.40356248421319063,"{'table_obstacle': {'pos': [0.3825981920028062, 0.37518922255766707, 0.1646257963690813], 'size': [0.049837904948193595, 0.0813235869879147, 0.05243307039854257]}, 'pillar_obstacle': {'pos': [0.39994824830915515, -0.3824307480766307, 0.23470116647765446], 'size': [0.033663755439403885, 0.20172185302840845, 0.0]}, 'small_block': {'pos': [0.6140097595303955, -0.3535133918987863, 0.1097032402875184], 'size': [0.04461973939918376, 0.0849493067344041, 0.09534921802665242]}}"
0.4860000000000004,0.323999929383463,0.0,0.4,0.28969899234465957,-0.006598875741419976,0.4035056586674155,"{'table_obstacle': {'pos': [0.3825981920028062, 0.37518922255766707, 0.1646257963690813], 'size': [0.049837904948193595, 0.0813235869879147, 0.05243307039854257]}, 'pillar_obstacle': {'pos': [0.39994824830915515, -0.3824307480766307, 0.23470116647765446], 'size': [0.033663755439403885, 0.20172185302840845, 0.0]}, 'small_block': {'pos': [0.6140097595303955, -0.3535133918987863, 0.1097032402875184], 'size': [0.04461973939918376, 0.0849493067344041, 0.09534921802665242]}}"
0.4870000000000004,0.323999929383463,0.0,0.4,0.2901788738158783,-0.006502240212981023,0.4034497470937274,"{'table_obstacle': {'pos': [0.3825981920028062, 0.37518922255766707, 0.1646257963690813], 'size': [0.049837904948193595, 0.0813235869879147, 0.05243307039854257]}, 'pillar_obstacle': {'pos': [0.39994824830915515, -0.3824307480766307, 0.23470116647765446], 'size': [0.033663755439403885, 0.20172185302840845, 0.0]}, 'small_block': {'pos': [0.6140097595303955, -0.3535133918987863, 0.1097032402875184], 'size': [0.04461973939918376, 0.0849493067344041, 0.09534921802665242]}}"
0.4880000000000004,0.323999929383463,0.0,0.4,0.29065389712115364,-0.006407035571522756,0.40339474098752537,"{'table_obstacle': {'pos': [0.3825981920028062, 0.37518922255766707, 0.1646257963690813], 'size': [0.049837904948193595, 0.0813235869879147, 0.05243307039854257]}, 'pillar_obstacle': {'pos': [0.39994824830915515, -0.3824307480766307, 0.23470116647765446], 'size': [0.033663755439403885, 0.20172185302840845, 0.0]}, 'small_block': {'pos': [0.6140097595303955, -0.3535133918987863, 0.1097032402875184], 'size': [0.04461973939918376, 0.0849493067344041, 0.09534921802665242]}}"
0.4890000000000004,0.323999929383463,0.0,0.4,0.2911237485513494,-0.006313241758419196,0.4033406320858428,"{'table_obstacle': {'pos': [0.3825981920028062, 0.37518922255766707, 0.1646257963690813], 'size': [0.049837904948193595, 0.0813235869879147, 0.05243307039854257]}, 'pillar_obstacle': {'pos': [0.39994824830915515, -0.3824307480766307, 0.23470116647765446], 'size': [0.033663755439403885, 0.20172185302840845, 0.0]}, 'small_block': {'pos': [0.6140097595303955, -0.3535133918987863, 0.1097032402875184], 'size': [0.04461973939918376, 0.0849493067344041, 0.09534921802665242]}}"
0.4900000000000004,0.323999929383463,0.0,0.4,0.29158819204721,-0.006220838881091906,0.4032874119596721,"{'table_obstacle': {'pos': [0.3825981920028062, 0.37518922255766707, 0.1646257963690813], 'size': [0.049837904948193595, 0.0813235869879147, 0.05243307039854257]}, 'pillar_obstacle': {'pos': [0.39994824830915515, -0.3824307480766307, 0.23470116647765446], 'size': [0.033663755439403885, 0.20172185302840845, 0.0]}, 'small_block': {'pos': [0.6140097595303955, -0.3535133918987863, 0.1097032402875184], 'size': [0.04461973939918376, 0.0849493067344041, 0.09534921802665242]}}"
0.4910000000000004,0.323999929383463,0.0,0.4,0.2920470541330701,-0.006129807180809194,0.40323507176968204,"{'table_obstacle': {'pos': [0.3825981920028062, 0.37518922255766707, 0.1646257963690813], 'size': [0.049837904948193595, 0.0813235869879147, 0.05243307039854257]}, 'pillar_obstacle': {'pos': [0.39994824830915515, -0.3824307480766307, 0.23470116647765446], 'size': [0.033663755439403885, 0.20172185302840845, 0.0]}, 'small_block': {'pos': [0.6140097595303955, -0.3535133918987863, 0.1097032402875184], 'size': [0.04461973939918376, 0.0849493067344041, 0.09534921802665242]}}"
0.4920000000000004,0.323999929383463,0.0,0.4,0.2925002117267793,-0.006040127019387937,0.40318360213753957,"{'table_obstacle': {'pos': [0.3825981920028062, 0.37518922255766707, 0.1646257963690813], 'size': [0.049837904948193595, 0.0813235869879147, 0.05243307039854257]}, 'pillar_obstacle': {'pos': [0.39994824830915515, -0.3824307480766307, 0.23470116647765446], 'size': [0.033663755439403885, 0.20172185302840845, 0.0]}, 'small_block': {'pos': [0.6140097595303955, -0.3535133918987863, 0.1097032402875184], 'size': [0.04461973939918376, 0.0849493067344041, 0.09534921802665242]}}"
0.4930000000000004,0.323999929383463,0.0,0.4,0.29294758227757306,-0.00595177887837993,0.4031329930971405,"{'table_obstacle': {'pos': [0.3825981920028062, 0.37518922255766707, 0.1646257963690813], 'size': [0.049837904948193595, 0.0813235869879147, 0.05243307039854257]}, 'pillar_obstacle': {'pos': [0.39994824830915515, -0.3824307480766307, 0.23470116647765446], 'size': [0.033663755439403885, 0.20172185302840845, 0.0]}, 'small_block': {'pos': [0.6140097595303955, -0.3535133918987863, 0.1097032402875184], 'size': [0.04461973939918376, 0.0849493067344041, 0.09534921802665242]}}"
0.4940000000000004,0.323999929383463,0.0,0.4,0.2933891157881046,-0.005864743366111734,0.40308323409936164,"{'table_obstacle': {'pos': [0.3825981920028062, 0.37518922255766707, 0.1646257963690813], 'size': [0.049837904948193595, 0.0813235869879147, 0.05243307039854257]}, 'pillar_obstacle': {'pos': [0.39994824830915515, -0.3824307480766307, 0.23470116647765446], 'size': [0.033663755439403885, 0.20172185302840845, 0.0]}, 'small_block': {'pos': [0.6140097595303955, -0.3535133918987863, 0.1097032402875184], 'size': [0.04461973939918376, 0.0849493067344041, 0.09534921802665242]}}"
0.4950000000000004,0.323999929383463,0.0,0.4,0.29382478836142517,-0.005779001229288016,0.4030343140510786,"{'table_obstacle': {'pos': [0.3825981920028062, 0.37518922255766707, 0.1646257963690813], 'size': [0.049837904948193595, 0.0813235869879147, 0.05243307039854257]}, 'pillar_obstacle': {'pos': [0.39994824830915515, -0.3824307480766307, 0.23470116647765446], 'size': [0.033663755439403885, 0.20172185302840845, 0.0]}, 'small_block': {'pos': [0.6140097595303955, -0.3535133918987863, 0.1097032402875184], 'size': [0.04461973939918376, 0.0849493067344041, 0.09534921802665242]}}"
0.4960000000000004,0.323999929383463,0.0,0.4,0.29425459698215406,-0.005694533366856582,0.4029862213746015,"{'table_obstacle': {'pos': [0.3825981920028062, 0.37518922255766707, 0.1646257963690813], 'size': [0.049837904948193595, 0.0813235869879147, 0.05243307039854257]}, 'pillar_obstacle': {'pos': [0.39994824830915515, -0.3824307480766307, 0.23470116647765446], 'size': [0.033663755439403885, 0.20172185302840845, 0.0]}, 'small_block': {'pos': [0.6140097595303955, -0.3535133918987863, 0.1097032402875184], 'size': [0.04461973939918376, 0.0849493067344041, 0.09534921802665242]}}"
0.4970000000000004,0.323999929383463,0.0,0.4,0.29467855529649845,-0.0056113208445701356,0.4029389440777308,"{'table_obstacle': {'pos': [0.3825981920028062, 0.37518922255766707, 0.1646257963690813], 'size': [0.049837904948193595, 0.0813235869879147, 0.05243307039854257]}, 'pillar_obstacle': {'pos': [0.39994824830915515, -0.3824307480766307, 0.23470116647765446], 'size': [0.033663755439403885, 0.20172185302840845, 0.0]}, 'small_block': {'pos': [0.6140097595303955, -0.3535133918987863, 0.1097032402875184], 'size': [0.04461973939918376, 0.0849493067344041, 0.09534921802665242]}}"
0.4980000000000004,0.323999929383463,0.0,0.4,0.2950966902006278,-0.00552934490920625,0.4028924698276802,"{'table_obstacle': {'pos': [0.3825981920028062, 0.37518922255766707, 0.1646257963690813], 'size': [0.049837904948193595, 0.0813235869879147, 0.05243307039854257]}, 'pillar_obstacle': {'pos': [0.39994824830915515, -0.3824307480766307, 0.23470116647765446], 'size': [0.033663755439403885, 0.20172185302840845, 0.0]}, 'small_block': {'pos': [0.6140097595303955, -0.3535133918987863, 0.1097032402875184], 'size': [0.04461973939918376, 0.0849493067344041, 0.09534921802665242]}}"
0.4990000000000004,0.323999929383463,0.0,0.4,0.2955090390832234,-0.00544858700179962,0.4028467860243235,"{'table_obstacle': {'pos': [0.3825981920028062, 0.37518922255766707, 0.1646257963690813], 'size': [0.049837904948193595, 0.0813235869879147, 0.05243307039854257]}, 'pillar_obstacle': {'pos': [0.39994824830915515, -0.3824307480766307, 0.23470116647765446], 'size': [0.033663755439403885, 0.20172185302840845, 0.0]}, 'small_block': {'pos': [0.6140097595303955, -0.3535133918987863, 0.1097032402875184], 'size': [0.04461973939918376, 0.0849493067344041, 0.09534921802665242]}}"
0.5000000000000003,0.323999929383463,0.0,0.4,0.2959156475974116,-0.005369028769508062,0.40280187986986743,"{'table_obstacle': {'pos': [0.3825981920028062, 0.37518922255766707, 0.1646257963690813], 'size': [0.049837904948193595, 0.0813235869879147, 0.05243307039854257]}, 'pillar_obstacle': {'pos': [0.39994824830915515, -0.3824307480766307, 0.23470116647765446], 'size': [0.033663755439403885, 0.20172185302840845, 0.0]}, 'small_block': {'pos': [0.6140097595303955, -0.3535133918987863, 0.1097032402875184], 'size': [0.04461973939918376, 0.0849493067344041, 0.09534921802665242]}}"
0.5010000000000003,0.323999929383463,0.0,0.4,0.2963165678610736,-0.005290652075929037,0.4027577384332044,"{'table_obstacle': {'pos': [0.3825981920028062, 0.37518922255766707, 0.1646257963690813], 'size': [0.049837904948193595, 0.0813235869879147, 0.05243307039854257]}, 'pillar_obstacle': {'pos': [0.39994824830915515, -0.3824307480766307, 0.23470116647765446], 'size': [0.033663755439403885, 0.20172185302840845, 0.0]}, 'small_block': {'pos': [0.6140097595303955, -0.3535133918987863, 0.1097032402875184], 'size': [0.04461973939918376, 0.0849493067344041, 0.09534921802665242]}}"
0.5020000000000003,0.323999929383463,0.0,0.4,0.2967118570037891,-0.005213439009809105,0.4027143487080359,"{'table_obstacle': {'pos': [0.3825981920028062, 0.37518922255766707, 0.1646257963690813], 'size': [0.049837904948193595, 0.0813235869879147, 0.05243307039854257]}, 'pillar_obstacle': {'pos': [0.39994824830915515, -0.3824307480766307, 0.23470116647765446], 'size': [0.033663755439403885, 0.20172185302840845, 0.0]}, 'small_block': {'pos': [0.6140097595303955, -0.3535133918987863, 0.1097032402875184], 'size': [0.04461973939918376, 0.0849493067344041, 0.09534921802665242]}}"
0.5030000000000003,0.323999929383463,0.0,0.4,0.29710157599424697,-0.005137371892182573,0.40267169766441974,"{'table_obstacle': {'pos': [0.3825981920028062, 0.37518922255766707, 0.1646257963690813], 'size': [0.049837904948193595, 0.0813235869879147, 0.05243307039854257]}, 'pillar_obstacle': {'pos': [0.39994824830915515, -0.3824307480766307, 0.23470116647765446], 'size': [0.033663755439403885, 0.20172185302840845, 0.0]}, 'small_block': {'pos': [0.6140097595303955, -0.3535133918987863, 0.1097032402875184], 'size': [0.04461973939918376, 0.0849493067344041, 0.09534921802665242]}}"
0.5040000000000003,0.323999929383463,0.0,0.4,0.29748578869458153,-0.005062433282022511,0.40262977229378416,"{'table_obstacle': {'pos': [0.3825981920028062, 0.37518922255766707, 0.1646257963690813], 'size': [0.049837904948193595, 0.0813235869879147, 0.05243307039854257]}, 'pillar_obstacle': {'pos': [0.39994824830915515, -0.3824307480766307, 0.23470116647765446], 'size': [0.033663755439403885, 0.20172185302840845, 0.0]}, 'small_block': {'pos': [0.6140097595303955, -0.3535133918987863, 0.1097032402875184], 'size': [0.04461973939918376, 0.0849493067344041, 0.09534921802665242]}}"
0.5050000000000003,0.323999929383463,0.0,0.4,0.29786456109829684,-0.004988605980521494,0.40258855964769125,"{'table_obstacle': {'pos': [0.3825981920028062, 0.37518922255766707, 0.1646257963690813], 'size': [0.049837904948193595, 0.0813235869879147, 0.05243307039854257]}, 'pillar_obstacle': {'pos': [0.39994824830915515, -0.3824307480766307, 0.23470116647765446], 'size': [0.033663755439403885, 0.20172185302840845, 0.0]}, 'small_block': {'pos': [0.6140097595303955, -0.3535133918987863, 0.1097032402875184], 'size': [0.04461973939918376, 0.0849493067344041, 0.09534921802665242]}}"
0.5060000000000003,0.323999929383463,0.0,0.4,0.29823796071671127,-0.004915873034137967,0.4025480468707874,"{'table_obstacle': {'pos': [0.3825981920028062, 0.37518922255766707, 0.1646257963690813], 'size': [0.049837904948193595, 0.0813235869879147, 0.05243307039854257]}, 'pillar_obstacle': {'pos': [0.39994824830915515, -0.3824307480766307, 0.23470116647765446], 'size': [0.033663755439403885, 0.20172185302840845, 0.0]}, 'small_block': {'pos': [0.6140097595303955, -0.3535133918987863, 0.1097032402875184], 'size': [0.04461973939918376, 0.0849493067344041, 0.09534921802665242]}}"
0.5070000000000003,0.323999929383463,0.0,0.4,0.2986060560855359,-0.004844217736544141,0.4025082212284516,"{'table_obstacle': {'pos': [0.3825981920028062, 0.37518922255766707, 0.1646257963690813], 'size': [0.049837904948193595, 0.0813235869879147, 0.05243307039854257]}, 'pillar_obstacle': {'pos': [0.39994824830915515, -0.3824307480766307, 0.23470116647765446], 'size': [0.033663755439403885, 0.20172185302840845, 0.0]}, 'small_block': {'pos': [0.6140097595303955, -0.3535133918987863, 0.1097032402875184], 'size': [0.04461973939918376, 0.0849493067344041, 0.09534921802665242]}}"
0.5080000000000003,0.323999929383463,0.0,0.4,0.2989689163686249,-0.0047736236296121075,0.4024690701296874,"{'table_obstacle': {'pos': [0.3825981920028062, 0.37518922255766707, 0.1646257963690813], 'size': [0.049837904948193595, 0.0813235869879147, 0.05243307039854257]}, 'pillar_obstacle': {'pos': [0.39994824830915515, -0.3824307480766307, 0.23470116647765446], 'size': [0.033663755439403885, 0.20172185302840845, 0.0]}, 'small_block': {'pos': [0.6140097595303955, -0.3535133918987863, 0.1097032402875184], 'size': [0.04461973939918376, 0.0849493067344041, 0.09534921802665242]}}"
0.5090000000000003,0.323999929383463,0.0,0.4,0.2993266110403081,-0.004704074503568155,0.4024305811458029,"{'table_obstacle': {'pos': [0.3825981920028062, 0.37518922255766707, 0.1646257963690813], 'size': [0.049837904948193595, 0.0813235869879147, 0.05243307039854257]}, 'pillar_obstacle': {'pos': [0.39994824830915515, -0.3824307480766307, 0.23470116647765446], 'size': [0.033663755439403885, 0.20172185302840845, 0.0]}, 'small_block': {'pos': [0.6140097595303955, -0.3535133918987863, 0.1097032402875184], 'size': [0.04461973939918376, 0.0849493067344041, 0.09534921802665242]}}"
0.5100000000000003,0.323999929383463,0.0,0.4,0.2996792096312666,-0.004635554396432482,0.40239274202539865,"{'table_obstacle': {'pos': [0.3825981920028062, 0.37518922255766707, 0.1646257963690813], 'size': [0.049837904948193595, 0.0813235869879147, 0.05243307039854257]}, 'pillar_obstacle': {'pos': [0.39994824830915515, -0.3824307480766307, 0.23470116647765446], 'size': [0.033663755439403885, 0.20172185302840845, 0.0]}, 'small_block': {'pos': [0.6140097595303955, -0.3535133918987863, 0.1097032402875184], 'size': [0.04461973939918376, 0.0849493067344041, 0.09534921802665242]}}"
0.5110000000000003,0.323999929383463,0.0,0.4,0.30002678152578066,-0.004568047592855531,0.4023555407061512,"{'table_obstacle': {'pos': [0.3825981920028062, 0.37518922255766707, 0.1646257963690813], 'size': [0.049837904948193595, 0.0813235869879147, 0.05243307039854257]}, 'pillar_obstacle': {'pos': [0.39994824830915515, -0.3824307480766307, 0.23470116647765446], 'size': [0.033663755439403885, 0.20172185302840845, 0.0]}, 'small_block': {'pos': [0.6140097595303955, -0.3535133918987863, 0.1097032402875184], 'size': [0.04461973939918376, 0.0849493067344041, 0.09534921802665242]}}"
0.5120000000000003,0.323999929383463,0.0,0.4,0.3003693958005021,-0.004501538622444977,0.40231896532383954,"{'table_obstacle': {'pos': [0.3825981920028062, 0.37518922255766707, 0.1646257963690813], 'size': [0.049837904948193595, 0.0813235869879147, 0.05243307039854257]}, 'pillar_obstacle': {'pos': [0.39994824830915515, -0.3824307480766307, 0.23470116647765446], 'size': [0.033663755439403885, 0.20172185302840845, 0.0]}, 'small_block': {'pos': [0.6140097595303955, -0.3535133918987863, 0.1097032402875184], 'size': [0.04461973939918376, 0.0849493067344041, 0.09534921802665242]}}"
0.5130000000000003,0.323999929383463,0.0,0.4,0.30070712109678466,-0.004436012257673233,0.4022830042190139,"{'table_obstacle': {'pos': [0.3825981920028062, 0.37518922255766707, 0.1646257963690813], 'size': [0.049837904948193595, 0.0813235869879147, 0.05243307039854257]}, 'pillar_obstacle': {'pos': [0.39994824830915515, -0.3824307480766307, 0.23470116647765446], 'size': [0.033663755439403885, 0.20172185302840845, 0.0]}, 'small_block': {'pos': [0.6140097595303955, -0.3535133918987863, 0.1097032402875184], 'size': [0.04461973939918376, 0.0849493067344041, 0.09534921802665242]}}"
0.5140000000000003,0.323999929383463,0.0,0.4,0.30104002552012143,-0.004371453511436281,0.402247645941664,"{'table_obstacle': {'pos': [0.3825981920028062, 0.37518922255766707, 0.1646257963690813], 'size': [0.049837904948193595, 0.0813235869879147, 0.05243307039854257]}, 'pillar_obstacle': {'pos': [0.39994824830915515, -0.3824307480766307, 0.23470116647765446], 'size': [0.033663755439403885, 0.20172185302840845, 0.0]}, 'small_block': {'pos': [0.6140097595303955, -0.3535133918987863, 0.1097032402875184], 'size': [0.04461973939918376, 0.0849493067344041, 0.09534921802665242]}}"
0.5150000000000003,0.323999929383463,0.0,0.4,0.30136817656147696,-0.0043078476343343134,0.4022128792542051,"{'table_obstacle': {'pos': [0.3825981920028062, 0.37518922255766707, 0.1646257963690813], 'size': [0.049837904948193595, 0.0813235869879147, 0.05243307039854257]}, 'pillar_obstacle': {'pos': [0.39994824830915515, -0.3824307480766307, 0.23470116647765446], 'size': [0.033663755439403885, 0.20172185302840845, 0.0]}, 'small_block': {'pos': [0.6140097595303955, -0.3535133918987863, 0.1097032402875184], 'size': [0.04461973939918376, 0.0849493067344041, 0.09534921802665242]}}"
0.5160000000000003,0.323999929383463,0.0,0.4,0.301691641036291,-0.004245180111725211,0.40217869313305005,"{'table_obstacle': {'pos': [0.3825981920028062, 0.37518922255766707, 0.1646257963690813], 'size': [0.049837904948193595, 0.0813235869879147, 0.05243307039854257]}, 'pillar_obstacle': {'pos': [0.39994824830915515, -0.3824307480766307, 0.23470116647765446], 'size': [0.033663755439403885, 0.20172185302840845, 0.0]}, 'small_block': {'pos': [0.6140097595303955, -0.3535133918987863, 0.1097032402875184], 'size': [0.04461973939918376, 0.0849493067344041, 0.09534921802665242]}}"
0.5170000000000003,0.323999929383463,0.0,0.4,0.30201048503774064,-0.00418343666060438,0.4021450767690138,"{'table_obstacle': {'pos': [0.3825981920028062, 0.37518922255766707, 0.1646257963690813], 'size': [0.049837904948193595, 0.0813235869879147, 0.05243307039854257]}, 'pillar_obstacle': {'pos': [0.39994824830915515, -0.3824307480766307, 0.23470116647765446], 'size': [0.033663755439403885, 0.20172185302840845, 0.0]}, 'small_block': {'pos': [0.6140097595303955, -0.3535133918987863, 0.1097032402875184], 'size': [0.04461973939918376, 0.0849493067344041, 0.09534921802665242]}}"
0.5180000000000003,0.323999929383463,0.0,0.4,0.30232477390150014,-0.004122603226348054,0.4021120195667447,"{'table_obstacle': {'pos': [0.3825981920028062, 0.37518922255766707, 0.1646257963690813], 'size': [0.049837904948193595, 0.0813235869879147, 0.05243307039854257]}, 'pillar_obstacle': {'pos': [0.39994824830915515, -0.3824307480766307, 0.23470116647765446], 'size': [0.033663755439403885, 0.20172185302840845, 0.0]}, 'small_block': {'pos': [0.6140097595303955, -0.3535133918987863, 0.1097032402875184], 'size': [0.04461973939918376, 0.0849493067344041, 0.09534921802665242]}}"
0.5190000000000003,0.323999929383463,0.0,0.4,0.30263457217976075,-0.004062665979357889,0.4020795111433718,"{'table_obstacle': {'pos': [0.3825981920028062, 0.37518922255766707, 0.1646257963690813], 'size': [0.049837904948193595, 0.0813235869879147, 0.05243307039854257]}, 'pillar_obstacle': {'pos': [0.39994824830915515, -0.3824307480766307, 0.23470116647765446], 'size': [0.033663755439403885, 0.20172185302840845, 0.0]}, 'small_block': {'pos': [0.6140097595303955, -0.3535133918987863, 0.1097032402875184], 'size': [0.04461973939918376, 0.0849493067344041, 0.09534921802665242]}}"
0.5200000000000004,0.323999929383463,0.0,0.4,0.3029399436227079,-0.004003611311633675,0.4020475413265026,"{'table_obstacle': {'pos': [0.3825981920028062, 0.37518922255766707, 0.1646257963690813], 'size': [0.049837904948193595, 0.0813235869879147, 0.05243307039854257]}, 'pillar_obstacle': {'pos': [0.39994824830915515, -0.3824307480766307, 0.23470116647765446], 'size': [0.033663755439403885, 0.20172185302840845, 0.0]}, 'small_block': {'pos': [0.6140097595303955, -0.3535133918987863, 0.1097032402875184], 'size': [0.04461973939918376, 0.0849493067344041, 0.09534921802665242]}}"
0.5210000000000004,0.323999929383463,0.0,0.4,0.3032409511659906,-0.003945425833301411,0.4020161001517115,"{'table_obstacle': {'pos': [0.3825981920028062, 0.37518922255766707, 0.1646257963690813], 'size': [0.049837904948193595, 0.0813235869879147, 0.05243307039854257]}, 'pillar_obstacle': {'pos': [0.39994824830915515, -0.3824307480766307, 0.23470116647765446], 'size': [0.033663755439403885, 0.20172185302840845, 0.0]}, 'small_block': {'pos': [0.6140097595303955, -0.3535133918987863, 0.1097032402875184], 'size': [0.04461973939918376, 0.0849493067344041, 0.09534921802665242]}}"
0.5220000000000004,0.323999929383463,0.0,0.4,0.30353765692300305,-0.0038880963691149692,0.40198517785961735,"{'table_obstacle': {'pos': [0.3825981920028062, 0.37518922255766707, 0.1646257963690813], 'size': [0.049837904948193595, 0.0813235869879147, 0.05243307039854257]}, 'pillar_obstacle': {'pos': [0.39994824830915515, -0.3824307480766307, 0.23470116647765446], 'size': [0.033663755439403885, 0.20172185302840845, 0.0]}, 'small_block': {'pos': [0.6140097595303955, -0.3535133918987863, 0.1097032402875184], 'size': [0.04461973939918376, 0.0849493067344041, 0.09534921802665242]}}"
0.5230000000000004,0.323999929383463,0.0,0.4,0.3038301221810227,-0.0038316099549495874,0.40195476489264176,"{'table_obstacle': {'pos': [0.3825981920028062, 0.37518922255766707, 0.1646257963690813], 'size': [0.049837904948193595, 0.0813235869879147, 0.05243307039854257]}, 'pillar_obstacle': {'pos': [0.39994824830915515, -0.3824307480766307, 0.23470116647765446], 'size': [0.033663755439403885, 0.20172185302840845, 0.0]}, 'small_block': {'pos': [0.6140097595303955, -0.3535133918987863, 0.1097032402875184], 'size': [0.04461973939918376, 0.0849493067344041, 0.09534921802665242]}}"
0.5240000000000004,0.323999929383463,0.0,0.4,0.304118407400431,-0.0037759538343008154,0.40192485189152727,"{'table_obstacle': {'pos': [0.3825981920028062, 0.37518922255766707, 0.1646257963690813], 'size': [0.049837904948193595, 0.0813235869879147, 0.05243307039854257]}, 'pillar_obstacle': {'pos': [0.39994824830915515, -0.3824307480766307, 0.23470116647765446], 'size': [0.033663755439403885, 0.20172185302840845, 0.0]}, 'small_block': {'pos': [0.6140097595303955, -0.3535133918987863, 0.1097032402875184], 'size': [0.04461973939918376, 0.0849493067344041, 0.09534921802665242]}}"
0.5250000000000004,0.323999929383463,0.0,0.4,0.30440257221639333,-0.003721115454800361,0.40189542969167313,"{'table_obstacle': {'pos': [0.3825981920028062, 0.37518922255766707, 0.1646257963690813], 'size': [0.049837904948193595, 0.0813235869879147, 0.05243307039854257]}, 'pillar_obstacle': {'pos': [0.39994824830915515, -0.3824307480766307, 0.23470116647765446], 'size': [0.033663755439403885, 0.20172185302840845, 0.0]}, 'small_block': {'pos': [0.6140097595303955, -0.3535133918987863, 0.1097032402875184], 'size': [0.04461973939918376, 0.0849493067344041, 0.09534921802665242]}}"
0.5260000000000004,0.323999929383463,0.0,0.4,0.30468267544249433,-0.0036670824647583463,0.40186648931934366,"{'table_obstacle': {'pos': [0.3825981920028062, 0.37518922255766707, 0.1646257963690813], 'size': [0.049837904948193595, 0.0813235869879147, 0.05243307039854257]}, 'pillar_obstacle': {'pos': [0.39994824830915515, -0.3824307480766307, 0.23470116647765446], 'size': [0.033663755439403885, 0.20172185302840845, 0.0]}, 'small_block': {'pos': [0.6140097595303955, -0.3535133918987863, 0.1097032402875184], 'size': [0.04461973939918376, 0.0849493067344041, 0.09534921802665242]}}"
0.5270000000000004,0.323999929383463,0.0,0.4,0.30495877507591734,-0.0036138427097386506,0.40183802198779095,"{'table_obstacle': {'pos': [0.3825981920028062, 0.37518922255766707, 0.1646257963690813], 'size': [0.049837904948193595, 0.0813235869879147, 0.05243307039854257]}, 'pillar_obstacle': {'pos': [0.39994824830915515, -0.3824307480766307, 0.23470116647765446], 'size': [0.033663755439403885, 0.20172185302840845, 0.0]}, 'small_block': {'pos': [0.6140097595303955, -0.3535133918987863, 0.1097032402875184], 'size': [0.04461973939918376, 0.0849493067344041, 0.09534921802665242]}}"
0.5280000000000004,0.323999929383463,0.0,0.4,0.30523092830384346,-0.0035613842291747004,0.40181001909332775,"{'table_obstacle': {'pos': [0.3825981920028062, 0.37518922255766707, 0.1646257963690813], 'size': [0.049837904948193595, 0.0813235869879147, 0.05243307039854257]}, 'pillar_obstacle': {'pos': [0.39994824830915515, -0.3824307480766307, 0.23470116647765446], 'size': [0.033663755439403885, 0.20172185302840845, 0.0]}, 'small_block': {'pos': [0.6140097595303955, -0.3535133918987863, 0.1097032402875184], 'size': [0.04461973939918376, 0.0849493067344041, 0.09534921802665242]}}"
0.5290000000000004,0.323999929383463,0.0,0.4,0.30549919151080107,-0.0035096952530288016,0.40178247221137964,"{'table_obstacle': {'pos': [0.3825981920028062, 0.37518922255766707, 0.1646257963690813], 'size': [0.049837904948193595, 0.0813235869879147, 0.05243307039854257]}, 'pillar_obstacle': {'pos': [0.39994824830915515, -0.3824307480766307, 0.23470116647765446], 'size': [0.033663755439403885, 0.20172185302840845, 0.0]}, 'small_block': {'pos': [0.6140097595303955, -0.3535133918987863, 0.1097032402875184], 'size': [0.04461973939918376, 0.0849493067344041, 0.09534921802665242]}}"
0.5300000000000004,0.323999929383463,0.0,0.4,0.30576362028675186,-0.003458764198499971,0.4017553730925388,"{'table_obstacle': {'pos': [0.3825981920028062, 0.37518922255766707, 0.1646257963690813], 'size': [0.049837904948193595, 0.0813235869879147, 0.05243307039854257]}, 'pillar_obstacle': {'pos': [0.39994824830915515, -0.3824307480766307, 0.23470116647765446], 'size': [0.033663755439403885, 0.20172185302840845, 0.0]}, 'small_block': {'pos': [0.6140097595303955, -0.3535133918987863, 0.1097032402875184], 'size': [0.04461973939918376, 0.0849493067344041, 0.09534921802665242]}}"
0.5310000000000004,0.323999929383463,0.0,0.4,0.306024269435741,-0.0034085796667814357,0.4017287136586395,"{'table_obstacle': {'pos': [0.3825981920028062, 0.37518922255766707, 0.1646257963690813], 'size': [0.049837904948193595, 0.0813235869879147, 0.05243307039854257]}, 'pillar_obstacle': {'pos': [0.39994824830915515, -0.3824307480766307, 0.23470116647765446], 'size': [0.033663755439403885, 0.20172185302840845, 0.0]}, 'small_block': {'pos': [0.6140097595303955, -0.3535133918987863, 0.1097032402875184], 'size': [0.04461973939918376, 0.0849493067344041, 0.09534921802665242]}}"
0.5320000000000004,0.323999929383463,0.0,0.4,0.3062811929849716,-0.0033591304398724324,0.40170248599887093,"{'table_obstacle': {'pos': [0.3825981920028062, 0.37518922255766707, 0.1646257963690813], 'size': [0.049837904948193595, 0.0813235869879147, 0.05243307039854257]}, 'pillar_obstacle': {'pos': [0.39994824830915515, -0.3824307480766307, 0.23470116647765446], 'size': [0.033663755439403885, 0.20172185302840845, 0.0]}, 'small_block': {'pos': [0.6140097595303955, -0.3535133918987863, 0.1097032402875184], 'size': [0.04461973939918376, 0.0849493067344041, 0.09534921802665242]}}"
0.5330000000000004,0.323999929383463,0.0,0.4,0.3065344441941921,-0.0033104054774416715,0.401676682365936,"{'table_obstacle': {'pos': [0.3825981920028062, 0.37518922255766707, 0.1646257963690813], 'size': [0.049837904948193595, 0.0813235869879147, 0.05243307039854257]}, 'pillar_obstacle': {'pos': [0.39994824830915515, -0.3824307480766307, 0.23470116647765446], 'size': [0.033663755439403885, 0.20172185302840845, 0.0]}, 'small_block': {'pos': [0.6140097595303955, -0.3535133918987863, 0.1097032402875184], 'size': [0.04461973939918376, 0.0849493067344041, 0.09534921802665242]}}"
0.5340000000000004,0.323999929383463,0.0,0.4,0.3067840755653034,-0.0032623939137480192,0.40165129517227116,"{'table_obstacle': {'pos': [0.3825981920028062, 0.37518922255766707, 0.1646257963690813], 'size': [0.049837904948193595, 0.0813235869879147, 0.05243307039854257]}, 'pillar_obstacle': {'pos': [0.39994824830915515, -0.3824307480766307, 0.23470116647765446], 'size': [0.033663755439403885, 0.20172185302840845, 0.0]}, 'small_block': {'pos': [0.6140097595303955, -0.3535133918987863, 0.1097032402875184], 'size': [0.04461973939918376, 0.0849493067344041, 0.09534921802665242]}}"
0.5350000000000004,0.323999929383463,0.0,0.4,0.30703013885211733,-0.003215085054614685,0.4016263169863284,"{'table_obstacle': {'pos': [0.3825981920028062, 0.37518922255766707, 0.1646257963690813], 'size': [0.049837904948193595, 0.0813235869879147, 0.05243307039854257]}, 'pillar_obstacle': {'pos': [0.39994824830915515, -0.3824307480766307, 0.23470116647765446], 'size': [0.033663755439403885, 0.20172185302840845, 0.0]}, 'small_block': {'pos': [0.6140097595303955, -0.3535133918987863, 0.1097032402875184], 'size': [0.04461973939918376, 0.0849493067344041, 0.09534921802665242]}}"
0.5360000000000004,0.323999929383463,0.0,0.4,0.30727268507020444,-0.003168468374459876,0.40160174052892883,"{'table_obstacle': {'pos': [0.3825981920028062, 0.37518922255766707, 0.1646257963690813], 'size': [0.049837904948193595, 0.0813235869879147, 0.05243307039854257]}, 'pillar_obstacle': {'pos': [0.39994824830915515, -0.3824307480766307, 0.23470116647765446], 'size': [0.033663755439403885, 0.20172185302840845, 0.0]}, 'small_block': {'pos': [0.6140097595303955, -0.3535133918987863, 0.1097032402875184], 'size': [0.04461973939918376, 0.0849493067344041, 0.09534921802665242]}}"
0.5370000000000004,0.323999929383463,0.0,0.4,0.30751176450678736,-0.003122533513381886,0.40157755866969297,"{'table_obstacle': {'pos': [0.3825981920028062, 0.37518922255766707, 0.1646257963690813], 'size': [0.049837904948193595, 0.0813235869879147, 0.05243307039854257]}, 'pillar_obstacle': {'pos': [0.39994824830915515, -0.3824307480766307, 0.23470116647765446], 'size': [0.033663755439403885, 0.20172185302840845, 0.0]}, 'small_block': {'pos': [0.6140097595303955, -0.3535133918987863, 0.1097032402875184], 'size': [0.04461973939918376, 0.0849493067344041, 0.09534921802665242]}}"
0.5380000000000004,0.323999929383463,0.0,0.4,0.3077474267306408,-0.0030772702743014258,0.40155376442354296,"{'table_obstacle': {'pos': [0.3825981920028062, 0.37518922255766707, 0.1646257963690813], 'size': [0.049837904948193595, 0.0813235869879147, 0.05243307039854257]}, 'pillar_obstacle': {'pos': [0.39994824830915515, -0.3824307480766307, 0.23470116647765446], 'size': [0.033663755439403885, 0.20172185302840845, 0.0]}, 'small_block': {'pos': [0.6140097595303955, -0.3535133918987863, 0.1097032402875184], 'size': [0.04461973939918376, 0.0849493067344041, 0.09534921802665242]}}"
0.5390000000000004,0.323999929383463,0.0,0.4,0.30797972060196865,-0.0030326686201551847,0.40153035094728895,"{'table_obstacle': {'pos': [0.3825981920028062, 0.37518922255766707, 0.1646257963690813], 'size': [0.049837904948193595, 0.0813235869879147, 0.05243307039854257]}, 'pillar_obstacle': {'pos': [0.39994824830915515, -0.3824307480766307, 0.23470116647765446], 'size': [0.033663755439403885, 0.20172185302840845, 0.0]}, 'small_block': {'pos': [0.6140097595303955, -0.3535133918987863, 0.1097032402875184], 'size': [0.04461973939918376, 0.0849493067344041, 0.09534921802665242]}}"
0.5400000000000004,0.323999929383463,0.0,0.4,0.30820869428223585,-0.002988718671145882,0.4015073115362931,"{'table_obstacle': {'pos': [0.3825981920028062, 0.37518922255766707, 0.1646257963690813], 'size': [0.049837904948193595, 0.0813235869879147, 0.05243307039854257]}, 'pillar_obstacle': {'pos': [0.39994824830915515, -0.3824307480766307, 0.23470116647765446], 'size': [0.033663755439403885, 0.20172185302840845, 0.0]}, 'small_block': {'pos': [0.6140097595303955, -0.3535133918987863, 0.1097032402875184], 'size': [0.04461973939918376, 0.0849493067344041, 0.09534921802665242]}}"
0.5410000000000004,0.323999929383463,0.0,0.4,0.3084343952439343,-0.0029454107020442876,0.4014846396212137,"{'table_obstacle': {'pos': [0.3825981920028062, 0.37518922255766707, 0.1646257963690813], 'size': [0.049837904948193595, 0.0813235869879147, 0.05243307039854257]}, 'pillar_obstacle': {'pos': [0.39994824830915515, -0.3824307480766307, 0.23470116647765446], 'size': [0.033663755439403885, 0.20172185302840845, 0.0]}, 'small_block': {'pos': [0.6140097595303955, -0.3535133918987863, 0.1097032402875184], 'size': [0.04461973939918376, 0.0849493067344041, 0.09534921802665242]}}"
0.5420000000000004,0.323999929383463,0.0,0.4,0.30865687028027156,-0.0029027351395441063,0.40146232876483073,"{'table_obstacle': {'pos': [0.3825981920028062, 0.37518922255766707, 0.1646257963690813], 'size': [0.049837904948193595, 0.0813235869879147, 0.05243307039854257]}, 'pillar_obstacle': {'pos': [0.39994824830915515, -0.3824307480766307, 0.23470116647765446], 'size': [0.033663755439403885, 0.20172185302840845, 0.0]}, 'small_block': {'pos': [0.6140097595303955, -0.3535133918987863, 0.1097032402875184], 'size': [0.04461973939918376, 0.0849493067344041, 0.09534921802665242]}}"
0.5430000000000004,0.323999929383463,0.0,0.4,0.30887616551476726,-0.0028606825596675252,0.4014403726589493,"{'table_obstacle': {'pos': [0.3825981920028062, 0.37518922255766707, 0.1646257963690813], 'size': [0.049837904948193595, 0.0813235869879147, 0.05243307039854257]}, 'pillar_obstacle': {'pos': [0.39994824830915515, -0.3824307480766307, 0.23470116647765446], 'size': [0.033663755439403885, 0.20172185302840845, 0.0]}, 'small_block': {'pos': [0.6140097595303955, -0.3535133918987863, 0.1097032402875184], 'size': [0.04461973939918376, 0.0849493067344041, 0.09534921802665242]}}"
0.5440000000000004,0.323999929383463,0.0,0.4,0.30909232641075063,-0.002819243685221677,0.40141876512138425,"{'table_obstacle': {'pos': [0.3825981920028062, 0.37518922255766707, 0.1646257963690813], 'size': [0.049837904948193595, 0.0813235869879147, 0.05243307039854257]}, 'pillar_obstacle': {'pos': [0.39994824830915515, -0.3824307480766307, 0.23470116647765446], 'size': [0.033663755439403885, 0.20172185302840845, 0.0]}, 'small_block': {'pos': [0.6140097595303955, -0.3535133918987863, 0.1097032402875184], 'size': [0.04461973939918376, 0.0849493067344041, 0.09534921802665242]}}"
0.5450000000000004,0.323999929383463,0.0,0.4,0.30930539778075233,-0.0027784093833050374,0.4013975000930191,"{'table_obstacle': {'pos': [0.3825981920028062, 0.37518922255766707, 0.1646257963690813], 'size': [0.049837904948193595, 0.0813235869879147, 0.05243307039854257]}, 'pillar_obstacle': {'pos': [0.39994824830915515, -0.3824307480766307, 0.23470116647765446], 'size': [0.033663755439403885, 0.20172185302840845, 0.0]}, 'small_block': {'pos': [0.6140097595303955, -0.3535133918987863, 0.1097032402875184], 'size': [0.04461973939918376, 0.0849493067344041, 0.09534921802665242]}}"
0.5460000000000004,0.323999929383463,0.0,0.4,0.3095154237957847,-0.002738170662861414,0.40137657163494445,"{'table_obstacle': {'pos': [0.3825981920028062, 0.37518922255766707, 0.1646257963690813], 'size': [0.049837904948193595, 0.0813235869879147, 0.05243307039854257]}, 'pillar_obstacle': {'pos': [0.39994824830915515, -0.3824307480766307, 0.23470116647765446], 'size': [0.033663755439403885, 0.20172185302840845, 0.0]}, 'small_block': {'pos': [0.6140097595303955, -0.3535133918987863, 0.1097032402875184], 'size': [0.04461973939918376, 0.0849493067344041, 0.09534921802665242]}}"
0.5470000000000004,0.323999929383463,0.0,0.4,0.30972244799450793,-0.0026985186722818877,0.4013559739256681,"{'table_obstacle': {'pos': [0.3825981920028062, 0.37518922255766707, 0.1646257963690813], 'size': [0.049837904948193595, 0.0813235869879147, 0.05243307039854257]}, 'pillar_obstacle': {'pos': [0.39994824830915515, -0.3824307480766307, 0.23470116647765446], 'size': [0.033663755439403885, 0.20172185302840845, 0.0]}, 'small_block': {'pos': [0.6140097595303955, -0.3535133918987863, 0.1097032402875184], 'size': [0.04461973939918376, 0.0849493067344041, 0.09534921802665242]}}"
0.5480000000000004,0.323999929383463,0.0,0.4,0.30992651329227894,-0.002659444697053602,0.4013357012584012,"{'table_obstacle': {'pos': [0.3825981920028062, 0.37518922255766707, 0.1646257963690813], 'size': [0.049837904948193595, 0.0813235869879147, 0.05243307039854257]}, 'pillar_obstacle': {'pos': [0.39994824830915515, -0.3824307480766307, 0.23470116647765446], 'size': [0.033663755439403885, 0.20172185302840845, 0.0]}, 'small_block': {'pos': [0.6140097595303955, -0.3535133918987863, 0.1097032402875184], 'size': [0.04461973939918376, 0.0849493067344041, 0.09534921802665242]}}"
0.5490000000000004,0.323999929383463,0.0,0.4,0.3101276619900808,-0.0026209401574534795,0.4013157480384132,"{'table_obstacle': {'pos': [0.3825981920028062, 0.37518922255766707, 0.1646257963690813], 'size': [0.049837904948193595, 0.0813235869879147, 0.05243307039854257]}, 'pillar_obstacle': {'pos': [0.39994824830915515, -0.3824307480766307, 0.23470116647765446], 'size': [0.033663755439403885, 0.20172185302840845, 0.0]}, 'small_block': {'pos': [0.6140097595303955, -0.3535133918987863, 0.1097032402875184], 'size': [0.04461973939918376, 0.0849493067344041, 0.09534921802665242]}}"
0.5500000000000004,0.323999929383463,0.0,0.4,0.31032593578333245,-0.0025829966062866,0.40129610878045785,"{'table_obstacle': {'pos': [0.3825981920028062, 0.37518922255766707, 0.1646257963690813], 'size': [0.049837904948193595, 0.0813235869879147, 0.05243307039854257]}, 'pillar_obstacle': {'pos': [0.39994824830915515, -0.3824307480766307, 0.23470116647765446], 'size': [0.033663755439403885, 0.20172185302840845, 0.0]}, 'small_block': {'pos': [0.6140097595303955, -0.3535133918987863, 0.1097032402875184], 'size': [0.04461973939918376, 0.0849493067344041, 0.09534921802665242]}}"
0.5510000000000004,0.323999929383463,0.0,0.4,0.3105213757705786,-0.0025456057266690446,0.40127677810626683,"{'table_obstacle': {'pos': [0.3825981920028062, 0.37518922255766707, 0.1646257963690813], 'size': [0.049837904948193595, 0.0813235869879147, 0.05243307039854257]}, 'pillar_obstacle': {'pos': [0.39994824830915515, -0.3824307480766307, 0.23470116647765446], 'size': [0.033663755439403885, 0.20172185302840845, 0.0]}, 'small_block': {'pos': [0.6140097595303955, -0.3535133918987863, 0.1097032402875184], 'size': [0.04461973939918376, 0.0849493067344041, 0.09534921802665242]}}"
0.5520000000000004,0.323999929383463,0.0,0.4,0.3107140224620596,-0.002508759329851458,0.4012577507421097,"{'table_obstacle': {'pos': [0.3825981920028062, 0.37518922255766707, 0.1646257963690813], 'size': [0.049837904948193595, 0.0813235869879147, 0.05243307039854257]}, 'pillar_obstacle': {'pos': [0.39994824830915515, -0.3824307480766307, 0.23470116647765446], 'size': [0.033663755439403885, 0.20172185302840845, 0.0]}, 'small_block': {'pos': [0.6140097595303955, -0.3535133918987863, 0.1097032402875184], 'size': [0.04461973939918376, 0.0849493067344041, 0.09534921802665242]}}"
0.5530000000000004,0.323999929383463,0.0,0.4,0.31090391578815996,-0.0024724493530856977,0.40123902151641766,"{'table_obstacle': {'pos': [0.3825981920028062, 0.37518922255766707, 0.1646257963690813], 'size': [0.049837904948193595, 0.0813235869879147, 0.05243307039854257]}, 'pillar_obstacle': {'pos': [0.39994824830915515, -0.3824307480766307, 0.23470116647765446], 'size': [0.033663755439403885, 0.20172185302840845, 0.0]}, 'small_block': {'pos': [0.6140097595303955, -0.3535133918987863, 0.1097032402875184], 'size': [0.04461973939918376, 0.0849493067344041, 0.09534921802665242]}}"
0.5540000000000004,0.323999929383463,0.0,0.4,0.31109109510773925,-0.0024366678575323854,0.4012205853574709,"{'table_obstacle': {'pos': [0.3825981920028062, 0.37518922255766707, 0.1646257963690813], 'size': [0.049837904948193595, 0.0813235869879147, 0.05243307039854257]}, 'pillar_obstacle': {'pos': [0.39994824830915515, -0.3824307480766307, 0.23470116647765446], 'size': [0.033663755439403885, 0.20172185302840845, 0.0]}, 'small_block': {'pos': [0.6140097595303955, -0.3535133918987863, 0.1097032402875184], 'size': [0.04461973939918376, 0.0849493067344041, 0.09534921802665242]}}"
0.5550000000000004,0.323999929383463,0.0,0.4,0.311275599216344,-0.002401407026206737,0.40120243729114524,"{'table_obstacle': {'pos': [0.3825981920028062, 0.37518922255766707, 0.1646257963690813], 'size': [0.049837904948193595, 0.0813235869879147, 0.05243307039854257]}, 'pillar_obstacle': {'pos': [0.39994824830915515, -0.3824307480766307, 0.23470116647765446], 'size': [0.033663755439403885, 0.20172185302840845, 0.0]}, 'small_block': {'pos': [0.6140097595303955, -0.3535133918987863, 0.1097032402875184], 'size': [0.04461973939918376, 0.0849493067344041, 0.09534921802665242]}}"
0.5560000000000004,0.323999929383463,0.0,0.4,0.3114574663543021,-0.0023666591619648986,0.40118457243872013,"{'table_obstacle': {'pos': [0.3825981920028062, 0.37518922255766707, 0.1646257963690813], 'size': [0.049837904948193595, 0.0813235869879147, 0.05243307039854257]}, 'pillar_obstacle': {'pos': [0.39994824830915515, -0.3824307480766307, 0.23470116647765446], 'size': [0.033663755439403885, 0.20172185302840845, 0.0]}, 'small_block': {'pos': [0.6140097595303955, -0.3535133918987863, 0.1097032402875184], 'size': [0.04461973939918376, 0.0849493067344041, 0.09534921802665242]}}"
0.5570000000000004,0.323999929383463,0.0,0.4,0.3116367342147015,-0.00233241668552703,0.4011669860147413,"{'table_obstacle': {'pos': [0.3825981920028062, 0.37518922255766707, 0.1646257963690813], 'size': [0.049837904948193595, 0.0813235869879147, 0.05243307039854257]}, 'pillar_obstacle': {'pos': [0.39994824830915515, -0.3824307480766307, 0.23470116647765446], 'size': [0.033663755439403885, 0.20172185302840845, 0.0]}, 'small_block': {'pos': [0.6140097595303955, -0.3535133918987863, 0.1097032402875184], 'size': [0.04461973939918376, 0.0849493067344041, 0.09534921802665242]}}"
0.5580000000000004,0.32799991711356463,0.0,0.4,0.311813439951254,-0.002298672133538231,0.40114967332494267,"{'table_obstacle': {'pos': [0.3825981920028062, 0.37518922255766707, 0.1646257963690813], 'size': [0.049837904948193595, 0.0813235869879147, 0.05243307039854257]}, 'pillar_obstacle': {'pos': [0.39994824830915515, -0.3824307480766307, 0.23470116647765446], 'size': [0.033663755439403885, 0.20172185302840845, 0.0]}, 'small_block': {'pos': [0.6140097595303955, -0.3535133918987863, 0.1097032402875184], 'size': [0.04461973939918376, 0.0849493067344041, 0.09534921802665242]}}"
0.5590000000000004,0.32799991711356463,0.0,0.4,0.31199854672017513,-0.0022654057137481793,0.4011326101555512,"{'table_obstacle': {'pos': [0.3825981920028062, 0.37518922255766707, 0.1646257963690813], 'size': [0.049837904948193595, 0.0813235869879147, 0.05243307039854257]}, 'pillar_obstacle': {'pos': [0.39994824830915515, -0.3824307480766307, 0.23470116647765446], 'size': [0.033663755439403885, 0.20172185302840845, 0.0]}, 'small_block': {'pos': [0.6140097595303955, -0.3535133918987863, 0.1097032402875184], 'size': [0.04461973939918376, 0.0849493067344041, 0.09534921802665242]}}"
0.5600000000000004,0.32799991711356463,0.0,0.4,0.3121898468253438,-0.0022326126233549407,0.4011157849285573,"{'table_obstacle': {'pos': [0.3825981920028062, 0.37518922255766707, 0.1646257963690813], 'size': [0.049837904948193595, 0.0813235869879147, 0.05243307039854257]}, 'pillar_obstacle': {'pos': [0.39994824830915515, -0.3824307480766307, 0.23470116647765446], 'size': [0.033663755439403885, 0.20172185302840845, 0.0]}, 'small_block': {'pos': [0.6140097595303955, -0.3535133918987863, 0.1097032402875184], 'size': [0.04461973939918376, 0.0849493067344041, 0.09534921802665242]}}"
0.5610000000000004,0.32799991711356463,0.0,0.4,0.31238556297644404,-0.002200287808183575,0.4010991899714242,"{'table_obstacle': {'pos': [0.3825981920028062, 0.37518922255766707, 0.1646257963690813], 'size': [0.049837904948193595, 0.0813235869879147, 0.05243307039854257]}, 'pillar_obstacle': {'pos': [0.39994824830915515, -0.3824307480766307, 0.23470116647765446], 'size': [0.033663755439403885, 0.20172185302840845, 0.0]}, 'small_block': {'pos': [0.6140097595303955, -0.3535133918987863, 0.1097032402875184], 'size': [0.04461973939918376, 0.0849493067344041, 0.09534921802665242]}}"
0.5620000000000004,0.32799991711356463,0.0,0.4,0.31258426593411964,-0.0021684260068088827,0.4010828204184224,"{'table_obstacle': {'pos': [0.3825981920028062, 0.37518922255766707, 0.1646257963690813], 'size': [0.049837904948193595, 0.0813235869879147, 0.05243307039854257]}, 'pillar_obstacle': {'pos': [0.39994824830915515, -0.3824307480766307, 0.23470116647765446], 'size': [0.033663755439403885, 0.20172185302840845, 0.0]}, 'small_block': {'pos': [0.6140097595303955, -0.3535133918987863, 0.1097032402875184], 'size': [0.04461973939918376, 0.0849493067344041, 0.09534921802665242]}}"
0.5630000000000004,0.32799991711356463,0.0,0.4,0.3127848078914117,-0.002137021789873049,0.40106667334022444,"{'table_obstacle': {'pos': [0.3825981920028062, 0.37518922255766707, 0.1646257963690813], 'size': [0.049837904948193595, 0.0813235869879147, 0.05243307039854257]}, 'pillar_obstacle': {'pos': [0.39994824830915515, -0.3824307480766307, 0.23470116647765446], 'size': [0.033663755439403885, 0.20172185302840845, 0.0]}, 'small_block': {'pos': [0.6140097595303955, -0.3535133918987863, 0.1097032402875184], 'size': [0.04461973939918376, 0.0849493067344041, 0.09534921802665242]}}"
0.5640000000000004,0.32799991711356463,0.0,0.4,0.31298626858488565,-0.0021060695950679115,0.4010507470741405,"{'table_obstacle': {'pos': [0.3825981920028062, 0.37518922255766707, 0.1646257963690813], 'size': [0.049837904948193595, 0.0813235869879147, 0.05243307039854257]}, 'pillar_obstacle': {'pos': [0.39994824830915515, -0.3824307480766307, 0.23470116647765446], 'size': [0.033663755439403885, 0.20172185302840845, 0.0]}, 'small_block': {'pos': [0.6140097595303955, -0.3535133918987863, 0.1097032402875184], 'size': [0.04461973939918376, 0.0849493067344041, 0.09534921802665242]}}"
0.5650000000000004,0.32799991711356463,0.0,0.4,0.31318791170330756,-0.002075563758130598,0.40103504072253093,"{'table_obstacle': {'pos': [0.3825981920028062, 0.37518922255766707, 0.1646257963690813], 'size': [0.049837904948193595, 0.0813235869879147, 0.05243307039854257]}, 'pillar_obstacle': {'pos': [0.39994824830915515, -0.3824307480766307, 0.23470116647765446], 'size': [0.033663755439403885, 0.20172185302840845, 0.0]}, 'small_block': {'pos': [0.6140097595303955, -0.3535133918987863, 0.1097032402875184], 'size': [0.04461973939918376, 0.0849493067344041, 0.09534921802665242]}}"
0.5660000000000004,0.32799991711356463,0.0,0.4,0.3133891496264075,-0.002045498540144316,0.40101955378745513,"{'table_obstacle': {'pos': [0.3825981920028062, 0.37518922255766707, 0.1646257963690813], 'size': [0.049837904948193595, 0.0813235869879147, 0.05243307039854257]}, 'pillar_obstacle': {'pos': [0.39994824830915515, -0.3824307480766307, 0.23470116647765446], 'size': [0.033663755439403885, 0.20172185302840845, 0.0]}, 'small_block': {'pos': [0.6140097595303955, -0.3535133918987863, 0.1097032402875184], 'size': [0.04461973939918376, 0.0849493067344041, 0.09534921802665242]}}"
0.5670000000000004,0.32799991711356463,0.0,0.4,0.31358951490218345,-0.0020158681514334466,0.4010042859127396,"{'table_obstacle': {'pos': [0.3825981920028062, 0.37518922255766707, 0.1646257963690813], 'size': [0.049837904948193595, 0.0813235869879147, 0.05243307039854257]}, 'pillar_obstacle': {'pos': [0.39994824830915515, -0.3824307480766307, 0.23470116647765446], 'size': [0.033663755439403885, 0.20172185302840845, 0.0]}, 'small_block': {'pos': [0.6140097595303955, -0.3535133918987863, 0.1097032402875184], 'size': [0.04461973939918376, 0.0849493067344041, 0.09534921802665242]}}"
0.5680000000000004,0.32799991711356463,0.0,0.4,0.3137886371752703,-0.0019866667723263524,0.40098923670880443,"{'table_obstacle': {'pos': [0.3825981920028062, 0.37518922255766707, 0.1646257963690813], 'size': [0.049837904948193595, 0.0813235869879147, 0.05243307039854257]}, 'pillar_obstacle': {'pos': [0.39994824830915515, -0.3824307480766307, 0.23470116647765446], 'size': [0.033663755439403885, 0.20172185302840845, 0.0]}, 'small_block': {'pos': [0.6140097595303955, -0.3535133918987863, 0.1097032402875184], 'size': [0.04461973939918376, 0.0849493067344041, 0.09534921802665242]}}"
0.5690000000000004,0.32799991711356463,0.0,0.4,0.3139862245248886,-0.0019578885710727226,0.4009744056398846,"{'table_obstacle': {'pos': [0.3825981920028062, 0.37518922255766707, 0.1646257963690813], 'size': [0.049837904948193595, 0.0813235869879147, 0.05243307039854257]}, 'pillar_obstacle': {'pos': [0.39994824830915515, -0.3824307480766307, 0.23470116647765446], 'size': [0.033663755439403885, 0.20172185302840845, 0.0]}, 'small_block': {'pos': [0.6140097595303955, -0.3535133918987863, 0.1097032402875184], 'size': [0.04461973939918376, 0.0849493067344041, 0.09534921802665242]}}"
0.5700000000000004,0.32799991711356463,0.0,0.4,0.3141820483698676,-0.001929527719194301,0.40095979195728804,"{'table_obstacle': {'pos': [0.3825981920028062, 0.37518922255766707, 0.1646257963690813], 'size': [0.049837904948193595, 0.0813235869879147, 0.05243307039854257]}, 'pillar_obstacle': {'pos': [0.39994824830915515, -0.3824307480766307, 0.23470116647765446], 'size': [0.033663755439403885, 0.20172185302840845, 0.0]}, 'small_block': {'pos': [0.6140097595303955, -0.3535133918987863, 0.1097032402875184], 'size': [0.04461973939918376, 0.0849493067344041, 0.09534921802665242]}}"
0.5710000000000004,0.32799991711356463,0.0,0.4,0.3143759312592102,-0.0019015784045388986,0.4009453946658222,"{'table_obstacle': {'pos': [0.3825981920028062, 0.37518922255766707, 0.1646257963690813], 'size': [0.049837904948193595, 0.0813235869879147, 0.05243307039854257]}, 'pillar_obstacle': {'pos': [0.39994824830915515, -0.3824307480766307, 0.23470116647765446], 'size': [0.033663755439403885, 0.20172185302840845, 0.0]}, 'small_block': {'pos': [0.6140097595303955, -0.3535133918987863, 0.1097032402875184], 'size': [0.04461973939918376, 0.0849493067344041, 0.09534921802665242]}}"
0.5720000000000004,0.32799991711356463,0.0,0.4,0.31456773699687424,-0.0018740348423030072,0.40093121251346525,"{'table_obstacle': {'pos': [0.3825981920028062, 0.37518922255766707, 0.1646257963690813], 'size': [0.049837904948193595, 0.0813235869879147, 0.05243307039854257]}, 'pillar_obstacle': {'pos': [0.39994824830915515, -0.3824307480766307, 0.23470116647765446], 'size': [0.033663755439403885, 0.20172185302840845, 0.0]}, 'small_block': {'pos': [0.6140097595303955, -0.3535133918987863, 0.1097032402875184], 'size': [0.04461973939918376, 0.0849493067344041, 0.09534921802665242]}}"
0.5730000000000004,0.32799991711356463,0.0,0.4,0.31475736265478005,-0.001846891284261852,0.4009172439967598,"{'table_obstacle': {'pos': [0.3825981920028062, 0.37518922255766707, 0.1646257963690813], 'size': [0.049837904948193595, 0.0813235869879147, 0.05243307039854257]}, 'pillar_obstacle': {'pos': [0.39994824830915515, -0.3824307480766307, 0.23470116647765446], 'size': [0.033663755439403885, 0.20172185302840845, 0.0]}, 'small_block': {'pos': [0.6140097595303955, -0.3535133918987863, 0.1097032402875184], 'size': [0.04461973939918376, 0.0849493067344041, 0.09534921802665242]}}"
0.5740000000000004,0.32799991711356463,0.0,0.4,0.3149447321132709,-0.0018201420264395932,0.4009034873763221,"{'table_obstacle': {'pos': [0.3825981920028062, 0.37518922255766707, 0.1646257963690813], 'size': [0.049837904948193595, 0.0813235869879147, 0.05243307039854257]}, 'pillar_obstacle': {'pos': [0.39994824830915515, -0.3824307480766307, 0.23470116647765446], 'size': [0.033663755439403885, 0.20172185302840845, 0.0]}, 'small_block': {'pos': [0.6140097595303955, -0.3535133918987863, 0.1097032402875184], 'size': [0.04461973939918376, 0.0849493067344041, 0.09534921802665242]}}"
0.5750000000000004,0.32799991711356463,0.0,0.4,0.3151297908371694,-0.0017937814154206676,0.400889940698374,"{'table_obstacle': {'pos': [0.3825981920028062, 0.37518922255766707, 0.1646257963690813], 'size': [0.049837904948193595, 0.0813235869879147, 0.05243307039854257]}, 'pillar_obstacle': {'pos': [0.39994824830915515, -0.3824307480766307, 0.23470116647765446], 'size': [0.033663755439403885, 0.20172185302840845, 0.0]}, 'small_block': {'pos': [0.6140097595303955, -0.3535133918987863, 0.1097032402875184], 'size': [0.04461973939918376, 0.0849493067344041, 0.09534921802665242]}}"
0.5760000000000004,0.32799991711356463,0.0,0.4,0.31531250165134883,-0.001767803853492834,0.40087660181935936,"{'table_obstacle': {'pos': [0.3825981920028062, 0.37518922255766707, 0.1646257963690813], 'size': [0.049837904948193595, 0.0813235869879147, 0.05243307039854257]}, 'pillar_obstacle': {'pos': [0.39994824830915515, -0.3824307480766307, 0.23470116647765446], 'size': [0.033663755439403885, 0.20172185302840845, 0.0]}, 'small_block': {'pos': [0.6140097595303955, -0.3535133918987863, 0.1097032402875184], 'size': [0.04461973939918376, 0.0849493067344041, 0.09534921802665242]}}"
0.5770000000000004,0.32799991711356463,0.0,0.4,0.3154928413248291,-0.0017422038027859756,0.40086346843159953,"{'table_obstacle': {'pos': [0.3825981920028062, 0.37518922255766707, 0.1646257963690813], 'size': [0.049837904948193595, 0.0813235869879147, 0.05243307039854257]}, 'pillar_obstacle': {'pos': [0.39994824830915515, -0.3824307480766307, 0.23470116647765446], 'size': [0.033663755439403885, 0.20172185302840845, 0.0]}, 'small_block': {'pos': [0.6140097595303955, -0.3535133918987863, 0.1097032402875184], 'size': [0.04461973939918376, 0.0849493067344041, 0.09534921802665242]}}"
0.5780000000000004,0.32799991711356463,0.0,0.4,0.31567079780891016,-0.0017169757885541752,0.4008505380886039,"{'table_obstacle': {'pos': [0.3825981920028062, 0.37518922255766707, 0.1646257963690813], 'size': [0.049837904948193595, 0.0813235869879147, 0.05243307039854257]}, 'pillar_obstacle': {'pos': [0.39994824830915515, -0.3824307480766307, 0.23470116647765446], 'size': [0.033663755439403885, 0.20172185302840845, 0.0]}, 'small_block': {'pos': [0.6140097595303955, -0.3535133918987863, 0.1097032402875184], 'size': [0.04461973939918376, 0.0849493067344041, 0.09534921802665242]}}"
0.5790000000000004,0.32799991711356463,0.0,0.4,0.3158463680043636,-0.0016921144017300778,0.4008378082291412,"{'table_obstacle': {'pos': [0.3825981920028062, 0.37518922255766707, 0.1646257963690813], 'size': [0.049837904948193595, 0.0813235869879147, 0.05243307039854257]}, 'pillar_obstacle': {'pos': [0.39994824830915515, -0.3824307480766307, 0.23470116647765446], 'size': [0.033663755439403885, 0.20172185302840845, 0.0]}, 'small_block': {'pos': [0.6140097595303955, -0.3535133918987863, 0.1097032402875184], 'size': [0.04461973939918376, 0.0849493067344041, 0.09534921802665242]}}"
0.5800000000000004,0.32799991711356463,0.0,0.4,0.3160195559565818,-0.001667614300863709,0.4008252761995372,"{'table_obstacle': {'pos': [0.3825981920028062, 0.37518922255766707, 0.1646257963690813], 'size': [0.049837904948193595, 0.0813235869879147, 0.05243307039854257]}, 'pillar_obstacle': {'pos': [0.39994824830915515, -0.3824307480766307, 0.23470116647765446], 'size': [0.033663755439403885, 0.20172185302840845, 0.0]}, 'small_block': {'pos': [0.6140097595303955, -0.3535133918987863, 0.1097032402875184], 'size': [0.04461973939918376, 0.0849493067344041, 0.09534921802665242]}}"
0.5810000000000004,0.32799991711356463,0.0,0.4,0.316190371396908,-0.0016434702135434283,0.4008129392739195,"{'table_obstacle': {'pos': [0.3825981920028062, 0.37518922255766707, 0.1646257963690813], 'size': [0.049837904948193595, 0.0813235869879147, 0.05243307039854257]}, 'pillar_obstacle': {'pos': [0.39994824830915515, -0.3824307480766307, 0.23470116647765446], 'size': [0.033663755439403885, 0.20172185302840845, 0.0]}, 'small_block': {'pos': [0.6140097595303955, -0.3535133918987863, 0.1097032402875184], 'size': [0.04461973939918376, 0.0849493067344041, 0.09534921802665242]}}"
0.5820000000000004,0.32799991711356463,0.0,0.4,0.3163588285639831,-0.0016196769373815736,0.4008007946723015,"{'table_obstacle': {'pos': [0.3825981920028062, 0.37518922255766707, 0.1646257963690813], 'size': [0.049837904948193595, 0.0813235869879147, 0.05243307039854257]}, 'pillar_obstacle': {'pos': [0.39994824830915515, -0.3824307480766307, 0.23470116647765446], 'size': [0.033663755439403885, 0.20172185302840845, 0.0]}, 'small_block': {'pos': [0.6140097595303955, -0.3535133918987863, 0.1097032402875184], 'size': [0.04461973939918376, 0.0849493067344041, 0.09534921802665242]}}"
0.5830000000000004,0.32799991711356463,0.0,0.4,0.3165249452515966,-0.0015962293406383095,0.4007888395765258,"{'table_obstacle': {'pos': [0.3825981920028062, 0.37518922255766707, 0.1646257963690813], 'size': [0.049837904948193595, 0.0813235869879147, 0.05243307039854257]}, 'pillar_obstacle': {'pos': [0.39994824830915515, -0.3824307480766307, 0.23470116647765446], 'size': [0.033663755439403885, 0.20172185302840845, 0.0]}, 'small_block': {'pos': [0.6140097595303955, -0.3535133918987863, 0.1097032402875184], 'size': [0.04461973939918376, 0.0849493067344041, 0.09534921802665242]}}"
0.5840000000000004,0.32799991711356463,0.0,0.4,0.3166887420397453,-0.0015731223625432055,0.4007770711441593,"{'table_obstacle': {'pos': [0.3825981920028062, 0.37518922255766707, 0.1646257963690813], 'size': [0.049837904948193595, 0.0813235869879147, 0.05243307039854257]}, 'pillar_obstacle': {'pos': [0.39994824830915515, -0.3824307480766307, 0.23470116647765446], 'size': [0.033663755439403885, 0.20172185302840845, 0.0]}, 'small_block': {'pos': [0.6140097595303955, -0.3535133918987863, 0.1097032402875184], 'size': [0.04461973939918376, 0.0849493067344041, 0.09534921802665242]}}"
0.5850000000000004,0.32799991711356463,0.0,0.4,0.316850241673884,-0.0015503510133673105,0.4007654865204792,"{'table_obstacle': {'pos': [0.3825981920028062, 0.37518922255766707, 0.1646257963690813], 'size': [0.049837904948193595, 0.0813235869879147, 0.05243307039854257]}, 'pillar_obstacle': {'pos': [0.39994824830915515, -0.3824307480766307, 0.23470116647765446], 'size': [0.033663755439403885, 0.20172185302840845, 0.0]}, 'small_block': {'pos': [0.6140097595303955, -0.3535133918987863, 0.1097032402875184], 'size': [0.04461973939918376, 0.0849493067344041, 0.09534921802665242]}}"
0.5860000000000004,0.32799991711356463,0.0,0.4,0.3170094685640327,-0.0015279103742895706,0.40075408284871866,"{'table_obstacle': {'pos': [0.3825981920028062, 0.37518922255766707, 0.1646257963690813], 'size': [0.049837904948193595, 0.0813235869879147, 0.05243307039854257]}, 'pillar_obstacle': {'pos': [0.39994824830915515, -0.3824307480766307, 0.23470116647765446], 'size': [0.033663755439403885, 0.20172185302840845, 0.0]}, 'small_block': {'pos': [0.6140097595303955, -0.3535133918987863, 0.1097032402875184], 'size': [0.04461973939918376, 0.0849493067344041, 0.09534921802665242]}}"
0.5870000000000004,0.32799991711356463,0.0,0.4,0.31716644838082697,-0.0015057955970954383,0.40074285727874426,"{'table_obstacle': {'pos': [0.3825981920028062, 0.37518922255766707, 0.1646257963690813], 'size': [0.049837904948193595, 0.0813235869879147, 0.05243307039854257]}, 'pillar_obstacle': {'pos': [0.39994824830915515, -0.3824307480766307, 0.23470116647765446], 'size': [0.033663755439403885, 0.20172185302840845, 0.0]}, 'small_block': {'pos': [0.6140097595303955, -0.3535133918987863, 0.1097032402875184], 'size': [0.04461973939918376, 0.0849493067344041, 0.09534921802665242]}}"
0.5880000000000004,0.32799991711356463,0.0,0.4,0.3173212077299712,-0.0014840019037372701,0.4007318069743432,"{'table_obstacle': {'pos': [0.3825981920028062, 0.37518922255766707, 0.1646257963690813], 'size': [0.049837904948193595, 0.0813235869879147, 0.05243307039854257]}, 'pillar_obstacle': {'pos': [0.39994824830915515, -0.3824307480766307, 0.23470116647765446], 'size': [0.033663755439403885, 0.20172185302840845, 0.0]}, 'small_block': {'pos': [0.6140097595303955, -0.3535133918987863, 0.1097032402875184], 'size': [0.04461973939918376, 0.0849493067344041, 0.09534921802665242]}}"
0.5890000000000004,0.32799991711356463,0.0,0.4,0.31747377389009973,-0.0014625245857838318,0.40072092911928564,"{'table_obstacle': {'pos': [0.3825981920028062, 0.37518922255766707, 0.1646257963690813], 'size': [0.049837904948193595, 0.0813235869879147, 0.05243307039854257]}, 'pillar_obstacle': {'pos': [0.39994824830915515, -0.3824307480766307, 0.23470116647765446], 'size': [0.033663755439403885, 0.20172185302840845, 0.0]}, 'small_block': {'pos': [0.6140097595303955, -0.3535133918987863, 0.1097032402875184], 'size': [0.04461973939918376, 0.0849493067344041, 0.09534921802665242]}}"
0.5900000000000004,0.32799991711356463,0.0,0.4,0.31762417460191356,-0.0014413590037816763,0.40071022092232256,"{'table_obstacle': {'pos': [0.3825981920028062, 0.37518922255766707, 0.1646257963690813], 'size': [0.049837904948193595, 0.0813235869879147, 0.05243307039854257]}, 'pillar_obstacle': {'pos': [0.39994824830915515, -0.3824307480766307, 0.23470116647765446], 'size': [0.033663755439403885, 0.20172185302840845, 0.0]}, 'small_block': {'pos': [0.6140097595303955, -0.3535133918987863, 0.1097032402875184], 'size': [0.04461973939918376, 0.0849493067344041, 0.09534921802665242]}}"
0.5910000000000004,0.32799991711356463,0.0,0.4,0.3177724378987798,-0.0014205005865443364,0.4006996796212594,"{'table_obstacle': {'pos': [0.3825981920028062, 0.37518922255766707, 0.1646257963690813], 'size': [0.049837904948193595, 0.0813235869879147, 0.05243307039854257]}, 'pillar_obstacle': {'pos': [0.39994824830915515, -0.3824307480766307, 0.23470116647765446], 'size': [0.033663755439403885, 0.20172185302840845, 0.0]}, 'small_block': {'pos': [0.6140097595303955, -0.3535133918987863, 0.1097032402875184], 'size': [0.04461973939918376, 0.0849493067344041, 0.09534921802665242]}}"
0.5920000000000004,0.32799991711356463,0.0,0.4,0.31791859197085587,-0.0013999448303867001,0.4006893024862379,"{'table_obstacle': {'pos': [0.3825981920028062, 0.37518922255766707, 0.1646257963690813], 'size': [0.049837904948193595, 0.0813235869879147, 0.05243307039854257]}, 'pillar_obstacle': {'pos': [0.39994824830915515, -0.3824307480766307, 0.23470116647765446], 'size': [0.033663755439403885, 0.20172185302840845, 0.0]}, 'small_block': {'pos': [0.6140097595303955, -0.3535133918987863, 0.1097032402875184], 'size': [0.04461973939918376, 0.0849493067344041, 0.09534921802665242]}}"
0.5930000000000004,0.32799991711356463,0.0,0.4,0.3180626650563171,-0.0013796872983157455,0.4006790868223411,"{'table_obstacle': {'pos': [0.3825981920028062, 0.37518922255766707, 0.1646257963690813], 'size': [0.049837904948193595, 0.0813235869879147, 0.05243307039854257]}, 'pillar_obstacle': {'pos': [0.39994824830915515, -0.3824307480766307, 0.23470116647765446], 'size': [0.033663755439403885, 0.20172185302840845, 0.0]}, 'small_block': {'pos': [0.6140097595303955, -0.3535133918987863, 0.1097032402875184], 'size': [0.04461973939918376, 0.0849493067344041, 0.09534921802665242]}}"
0.5940000000000004,0.32799991711356463,0.0,0.4,0.318204685354493,-0.0013597236191899291,0.4006690299716205,"{'table_obstacle': {'pos': [0.3825981920028062, 0.37518922255766707, 0.1646257963690813], 'size': [0.049837904948193595, 0.0813235869879147, 0.05243307039854257]}, 'pillar_obstacle': {'pos': [0.39994824830915515, -0.3824307480766307, 0.23470116647765446], 'size': [0.033663755439403885, 0.20172185302840845, 0.0]}, 'small_block': {'pos': [0.6140097595303955, -0.3535133918987863, 0.1097032402875184], 'size': [0.04461973939918376, 0.0849493067344041, 0.09534921802665242]}}"
0.5950000000000004,0.32799991711356463,0.0,0.4,0.31834468095671004,-0.0013400494868529467,0.4006591293146394,"{'table_obstacle': {'pos': [0.3825981920028062, 0.37518922255766707, 0.1646257963690813], 'size': [0.049837904948193595, 0.0813235869879147, 0.05243307039854257]}, 'pillar_obstacle': {'pos': [0.39994824830915515, -0.3824307480766307, 0.23470116647765446], 'size': [0.033663755439403885, 0.20172185302840845, 0.0]}, 'small_block': {'pos': [0.6140097595303955, -0.3535133918987863, 0.1097032402875184], 'size': [0.04461973939918376, 0.0849493067344041, 0.09534921802665242]}}"
0.5960000000000004,0.32799991711356463,0.0,0.4,0.3184826797914452,-0.0013206606592519271,0.40064938227160474,"{'table_obstacle': {'pos': [0.3825981920028062, 0.37518922255766707, 0.1646257963690813], 'size': [0.049837904948193595, 0.0813235869879147, 0.05243307039854257]}, 'pillar_obstacle': {'pos': [0.39994824830915515, -0.3824307480766307, 0.23470116647765446], 'size': [0.033663755439403885, 0.20172185302840845, 0.0]}, 'small_block': {'pos': [0.6140097595303955, -0.3535133918987863, 0.1097032402875184], 'size': [0.04461973939918376, 0.0849493067344041, 0.09534921802665242]}}"
0.5970000000000004,0.32799991711356463,0.0,0.4,0.31861870958103544,-0.0013015529575438668,0.4006397863031567,"{'table_obstacle': {'pos': [0.3825981920028062, 0.37518922255766707, 0.1646257963690813], 'size': [0.049837904948193595, 0.0813235869879147, 0.05243307039854257]}, 'pillar_obstacle': {'pos': [0.39994824830915515, -0.3824307480766307, 0.23470116647765446], 'size': [0.033663755439403885, 0.20172185302840845, 0.0]}, 'small_block': {'pos': [0.6140097595303955, -0.3535133918987863, 0.1097032402875184], 'size': [0.04461973939918376, 0.0849493067344041, 0.09534921802665242]}}"
0.5980000000000004,0.32799991711356463,0.0,0.4,0.3187527978077243,-0.0012827222651970018,0.40063033891087424,"{'table_obstacle': {'pos': [0.3825981920028062, 0.37518922255766707, 0.1646257963690813], 'size': [0.049837904948193595, 0.0813235869879147, 0.05243307039854257]}, 'pillar_obstacle': {'pos': [0.39994824830915515, -0.3824307480766307, 0.23470116647765446], 'size': [0.033663755439403885, 0.20172185302840845, 0.0]}, 'small_block': {'pos': [0.6140097595303955, -0.3535133918987863, 0.1097032402875184], 'size': [0.04461973939918376, 0.0849493067344041, 0.09534921802665242]}}"
0.5990000000000004,0.32799991711356463,0.0,0.4,0.3188849716872455,-0.001264164527088305,0.40062103763754026,"{'table_obstacle': {'pos': [0.3825981920028062, 0.37518922255766707, 0.1646257963690813], 'size': [0.049837904948193595, 0.0813235869879147, 0.05243307039854257]}, 'pillar_obstacle': {'pos': [0.39994824830915515, -0.3824307480766307, 0.23470116647765446], 'size': [0.033663755439403885, 0.20172185302840845, 0.0]}, 'small_block': {'pos': [0.6140097595303955, -0.3535133918987863, 0.1097032402875184], 'size': [0.04461973939918376, 0.0849493067344041, 0.09534921802665242]}}"
0.6000000000000004,0.32799991711356463,0.0,0.4,0.31901525814848697,-0.0012458757486028611,0.4006118800672154,"{'table_obstacle': {'pos': [0.3825981920028062, 0.37518922255766707, 0.1646257963690813], 'size': [0.049837904948193595, 0.0813235869879147, 0.05243307039854257]}, 'pillar_obstacle': {'pos': [0.39994824830915515, -0.3824307480766307, 0.23470116647765446], 'size': [0.033663755439403885, 0.20172185302840845, 0.0]}, 'small_block': {'pos': [0.6140097595303955, -0.3535133918987863, 0.1097032402875184], 'size': [0.04461973939918376, 0.0849493067344041, 0.09534921802665242]}}"
0.6010000000000004,0.32799991711356463,0.0,0.4,0.3191436838180606,-0.0012278519947366048,0.4006028638251483,"{'table_obstacle': {'pos': [0.3825981920028062, 0.37518922255766707, 0.1646257963690813], 'size': [0.049837904948193595, 0.0813235869879147, 0.05243307039854257]}, 'pillar_obstacle': {'pos': [0.39994824830915515, -0.3824307480766307, 0.23470116647765446], 'size': [0.033663755439403885, 0.20172185302840845, 0.0]}, 'small_block': {'pos': [0.6140097595303955, -0.3535133918987863, 0.1097032402875184], 'size': [0.04461973939918376, 0.0849493067344041, 0.09534921802665242]}}"
0.6020000000000004,0.32799991711356463,0.0,0.4,0.31927027500882477,-0.0012100893892043382,0.4005939865775578,"{'table_obstacle': {'pos': [0.3825981920028062, 0.37518922255766707, 0.1646257963690813], 'size': [0.049837904948193595, 0.0813235869879147, 0.05243307039854257]}, 'pillar_obstacle': {'pos': [0.39994824830915515, -0.3824307480766307, 0.23470116647765446], 'size': [0.033663755439403885, 0.20172185302840845, 0.0]}, 'small_block': {'pos': [0.6140097595303955, -0.3535133918987863, 0.1097032402875184], 'size': [0.04461973939918376, 0.0849493067344041, 0.09534921802665242]}}"
0.6030000000000004,0.32799991711356463,0.0,0.4,0.3193950577115916,-0.001192584113554838,0.40058524603130785,"{'table_obstacle': {'pos': [0.3825981920028062, 0.37518922255766707, 0.1646257963690813], 'size': [0.049837904948193595, 0.0813235869879147, 0.05243307039854257]}, 'pillar_obstacle': {'pos': [0.39994824830915515, -0.3824307480766307, 0.23470116647765446], 'size': [0.033663755439403885, 0.20172185302840845, 0.0]}, 'small_block': {'pos': [0.6140097595303955, -0.3535133918987863, 0.1097032402875184], 'size': [0.04461973939918376, 0.0849493067344041, 0.09534921802665242]}}"
0.6040000000000004,0.32799991711356463,0.0,0.4,0.3195180575893935,-0.001175332406294541,0.4005766399334987,"{'table_obstacle': {'pos': [0.3825981920028062, 0.37518922255766707, 0.1646257963690813], 'size': [0.049837904948193595, 0.0813235869879147, 0.05243307039854257]}, 'pillar_obstacle': {'pos': [0.39994824830915515, -0.3824307480766307, 0.23470116647765446], 'size': [0.033663755439403885, 0.20172185302840845, 0.0]}, 'small_block': {'pos': [0.6140097595303955, -0.3535133918987863, 0.1097032402875184], 'size': [0.04461973939918376, 0.0849493067344041, 0.09534921802665242]}}"
0.6050000000000004,0.32799991711356463,0.0,0.4,0.3196392999738098,-0.0011583305620210403,0.40056816607098955,"{'table_obstacle': {'pos': [0.3825981920028062, 0.37518922255766707, 0.1646257963690813], 'size': [0.049837904948193595, 0.0813235869879147, 0.05243307039854257]}, 'pillar_obstacle': {'pos': [0.39994824830915515, -0.3824307480766307, 0.23470116647765446], 'size': [0.033663755439403885, 0.20172185302840845, 0.0]}, 'small_block': {'pos': [0.6140097595303955, -0.3535133918987863, 0.1097032402875184], 'size': [0.04461973939918376, 0.0849493067344041, 0.09534921802665242]}}"
0.6060000000000004,0.32799991711356463,0.0,0.4,0.3197588098629421,-0.001141574930565715,0.4005598222698712,"{'table_obstacle': {'pos': [0.3825981920028062, 0.37518922255766707, 0.1646257963690813], 'size': [0.049837904948193595, 0.0813235869879147, 0.05243307039854257]}, 'pillar_obstacle': {'pos': [0.39994824830915515, -0.3824307480766307, 0.23470116647765446], 'size': [0.033663755439403885, 0.20172185302840845, 0.0]}, 'small_block': {'pos': [0.6140097595303955, -0.3535133918987863, 0.1097032402875184], 'size': [0.04461973939918376, 0.0849493067344041, 0.09534921802665242]}}"
0.6070000000000004,0.32799991711356463,0.0,0.4,0.3198766119207125,-0.0011250619161486358,0.400551606394895,"{'table_obstacle': {'pos': [0.3825981920028062, 0.37518922255766707, 0.1646257963690813], 'size': [0.049837904948193595, 0.0813235869879147, 0.05243307039854257]}, 'pillar_obstacle': {'pos': [0.39994824830915515, -0.3824307480766307, 0.23470116647765446], 'size': [0.033663755439403885, 0.20172185302840845, 0.0]}, 'small_block': {'pos': [0.6140097595303955, -0.3535133918987863, 0.1097032402875184], 'size': [0.04461973939918376, 0.0849493067344041, 0.09534921802665242]}}"
0.6080000000000004,0.32799991711356463,0.0,0.4,0.31999273047721843,-0.001108787976544095,0.4005435163488732,"{'table_obstacle': {'pos': [0.3825981920028062, 0.37518922255766707, 0.1646257963690813], 'size': [0.049837904948193595, 0.0813235869879147, 0.05243307039854257]}, 'pillar_obstacle': {'pos': [0.39994824830915515, -0.3824307480766307, 0.23470116647765446], 'size': [0.033663755439403885, 0.20172185302840845, 0.0]}, 'small_block': {'pos': [0.6140097595303955, -0.3535133918987863, 0.1097032402875184], 'size': [0.04461973939918376, 0.0849493067344041, 0.09534921802665242]}}"
0.6090000000000004,0.32799991711356463,0.0,0.4,0.32010718952992673,-0.0010927496222577938,0.4005355500720576,"{'table_obstacle': {'pos': [0.3825981920028062, 0.37518922255766707, 0.1646257963690813], 'size': [0.049837904948193595, 0.0813235869879147, 0.05243307039854257]}, 'pillar_obstacle': {'pos': [0.39994824830915515, -0.3824307480766307, 0.23470116647765446], 'size': [0.033663755439403885, 0.20172185302840845, 0.0]}, 'small_block': {'pos': [0.6140097595303955, -0.3535133918987863, 0.1097032402875184], 'size': [0.04461973939918376, 0.0849493067344041, 0.09534921802665242]}}"
0.6100000000000004,0.32799991711356463,0.0,0.4,0.32022001274553663,-0.00107694341571588,0.4005277055414997,"{'table_obstacle': {'pos': [0.3825981920028062, 0.37518922255766707, 0.1646257963690813], 'size': [0.049837904948193595, 0.0813235869879147, 0.05243307039854257]}, 'pillar_obstacle': {'pos': [0.39994824830915515, -0.3824307480766307, 0.23470116647765446], 'size': [0.033663755439403885, 0.20172185302840845, 0.0]}, 'small_block': {'pos': [0.6140097595303955, -0.3535133918987863, 0.1097032402875184], 'size': [0.04461973939918376, 0.0849493067344041, 0.09534921802665242]}}"
0.6110000000000004,0.32799991711356463,0.0,0.4,0.32033122346236814,-0.0010613659704660932,0.4005199807704053,"{'table_obstacle': {'pos': [0.3825981920028062, 0.37518922255766707, 0.1646257963690813], 'size': [0.049837904948193595, 0.0813235869879147, 0.05243307039854257]}, 'pillar_obstacle': {'pos': [0.39994824830915515, -0.3824307480766307, 0.23470116647765446], 'size': [0.033663755439403885, 0.20172185302840845, 0.0]}, 'small_block': {'pos': [0.6140097595303955, -0.3535133918987863, 0.1097032402875184], 'size': [0.04461973939918376, 0.0849493067344041, 0.09534921802665242]}}"
0.6120000000000004,0.32799991711356463,0.0,0.4,0.3204408446931644,-0.0010460139503912903,0.40051237380748117,"{'table_obstacle': {'pos': [0.3825981920028062, 0.37518922255766707, 0.1646257963690813], 'size': [0.049837904948193595, 0.0813235869879147, 0.05243307039854257]}, 'pillar_obstacle': {'pos': [0.39994824830915515, -0.3824307480766307, 0.23470116647765446], 'size': [0.033663755439403885, 0.20172185302840845, 0.0]}, 'small_block': {'pos': [0.6140097595303955, -0.3535133918987863, 0.1097032402875184], 'size': [0.04461973939918376, 0.0849493067344041, 0.09534921802665242]}}"
0.6130000000000004,0.32799991711356463,0.0,0.4,0.32054889912821766,-0.0010308840689347005,0.40050488273628043,"{'table_obstacle': {'pos': [0.3825981920028062, 0.37518922255766707, 0.1646257963690813], 'size': [0.049837904948193595, 0.0813235869879147, 0.05243307039854257]}, 'pillar_obstacle': {'pos': [0.39994824830915515, -0.3824307480766307, 0.23470116647765446], 'size': [0.033663755439403885, 0.20172185302840845, 0.0]}, 'small_block': {'pos': [0.6140097595303955, -0.3535133918987863, 0.1097032402875184], 'size': [0.04461973939918376, 0.0849493067344041, 0.09534921802665242]}}"
0.6140000000000004,0.32799991711356463,0.0,0.4,0.3206554091387411,-0.0010159730883367102,0.40049750567454967,"{'table_obstacle': {'pos': [0.3825981920028062, 0.37518922255766707, 0.1646257963690813], 'size': [0.049837904948193595, 0.0813235869879147, 0.05243307039854257]}, 'pillar_obstacle': {'pos': [0.39994824830915515, -0.3824307480766307, 0.23470116647765446], 'size': [0.033663755439403885, 0.20172185302840845, 0.0]}, 'small_block': {'pos': [0.6140097595303955, -0.3535133918987863, 0.1097032402875184], 'size': [0.04461973939918376, 0.0849493067344041, 0.09534921802665242]}}"
0.6150000000000004,0.32799991711356463,0.0,0.4,0.32076039678043,-0.0010012778188853598,0.40049024077358036,"{'table_obstacle': {'pos': [0.3825981920028062, 0.37518922255766707, 0.1646257963690813], 'size': [0.049837904948193595, 0.0813235869879147, 0.05243307039854257]}, 'pillar_obstacle': {'pos': [0.39994824830915515, -0.3824307480766307, 0.23470116647765446], 'size': [0.033663755439403885, 0.20172185302840845, 0.0]}, 'small_block': {'pos': [0.6140097595303955, -0.3535133918987863, 0.1097032402875184], 'size': [0.04461973939918376, 0.0849493067344041, 0.09534921802665242]}}"
0.6160000000000004,0.32799991711356463,0.0,0.4,0.32086388379716535,-0.0009867951181766167,0.4004830862175658,"{'table_obstacle': {'pos': [0.3825981920028062, 0.37518922255766707, 0.1646257963690813], 'size': [0.049837904948193595, 0.0813235869879147, 0.05243307039854257]}, 'pillar_obstacle': {'pos': [0.39994824830915515, -0.3824307480766307, 0.23470116647765446], 'size': [0.033663755439403885, 0.20172185302840845, 0.0]}, 'small_block': {'pos': [0.6140097595303955, -0.3535133918987863, 0.1097032402875184], 'size': [0.04461973939918376, 0.0849493067344041, 0.09534921802665242]}}"
0.6170000000000004,0.32799991711356463,0.0,0.4,0.3209658916248162,-0.0009725218903884059,0.40047604022296385,"{'table_obstacle': {'pos': [0.3825981920028062, 0.37518922255766707, 0.1646257963690813], 'size': [0.049837904948193595, 0.0813235869879147, 0.05243307039854257]}, 'pillar_obstacle': {'pos': [0.39994824830915515, -0.3824307480766307, 0.23470116647765446], 'size': [0.033663755439403885, 0.20172185302840845, 0.0]}, 'small_block': {'pos': [0.6140097595303955, -0.3535133918987863, 0.1097032402875184], 'size': [0.04461973939918376, 0.0849493067344041, 0.09534921802665242]}}"
0.6180000000000004,0.32799991711356463,0.0,0.4,0.32106644139511636,-0.000958455085564623,0.4004691010378725,"{'table_obstacle': {'pos': [0.3825981920028062, 0.37518922255766707, 0.1646257963690813], 'size': [0.049837904948193595, 0.0813235869879147, 0.05243307039854257]}, 'pillar_obstacle': {'pos': [0.39994824830915515, -0.3824307480766307, 0.23470116647765446], 'size': [0.033663755439403885, 0.20172185302840845, 0.0]}, 'small_block': {'pos': [0.6140097595303955, -0.3535133918987863, 0.1097032402875184], 'size': [0.04461973939918376, 0.0849493067344041, 0.09534921802665242]}}"
0.6190000000000004,0.32799991711356463,0.0,0.4,0.3211655539395841,-0.0009445916989116594,0.40046226694140896,"{'table_obstacle': {'pos': [0.3825981920028062, 0.37518922255766707, 0.1646257963690813], 'size': [0.049837904948193595, 0.0813235869879147, 0.05243307039854257]}, 'pillar_obstacle': {'pos': [0.39994824830915515, -0.3824307480766307, 0.23470116647765446], 'size': [0.033663755439403885, 0.20172185302840845, 0.0]}, 'small_block': {'pos': [0.6140097595303955, -0.3535133918987863, 0.1097032402875184], 'size': [0.04461973939918376, 0.0849493067344041, 0.09534921802665242]}}"
0.6200000000000004,0.32799991711356463,0.0,0.4,0.3212632497934693,-0.0009309287701065311,0.4004555362431036,"{'table_obstacle': {'pos': [0.3825981920028062, 0.37518922255766707, 0.1646257963690813], 'size': [0.049837904948193595, 0.0813235869879147, 0.05243307039854257]}, 'pillar_obstacle': {'pos': [0.39994824830915515, -0.3824307480766307, 0.23470116647765446], 'size': [0.033663755439403885, 0.20172185302840845, 0.0]}, 'small_block': {'pos': [0.6140097595303955, -0.3535133918987863, 0.1097032402875184], 'size': [0.04461973939918376, 0.0849493067344041, 0.09534921802665242]}}"
0.6210000000000004,0.32799991711356463,0.0,0.4,0.32135954919971055,-0.0009174633826148803,0.400448907282302,"{'table_obstacle': {'pos': [0.3825981920028062, 0.37518922255766707, 0.1646257963690813], 'size': [0.049837904948193595, 0.0813235869879147, 0.05243307039854257]}, 'pillar_obstacle': {'pos': [0.39994824830915515, -0.3824307480766307, 0.23470116647765446], 'size': [0.033663755439403885, 0.20172185302840845, 0.0]}, 'small_block': {'pos': [0.6140097595303955, -0.3535133918987863, 0.1097032402875184], 'size': [0.04461973939918376, 0.0849493067344041, 0.09534921802665242]}}"
0.6220000000000004,0.32799991711356463,0.0,0.4,0.3214544721128874,-0.0009041926630214499,0.400442378427579,"{'table_obstacle': {'pos': [0.3825981920028062, 0.37518922255766707, 0.1646257963690813], 'size': [0.049837904948193595, 0.0813235869879147, 0.05243307039854257]}, 'pillar_obstacle': {'pos': [0.39994824830915515, -0.3824307480766307, 0.23470116647765446], 'size': [0.033663755439403885, 0.20172185302840845, 0.0]}, 'small_block': {'pos': [0.6140097595303955, -0.3535133918987863, 0.1097032402875184], 'size': [0.04461973939918376, 0.0849493067344041, 0.09534921802665242]}}"
0.6230000000000004,0.32799991711356463,0.0,0.4,0.32154803820316186,-0.0008911137803711219,0.40043594807616356,"{'table_obstacle': {'pos': [0.3825981920028062, 0.37518922255766707, 0.1646257963690813], 'size': [0.049837904948193595, 0.0813235869879147, 0.05243307039854257]}, 'pillar_obstacle': {'pos': [0.39994824830915515, -0.3824307480766307, 0.23470116647765446], 'size': [0.033663755439403885, 0.20172185302840845, 0.0]}, 'small_block': {'pos': [0.6140097595303955, -0.3535133918987863, 0.1097032402875184], 'size': [0.04461973939918376, 0.0849493067344041, 0.09534921802665242]}}"
0.6240000000000004,0.32799991711356463,0.0,0.4,0.3216402668601971,-0.0008782239455191806,0.4004296146533755,"{'table_obstacle': {'pos': [0.3825981920028062, 0.37518922255766707, 0.1646257963690813], 'size': [0.049837904948193595, 0.0813235869879147, 0.05243307039854257]}, 'pillar_obstacle': {'pos': [0.39994824830915515, -0.3824307480766307, 0.23470116647765446], 'size': [0.033663755439403885, 0.20172185302840845, 0.0]}, 'small_block': {'pos': [0.6140097595303955, -0.3535133918987863, 0.1097032402875184], 'size': [0.04461973939918376, 0.0849493067344041, 0.09534921802665242]}}"
0.6250000000000004,0.32799991711356463,0.0,0.4,0.32173117719704747,-0.0008655204104944058,0.4004233766120724,"{'table_obstacle': {'pos': [0.3825981920028062, 0.37518922255766707, 0.1646257963690813], 'size': [0.049837904948193595, 0.0813235869879147, 0.05243307039854257]}, 'pillar_obstacle': {'pos': [0.39994824830915515, -0.3824307480766307, 0.23470116647765446], 'size': [0.033663755439403885, 0.20172185302840845, 0.0]}, 'small_block': {'pos': [0.6140097595303955, -0.3535133918987863, 0.1097032402875184], 'size': [0.04461973939918376, 0.0849493067344041, 0.09534921802665242]}}"
0.6260000000000004,0.32799991711356463,0.0,0.4,0.3218207880540183,-0.0008530004678709629,0.40041723243210947,"{'table_obstacle': {'pos': [0.3825981920028062, 0.37518922255766707, 0.1646257963690813], 'size': [0.049837904948193595, 0.0813235869879147, 0.05243307039854257]}, 'pillar_obstacle': {'pos': [0.39994824830915515, -0.3824307480766307, 0.23470116647765446], 'size': [0.033663755439403885, 0.20172185302840845, 0.0]}, 'small_block': {'pos': [0.6140097595303955, -0.3535133918987863, 0.1097032402875184], 'size': [0.04461973939918376, 0.0849493067344041, 0.09534921802665242]}}"
0.6270000000000004,0.32799991711356463,0.0,0.4,0.32190911800248634,-0.0008406614501506589,0.40041118061980946,"{'table_obstacle': {'pos': [0.3825981920028062, 0.37518922255766707, 0.1646257963690813], 'size': [0.049837904948193595, 0.0813235869879147, 0.05243307039854257]}, 'pillar_obstacle': {'pos': [0.39994824830915515, -0.3824307480766307, 0.23470116647765446], 'size': [0.033663755439403885, 0.20172185302840845, 0.0]}, 'small_block': {'pos': [0.6140097595303955, -0.3535133918987863, 0.1097032402875184], 'size': [0.04461973939918376, 0.0849493067344041, 0.09534921802665242]}}"
0.6280000000000004,0.32799991711356463,0.0,0.4,0.32199618534868224,-0.0008285007291553932,0.4004052197074441,"{'table_obstacle': {'pos': [0.3825981920028062, 0.37518922255766707, 0.1646257963690813], 'size': [0.049837904948193595, 0.0813235869879147, 0.05243307039854257]}, 'pillar_obstacle': {'pos': [0.39994824830915515, -0.3824307480766307, 0.23470116647765446], 'size': [0.033663755439403885, 0.20172185302840845, 0.0]}, 'small_block': {'pos': [0.6140097595303955, -0.3535133918987863, 0.1097032402875184], 'size': [0.04461973939918376, 0.0849493067344041, 0.09534921802665242]}}"
0.6290000000000004,0.32799991711356463,0.0,0.4,0.3220820081374298,-0.0008165157154294995,0.40039934825272794,"{'table_obstacle': {'pos': [0.3825981920028062, 0.37518922255766707, 0.1646257963690813], 'size': [0.049837904948193595, 0.0813235869879147, 0.05243307039854257]}, 'pillar_obstacle': {'pos': [0.39994824830915515, -0.3824307480766307, 0.23470116647765446], 'size': [0.033663755439403885, 0.20172185302840845, 0.0]}, 'small_block': {'pos': [0.6140097595303955, -0.3535133918987863, 0.1097032402875184], 'size': [0.04461973939918376, 0.0849493067344041, 0.09534921802665242]}}"
0.6300000000000004,0.32799991711356463,0.0,0.4,0.3221666041558425,-0.0008047038576517463,0.4003935648383209,"{'table_obstacle': {'pos': [0.3825981920028062, 0.37518922255766707, 0.1646257963690813], 'size': [0.049837904948193595, 0.0813235869879147, 0.05243307039854257]}, 'pillar_obstacle': {'pos': [0.39994824830915515, -0.3824307480766307, 0.23470116647765446], 'size': [0.033663755439403885, 0.20172185302840845, 0.0]}, 'small_block': {'pos': [0.6140097595303955, -0.3535133918987863, 0.1097032402875184], 'size': [0.04461973939918376, 0.0849493067344041, 0.09534921802665242]}}"
0.6310000000000004,0.32799991711356463,0.0,0.4,0.3222499909369741,-0.0007930626420561076,0.4003878680713424,"{'table_obstacle': {'pos': [0.3825981920028062, 0.37518922255766707, 0.1646257963690813], 'size': [0.049837904948193595, 0.0813235869879147, 0.05243307039854257]}, 'pillar_obstacle': {'pos': [0.39994824830915515, -0.3824307480766307, 0.23470116647765446], 'size': [0.033663755439403885, 0.20172185302840845, 0.0]}, 'small_block': {'pos': [0.6140097595303955, -0.3535133918987863, 0.1097032402875184], 'size': [0.04461973939918376, 0.0849493067344041, 0.09534921802665242]}}"
0.6320000000000005,0.32799991711356463,0.0,0.4,0.3223321857634238,-0.0007815895918630562,0.4003822565828981,"{'table_obstacle': {'pos': [0.3825981920028062, 0.37518922255766707, 0.1646257963690813], 'size': [0.049837904948193595, 0.0813235869879147, 0.05243307039854257]}, 'pillar_obstacle': {'pos': [0.39994824830915515, -0.3824307480766307, 0.23470116647765446], 'size': [0.033663755439403885, 0.20172185302840845, 0.0]}, 'small_block': {'pos': [0.6140097595303955, -0.3535133918987863, 0.1097032402875184], 'size': [0.04461973939918376, 0.0849493067344041, 0.09534921802665242]}}"
0.6330000000000005,0.32799991711356463,0.0,0.4,0.3224132056708955,-0.00077028226671901,0.4003767290276128,"{'table_obstacle': {'pos': [0.3825981920028062, 0.37518922255766707, 0.1646257963690813], 'size': [0.049837904948193595, 0.0813235869879147, 0.05243307039854257]}, 'pillar_obstacle': {'pos': [0.39994824830915515, -0.3824307480766307, 0.23470116647765446], 'size': [0.033663755439403885, 0.20172185302840845, 0.0]}, 'small_block': {'pos': [0.6140097595303955, -0.3535133918987863, 0.1097032402875184], 'size': [0.04461973939918376, 0.0849493067344041, 0.09534921802665242]}}"
0.6340000000000005,0.32799991711356463,0.0,0.4,0.3224930674517079,-0.0007591382621451573,0.40037128408317846,"{'table_obstacle': {'pos': [0.3825981920028062, 0.37518922255766707, 0.1646257963690813], 'size': [0.049837904948193595, 0.0813235869879147, 0.05243307039854257]}, 'pillar_obstacle': {'pos': [0.39994824830915515, -0.3824307480766307, 0.23470116647765446], 'size': [0.033663755439403885, 0.20172185302840845, 0.0]}, 'small_block': {'pos': [0.6140097595303955, -0.3535133918987863, 0.1097032402875184], 'size': [0.04461973939918376, 0.0849493067344041, 0.09534921802665242]}}"
0.6350000000000005,0.32799991711356463,0.0,0.4,0.322571787658262,-0.0007481552089949296,0.4003659204499075,"{'table_obstacle': {'pos': [0.3825981920028062, 0.37518922255766707, 0.1646257963690813], 'size': [0.049837904948193595, 0.0813235869879147, 0.05243307039854257]}, 'pillar_obstacle': {'pos': [0.39994824830915515, -0.3824307480766307, 0.23470116647765446], 'size': [0.033663755439403885, 0.20172185302840845, 0.0]}, 'small_block': {'pos': [0.6140097595303955, -0.3535133918987863, 0.1097032402875184], 'size': [0.04461973939918376, 0.0849493067344041, 0.09534921802665242]}}"
0.6360000000000005,0.32799991711356463,0.0,0.4,0.3226493826064566,-0.0007373307729205527,0.4003606368502986,"{'table_obstacle': {'pos': [0.3825981920028062, 0.37518922255766707, 0.1646257963690813], 'size': [0.049837904948193595, 0.0813235869879147, 0.05243307039854257]}, 'pillar_obstacle': {'pos': [0.39994824830915515, -0.3824307480766307, 0.23470116647765446], 'size': [0.033663755439403885, 0.20172185302840845, 0.0]}, 'small_block': {'pos': [0.6140097595303955, -0.3535133918987863, 0.1097032402875184], 'size': [0.04461973939918376, 0.0849493067344041, 0.09534921802665242]}}"
0.6370000000000005,0.32799991711356463,0.0,0.4,0.3227258683790619,-0.0007266626538477552,0.4003554320286124,"{'table_obstacle': {'pos': [0.3825981920028062, 0.37518922255766707, 0.1646257963690813], 'size': [0.049837904948193595, 0.0813235869879147, 0.05243307039854257]}, 'pillar_obstacle': {'pos': [0.39994824830915515, -0.3824307480766307, 0.23470116647765446], 'size': [0.033663755439403885, 0.20172185302840845, 0.0]}, 'small_block': {'pos': [0.6140097595303955, -0.3535133918987863, 0.1097032402875184], 'size': [0.04461973939918376, 0.0849493067344041, 0.09534921802665242]}}"
0.6380000000000005,0.3319999046912462,0.0,0.4,0.32280126082904276,-0.0007161485854582672,0.4003503047504541,"{'table_obstacle': {'pos': [0.3825981920028062, 0.37518922255766707, 0.1646257963690813], 'size': [0.049837904948193595, 0.0813235869879147, 0.05243307039854257]}, 'pillar_obstacle': {'pos': [0.39994824830915515, -0.3824307480766307, 0.23470116647765446], 'size': [0.033663755439403885, 0.20172185302840845, 0.0]}, 'small_block': {'pos': [0.6140097595303955, -0.3535133918987863, 0.1097032402875184], 'size': [0.04461973939918376, 0.0849493067344041, 0.09534921802665242]}}"
0.6390000000000005,0.3319999046912462,0.0,0.4,0.3228865013586256,-0.0007057750959659102,0.40034523750969536,"{'table_obstacle': {'pos': [0.3825981920028062, 0.37518922255766707, 0.1646257963690813], 'size': [0.049837904948193595, 0.0813235869879147, 0.05243307039854257]}, 'pillar_obstacle': {'pos': [0.39994824830915515, -0.3824307480766307, 0.23470116647765446], 'size': [0.033663755439403885, 0.20172185302840845, 0.0]}, 'small_block': {'pos': [0.6140097595303955, -0.3535133918987863, 0.1097032402875184], 'size': [0.04461973939918376, 0.0849493067344041, 0.09534921802665242]}}"
0.6400000000000005,0.3319999046912462,0.0,0.4,0.32297936179919334,-0.000695543907466783,0.40034022953372594,"{'table_obstacle': {'pos': [0.3825981920028062, 0.37518922255766707, 0.1646257963690813], 'size': [0.049837904948193595, 0.0813235869879147, 0.05243307039854257]}, 'pillar_obstacle': {'pos': [0.39994824830915515, -0.3824307480766307, 0.23470116647765446], 'size': [0.033663755439403885, 0.20172185302840845, 0.0]}, 'small_block': {'pos': [0.6140097595303955, -0.3535133918987863, 0.1097032402875184], 'size': [0.04461973939918376, 0.0849493067344041, 0.09534921802665242]}}"
0.6410000000000005,0.3319999046912462,0.0,0.4,0.3230780446289326,-0.0006854556950182445,0.4003352804525326,"{'table_obstacle': {'pos': [0.3825981920028062, 0.37518922255766707, 0.1646257963690813], 'size': [0.049837904948193595, 0.0813235869879147, 0.05243307039854257]}, 'pillar_obstacle': {'pos': [0.39994824830915515, -0.3824307480766307, 0.23470116647765446], 'size': [0.033663755439403885, 0.20172185302840845, 0.0]}, 'small_block': {'pos': [0.6140097595303955, -0.3535133918987863, 0.1097032402875184], 'size': [0.04461973939918376, 0.0849493067344041, 0.09534921802665242]}}"
0.6420000000000005,0.3319999046912462,0.0,0.4,0.32318110063124333,-0.0006755103584201381,0.4003303902685414,"{'table_obstacle': {'pos': [0.3825981920028062, 0.37518922255766707, 0.1646257963690813], 'size': [0.049837904948193595, 0.0813235869879147, 0.05243307039854257]}, 'pillar_obstacle': {'pos': [0.39994824830915515, -0.3824307480766307, 0.23470116647765446], 'size': [0.033663755439403885, 0.20172185302840845, 0.0]}, 'small_block': {'pos': [0.6140097595303955, -0.3535133918987863, 0.1097032402875184], 'size': [0.04461973939918376, 0.0849493067344041, 0.09534921802665242]}}"
0.6430000000000005,0.3319999046912462,0.0,0.4,0.3232873622825531,-0.0006657072283842693,0.40032555927083546,"{'table_obstacle': {'pos': [0.3825981920028062, 0.37518922255766707, 0.1646257963690813], 'size': [0.049837904948193595, 0.0813235869879147, 0.05243307039854257]}, 'pillar_obstacle': {'pos': [0.39994824830915515, -0.3824307480766307, 0.23470116647765446], 'size': [0.033663755439403885, 0.20172185302840845, 0.0]}, 'small_block': {'pos': [0.6140097595303955, -0.3535133918987863, 0.1097032402875184], 'size': [0.04461973939918376, 0.0849493067344041, 0.09534921802665242]}}"
0.6440000000000005,0.3319999046912462,0.0,0.4,0.3233958898658576,-0.0006560452225031911,0.4003207879353903,"{'table_obstacle': {'pos': [0.3825981920028062, 0.37518922255766707, 0.1646257963690813], 'size': [0.049837904948193595, 0.0813235869879147, 0.05243307039854257]}, 'pillar_obstacle': {'pos': [0.39994824830915515, -0.3824307480766307, 0.23470116647765446], 'size': [0.033663755439403885, 0.20172185302840845, 0.0]}, 'small_block': {'pos': [0.6140097595303955, -0.3535133918987863, 0.1097032402875184], 'size': [0.04461973939918376, 0.0849493067344041, 0.09534921802665242]}}"
0.6450000000000005,0.3319999046912462,0.0,0.4,0.32350592787956595,-0.0006465229628561459,0.40031607683224285,"{'table_obstacle': {'pos': [0.3825981920028062, 0.37518922255766707, 0.1646257963690813], 'size': [0.049837904948193595, 0.0813235869879147, 0.05243307039854257]}, 'pillar_obstacle': {'pos': [0.39994824830915515, -0.3824307480766307, 0.23470116647765446], 'size': [0.033663755439403885, 0.20172185302840845, 0.0]}, 'small_block': {'pos': [0.6140097595303955, -0.3535133918987863, 0.1097032402875184], 'size': [0.04461973939918376, 0.0849493067344041, 0.09534921802665242]}}"
0.6460000000000005,0.3319999046912462,0.0,0.4,0.32361686977517923,-0.0006371388643400037,0.4003114265485828,"{'table_obstacle': {'pos': [0.3825981920028062, 0.37518922255766707, 0.1646257963690813], 'size': [0.049837904948193595, 0.0813235869879147, 0.05243307039854257]}, 'pillar_obstacle': {'pos': [0.39994824830915515, -0.3824307480766307, 0.23470116647765446], 'size': [0.033663755439403885, 0.20172185302840845, 0.0]}, 'small_block': {'pos': [0.6140097595303955, -0.3535133918987863, 0.1097032402875184], 'size': [0.04461973939918376, 0.0849493067344041, 0.09534921802665242]}}"
0.6470000000000005,0.3319999046912462,0.0,0.4,0.323728229432812,-0.0006278912007032449,0.40030683763019054,"{'table_obstacle': {'pos': [0.3825981920028062, 0.37518922255766707, 0.1646257963690813], 'size': [0.049837904948193595, 0.0813235869879147, 0.05243307039854257]}, 'pillar_obstacle': {'pos': [0.39994824830915515, -0.3824307480766307, 0.23470116647765446], 'size': [0.033663755439403885, 0.20172185302840845, 0.0]}, 'small_block': {'pos': [0.6140097595303955, -0.3535133918987863, 0.1097032402875184], 'size': [0.04461973939918376, 0.0849493067344041, 0.09534921802665242]}}"
0.6480000000000005,0.3319999046912462,0.0,0.4,0.3238396180873933,-0.0006187781536382368,0.40030231054026894,"{'table_obstacle': {'pos': [0.3825981920028062, 0.37518922255766707, 0.1646257963690813], 'size': [0.049837904948193595, 0.0813235869879147, 0.05243307039854257]}, 'pillar_obstacle': {'pos': [0.39994824830915515, -0.3824307480766307, 0.23470116647765446], 'size': [0.033663755439403885, 0.20172185302840845, 0.0]}, 'small_block': {'pos': [0.6140097595303955, -0.3535133918987863, 0.1097032402875184], 'size': [0.04461973939918376, 0.0849493067344041, 0.09534921802665242]}}"
0.6490000000000005,0.3319999046912462,0.0,0.4,0.32395072566422156,-0.0006097978490316234,0.4002978456332177,"{'table_obstacle': {'pos': [0.3825981920028062, 0.37518922255766707, 0.1646257963690813], 'size': [0.049837904948193595, 0.0813235869879147, 0.05243307039854257]}, 'pillar_obstacle': {'pos': [0.39994824830915515, -0.3824307480766307, 0.23470116647765446], 'size': [0.033663755439403885, 0.20172185302840845, 0.0]}, 'small_block': {'pos': [0.6140097595303955, -0.3535133918987863, 0.1097032402875184], 'size': [0.04461973939918376, 0.0849493067344041, 0.09534921802665242]}}"
0.6500000000000005,0.3319999046912462,0.0,0.4,0.3240613056814572,-0.0006009483835153687,0.4002934431404213,"{'table_obstacle': {'pos': [0.3825981920028062, 0.37518922255766707, 0.1646257963690813], 'size': [0.049837904948193595, 0.0813235869879147, 0.05243307039854257]}, 'pillar_obstacle': {'pos': [0.39994824830915515, -0.3824307480766307, 0.23470116647765446], 'size': [0.033663755439403885, 0.20172185302840845, 0.0]}, 'small_block': {'pos': [0.6140097595303955, -0.3535133918987863, 0.1097032402875184], 'size': [0.04461973939918376, 0.0849493067344041, 0.09534921802665242]}}"
0.6510000000000005,0.3319999046912462,0.0,0.4,0.32417116303805704,-0.0005922278437154367,0.4002891031652057,"{'table_obstacle': {'pos': [0.3825981920028062, 0.37518922255766707, 0.1646257963690813], 'size': [0.049837904948193595, 0.0813235869879147, 0.05243307039854257]}, 'pillar_obstacle': {'pos': [0.39994824830915515, -0.3824307480766307, 0.23470116647765446], 'size': [0.033663755439403885, 0.20172185302840845, 0.0]}, 'small_block': {'pos': [0.6140097595303955, -0.3535133918987863, 0.1097032402875184], 'size': [0.04461973939918376, 0.0849493067344041, 0.09534921802665242]}}"
0.6520000000000005,0.3319999046912462,0.0,0.4,0.32428014413585027,-0.0005836343200309313,0.4002848256844531,"{'table_obstacle': {'pos': [0.3825981920028062, 0.37518922255766707, 0.1646257963690813], 'size': [0.049837904948193595, 0.0813235869879147, 0.05243307039854257]}, 'pillar_obstacle': {'pos': [0.39994824830915515, -0.3824307480766307, 0.23470116647765446], 'size': [0.033663755439403885, 0.20172185302840845, 0.0]}, 'small_block': {'pos': [0.6140097595303955, -0.3535133918987863, 0.1097032402875184], 'size': [0.04461973939918376, 0.0849493067344041, 0.09534921802665242]}}"
0.6530000000000005,0.3319999046912462,0.0,0.4,0.3243881288897789,-0.0005751659163316595,0.4002806105547905,"{'table_obstacle': {'pos': [0.3825981920028062, 0.37518922255766707, 0.1646257963690813], 'size': [0.049837904948193595, 0.0813235869879147, 0.05243307039854257]}, 'pillar_obstacle': {'pos': [0.39994824830915515, -0.3824307480766307, 0.23470116647765446], 'size': [0.033663755439403885, 0.20172185302840845, 0.0]}, 'small_block': {'pos': [0.6140097595303955, -0.3535133918987863, 0.1097032402875184], 'size': [0.04461973939918376, 0.0849493067344041, 0.09534921802665242]}}"
0.6540000000000005,0.3319999046912462,0.0,0.4,0.32449502426552884,-0.0005668207566336419,0.4002764575216967,"{'table_obstacle': {'pos': [0.3825981920028062, 0.37518922255766707, 0.1646257963690813], 'size': [0.049837904948193595, 0.0813235869879147, 0.05243307039854257]}, 'pillar_obstacle': {'pos': [0.39994824830915515, -0.3824307480766307, 0.23470116647765446], 'size': [0.033663755439403885, 0.20172185302840845, 0.0]}, 'small_block': {'pos': [0.6140097595303955, -0.3535133918987863, 0.1097032402875184], 'size': [0.04461973939918376, 0.0849493067344041, 0.09534921802665242]}}"
0.6550000000000005,0.3319999046912462,0.0,0.4,0.3246007590527148,-0.0005585969895489459,0.4002723662302638,"{'table_obstacle': {'pos': [0.3825981920028062, 0.37518922255766707, 0.1646257963690813], 'size': [0.049837904948193595, 0.0813235869879147, 0.05243307039854257]}, 'pillar_obstacle': {'pos': [0.39994824830915515, -0.3824307480766307, 0.23470116647765446], 'size': [0.033663755439403885, 0.20172185302840845, 0.0]}, 'small_block': {'pos': [0.6140097595303955, -0.3535133918987863, 0.1097032402875184], 'size': [0.04461973939918376, 0.0849493067344041, 0.09534921802665242]}}"
0.6560000000000005,0.3319999046912462,0.0,0.4,0.3247052796375306,-0.0005504927911127364,0.40026833623667807,"{'table_obstacle': {'pos': [0.3825981920028062, 0.37518922255766707, 0.1646257963690813], 'size': [0.049837904948193595, 0.0813235869879147, 0.05243307039854257]}, 'pillar_obstacle': {'pos': [0.39994824830915515, -0.3824307480766307, 0.23470116647765446], 'size': [0.033663755439403885, 0.20172185302840845, 0.0]}, 'small_block': {'pos': [0.6140097595303955, -0.3535133918987863, 0.1097032402875184], 'size': [0.04461973939918376, 0.0849493067344041, 0.09534921802665242]}}"
0.6570000000000005,0.3319999046912462,0.0,0.4,0.32480854658389463,-0.000542506366438351,0.4002643670197547,"{'table_obstacle': {'pos': [0.3825981920028062, 0.37518922255766707, 0.1646257963690813], 'size': [0.049837904948193595, 0.0813235869879147, 0.05243307039854257]}, 'pillar_obstacle': {'pos': [0.39994824830915515, -0.3824307480766307, 0.23470116647765446], 'size': [0.033663755439403885, 0.20172185302840845, 0.0]}, 'small_block': {'pos': [0.6140097595303955, -0.3535133918987863, 0.1097032402875184], 'size': [0.04461973939918376, 0.0849493067344041, 0.09534921802665242]}}"
0.6580000000000005,0.3319999046912462,0.0,0.4,0.32491053186860336,-0.0005346359505386257,0.400260457992075,"{'table_obstacle': {'pos': [0.3825981920028062, 0.37518922255766707, 0.1646257963690813], 'size': [0.049837904948193595, 0.0813235869879147, 0.05243307039854257]}, 'pillar_obstacle': {'pos': [0.39994824830915515, -0.3824307480766307, 0.23470116647765446], 'size': [0.033663755439403885, 0.20172185302840845, 0.0]}, 'small_block': {'pos': [0.6140097595303955, -0.3535133918987863, 0.1097032402875184], 'size': [0.04461973939918376, 0.0849493067344041, 0.09534921802665242]}}"
0.6590000000000005,0.3319999046912462,0.0,0.4,0.32501121664552346,-0.0005268798085612906,0.4002566085104386,"{'table_obstacle': {'pos': [0.3825981920028062, 0.37518922255766707, 0.1646257963690813], 'size': [0.049837904948193595, 0.0813235869879147, 0.05243307039854257]}, 'pillar_obstacle': {'pos': [0.39994824830915515, -0.3824307480766307, 0.23470116647765446], 'size': [0.033663755439403885, 0.20172185302840845, 0.0]}, 'small_block': {'pos': [0.6140097595303955, -0.3535133918987863, 0.1097032402875184], 'size': [0.04461973939918376, 0.0849493067344041, 0.09534921802665242]}}"
0.6600000000000005,0.3319999046912462,0.0,0.4,0.32511058943773374,-0.0005192362356261234,0.4002528178854575,"{'table_obstacle': {'pos': [0.3825981920028062, 0.37518922255766707, 0.1646257963690813], 'size': [0.049837904948193595, 0.0813235869879147, 0.05243307039854257]}, 'pillar_obstacle': {'pos': [0.39994824830915515, -0.3824307480766307, 0.23470116647765446], 'size': [0.033663755439403885, 0.20172185302840845, 0.0]}, 'small_block': {'pos': [0.6140097595303955, -0.3535133918987863, 0.1097032402875184], 'size': [0.04461973939918376, 0.0849493067344041, 0.09534921802665242]}}"
0.6610000000000005,0.3319999046912462,0.0,0.4,0.32520864467584115,-0.0005117035563955303,0.4002490853902192,"{'table_obstacle': {'pos': [0.3825981920028062, 0.37518922255766707, 0.1646257963690813], 'size': [0.049837904948193595, 0.0813235869879147, 0.05243307039854257]}, 'pillar_obstacle': {'pos': [0.39994824830915515, -0.3824307480766307, 0.23470116647765446], 'size': [0.033663755439403885, 0.20172185302840845, 0.0]}, 'small_block': {'pos': [0.6140097595303955, -0.3535133918987863, 0.1097032402875184], 'size': [0.04461973939918376, 0.0849493067344041, 0.09534921802665242]}}"
0.6620000000000005,0.3319999046912462,0.0,0.4,0.3253053815163175,-0.0005042801244780623,0.4002454102679953,"{'table_obstacle': {'pos': [0.3825981920028062, 0.37518922255766707, 0.1646257963690813], 'size': [0.049837904948193595, 0.0813235869879147, 0.05243307039854257]}, 'pillar_obstacle': {'pos': [0.39994824830915515, -0.3824307480766307, 0.23470116647765446], 'size': [0.033663755439403885, 0.20172185302840845, 0.0]}, 'small_block': {'pos': [0.6140097595303955, -0.3535133918987863, 0.1097032402875184], 'size': [0.04461973939918376, 0.0849493067344041, 0.09534921802665242]}}"
0.6630000000000005,0.3319999046912462,0.0,0.4,0.3254008028863514,-0.0004969643217336664,0.4002417917390222,"{'table_obstacle': {'pos': [0.3825981920028062, 0.37518922255766707, 0.1646257963690813], 'size': [0.049837904948193595, 0.0813235869879147, 0.05243307039854257]}, 'pillar_obstacle': {'pos': [0.39994824830915515, -0.3824307480766307, 0.23470116647765446], 'size': [0.033663755439403885, 0.20172185302840845, 0.0]}, 'small_block': {'pos': [0.6140097595303955, -0.3535133918987863, 0.1097032402875184], 'size': [0.04461973939918376, 0.0849493067344041, 0.09534921802665242]}}"
0.6640000000000005,0.3319999046912462,0.0,0.4,0.3254949147119206,-0.0004897545575303631,0.4002382290064071,"{'table_obstacle': {'pos': [0.3825981920028062, 0.37518922255766707, 0.1646257963690813], 'size': [0.049837904948193595, 0.0813235869879147, 0.05243307039854257]}, 'pillar_obstacle': {'pos': [0.39994824830915515, -0.3824307480766307, 0.23470116647765446], 'size': [0.033663755439403885, 0.20172185302840845, 0.0]}, 'small_block': {'pos': [0.6140097595303955, -0.3535133918987863, 0.1097032402875184], 'size': [0.04461973939918376, 0.0849493067344041, 0.09534921802665242]}}"
0.6650000000000005,0.3319999046912462,0.0,0.4,0.3255877252940752,-0.00048264926798602425,0.4002347212612231,"{'table_obstacle': {'pos': [0.3825981920028062, 0.37518922255766707, 0.1646257963690813], 'size': [0.049837904948193595, 0.0813235869879147, 0.05243307039854257]}, 'pillar_obstacle': {'pos': [0.39994824830915515, -0.3824307480766307, 0.23470116647765446], 'size': [0.033663755439403885, 0.20172185302840845, 0.0]}, 'small_block': {'pos': [0.6140097595303955, -0.3535133918987863, 0.1097032402875184], 'size': [0.04461973939918376, 0.0849493067344041, 0.09534921802665242]}}"
0.6660000000000005,0.3319999046912462,0.0,0.4,0.3256792448051027,-0.00047564691521716354,0.40023126768687,"{'table_obstacle': {'pos': [0.3825981920028062, 0.37518922255766707, 0.1646257963690813], 'size': [0.049837904948193595, 0.0813235869879147, 0.05243307039854257]}, 'pillar_obstacle': {'pos': [0.39994824830915515, -0.3824307480766307, 0.23470116647765446], 'size': [0.033663755439403885, 0.20172185302840845, 0.0]}, 'small_block': {'pos': [0.6140097595303955, -0.3535133918987863, 0.1097032402875184], 'size': [0.04461973939918376, 0.0849493067344041, 0.09534921802665242]}}"
0.6670000000000005,0.3319999046912462,0.0,0.4,0.3257694848816599,-0.0004687459866100918,0.40022786746277667,"{'table_obstacle': {'pos': [0.3825981920028062, 0.37518922255766707, 0.1646257963690813], 'size': [0.049837904948193595, 0.0813235869879147, 0.05243307039854257]}, 'pillar_obstacle': {'pos': [0.39994824830915515, -0.3824307480766307, 0.23470116647765446], 'size': [0.033663755439403885, 0.20172185302840845, 0.0]}, 'small_block': {'pos': [0.6140097595303955, -0.3535133918987863, 0.1097032402875184], 'size': [0.04461973939918376, 0.0849493067344041, 0.09534921802665242]}}"
0.6680000000000005,0.3319999046912462,0.0,0.4,0.3258584582963397,-0.000461944994123284,0.4002245197675243,"{'table_obstacle': {'pos': [0.3825981920028062, 0.37518922255766707, 0.1646257963690813], 'size': [0.049837904948193595, 0.0813235869879147, 0.05243307039854257]}, 'pillar_obstacle': {'pos': [0.39994824830915515, -0.3824307480766307, 0.23470116647765446], 'size': [0.033663755439403885, 0.20172185302840845, 0.0]}, 'small_block': {'pos': [0.6140097595303955, -0.3535133918987863, 0.1097032402875184], 'size': [0.04461973939918376, 0.0849493067344041, 0.09534921802665242]}}"
0.6690000000000005,0.3319999046912462,0.0,0.4,0.3259461786926749,-0.0004552424736244662,0.40022122378145825,"{'table_obstacle': {'pos': [0.3825981920028062, 0.37518922255766707, 0.1646257963690813], 'size': [0.049837904948193595, 0.0813235869879147, 0.05243307039854257]}, 'pillar_obstacle': {'pos': [0.39994824830915515, -0.3824307480766307, 0.23470116647765446], 'size': [0.033663755439403885, 0.20172185302840845, 0.0]}, 'small_block': {'pos': [0.6140097595303955, -0.3535133918987863, 0.1097032402875184], 'size': [0.04461973939918376, 0.0849493067344041, 0.09534921802665242]}}"
0.6700000000000005,0.3319999046912462,0.0,0.4,0.32603266037145023,-0.0004486369842660002,0.40021797868885545,"{'table_obstacle': {'pos': [0.3825981920028062, 0.37518922255766707, 0.1646257963690813], 'size': [0.049837904948193595, 0.0813235869879147, 0.05243307039854257]}, 'pillar_obstacle': {'pos': [0.39994824830915515, -0.3824307480766307, 0.23470116647765446], 'size': [0.033663755439403885, 0.20172185302840845, 0.0]}, 'small_block': {'pos': [0.6140097595303955, -0.3535133918987863, 0.1097032402875184], 'size': [0.04461973939918376, 0.0849493067344041, 0.09534921802665242]}}"
0.6710000000000005,0.3319999046912462,0.0,0.4,0.32611791811851404,-0.00044212710789681296,0.4002147836797129,"{'table_obstacle': {'pos': [0.3825981920028062, 0.37518922255766707, 0.1646257963690813], 'size': [0.049837904948193595, 0.0813235869879147, 0.05243307039854257]}, 'pillar_obstacle': {'pos': [0.39994824830915515, -0.3824307480766307, 0.23470116647765446], 'size': [0.033663755439403885, 0.20172185302840845, 0.0]}, 'small_block': {'pos': [0.6140097595303955, -0.3535133918987863, 0.1097032402875184], 'size': [0.04461973939918376, 0.0849493067344041, 0.09534921802665242]}}"
0.6720000000000005,0.3319999046912462,0.0,0.4,0.3262019670661467,-0.000435711448510398,0.40021163795120535,"{'table_obstacle': {'pos': [0.3825981920028062, 0.37518922255766707, 0.1646257963690813], 'size': [0.049837904948193595, 0.0813235869879147, 0.05243307039854257]}, 'pillar_obstacle': {'pos': [0.39994824830915515, -0.3824307480766307, 0.23470116647765446], 'size': [0.033663755439403885, 0.20172185302840845, 0.0]}, 'small_block': {'pos': [0.6140097595303955, -0.3535133918987863, 0.1097032402875184], 'size': [0.04461973939918376, 0.0849493067344041, 0.09534921802665242]}}"
0.6730000000000005,0.3319999046912462,0.0,0.4,0.32628482258156954,-0.00042938863172707934,0.4002085407088637,"{'table_obstacle': {'pos': [0.3825981920028062, 0.37518922255766707, 0.1646257963690813], 'size': [0.049837904948193595, 0.0813235869879147, 0.05243307039854257]}, 'pillar_obstacle': {'pos': [0.39994824830915515, -0.3824307480766307, 0.23470116647765446], 'size': [0.033663755439403885, 0.20172185302840845, 0.0]}, 'small_block': {'pos': [0.6140097595303955, -0.3535133918987863, 0.1097032402875184], 'size': [0.04461973939918376, 0.0849493067344041, 0.09534921802665242]}}"
0.6740000000000005,0.3319999046912462,0.0,0.4,0.3263665001774003,-0.0004231573043075621,0.40020549116751636,"{'table_obstacle': {'pos': [0.3825981920028062, 0.37518922255766707, 0.1646257963690813], 'size': [0.049837904948193595, 0.0813235869879147, 0.05243307039854257]}, 'pillar_obstacle': {'pos': [0.39994824830915515, -0.3824307480766307, 0.23470116647765446], 'size': [0.033663755439403885, 0.20172185302840845, 0.0]}, 'small_block': {'pos': [0.6140097595303955, -0.3535133918987863, 0.1097032402875184], 'size': [0.04461973939918376, 0.0849493067344041, 0.09534921802665242]}}"
0.6750000000000005,0.3319999046912462,0.0,0.4,0.3264470154398495,-0.0004170161336945921,0.40020248855202945,"{'table_obstacle': {'pos': [0.3825981920028062, 0.37518922255766707, 0.1646257963690813], 'size': [0.049837904948193595, 0.0813235869879147, 0.05243307039854257]}, 'pillar_obstacle': {'pos': [0.39994824830915515, -0.3824307480766307, 0.23470116647765446], 'size': [0.033663755439403885, 0.20172185302840845, 0.0]}, 'small_block': {'pos': [0.6140097595303955, -0.3535133918987863, 0.1097032402875184], 'size': [0.04461973939918376, 0.0849493067344041, 0.09534921802665242]}}"
0.6760000000000005,0.3319999046912462,0.0,0.4,0.32652638397126366,-0.00041096380758268717,0.40019953209787895,"{'table_obstacle': {'pos': [0.3825981920028062, 0.37518922255766707, 0.1646257963690813], 'size': [0.049837904948193595, 0.0813235869879147, 0.05243307039854257]}, 'pillar_obstacle': {'pos': [0.39994824830915515, -0.3824307480766307, 0.23470116647765446], 'size': [0.033663755439403885, 0.20172185302840845, 0.0]}, 'small_block': {'pos': [0.6140097595303955, -0.3535133918987863, 0.1097032402875184], 'size': [0.04461973939918376, 0.0849493067344041, 0.09534921802665242]}}"
0.6770000000000005,0.3319999046912462,0.0,0.4,0.32660462134426443,-0.0004049990335086141,0.40019662105157977,"{'table_obstacle': {'pos': [0.3825981920028062, 0.37518922255766707, 0.1646257963690813], 'size': [0.049837904948193595, 0.0813235869879147, 0.05243307039854257]}, 'pillar_obstacle': {'pos': [0.39994824830915515, -0.3824307480766307, 0.23470116647765446], 'size': [0.033663755439403885, 0.20172185302840845, 0.0]}, 'small_block': {'pos': [0.6140097595303955, -0.3535133918987863, 0.1097032402875184], 'size': [0.04461973939918376, 0.0849493067344041, 0.09534921802665242]}}"
0.6780000000000005,0.3319999046912462,0.0,0.4,0.32668174306525855,-0.0003991205384659681,0.4001937546709997,"{'table_obstacle': {'pos': [0.3825981920028062, 0.37518922255766707, 0.1646257963690813], 'size': [0.049837904948193595, 0.0813235869879147, 0.05243307039854257]}, 'pillar_obstacle': {'pos': [0.39994824830915515, -0.3824307480766307, 0.23470116647765446], 'size': [0.033663755439403885, 0.20172185302840845, 0.0]}, 'small_block': {'pos': [0.6140097595303955, -0.3535133918987863, 0.1097032402875184], 'size': [0.04461973939918376, 0.0849493067344041, 0.09534921802665242]}}"
0.6790000000000005,0.3319999046912462,0.0,0.4,0.3267577645455198,-0.0003933270685367163,0.4001909322255721,"{'table_obstacle': {'pos': [0.3825981920028062, 0.37518922255766707, 0.1646257963690813], 'size': [0.049837904948193595, 0.0813235869879147, 0.05243307039854257]}, 'pillar_obstacle': {'pos': [0.39994824830915515, -0.3824307480766307, 0.23470116647765446], 'size': [0.033663755439403885, 0.20172185302840845, 0.0]}, 'small_block': {'pos': [0.6140097595303955, -0.3535133918987863, 0.1097032402875184], 'size': [0.04461973939918376, 0.0849493067344041, 0.09534921802665242]}}"
0.6800000000000005,0.3319999046912462,0.0,0.4,0.3268327010783913,-0.00038761738854066463,0.4001881529964307,"{'table_obstacle': {'pos': [0.3825981920028062, 0.37518922255766707, 0.1646257963690813], 'size': [0.049837904948193595, 0.0813235869879147, 0.05243307039854257]}, 'pillar_obstacle': {'pos': [0.39994824830915515, -0.3824307480766307, 0.23470116647765446], 'size': [0.033663755439403885, 0.20172185302840845, 0.0]}, 'small_block': {'pos': [0.6140097595303955, -0.3535133918987863, 0.1097032402875184], 'size': [0.04461973939918376, 0.0849493067344041, 0.09534921802665242]}}"
0.6810000000000005,0.3319999046912462,0.0,0.4,0.3269065678214259,-0.00038199028169997283,0.4001854162764757,"{'table_obstacle': {'pos': [0.3825981920028062, 0.37518922255766707, 0.1646257963690813], 'size': [0.049837904948193595, 0.0813235869879147, 0.05243307039854257]}, 'pillar_obstacle': {'pos': [0.39994824830915515, -0.3824307480766307, 0.23470116647765446], 'size': [0.033663755439403885, 0.20172185302840845, 0.0]}, 'small_block': {'pos': [0.6140097595303955, -0.3535133918987863, 0.1097032402875184], 'size': [0.04461973939918376, 0.0849493067344041, 0.09534921802665242]}}"
0.6820000000000005,0.3319999046912462,0.0,0.4,0.32697937978251523,-0.00037644454931662797,0.4001827213703869,"{'table_obstacle': {'pos': [0.3825981920028062, 0.37518922255766707, 0.1646257963690813], 'size': [0.049837904948193595, 0.0813235869879147, 0.05243307039854257]}, 'pillar_obstacle': {'pos': [0.39994824830915515, -0.3824307480766307, 0.23470116647765446], 'size': [0.033663755439403885, 0.20172185302840845, 0.0]}, 'small_block': {'pos': [0.6140097595303955, -0.3535133918987863, 0.1097032402875184], 'size': [0.04461973939918376, 0.0849493067344041, 0.09534921802665242]}}"
0.6830000000000005,0.3319999046912462,0.0,0.4,0.32705115180923766,-0.0003709790104628923,0.4001800675945901,"{'table_obstacle': {'pos': [0.3825981920028062, 0.37518922255766707, 0.1646257963690813], 'size': [0.049837904948193595, 0.0813235869879147, 0.05243307039854257]}, 'pillar_obstacle': {'pos': [0.39994824830915515, -0.3824307480766307, 0.23470116647765446], 'size': [0.033663755439403885, 0.20172185302840845, 0.0]}, 'small_block': {'pos': [0.6140097595303955, -0.3535133918987863, 0.1097032402875184], 'size': [0.04461973939918376, 0.0849493067344041, 0.09534921802665242]}}"
0.6840000000000005,0.3319999046912462,0.0,0.4,0.3271218985808026,-0.00036559250168260305,0.4001774542771915,"{'table_obstacle': {'pos': [0.3825981920028062, 0.37518922255766707, 0.1646257963690813], 'size': [0.049837904948193595, 0.0813235869879147, 0.05243307039854257]}, 'pillar_obstacle': {'pos': [0.39994824830915515, -0.3824307480766307, 0.23470116647765446], 'size': [0.033663755439403885, 0.20172185302840845, 0.0]}, 'small_block': {'pos': [0.6140097595303955, -0.3535133918987863, 0.1097032402875184], 'size': [0.04461973939918376, 0.0849493067344041, 0.09534921802665242]}}"
0.6850000000000005,0.3319999046912462,0.0,0.4,0.32719163460208356,-0.00036028387670121166,0.40017488075787677,"{'table_obstacle': {'pos': [0.3825981920028062, 0.37518922255766707, 0.1646257963690813], 'size': [0.049837904948193595, 0.0813235869879147, 0.05243307039854257]}, 'pillar_obstacle': {'pos': [0.39994824830915515, -0.3824307480766307, 0.23470116647765446], 'size': [0.033663755439403885, 0.20172185302840845, 0.0]}, 'small_block': {'pos': [0.6140097595303955, -0.3535133918987863, 0.1097032402875184], 'size': [0.04461973939918376, 0.0849493067344041, 0.09534921802665242]}}"
0.6860000000000005,0.3319999046912462,0.0,0.4,0.3272603741993389,-0.0003550520061464774,0.4001723463877954,"{'table_obstacle': {'pos': [0.3825981920028062, 0.37518922255766707, 0.1646257963690813], 'size': [0.049837904948193595, 0.0813235869879147, 0.05243307039854257]}, 'pillar_obstacle': {'pos': [0.39994824830915515, -0.3824307480766307, 0.23470116647765446], 'size': [0.033663755439403885, 0.20172185302840845, 0.0]}, 'small_block': {'pos': [0.6140097595303955, -0.3535133918987863, 0.1097032402875184], 'size': [0.04461973939918376, 0.0849493067344041, 0.09534921802665242]}}"
0.6870000000000005,0.3319999046912462,0.0,0.4,0.32732813151728474,-0.0003498957772749926,0.40016985052941895,"{'table_obstacle': {'pos': [0.3825981920028062, 0.37518922255766707, 0.1646257963690813], 'size': [0.049837904948193595, 0.0813235869879147, 0.05243307039854257]}, 'pillar_obstacle': {'pos': [0.39994824830915515, -0.3824307480766307, 0.23470116647765446], 'size': [0.033663755439403885, 0.20172185302840845, 0.0]}, 'small_block': {'pos': [0.6140097595303955, -0.3535133918987863, 0.1097032402875184], 'size': [0.04461973939918376, 0.0849493067344041, 0.09534921802665242]}}"
0.6880000000000005,0.3319999046912462,0.0,0.4,0.32739492051725716,-0.0003448140937089171,0.40016739255639133,"{'table_obstacle': {'pos': [0.3825981920028062, 0.37518922255766707, 0.1646257963690813], 'size': [0.049837904948193595, 0.0813235869879147, 0.05243307039854257]}, 'pillar_obstacle': {'pos': [0.39994824830915515, -0.3824307480766307, 0.23470116647765446], 'size': [0.033663755439403885, 0.20172185302840845, 0.0]}, 'small_block': {'pos': [0.6140097595303955, -0.3535133918987863, 0.1097032402875184], 'size': [0.04461973939918376, 0.0849493067344041, 0.09534921802665242]}}"
0.6890000000000005,0.3319999046912462,0.0,0.4,0.32746075497624716,-0.00033980587517608486,0.4001649718533636,"{'table_obstacle': {'pos': [0.3825981920028062, 0.37518922255766707, 0.1646257963690813], 'size': [0.049837904948193595, 0.0813235869879147, 0.05243307039854257]}, 'pillar_obstacle': {'pos': [0.39994824830915515, -0.3824307480766307, 0.23470116647765446], 'size': [0.033663755439403885, 0.20172185302840845, 0.0]}, 'small_block': {'pos': [0.6140097595303955, -0.3535133918987863, 0.1097032402875184], 'size': [0.04461973939918376, 0.0849493067344041, 0.09534921802665242]}}"
0.6900000000000005,0.3319999046912462,0.0,0.4,0.32752564848663457,-0.0003348700572597204,0.40016258781582525,"{'table_obstacle': {'pos': [0.3825981920028062, 0.37518922255766707, 0.1646257963690813], 'size': [0.049837904948193595, 0.0813235869879147, 0.05243307039854257]}, 'pillar_obstacle': {'pos': [0.39994824830915515, -0.3824307480766307, 0.23470116647765446], 'size': [0.033663755439403885, 0.20172185302840845, 0.0]}, 'small_block': {'pos': [0.6140097595303955, -0.3535133918987863, 0.1097032402875184], 'size': [0.04461973939918376, 0.0849493067344041, 0.09534921802665242]}}"
0.6910000000000005,0.3319999046912462,0.0,0.4,0.3275896144564789,-0.0003300055911513905,0.40016023984992577,"{'table_obstacle': {'pos': [0.3825981920028062, 0.37518922255766707, 0.1646257963690813], 'size': [0.049837904948193595, 0.0813235869879147, 0.05243307039854257]}, 'pillar_obstacle': {'pos': [0.39994824830915515, -0.3824307480766307, 0.23470116647765446], 'size': [0.033663755439403885, 0.20172185302840845, 0.0]}, 'small_block': {'pos': [0.6140097595303955, -0.3535133918987863, 0.1097032402875184], 'size': [0.04461973939918376, 0.0849493067344041, 0.09534921802665242]}}"
0.6920000000000005,0.3319999046912462,0.0,0.4,0.3276526661102555,-0.0003252114434098361,0.4001579273722941,"{'table_obstacle': {'pos': [0.3825981920028062, 0.37518922255766707, 0.1646257963690813], 'size': [0.049837904948193595, 0.0813235869879147, 0.05243307039854257]}, 'pillar_obstacle': {'pos': [0.39994824830915515, -0.3824307480766307, 0.23470116647765446], 'size': [0.033663755439403885, 0.20172185302840845, 0.0]}, 'small_block': {'pos': [0.6140097595303955, -0.3535133918987863, 0.1097032402875184], 'size': [0.04461973939918376, 0.0849493067344041, 0.09534921802665242]}}"
0.6930000000000005,0.3319999046912462,0.0,0.4,0.3277148164899427,-0.0003204865957267904,0.40015564980985674,"{'table_obstacle': {'pos': [0.3825981920028062, 0.37518922255766707, 0.1646257963690813], 'size': [0.049837904948193595, 0.0813235869879147, 0.05243307039854257]}, 'pillar_obstacle': {'pos': [0.39994824830915515, -0.3824307480766307, 0.23470116647765446], 'size': [0.033663755439403885, 0.20172185302840845, 0.0]}, 'small_block': {'pos': [0.6140097595303955, -0.3535133918987863, 0.1097032402875184], 'size': [0.04461973939918376, 0.0849493067344041, 0.09534921802665242]}}"
0.6940000000000005,0.3319999046912462,0.0,0.4,0.3277760784563878,-0.00031583004469405067,0.40015340659965204,"{'table_obstacle': {'pos': [0.3825981920028062, 0.37518922255766707, 0.1646257963690813], 'size': [0.049837904948193595, 0.0813235869879147, 0.05243307039854257]}, 'pillar_obstacle': {'pos': [0.39994824830915515, -0.3824307480766307, 0.23470116647765446], 'size': [0.033663755439403885, 0.20172185302840845, 0.0]}, 'small_block': {'pos': [0.6140097595303955, -0.3535133918987863, 0.1097032402875184], 'size': [0.04461973939918376, 0.0849493067344041, 0.09534921802665242]}}"
0.6950000000000005,0.3319999046912462,0.0,0.4,0.3278364646908893,-0.000311240801578621,0.40015119718864695,"{'table_obstacle': {'pos': [0.3825981920028062, 0.37518922255766707, 0.1646257963690813], 'size': [0.049837904948193595, 0.0813235869879147, 0.05243307039854257]}, 'pillar_obstacle': {'pos': [0.39994824830915515, -0.3824307480766307, 0.23470116647765446], 'size': [0.033663755439403885, 0.20172185302840845, 0.0]}, 'small_block': {'pos': [0.6140097595303955, -0.3535133918987863, 0.1097032402875184], 'size': [0.04461973939918376, 0.0849493067344041, 0.09534921802665242]}}"
0.6960000000000005,0.3319999046912462,0.0,0.4,0.3278959876969504,-0.0003067178920993974,0.40014902103355254,"{'table_obstacle': {'pos': [0.3825981920028062, 0.37518922255766707, 0.1646257963690813], 'size': [0.049837904948193595, 0.0813235869879147, 0.05243307039854257]}, 'pillar_obstacle': {'pos': [0.39994824830915515, -0.3824307480766307, 0.23470116647765446], 'size': [0.033663755439403885, 0.20172185302840845, 0.0]}, 'small_block': {'pos': [0.6140097595303955, -0.3535133918987863, 0.1097032402875184], 'size': [0.04461973939918376, 0.0849493067344041, 0.09534921802665242]}}"
0.6970000000000005,0.3319999046912462,0.0,0.4,0.32795465980216215,-0.0003022603562092492,0.4001468776006416,"{'table_obstacle': {'pos': [0.3825981920028062, 0.37518922255766707, 0.1646257963690813], 'size': [0.049837904948193595, 0.0813235869879147, 0.05243307039854257]}, 'pillar_obstacle': {'pos': [0.39994824830915515, -0.3824307480766307, 0.23470116647765446], 'size': [0.033663755439403885, 0.20172185302840845, 0.0]}, 'small_block': {'pos': [0.6140097595303955, -0.3535133918987863, 0.1097032402875184], 'size': [0.04461973939918376, 0.0849493067344041, 0.09534921802665242]}}"
0.6980000000000005,0.3319999046912462,0.0,0.4,0.32801249316018377,-0.00029786724788108225,0.40014476636556806,"{'table_obstacle': {'pos': [0.3825981920028062, 0.37518922255766707, 0.1646257963690813], 'size': [0.049837904948193595, 0.0813235869879147, 0.05243307039854257]}, 'pillar_obstacle': {'pos': [0.39994824830915515, -0.3824307480766307, 0.23470116647765446], 'size': [0.033663755439403885, 0.20172185302840845, 0.0]}, 'small_block': {'pos': [0.6140097595303955, -0.3535133918987863, 0.1097032402875184], 'size': [0.04461973939918376, 0.0849493067344041, 0.09534921802665242]}}"
0.6990000000000005,0.3319999046912462,0.0,0.4,0.32806949975279875,-0.0002935376348968064,0.4001426868131876,"{'table_obstacle': {'pos': [0.3825981920028062, 0.37518922255766707, 0.1646257963690813], 'size': [0.049837904948193595, 0.0813235869879147, 0.05243307039854257]}, 'pillar_obstacle': {'pos': [0.39994824830915515, -0.3824307480766307, 0.23470116647765446], 'size': [0.033663755439403885, 0.20172185302840845, 0.0]}, 'small_block': {'pos': [0.6140097595303955, -0.3535133918987863, 0.1097032402875184], 'size': [0.04461973939918376, 0.0849493067344041, 0.09534921802665242]}}"
0.7000000000000005,0.3319999046912462,0.0,0.4,0.32812569139202186,-0.0002892705986404894,0.40014063843738207,"{'table_obstacle': {'pos': [0.3825981920028062, 0.37518922255766707, 0.1646257963690813], 'size': [0.049837904948193595, 0.0813235869879147, 0.05243307039854257]}, 'pillar_obstacle': {'pos': [0.39994824830915515, -0.3824307480766307, 0.23470116647765446], 'size': [0.033663755439403885, 0.20172185302840845, 0.0]}, 'small_block': {'pos': [0.6140097595303955, -0.3535133918987863, 0.1097032402875184], 'size': [0.04461973939918376, 0.0849493067344041, 0.09534921802665242]}}"
0.7010000000000005,0.3319999046912462,0.0,0.4,0.32818107972224425,-0.0002850652338947855,0.40013862074088546,"{'table_obstacle': {'pos': [0.3825981920028062, 0.37518922255766707, 0.1646257963690813], 'size': [0.049837904948193595, 0.0813235869879147, 0.05243307039854257]}, 'pillar_obstacle': {'pos': [0.39994824830915515, -0.3824307480766307, 0.23470116647765446], 'size': [0.033663755439403885, 0.20172185302840845, 0.0]}, 'small_block': {'pos': [0.6140097595303955, -0.3535133918987863, 0.1097032402875184], 'size': [0.04461973939918376, 0.0849493067344041, 0.09534921802665242]}}"
0.7020000000000005,0.3319999046912462,0.0,0.4,0.32823567622239996,-0.00028092064864140154,0.4001366332351136,"{'table_obstacle': {'pos': [0.3825981920028062, 0.37518922255766707, 0.1646257963690813], 'size': [0.049837904948193595, 0.0813235869879147, 0.05243307039854257]}, 'pillar_obstacle': {'pos': [0.39994824830915515, -0.3824307480766307, 0.23470116647765446], 'size': [0.033663755439403885, 0.20172185302840845, 0.0]}, 'small_block': {'pos': [0.6140097595303955, -0.3535133918987863, 0.1097032402875184], 'size': [0.04461973939918376, 0.0849493067344041, 0.09534921802665242]}}"
0.7030000000000005,0.3319999046912462,0.0,0.4,0.32828949220814657,-0.0002768359638636283,0.40013467543999603,"{'table_obstacle': {'pos': [0.3825981920028062, 0.37518922255766707, 0.1646257963690813], 'size': [0.049837904948193595, 0.0813235869879147, 0.05243307039854257]}, 'pillar_obstacle': {'pos': [0.39994824830915515, -0.3824307480766307, 0.23470116647765446], 'size': [0.033663755439403885, 0.20172185302840845, 0.0]}, 'small_block': {'pos': [0.6140097595303955, -0.3535133918987863, 0.1097032402875184], 'size': [0.04461973939918376, 0.0849493067344041, 0.09534921802665242]}}"
0.7040000000000005,0.3319999046912462,0.0,0.4,0.3283425388340482,-0.0002728103133531229,0.40013274688381106,"{'table_obstacle': {'pos': [0.3825981920028062, 0.37518922255766707, 0.1646257963690813], 'size': [0.049837904948193595, 0.0813235869879147, 0.05243307039854257]}, 'pillar_obstacle': {'pos': [0.39994824830915515, -0.3824307480766307, 0.23470116647765446], 'size': [0.033663755439403885, 0.20172185302840845, 0.0]}, 'small_block': {'pos': [0.6140097595303955, -0.3535133918987863, 0.1097032402875184], 'size': [0.04461973939918376, 0.0849493067344041, 0.09534921802665242]}}"
0.7050000000000005,0.3319999046912462,0.0,0.4,0.32839482709575807,-0.0002688428435189699,0.40013084710302466,"{'table_obstacle': {'pos': [0.3825981920028062, 0.37518922255766707, 0.1646257963690813], 'size': [0.049837904948193595, 0.0813235869879147, 0.05243307039854257]}, 'pillar_obstacle': {'pos': [0.39994824830915515, -0.3824307480766307, 0.23470116647765446], 'size': [0.033663755439403885, 0.20172185302840845, 0.0]}, 'small_block': {'pos': [0.6140097595303955, -0.3535133918987863, 0.1097032402875184], 'size': [0.04461973939918376, 0.0849493067344041, 0.09534921802665242]}}"
0.7060000000000005,0.3319999046912462,0.0,0.4,0.32844636783219117,-0.0002649327132011446,0.40012897564213185,"{'table_obstacle': {'pos': [0.3825981920028062, 0.37518922255766707, 0.1646257963690813], 'size': [0.049837904948193595, 0.0813235869879147, 0.05243307039854257]}, 'pillar_obstacle': {'pos': [0.39994824830915515, -0.3824307480766307, 0.23470116647765446], 'size': [0.033663755439403885, 0.20172185302840845, 0.0]}, 'small_block': {'pos': [0.6140097595303955, -0.3535133918987863, 0.1097032402875184], 'size': [0.04461973939918376, 0.0849493067344041, 0.09534921802665242]}}"
0.7070000000000005,0.3319999046912462,0.0,0.4,0.3284971717276849,-0.0002610790934846632,0.4001271320535016,"{'table_obstacle': {'pos': [0.3825981920028062, 0.37518922255766707, 0.1646257963690813], 'size': [0.049837904948193595, 0.0813235869879147, 0.05243307039854257]}, 'pillar_obstacle': {'pos': [0.39994824830915515, -0.3824307480766307, 0.23470116647765446], 'size': [0.033663755439403885, 0.20172185302840845, 0.0]}, 'small_block': {'pos': [0.6140097595303955, -0.3535133918987863, 0.1097032402875184], 'size': [0.04461973939918376, 0.0849493067344041, 0.09534921802665242]}}"
0.7080000000000005,0.3319999046912462,0.0,0.4,0.3285472493141438,-0.0002572811675191657,0.40012531589722405,"{'table_obstacle': {'pos': [0.3825981920028062, 0.37518922255766707, 0.1646257963690813], 'size': [0.049837904948193595, 0.0813235869879147, 0.05243307039854257]}, 'pillar_obstacle': {'pos': [0.39994824830915515, -0.3824307480766307, 0.23470116647765446], 'size': [0.033663755439403885, 0.20172185302840845, 0.0]}, 'small_block': {'pos': [0.6140097595303955, -0.3535133918987863, 0.1097032402875184], 'size': [0.04461973939918376, 0.0849493067344041, 0.09534921802665242]}}"
0.7090000000000005,0.3319999046912462,0.0,0.4,0.32859661097316684,-0.0002535381303397836,0.4001235267409623,"{'table_obstacle': {'pos': [0.3825981920028062, 0.37518922255766707, 0.1646257963690813], 'size': [0.049837904948193595, 0.0813235869879147, 0.05243307039854257]}, 'pillar_obstacle': {'pos': [0.39994824830915515, -0.3824307480766307, 0.23470116647765446], 'size': [0.033663755439403885, 0.20172185302840845, 0.0]}, 'small_block': {'pos': [0.6140097595303955, -0.3535133918987863, 0.1097032402875184], 'size': [0.04461973939918376, 0.0849493067344041, 0.09534921802665242]}}"
0.7100000000000005,0.3319999046912462,0.0,0.4,0.3286452669381524,-0.00024984918869112394,0.40012176415980594,"{'table_obstacle': {'pos': [0.3825981920028062, 0.37518922255766707, 0.1646257963690813], 'size': [0.049837904948193595, 0.0813235869879147, 0.05243307039854257]}, 'pillar_obstacle': {'pos': [0.39994824830915515, -0.3824307480766307, 0.23470116647765446], 'size': [0.033663755439403885, 0.20172185302840845, 0.0]}, 'small_block': {'pos': [0.6140097595303955, -0.3535133918987863, 0.1097032402875184], 'size': [0.04461973939918376, 0.0849493067344041, 0.09534921802665242]}}"
0.7110000000000005,0.3319999046912462,0.0,0.4,0.3286932272963835,-0.00024621356085383376,0.40012002773612826,"{'table_obstacle': {'pos': [0.3825981920028062, 0.37518922255766707, 0.1646257963690813], 'size': [0.049837904948193595, 0.0813235869879147, 0.05243307039854257]}, 'pillar_obstacle': {'pos': [0.39994824830915515, -0.3824307480766307, 0.23470116647765446], 'size': [0.033663755439403885, 0.20172185302840845, 0.0]}, 'small_block': {'pos': [0.6140097595303955, -0.3535133918987863, 0.1097032402875184], 'size': [0.04461973939918376, 0.0849493067344041, 0.09534921802665242]}}"
0.7120000000000005,0.3319999046912462,0.0,0.4,0.3287405019910868,-0.0002426304764745333,0.4001183170594468,"{'table_obstacle': {'pos': [0.3825981920028062, 0.37518922255766707, 0.1646257963690813], 'size': [0.049837904948193595, 0.0813235869879147, 0.05243307039854257]}, 'pillar_obstacle': {'pos': [0.39994824830915515, -0.3824307480766307, 0.23470116647765446], 'size': [0.033663755439403885, 0.20172185302840845, 0.0]}, 'small_block': {'pos': [0.6140097595303955, -0.3535133918987863, 0.1097032402875184], 'size': [0.04461973939918376, 0.0849493067344041, 0.09534921802665242]}}"
0.7130000000000005,0.3319999046912462,0.0,0.4,0.32878710082347057,-0.00023909917639760442,0.400116631726286,"{'table_obstacle': {'pos': [0.3825981920028062, 0.37518922255766707, 0.1646257963690813], 'size': [0.049837904948193595, 0.0813235869879147, 0.05243307039854257]}, 'pillar_obstacle': {'pos': [0.39994824830915515, -0.3824307480766307, 0.23470116647765446], 'size': [0.033663755439403885, 0.20172185302840845, 0.0]}, 'small_block': {'pos': [0.6140097595303955, -0.3535133918987863, 0.1097032402875184], 'size': [0.04461973939918376, 0.0849493067344041, 0.09534921802665242]}}"
0.7140000000000005,0.3319999046912462,0.0,0.4,0.3288330334547351,-0.0002356189124999421,0.4001149713400436,"{'table_obstacle': {'pos': [0.3825981920028062, 0.37518922255766707, 0.1646257963690813], 'size': [0.049837904948193595, 0.0813235869879147, 0.05243307039854257]}, 'pillar_obstacle': {'pos': [0.39994824830915515, -0.3824307480766307, 0.23470116647765446], 'size': [0.033663755439403885, 0.20172185302840845, 0.0]}, 'small_block': {'pos': [0.6140097595303955, -0.3535133918987863, 0.1097032402875184], 'size': [0.04461973939918376, 0.0849493067344041, 0.09534921802665242]}}"
0.7150000000000005,0.3319999046912462,0.0,0.4,0.3288783094080588,-0.00023218894752798916,0.40011333551085926,"{'table_obstacle': {'pos': [0.3825981920028062, 0.37518922255766707, 0.1646257963690813], 'size': [0.049837904948193595, 0.0813235869879147, 0.05243307039854257]}, 'pillar_obstacle': {'pos': [0.39994824830915515, -0.3824307480766307, 0.23470116647765446], 'size': [0.033663755439403885, 0.20172185302840845, 0.0]}, 'small_block': {'pos': [0.6140097595303955, -0.3535133918987863, 0.1097032402875184], 'size': [0.04461973939918376, 0.0849493067344041, 0.09534921802665242]}}"
0.7160000000000005,0.3319999046912462,0.0,0.4,0.32892293807055945,-0.0002288085549377774,0.40011172385548627,"{'table_obstacle': {'pos': [0.3825981920028062, 0.37518922255766707, 0.1646257963690813], 'size': [0.049837904948193595, 0.0813235869879147, 0.05243307039854257]}, 'pillar_obstacle': {'pos': [0.39994824830915515, -0.3824307480766307, 0.23470116647765446], 'size': [0.033663755439403885, 0.20172185302840845, 0.0]}, 'small_block': {'pos': [0.6140097595303955, -0.3535133918987863, 0.1097032402875184], 'size': [0.04461973939918376, 0.0849493067344041, 0.09534921802665242]}}"
0.7170000000000005,0.33599989211267317,0.0,0.4,0.32896692869522903,-0.00022547701873696884,0.4001101359971666,"{'table_obstacle': {'pos': [0.3825981920028062, 0.37518922255766707, 0.1646257963690813], 'size': [0.049837904948193595, 0.0813235869879147, 0.05243307039854257]}, 'pillar_obstacle': {'pos': [0.39994824830915515, -0.3824307480766307, 0.23470116647765446], 'size': [0.033663755439403885, 0.20172185302840845, 0.0]}, 'small_block': {'pos': [0.6140097595303955, -0.3535133918987863, 0.1097032402875184], 'size': [0.04461973939918376, 0.0849493067344041, 0.09534921802665242]}}"
0.7180000000000005,0.33599989211267317,0.0,0.4,0.3290212154606867,-0.00022218262963493706,0.4001085549728517,"{'table_obstacle': {'pos': [0.3825981920028062, 0.37518922255766707, 0.1646257963690813], 'size': [0.049837904948193595, 0.0813235869879147, 0.05243307039854257]}, 'pillar_obstacle': {'pos': [0.39994824830915515, -0.3824307480766307, 0.23470116647765446], 'size': [0.033663755439403885, 0.20172185302840845, 0.0]}, 'small_block': {'pos': [0.6140097595303955, -0.3535133918987863, 0.1097032402875184], 'size': [0.04461973939918376, 0.0849493067344041, 0.09534921802665242]}}"
0.7190000000000005,0.33599989211267317,0.0,0.4,0.32908356412903605,-0.00021892907421103904,0.4001069836001761,"{'table_obstacle': {'pos': [0.3825981920028062, 0.37518922255766707, 0.1646257963690813], 'size': [0.049837904948193595, 0.0813235869879147, 0.05243307039854257]}, 'pillar_obstacle': {'pos': [0.39994824830915515, -0.3824307480766307, 0.23470116647765446], 'size': [0.033663755439403885, 0.20172185302840845, 0.0]}, 'small_block': {'pos': [0.6140097595303955, -0.3535133918987863, 0.1097032402875184], 'size': [0.04461973939918376, 0.0849493067344041, 0.09534921802665242]}}"
0.7200000000000005,0.33599989211267317,0.0,0.4,0.32915217108588996,-0.00021571875718177865,0.4001054239118045,"{'table_obstacle': {'pos': [0.3825981920028062, 0.37518922255766707, 0.1646257963690813], 'size': [0.049837904948193595, 0.0813235869879147, 0.05243307039854257]}, 'pillar_obstacle': {'pos': [0.39994824830915515, -0.3824307480766307, 0.23470116647765446], 'size': [0.033663755439403885, 0.20172185302840845, 0.0]}, 'small_block': {'pos': [0.6140097595303955, -0.3535133918987863, 0.1097032402875184], 'size': [0.04461973939918376, 0.0849493067344041, 0.09534921802665242]}}"
0.7210000000000005,0.33599989211267317,0.0,0.4,0.32922558103244504,-0.00021255313966043205,0.4001038774786626,"{'table_obstacle': {'pos': [0.3825981920028062, 0.37518922255766707, 0.1646257963690813], 'size': [0.049837904948193595, 0.0813235869879147, 0.05243307039854257]}, 'pillar_obstacle': {'pos': [0.39994824830915515, -0.3824307480766307, 0.23470116647765446], 'size': [0.033663755439403885, 0.20172185302840845, 0.0]}, 'small_block': {'pos': [0.6140097595303955, -0.3535133918987863, 0.1097032402875184], 'size': [0.04461973939918376, 0.0849493067344041, 0.09534921802665242]}}"
0.7220000000000005,0.33599989211267317,0.0,0.4,0.32930262039646363,-0.0002094329941784608,0.40010234558573937,"{'table_obstacle': {'pos': [0.3825981920028062, 0.37518922255766707, 0.1646257963690813], 'size': [0.049837904948193595, 0.0813235869879147, 0.05243307039854257]}, 'pillar_obstacle': {'pos': [0.39994824830915515, -0.3824307480766307, 0.23470116647765446], 'size': [0.033663755439403885, 0.20172185302840845, 0.0]}, 'small_block': {'pos': [0.6140097595303955, -0.3535133918987863, 0.1097032402875184], 'size': [0.04461973939918376, 0.0849493067344041, 0.09534921802665242]}}"
0.7230000000000005,0.33599989211267317,0.0,0.4,0.32938234346171913,-0.0002063585961887285,0.4001008293239486,"{'table_obstacle': {'pos': [0.3825981920028062, 0.37518922255766707, 0.1646257963690813], 'size': [0.049837904948193595, 0.0813235869879147, 0.05243307039854257]}, 'pillar_obstacle': {'pos': [0.39994824830915515, -0.3824307480766307, 0.23470116647765446], 'size': [0.033663755439403885, 0.20172185302840845, 0.0]}, 'small_block': {'pos': [0.6140097595303955, -0.3535133918987863, 0.1097032402875184], 'size': [0.04461973939918376, 0.0849493067344041, 0.09534921802665242]}}"
0.7240000000000005,0.33599989211267317,0.0,0.4,0.32946398878767746,-0.000203329867200801,0.4000993296359735,"{'table_obstacle': {'pos': [0.3825981920028062, 0.37518922255766707, 0.1646257963690813], 'size': [0.049837904948193595, 0.0813235869879147, 0.05243307039854257]}, 'pillar_obstacle': {'pos': [0.39994824830915515, -0.3824307480766307, 0.23470116647765446], 'size': [0.033663755439403885, 0.20172185302840845, 0.0]}, 'small_block': {'pos': [0.6140097595303955, -0.3535133918987863, 0.1097032402875184], 'size': [0.04461973939918376, 0.0849493067344041, 0.09534921802665242]}}"
0.7250000000000005,0.33599989211267317,0.0,0.4,0.3295469439544663,-0.00020034648118140625,0.4000978473382429,"{'table_obstacle': {'pos': [0.3825981920028062, 0.37518922255766707, 0.1646257963690813], 'size': [0.049837904948193595, 0.0813235869879147, 0.05243307039854257]}, 'pillar_obstacle': {'pos': [0.39994824830915515, -0.3824307480766307, 0.23470116647765446], 'size': [0.033663755439403885, 0.20172185302840845, 0.0]}, 'small_block': {'pos': [0.6140097595303955, -0.3535133918987863, 0.1097032402875184], 'size': [0.04461973939918376, 0.0849493067344041, 0.09534921802665242]}}"
0.7260000000000005,0.33599989211267317,0.0,0.4,0.32963071704318675,-0.00019740794313605716,0.4000963831315801,"{'table_obstacle': {'pos': [0.3825981920028062, 0.37518922255766707, 0.1646257963690813], 'size': [0.049837904948193595, 0.0813235869879147, 0.05243307039854257]}, 'pillar_obstacle': {'pos': [0.39994824830915515, -0.3824307480766307, 0.23470116647765446], 'size': [0.033663755439403885, 0.20172185302840845, 0.0]}, 'small_block': {'pos': [0.6140097595303955, -0.3535133918987863, 0.1097032402875184], 'size': [0.04461973939918376, 0.0849493067344041, 0.09534921802665242]}}"
0.7270000000000005,0.33599989211267317,0.0,0.4,0.32971491356513905,-0.00019451364669802093,0.40009493760731263,"{'table_obstacle': {'pos': [0.3825981920028062, 0.37518922255766707, 0.1646257963690813], 'size': [0.049837904948193595, 0.0813235869879147, 0.05243307039854257]}, 'pillar_obstacle': {'pos': [0.39994824830915515, -0.3824307480766307, 0.23470116647765446], 'size': [0.033663755439403885, 0.20172185302840845, 0.0]}, 'small_block': {'pos': [0.6140097595303955, -0.3535133918987863, 0.1097032402875184], 'size': [0.04461973939918376, 0.0849493067344041, 0.09534921802665242]}}"
0.7280000000000005,0.33599989211267317,0.0,0.4,0.32979921779914934,-0.0001916629159361683,0.40009351125227094,"{'table_obstacle': {'pos': [0.3825981920028062, 0.37518922255766707, 0.1646257963690813], 'size': [0.049837904948193595, 0.0813235869879147, 0.05243307039854257]}, 'pillar_obstacle': {'pos': [0.39994824830915515, -0.3824307480766307, 0.23470116647765446], 'size': [0.033663755439403885, 0.20172185302840845, 0.0]}, 'small_block': {'pos': [0.6140097595303955, -0.3535133918987863, 0.1097032402875184], 'size': [0.04461973939918376, 0.0849493067344041, 0.09534921802665242]}}"
0.7290000000000005,0.33599989211267317,0.0,0.4,0.32988337769494647,-0.00018885503535511378,0.4000921044541862,"{'table_obstacle': {'pos': [0.3825981920028062, 0.37518922255766707, 0.1646257963690813], 'size': [0.049837904948193595, 0.0813235869879147, 0.05243307039854257]}, 'pillar_obstacle': {'pos': [0.39994824830915515, -0.3824307480766307, 0.23470116647765446], 'size': [0.033663755439403885, 0.20172185302840845, 0.0]}, 'small_block': {'pos': [0.6140097595303955, -0.3535133918987863, 0.1097032402875184], 'size': [0.04461973939918376, 0.0849493067344041, 0.09534921802665242]}}"
0.7300000000000005,0.33599989211267317,0.0,0.4,0.32996719266134855,-0.00018608927110812213,0.4000907175079812,"{'table_obstacle': {'pos': [0.3825981920028062, 0.37518922255766707, 0.1646257963690813], 'size': [0.049837904948193595, 0.0813235869879147, 0.05243307039854257]}, 'pillar_obstacle': {'pos': [0.39994824830915515, -0.3824307480766307, 0.23470116647765446], 'size': [0.033663755439403885, 0.20172185302840845, 0.0]}, 'small_block': {'pos': [0.6140097595303955, -0.3535133918987863, 0.1097032402875184], 'size': [0.04461973939918376, 0.0849493067344041, 0.09534921802665242]}}"
0.7310000000000005,0.33599989211267317,0.0,0.4,0.33005050368814853,-0.00018336488571255144,0.40008935062292206,"{'table_obstacle': {'pos': [0.3825981920028062, 0.37518922255766707, 0.1646257963690813], 'size': [0.049837904948193595, 0.0813235869879147, 0.05243307039854257]}, 'pillar_obstacle': {'pos': [0.39994824830915515, -0.3824307480766307, 0.23470116647765446], 'size': [0.033663755439403885, 0.20172185302840845, 0.0]}, 'small_block': {'pos': [0.6140097595303955, -0.3535133918987863, 0.1097032402875184], 'size': [0.04461973939918376, 0.0849493067344041, 0.09534921802665242]}}"
0.7320000000000005,0.33599989211267317,0.0,0.4,0.3301331853558485,-0.00018068114799322396,0.4000880039303821,"{'table_obstacle': {'pos': [0.3825981920028062, 0.37518922255766707, 0.1646257963690813], 'size': [0.049837904948193595, 0.0813235869879147, 0.05243307039854257]}, 'pillar_obstacle': {'pos': [0.39994824830915515, -0.3824307480766307, 0.23470116647765446], 'size': [0.033663755439403885, 0.20172185302840845, 0.0]}, 'small_block': {'pos': [0.6140097595303955, -0.3535133918987863, 0.1097032402875184], 'size': [0.04461973939918376, 0.0849493067344041, 0.09534921802665242]}}"
0.7330000000000005,0.33599989211267317,0.0,0.4,0.3302151393725718,-0.00017803733955913307,0.400086677491904,"{'table_obstacle': {'pos': [0.3825981920028062, 0.37518922255766707, 0.1646257963690813], 'size': [0.049837904948193595, 0.0813235869879147, 0.05243307039854257]}, 'pillar_obstacle': {'pos': [0.39994824830915515, -0.3824307480766307, 0.23470116647765446], 'size': [0.033663755439403885, 0.20172185302840845, 0.0]}, 'small_block': {'pos': [0.6140097595303955, -0.3535133918987863, 0.1097032402875184], 'size': [0.04461973939918376, 0.0849493067344041, 0.09534921802665242]}}"
0.7340000000000005,0.33599989211267317,0.0,0.4,0.330296289346376,-0.00017543275878104453,0.40008537130726773,"{'table_obstacle': {'pos': [0.3825981920028062, 0.37518922255766707, 0.1646257963690813], 'size': [0.049837904948193595, 0.0813235869879147, 0.05243307039854257]}, 'pillar_obstacle': {'pos': [0.39994824830915515, -0.3824307480766307, 0.23470116647765446], 'size': [0.033663755439403885, 0.20172185302840845, 0.0]}, 'small_block': {'pos': [0.6140097595303955, -0.3535133918987863, 0.1097032402875184], 'size': [0.04461973939918376, 0.0849493067344041, 0.09534921802665242]}}"
0.7350000000000005,0.33599989211267317,0.0,0.4,0.3303765765569375,-0.00017286672300174277,0.400084085322319,"{'table_obstacle': {'pos': [0.3825981920028062, 0.37518922255766707, 0.1646257963690813], 'size': [0.049837904948193595, 0.0813235869879147, 0.05243307039854257]}, 'pillar_obstacle': {'pos': [0.39994824830915515, -0.3824307480766307, 0.23470116647765446], 'size': [0.033663755439403885, 0.20172185302840845, 0.0]}, 'small_block': {'pos': [0.6140097595303955, -0.3535133918987863, 0.1097032402875184], 'size': [0.04461973939918376, 0.0849493067344041, 0.09534921802665242]}}"
0.7360000000000005,0.33599989211267317,0.0,0.4,0.33045595653566845,-0.00017033856951003117,0.400082819436383,"{'table_obstacle': {'pos': [0.3825981920028062, 0.37518922255766707, 0.1646257963690813], 'size': [0.049837904948193595, 0.0813235869879147, 0.05243307039854257]}, 'pillar_obstacle': {'pos': [0.39994824830915515, -0.3824307480766307, 0.23470116647765446], 'size': [0.033663755439403885, 0.20172185302840845, 0.0]}, 'small_block': {'pos': [0.6140097595303955, -0.3535133918987863, 0.1097032402875184], 'size': [0.04461973939918376, 0.0849493067344041, 0.09534921802665242]}}"
0.7370000000000005,0.33599989211267317,0.0,0.4,0.33053439629980436,-0.00016784765567739687,0.4000815735091402,"{'table_obstacle': {'pos': [0.3825981920028062, 0.37518922255766707, 0.1646257963690813], 'size': [0.049837904948193595, 0.0813235869879147, 0.05243307039854257]}, 'pillar_obstacle': {'pos': [0.39994824830915515, -0.3824307480766307, 0.23470116647765446], 'size': [0.033663755439403885, 0.20172185302840845, 0.0]}, 'small_block': {'pos': [0.6140097595303955, -0.3535133918987863, 0.1097032402875184], 'size': [0.04461973939918376, 0.0849493067344041, 0.09534921802665242]}}"
0.7380000000000005,0.33599989211267317,0.0,0.4,0.3306118721155134,-0.00016539335854229165,0.4000803473668962,"{'table_obstacle': {'pos': [0.3825981920028062, 0.37518922255766707, 0.1646257963690813], 'size': [0.049837904948193595, 0.0813235869879147, 0.05243307039854257]}, 'pillar_obstacle': {'pos': [0.39994824830915515, -0.3824307480766307, 0.23470116647765446], 'size': [0.033663755439403885, 0.20172185302840845, 0.0]}, 'small_block': {'pos': [0.6140097595303955, -0.3535133918987863, 0.1097032402875184], 'size': [0.04461973939918376, 0.0849493067344041, 0.09534921802665242]}}"
0.7390000000000005,0.33599989211267317,0.0,0.4,0.33068836768895193,-0.0001629750740493547,0.4000791408082186,"{'table_obstacle': {'pos': [0.3825981920028062, 0.37518922255766707, 0.1646257963690813], 'size': [0.049837904948193595, 0.0813235869879147, 0.05243307039854257]}, 'pillar_obstacle': {'pos': [0.39994824830915515, -0.3824307480766307, 0.23470116647765446], 'size': [0.033663755439403885, 0.20172185302840845, 0.0]}, 'small_block': {'pos': [0.6140097595303955, -0.3535133918987863, 0.1097032402875184], 'size': [0.04461973939918376, 0.0849493067344041, 0.09534921802665242]}}"
0.7400000000000005,0.33599989211267317,0.0,0.4,0.33076387270349517,-0.00016059221609100374,0.40007795360894083,"{'table_obstacle': {'pos': [0.3825981920028062, 0.37518922255766707, 0.1646257963690813], 'size': [0.049837904948193595, 0.0813235869879147, 0.05243307039854257]}, 'pillar_obstacle': {'pos': [0.39994824830915515, -0.3824307480766307, 0.23470116647765446], 'size': [0.033663755439403885, 0.20172185302840845, 0.0]}, 'small_block': {'pos': [0.6140097595303955, -0.3535133918987863, 0.1097032402875184], 'size': [0.04461973939918376, 0.0849493067344041, 0.09534921802665242]}}"
0.7410000000000005,0.33599989211267317,0.0,0.4,0.33083838163700574,-0.00015824421545479386,0.4000767855265586,"{'table_obstacle': {'pos': [0.3825981920028062, 0.37518922255766707, 0.1646257963690813], 'size': [0.049837904948193595, 0.0813235869879147, 0.05243307039854257]}, 'pillar_obstacle': {'pos': [0.39994824830915515, -0.3824307480766307, 0.23470116647765446], 'size': [0.033663755439403885, 0.20172185302840845, 0.0]}, 'small_block': {'pos': [0.6140097595303955, -0.3535133918987863, 0.1097032402875184], 'size': [0.04461973939918376, 0.0849493067344041, 0.09534921802665242]}}"
0.7420000000000005,0.33599989211267317,0.0,0.4,0.33091189280562294,-0.00015593051874566075,0.4000756363040543,"{'table_obstacle': {'pos': [0.3825981920028062, 0.37518922255766707, 0.1646257963690813], 'size': [0.049837904948193595, 0.0813235869879147, 0.05243307039854257]}, 'pillar_obstacle': {'pos': [0.39994824830915515, -0.3824307480766307, 0.23470116647765446], 'size': [0.033663755439403885, 0.20172185302840845, 0.0]}, 'small_block': {'pos': [0.6140097595303955, -0.3535133918987863, 0.1097032402875184], 'size': [0.04461973939918376, 0.0849493067344041, 0.09534921802665242]}}"
0.7430000000000005,0.33599989211267317,0.0,0.4,0.33098440759079994,-0.00015365058732882074,0.40007450567319763,"{'table_obstacle': {'pos': [0.3825981920028062, 0.37518922255766707, 0.1646257963690813], 'size': [0.049837904948193595, 0.0813235869879147, 0.05243307039854257]}, 'pillar_obstacle': {'pos': [0.39994824830915515, -0.3824307480766307, 0.23470116647765446], 'size': [0.033663755439403885, 0.20172185302840845, 0.0]}, 'small_block': {'pos': [0.6140097595303955, -0.3535133918987863, 0.1097032402875184], 'size': [0.04461973939918376, 0.0849493067344041, 0.09534921802665242]}}"
0.7440000000000005,0.33599989211267317,0.0,0.4,0.33105592981456294,-0.00015140389632562696,0.40007339335737063,"{'table_obstacle': {'pos': [0.3825981920028062, 0.37518922255766707, 0.1646257963690813], 'size': [0.049837904948193595, 0.0813235869879147, 0.05243307039854257]}, 'pillar_obstacle': {'pos': [0.39994824830915515, -0.3824307480766307, 0.23470116647765446], 'size': [0.033663755439403885, 0.20172185302840845, 0.0]}, 'small_block': {'pos': [0.6140097595303955, -0.3535133918987863, 0.1097032402875184], 'size': [0.04461973939918376, 0.0849493067344041, 0.09534921802665242]}}"
0.7450000000000006,0.33599989211267317,0.0,0.4,0.3311264652346758,-0.00014918993367508192,0.40007229907396874,"{'table_obstacle': {'pos': [0.3825981920028062, 0.37518922255766707, 0.1646257963690813], 'size': [0.049837904948193595, 0.0813235869879147, 0.05243307039854257]}, 'pillar_obstacle': {'pos': [0.39994824830915515, -0.3824307480766307, 0.23470116647765446], 'size': [0.033663755439403885, 0.20172185302840845, 0.0]}, 'small_block': {'pos': [0.6140097595303955, -0.3535133918987863, 0.1097032402875184], 'size': [0.04461973939918376, 0.0849493067344041, 0.09534921802665242]}}"
0.7460000000000006,0.33599989211267317,0.0,0.4,0.33119602113679064,-0.0001470081992731473,0.4000712225364278,"{'table_obstacle': {'pos': [0.3825981920028062, 0.37518922255766707, 0.1646257963690813], 'size': [0.049837904948193595, 0.0813235869879147, 0.05243307039854257]}, 'pillar_obstacle': {'pos': [0.39994824830915515, -0.3824307480766307, 0.23470116647765446], 'size': [0.033663755439403885, 0.20172185302840845, 0.0]}, 'small_block': {'pos': [0.6140097595303955, -0.3535133918987863, 0.1097032402875184], 'size': [0.04461973939918376, 0.0849493067344041, 0.09534921802665242]}}"
0.7470000000000006,0.33599989211267317,0.0,0.4,0.3312646060050531,-0.00014485820419001596,0.40007016345592356,"{'table_obstacle': {'pos': [0.3825981920028062, 0.37518922255766707, 0.1646257963690813], 'size': [0.049837904948193595, 0.0813235869879147, 0.05243307039854257]}, 'pillar_obstacle': {'pos': [0.39994824830915515, -0.3824307480766307, 0.23470116647765446], 'size': [0.033663755439403885, 0.20172185302840845, 0.0]}, 'small_block': {'pos': [0.6140097595303955, -0.3535133918987863, 0.1097032402875184], 'size': [0.04461973939918376, 0.0849493067344041, 0.09534921802665242]}}"
0.7480000000000006,0.33599989211267317,0.0,0.4,0.33133222925616257,-0.0001427394699656689,0.4000691215427871,"{'table_obstacle': {'pos': [0.3825981920028062, 0.37518922255766707, 0.1646257963690813], 'size': [0.049837904948193595, 0.0813235869879147, 0.05243307039854257]}, 'pillar_obstacle': {'pos': [0.39994824830915515, -0.3824307480766307, 0.23470116647765446], 'size': [0.033663755439403885, 0.20172185302840845, 0.0]}, 'small_block': {'pos': [0.6140097595303955, -0.3535133918987863, 0.1097032402875184], 'size': [0.04461973939918376, 0.0849493067344041, 0.09534921802665242]}}"
0.7490000000000006,0.33599989211267317,0.0,0.4,0.3313989010247629,-0.00014065152797806263,0.4000680965076741,"{'table_obstacle': {'pos': [0.3825981920028062, 0.37518922255766707, 0.1646257963690813], 'size': [0.049837904948193595, 0.0813235869879147, 0.05243307039854257]}, 'pillar_obstacle': {'pos': [0.39994824830915515, -0.3824307480766307, 0.23470116647765446], 'size': [0.033663755439403885, 0.20172185302840845, 0.0]}, 'small_block': {'pos': [0.6140097595303955, -0.3535133918987863, 0.1097032402875184], 'size': [0.04461973939918376, 0.0849493067344041, 0.09534921802665242]}}"
0.7500000000000006,0.33599989211267317,0.0,0.4,0.33146463199034604,-0.00013859391888168472,0.40006708806252744,"{'table_obstacle': {'pos': [0.3825981920028062, 0.37518922255766707, 0.1646257963690813], 'size': [0.049837904948193595, 0.0813235869879147, 0.05243307039854257]}, 'pillar_obstacle': {'pos': [0.39994824830915515, -0.3824307480766307, 0.23470116647765446], 'size': [0.033663755439403885, 0.20172185302840845, 0.0]}, 'small_block': {'pos': [0.6140097595303955, -0.3535133918987863, 0.1097032402875184], 'size': [0.04461973939918376, 0.0849493067344041, 0.09534921802665242]}}"
0.7510000000000006,0.33599989211267317,0.0,0.4,0.3315294332377351,-0.00013656619210629357,0.40006609592135817,"{'table_obstacle': {'pos': [0.3825981920028062, 0.37518922255766707, 0.1646257963690813], 'size': [0.049837904948193595, 0.0813235869879147, 0.05243307039854257]}, 'pillar_obstacle': {'pos': [0.39994824830915515, -0.3824307480766307, 0.23470116647765446], 'size': [0.033663755439403885, 0.20172185302840845, 0.0]}, 'small_block': {'pos': [0.6140097595303955, -0.3535133918987863, 0.1097032402875184], 'size': [0.04461973939918376, 0.0849493067344041, 0.09534921802665242]}}"
0.7520000000000006,0.33599989211267317,0.0,0.4,0.3315933161447212,-0.00013456790541474935,0.40006511980087867,"{'table_obstacle': {'pos': [0.3825981920028062, 0.37518922255766707, 0.1646257963690813], 'size': [0.049837904948193595, 0.0813235869879147, 0.05243307039854257]}, 'pillar_obstacle': {'pos': [0.39994824830915515, -0.3824307480766307, 0.23470116647765446], 'size': [0.033663755439403885, 0.20172185302840845, 0.0]}, 'small_block': {'pos': [0.6140097595303955, -0.3535133918987863, 0.1097032402875184], 'size': [0.04461973939918376, 0.0849493067344041, 0.09534921802665242]}}"
0.7530000000000006,0.33599989211267317,0.0,0.4,0.33165629229166393,-0.00013259862450899562,0.40006415942100454,"{'table_obstacle': {'pos': [0.3825981920028062, 0.37518922255766707, 0.1646257963690813], 'size': [0.049837904948193595, 0.0813235869879147, 0.05243307039854257]}, 'pillar_obstacle': {'pos': [0.39994824830915515, -0.3824307480766307, 0.23470116647765446], 'size': [0.033663755439403885, 0.20172185302840845, 0.0]}, 'small_block': {'pos': [0.6140097595303955, -0.3535133918987863, 0.1097032402875184], 'size': [0.04461973939918376, 0.0849493067344041, 0.09534921802665242]}}"
0.7540000000000006,0.33599989211267317,0.0,0.4,0.3317183733888492,-0.00013065792268172392,0.4000632145052537,"{'table_obstacle': {'pos': [0.3825981920028062, 0.37518922255766707, 0.1646257963690813], 'size': [0.049837904948193595, 0.0813235869879147, 0.05243307039854257]}, 'pillar_obstacle': {'pos': [0.39994824830915515, -0.3824307480766307, 0.23470116647765446], 'size': [0.033663755439403885, 0.20172185302840845, 0.0]}, 'small_block': {'pos': [0.6140097595303955, -0.3535133918987863, 0.1097032402875184], 'size': [0.04461973939918376, 0.0849493067344041, 0.09534921802665242]}}"
0.7550000000000006,0.33599989211267317,0.0,0.4,0.3317795712182079,-0.00012874538050639578,0.40006228478105343,"{'table_obstacle': {'pos': [0.3825981920028062, 0.37518922255766707, 0.1646257963690813], 'size': [0.049837904948193595, 0.0813235869879147, 0.05243307039854257]}, 'pillar_obstacle': {'pos': [0.39994824830915515, -0.3824307480766307, 0.23470116647765446], 'size': [0.033663755439403885, 0.20172185302840845, 0.0]}, 'small_block': {'pos': [0.6140097595303955, -0.3535133918987863, 0.1097032402875184], 'size': [0.04461973939918376, 0.0849493067344041, 0.09534921802665242]}}"
0.7560000000000006,0.33599989211267317,0.0,0.4,0.3318398975866446,-0.00012686058556143356,0.40006136997997477,"{'table_obstacle': {'pos': [0.3825981920028062, 0.37518922255766707, 0.1646257963690813], 'size': [0.049837904948193595, 0.0813235869879147, 0.05243307039854257]}, 'pillar_obstacle': {'pos': [0.39994824830915515, -0.3824307480766307, 0.23470116647765446], 'size': [0.033663755439403885, 0.20172185302840845, 0.0]}, 'small_block': {'pos': [0.6140097595303955, -0.3535133918987863, 0.1097032402875184], 'size': [0.04461973939918376, 0.0849493067344041, 0.09534921802665242]}}"
0.7570000000000006,0.33599989211267317,0.0,0.4,0.33189936428875166,-0.0001250031321845576,0.4000604698379035,"{'table_obstacle': {'pos': [0.3825981920028062, 0.37518922255766707, 0.1646257963690813], 'size': [0.049837904948193595, 0.0813235869879147, 0.05243307039854257]}, 'pillar_obstacle': {'pos': [0.39994824830915515, -0.3824307480766307, 0.23470116647765446], 'size': [0.033663755439403885, 0.20172185302840845, 0.0]}, 'small_block': {'pos': [0.6140097595303955, -0.3535133918987863, 0.1097032402875184], 'size': [0.04461973939918376, 0.0849493067344041, 0.09534921802665242]}}"
0.7580000000000006,0.33599989211267317,0.0,0.4,0.3319579830771094,-0.00012317262125172848,0.40005958409516307,"{'table_obstacle': {'pos': [0.3825981920028062, 0.37518922255766707, 0.1646257963690813], 'size': [0.049837904948193595, 0.0813235869879147, 0.05243307039854257]}, 'pillar_obstacle': {'pos': [0.39994824830915515, -0.3824307480766307, 0.23470116647765446], 'size': [0.033663755439403885, 0.20172185302840845, 0.0]}, 'small_block': {'pos': [0.6140097595303955, -0.3535133918987863, 0.1097032402875184], 'size': [0.04461973939918376, 0.0849493067344041, 0.09534921802665242]}}"
0.7590000000000006,0.33599989211267317,0.0,0.4,0.3320157656387169,-0.000121368659978999,0.4000587124965928,"{'table_obstacle': {'pos': [0.3825981920028062, 0.37518922255766707, 0.1646257963690813], 'size': [0.049837904948193595, 0.0813235869879147, 0.05243307039854257]}, 'pillar_obstacle': {'pos': [0.39994824830915515, -0.3824307480766307, 0.23470116647765446], 'size': [0.033663755439403885, 0.20172185302840845, 0.0]}, 'small_block': {'pos': [0.6140097595303955, -0.3535133918987863, 0.1097032402875184], 'size': [0.04461973939918376, 0.0849493067344041, 0.09534921802665242]}}"
0.7600000000000006,0.33599989211267317,0.0,0.4,0.3320727235763756,-0.00011959086174284036,0.4000578547915944,"{'table_obstacle': {'pos': [0.3825981920028062, 0.37518922255766707, 0.1646257963690813], 'size': [0.049837904948193595, 0.0813235869879147, 0.05243307039854257]}, 'pillar_obstacle': {'pos': [0.39994824830915515, -0.3824307480766307, 0.23470116647765446], 'size': [0.033663755439403885, 0.20172185302840845, 0.0]}, 'small_block': {'pos': [0.6140097595303955, -0.3535133918987863, 0.1097032402875184], 'size': [0.04461973939918376, 0.0849493067344041, 0.09534921802665242]}}"
0.7610000000000006,0.33599989211267317,0.0,0.4,0.33212886839407385,-0.00011783884591748902,0.40005701073414973,"{'table_obstacle': {'pos': [0.3825981920028062, 0.37518922255766707, 0.1646257963690813], 'size': [0.049837904948193595, 0.0813235869879147, 0.05243307039854257]}, 'pillar_obstacle': {'pos': [0.39994824830915515, -0.3824307480766307, 0.23470116647765446], 'size': [0.033663755439403885, 0.20172185302840845, 0.0]}, 'small_block': {'pos': [0.6140097595303955, -0.3535133918987863, 0.1097032402875184], 'size': [0.04461973939918376, 0.0849493067344041, 0.09534921802665242]}}"
0.7620000000000006,0.33599989211267317,0.0,0.4,0.33218421148560107,-0.00011611223772535167,0.40005618008281485,"{'table_obstacle': {'pos': [0.3825981920028062, 0.37518922255766707, 0.1646257963690813], 'size': [0.049837904948193595, 0.0813235869879147, 0.05243307039854257]}, 'pillar_obstacle': {'pos': [0.39994824830915515, -0.3824307480766307, 0.23470116647765446], 'size': [0.033663755439403885, 0.20172185302840845, 0.0]}, 'small_block': {'pos': [0.6140097595303955, -0.3535133918987863, 0.1097032402875184], 'size': [0.04461973939918376, 0.0849493067344041, 0.09534921802665242]}}"
0.7630000000000006,0.33599989211267317,0.0,0.4,0.33223876412576825,-0.00011441066810015347,0.40005536260069946,"{'table_obstacle': {'pos': [0.3825981920028062, 0.37518922255766707, 0.1646257963690813], 'size': [0.049837904948193595, 0.0813235869879147, 0.05243307039854257]}, 'pillar_obstacle': {'pos': [0.39994824830915515, -0.3824307480766307, 0.23470116647765446], 'size': [0.033663755439403885, 0.20172185302840845, 0.0]}, 'small_block': {'pos': [0.6140097595303955, -0.3535133918987863, 0.1097032402875184], 'size': [0.04461973939918376, 0.0849493067344041, 0.09534921802665242]}}"
0.7640000000000006,0.33599989211267317,0.0,0.4,0.3322925374637329,-0.000112733773560529,0.40005455805542783,"{'table_obstacle': {'pos': [0.3825981920028062, 0.37518922255766707, 0.1646257963690813], 'size': [0.049837904948193595, 0.0813235869879147, 0.05243307039854257]}, 'pillar_obstacle': {'pos': [0.39994824830915515, -0.3824307480766307, 0.23470116647765446], 'size': [0.033663755439403885, 0.20172185302840845, 0.0]}, 'small_block': {'pos': [0.6140097595303955, -0.3535133918987863, 0.1097032402875184], 'size': [0.04461973939918376, 0.0849493067344041, 0.09534921802665242]}}"
0.7650000000000006,0.33599989211267317,0.0,0.4,0.332345542518018,-0.00011108119609131723,0.4000537662190909,"{'table_obstacle': {'pos': [0.3825981920028062, 0.37518922255766707, 0.1646257963690813], 'size': [0.049837904948193595, 0.0813235869879147, 0.05243307039854257]}, 'pillar_obstacle': {'pos': [0.39994824830915515, -0.3824307480766307, 0.23470116647765446], 'size': [0.033663755439403885, 0.20172185302840845, 0.0]}, 'small_block': {'pos': [0.6140097595303955, -0.3535133918987863, 0.1097032402875184], 'size': [0.04461973939918376, 0.0849493067344041, 0.09534921802665242]}}"
0.7660000000000006,0.33599989211267317,0.0,0.4,0.33239779017289495,-0.00010945258303462393,0.4000529868681891,"{'table_obstacle': {'pos': [0.3825981920028062, 0.37518922255766707, 0.1646257963690813], 'size': [0.049837904948193595, 0.0813235869879147, 0.05243307039854257]}, 'pillar_obstacle': {'pos': [0.39994824830915515, -0.3824307480766307, 0.23470116647765446], 'size': [0.033663755439403885, 0.20172185302840845, 0.0]}, 'small_block': {'pos': [0.6140097595303955, -0.3535133918987863, 0.1097032402875184], 'size': [0.04461973939918376, 0.0849493067344041, 0.09534921802665242]}}"
0.7670000000000006,0.33599989211267317,0.0,0.4,0.33244929117586797,-0.00010784758698510443,0.40005221978356764,"{'table_obstacle': {'pos': [0.3825981920028062, 0.37518922255766707, 0.1646257963690813], 'size': [0.049837904948193595, 0.0813235869879147, 0.05243307039854257]}, 'pillar_obstacle': {'pos': [0.39994824830915515, -0.3824307480766307, 0.23470116647765446], 'size': [0.033663755439403885, 0.20172185302840845, 0.0]}, 'small_block': {'pos': [0.6140097595303955, -0.3535133918987863, 0.1097032402875184], 'size': [0.04461973939918376, 0.0849493067344041, 0.09534921802665242]}}"
0.7680000000000006,0.33599989211267317,0.0,0.4,0.33250005613603967,-0.00010626586569234328,0.40005146475034736,"{'table_obstacle': {'pos': [0.3825981920028062, 0.37518922255766707, 0.1646257963690813], 'size': [0.049837904948193595, 0.0813235869879147, 0.05243307039854257]}, 'pillar_obstacle': {'pos': [0.39994824830915515, -0.3824307480766307, 0.23470116647765446], 'size': [0.033663755439403885, 0.20172185302840845, 0.0]}, 'small_block': {'pos': [0.6140097595303955, -0.3535133918987863, 0.1097032402875184], 'size': [0.04461973939918376, 0.0849493067344041, 0.09534921802665242]}}"
0.7690000000000006,0.33599989211267317,0.0,0.4,0.3325500955231861,-0.00010470708196788551,0.40005072155785154,"{'table_obstacle': {'pos': [0.3825981920028062, 0.37518922255766707, 0.1646257963690813], 'size': [0.049837904948193595, 0.0813235869879147, 0.05243307039854257]}, 'pillar_obstacle': {'pos': [0.39994824830915515, -0.3824307480766307, 0.23470116647765446], 'size': [0.033663755439403885, 0.20172185302840845, 0.0]}, 'small_block': {'pos': [0.6140097595303955, -0.3535133918987863, 0.1097032402875184], 'size': [0.04461973939918376, 0.0849493067344041, 0.09534921802665242]}}"
0.7700000000000006,0.33599989211267317,0.0,0.4,0.3325994196673974,-0.00010317090359639109,0.4000499899995292,"{'table_obstacle': {'pos': [0.3825981920028062, 0.37518922255766707, 0.1646257963690813], 'size': [0.049837904948193595, 0.0813235869879147, 0.05243307039854257]}, 'pillar_obstacle': {'pos': [0.39994824830915515, -0.3824307480766307, 0.23470116647765446], 'size': [0.033663755439403885, 0.20172185302840845, 0.0]}, 'small_block': {'pos': [0.6140097595303955, -0.3535133918987863, 0.1097032402875184], 'size': [0.04461973939918376, 0.0849493067344041, 0.09534921802665242]}}"
0.7710000000000006,0.33599989211267317,0.0,0.4,0.3326480387591756,-0.00010165700325036813,0.4000492698728777,"{'table_obstacle': {'pos': [0.3825981920028062, 0.37518922255766707, 0.1646257963690813], 'size': [0.049837904948193595, 0.0813235869879147, 0.05243307039854257]}, 'pillar_obstacle': {'pos': [0.39994824830915515, -0.3824307480766307, 0.23470116647765446], 'size': [0.033663755439403885, 0.20172185302840845, 0.0]}, 'small_block': {'pos': [0.6140097595303955, -0.3535133918987863, 0.1097032402875184], 'size': [0.04461973939918376, 0.0849493067344041, 0.09534921802665242]}}"
0.7720000000000006,0.33599989211267317,0.0,0.4,0.33269596284989017,-0.00010016505840887776,0.40004856097936414,"{'table_obstacle': {'pos': [0.3825981920028062, 0.37518922255766707, 0.1646257963690813], 'size': [0.049837904948193595, 0.0813235869879147, 0.05243307039854257]}, 'pillar_obstacle': {'pos': [0.39994824830915515, -0.3824307480766307, 0.23470116647765446], 'size': [0.033663755439403885, 0.20172185302840845, 0.0]}, 'small_block': {'pos': [0.6140097595303955, -0.3535133918987863, 0.1097032402875184], 'size': [0.04461973939918376, 0.0849493067344041, 0.09534921802665242]}}"
0.7730000000000006,0.33599989211267317,0.0,0.4,0.3327432018525241,-9.86947512782668e-05,0.4000478631243455,"{'table_obstacle': {'pos': [0.3825981920028062, 0.37518922255766707, 0.1646257963690813], 'size': [0.049837904948193595, 0.0813235869879147, 0.05243307039854257]}, 'pillar_obstacle': {'pos': [0.39994824830915515, -0.3824307480766307, 0.23470116647765446], 'size': [0.033663755439403885, 0.20172185302840845, 0.0]}, 'small_block': {'pos': [0.6140097595303955, -0.3535133918987863, 0.1097032402875184], 'size': [0.04461973939918376, 0.0849493067344041, 0.09534921802665242]}}"
0.7740000000000006,0.33599989211267317,0.0,0.4,0.3327897655426432,-9.724576871588363e-05,0.40004717611698937,"{'table_obstacle': {'pos': [0.3825981920028062, 0.37518922255766707, 0.1646257963690813], 'size': [0.049837904948193595, 0.0813235869879147, 0.05243307039854257]}, 'pillar_obstacle': {'pos': [0.39994824830915515, -0.3824307480766307, 0.23470116647765446], 'size': [0.033663755439403885, 0.20172185302840845, 0.0]}, 'small_block': {'pos': [0.6140097595303955, -0.3535133918987863, 0.1097032402875184], 'size': [0.04461973939918376, 0.0849493067344041, 0.09534921802665242]}}"
0.7750000000000006,0.33599989211267317,0.0,0.4,0.3328356635595471,-9.581780215607298e-05,0.40004649977019513,"{'table_obstacle': {'pos': [0.3825981920028062, 0.37518922255766707, 0.1646257963690813], 'size': [0.049837904948193595, 0.0813235869879147, 0.05243307039854257]}, 'pillar_obstacle': {'pos': [0.39994824830915515, -0.3824307480766307, 0.23470116647765446], 'size': [0.033663755439403885, 0.20172185302840845, 0.0]}, 'small_block': {'pos': [0.6140097595303955, -0.3535133918987863, 0.1097032402875184], 'size': [0.04461973939918376, 0.0849493067344041, 0.09534921802665242]}}"
0.7760000000000006,0.33599989211267317,0.0,0.4,0.3328809054075566,-9.441054753816532e-05,0.4000458339005152,"{'table_obstacle': {'pos': [0.3825981920028062, 0.37518922255766707, 0.1646257963690813], 'size': [0.049837904948193595, 0.0813235869879147, 0.05243307039854257]}, 'pillar_obstacle': {'pos': [0.39994824830915515, -0.3824307480766307, 0.23470116647765446], 'size': [0.033663755439403885, 0.20172185302840845, 0.0]}, 'small_block': {'pos': [0.6140097595303955, -0.3535133918987863, 0.1097032402875184], 'size': [0.04461973939918376, 0.0849493067344041, 0.09534921802665242]}}"
0.7770000000000006,0.33599989211267317,0.0,0.4,0.33292550045741076,-9.302370523703445e-05,0.40004517832807784,"{'table_obstacle': {'pos': [0.3825981920028062, 0.37518922255766707, 0.1646257963690813], 'size': [0.049837904948193595, 0.0813235869879147, 0.05243307039854257]}, 'pillar_obstacle': {'pos': [0.39994824830915515, -0.3824307480766307, 0.23470116647765446], 'size': [0.033663755439403885, 0.20172185302840845, 0.0]}, 'small_block': {'pos': [0.6140097595303955, -0.3535133918987863, 0.1097032402875184], 'size': [0.04461973939918376, 0.0849493067344041, 0.09534921802665242]}}"
0.7780000000000006,0.33599989211267317,0.0,0.4,0.3329694579477429,-9.165697999358809e-05,0.400044532876511,"{'table_obstacle': {'pos': [0.3825981920028062, 0.37518922255766707, 0.1646257963690813], 'size': [0.049837904948193595, 0.0813235869879147, 0.05243307039854257]}, 'pillar_obstacle': {'pos': [0.39994824830915515, -0.3824307480766307, 0.23470116647765446], 'size': [0.033663755439403885, 0.20172185302840845, 0.0]}, 'small_block': {'pos': [0.6140097595303955, -0.3535133918987863, 0.1097032402875184], 'size': [0.04461973939918376, 0.0849493067344041, 0.09534921802665242]}}"
0.7790000000000006,0.33599989211267317,0.0,0.4,0.33301278698662085,-9.031008084868245e-05,0.4000438973728664,"{'table_obstacle': {'pos': [0.3825981920028062, 0.37518922255766707, 0.1646257963690813], 'size': [0.049837904948193595, 0.0813235869879147, 0.05243307039854257]}, 'pillar_obstacle': {'pos': [0.39994824830915515, -0.3824307480766307, 0.23470116647765446], 'size': [0.033663755439403885, 0.20172185302840845, 0.0]}, 'small_block': {'pos': [0.6140097595303955, -0.3535133918987863, 0.1097032402875184], 'size': [0.04461973939918376, 0.0849493067344041, 0.09534921802665242]}}"
0.7800000000000006,0.33599989211267317,0.0,0.4,0.3330554965531298,-8.89827210779605e-05,0.40004327164754583,"{'table_obstacle': {'pos': [0.3825981920028062, 0.37518922255766707, 0.1646257963690813], 'size': [0.049837904948193595, 0.0813235869879147, 0.05243307039854257]}, 'pillar_obstacle': {'pos': [0.39994824830915515, -0.3824307480766307, 0.23470116647765446], 'size': [0.033663755439403885, 0.20172185302840845, 0.0]}, 'small_block': {'pos': [0.6140097595303955, -0.3535133918987863, 0.1097032402875184], 'size': [0.04461973939918376, 0.0849493067344041, 0.09534921802665242]}}"
0.7810000000000006,0.33599989211267317,0.0,0.4,0.33309759549898693,-8.767461812693732e-05,0.40004265553422935,"{'table_obstacle': {'pos': [0.3825981920028062, 0.37518922255766707, 0.1646257963690813], 'size': [0.049837904948193595, 0.0813235869879147, 0.05243307039854257]}, 'pillar_obstacle': {'pos': [0.39994824830915515, -0.3824307480766307, 0.23470116647765446], 'size': [0.033663755439403885, 0.20172185302840845, 0.0]}, 'small_block': {'pos': [0.6140097595303955, -0.3535133918987863, 0.1097032402875184], 'size': [0.04461973939918376, 0.0849493067344041, 0.09534921802665242]}}"
0.7820000000000006,0.33599989211267317,0.0,0.4,0.33313909255017676,-8.638549354930954e-05,0.4000420488698033,"{'table_obstacle': {'pos': [0.3825981920028062, 0.37518922255766707, 0.1646257963690813], 'size': [0.049837904948193595, 0.0813235869879147, 0.05243307039854257]}, 'pillar_obstacle': {'pos': [0.39994824830915515, -0.3824307480766307, 0.23470116647765446], 'size': [0.033663755439403885, 0.20172185302840845, 0.0]}, 'small_block': {'pos': [0.6140097595303955, -0.3535133918987863, 0.1097032402875184], 'size': [0.04461973939918376, 0.0849493067344041, 0.09534921802665242]}}"
0.7830000000000006,0.33599989211267317,0.0,0.4,0.3331799963085983,-8.511507294501543e-05,0.40004145149429104,"{'table_obstacle': {'pos': [0.3825981920028062, 0.37518922255766707, 0.1646257963690813], 'size': [0.049837904948193595, 0.0813235869879147, 0.05243307039854257]}, 'pillar_obstacle': {'pos': [0.39994824830915515, -0.3824307480766307, 0.23470116647765446], 'size': [0.033663755439403885, 0.20172185302840845, 0.0]}, 'small_block': {'pos': [0.6140097595303955, -0.3535133918987863, 0.1097032402875184], 'size': [0.04461973939918376, 0.0849493067344041, 0.09534921802665242]}}"
0.7840000000000006,0.33599989211267317,0.0,0.4,0.33322031525371737,-8.386308589961153e-05,0.4000408632507844,"{'table_obstacle': {'pos': [0.3825981920028062, 0.37518922255766707, 0.1646257963690813], 'size': [0.049837904948193595, 0.0813235869879147, 0.05243307039854257]}, 'pillar_obstacle': {'pos': [0.39994824830915515, -0.3824307480766307, 0.23470116647765446], 'size': [0.033663755439403885, 0.20172185302840845, 0.0]}, 'small_block': {'pos': [0.6140097595303955, -0.3535133918987863, 0.1097032402875184], 'size': [0.04461973939918376, 0.0849493067344041, 0.09534921802665242]}}"
0.7850000000000006,0.33599989211267317,0.0,0.4,0.3332600577442175,-8.262926592519961e-05,0.4000402839853784,"{'table_obstacle': {'pos': [0.3825981920028062, 0.37518922255766707, 0.1646257963690813], 'size': [0.049837904948193595, 0.0813235869879147, 0.05243307039854257]}, 'pillar_obstacle': {'pos': [0.39994824830915515, -0.3824307480766307, 0.23470116647765446], 'size': [0.033663755439403885, 0.20172185302840845, 0.0]}, 'small_block': {'pos': [0.6140097595303955, -0.3535133918987863, 0.1097032402875184], 'size': [0.04461973939918376, 0.0849493067344041, 0.09534921802665242]}}"
0.7860000000000006,0.33599989211267317,0.0,0.4,0.33329923201964795,-8.141335040183869e-05,0.4000397135471036,"{'table_obstacle': {'pos': [0.3825981920028062, 0.37518922255766707, 0.1646257963690813], 'size': [0.049837904948193595, 0.0813235869879147, 0.05243307039854257]}, 'pillar_obstacle': {'pos': [0.39994824830915515, -0.3824307480766307, 0.23470116647765446], 'size': [0.033663755439403885, 0.20172185302840845, 0.0]}, 'small_block': {'pos': [0.6140097595303955, -0.3535133918987863, 0.1097032402875184], 'size': [0.04461973939918376, 0.0849493067344041, 0.09534921802665242]}}"
0.7870000000000006,0.33599989211267317,0.0,0.4,0.33333784620206036,-8.021508052072814e-05,0.4000391517878652,"{'table_obstacle': {'pos': [0.3825981920028062, 0.37518922255766707, 0.1646257963690813], 'size': [0.049837904948193595, 0.0813235869879147, 0.05243307039854257]}, 'pillar_obstacle': {'pos': [0.39994824830915515, -0.3824307480766307, 0.23470116647765446], 'size': [0.033663755439403885, 0.20172185302840845, 0.0]}, 'small_block': {'pos': [0.6140097595303955, -0.3535133918987863, 0.1097032402875184], 'size': [0.04461973939918376, 0.0849493067344041, 0.09534921802665242]}}"
0.7880000000000006,0.33599989211267317,0.0,0.4,0.33337590829763697,-7.90342012277738e-05,0.4000385985623784,"{'table_obstacle': {'pos': [0.3825981920028062, 0.37518922255766707, 0.1646257963690813], 'size': [0.049837904948193595, 0.0813235869879147, 0.05243307039854257]}, 'pillar_obstacle': {'pos': [0.39994824830915515, -0.3824307480766307, 0.23470116647765446], 'size': [0.033663755439403885, 0.20172185302840845, 0.0]}, 'small_block': {'pos': [0.6140097595303955, -0.3535133918987863, 0.1097032402875184], 'size': [0.04461973939918376, 0.0849493067344041, 0.09534921802665242]}}"
0.7890000000000006,0.33599989211267317,0.0,0.4,0.3334134261983043,-7.78704611674294e-05,0.40003805372810963,"{'table_obstacle': {'pos': [0.3825981920028062, 0.37518922255766707, 0.1646257963690813], 'size': [0.049837904948193595, 0.0813235869879147, 0.05243307039854257]}, 'pillar_obstacle': {'pos': [0.39994824830915515, -0.3824307480766307, 0.23470116647765446], 'size': [0.033663755439403885, 0.20172185302840845, 0.0]}, 'small_block': {'pos': [0.6140097595303955, -0.3535133918987863, 0.1097032402875184], 'size': [0.04461973939918376, 0.0849493067344041, 0.09534921802665242]}}"
0.7900000000000006,0.33599989211267317,0.0,0.4,0.33345040768333106,-7.672361262928301e-05,0.4000375171452156,"{'table_obstacle': {'pos': [0.3825981920028062, 0.37518922255766707, 0.1646257963690813], 'size': [0.049837904948193595, 0.0813235869879147, 0.05243307039854257]}, 'pillar_obstacle': {'pos': [0.39994824830915515, -0.3824307480766307, 0.23470116647765446], 'size': [0.033663755439403885, 0.20172185302840845, 0.0]}, 'small_block': {'pos': [0.6140097595303955, -0.3535133918987863, 0.1097032402875184], 'size': [0.04461973939918376, 0.0849493067344041, 0.09534921802665242]}}"
0.7910000000000006,0.33599989211267317,0.0,0.4,0.33348686042091136,-7.559341149384481e-05,0.4000369886764864,"{'table_obstacle': {'pos': [0.3825981920028062, 0.37518922255766707, 0.1646257963690813], 'size': [0.049837904948193595, 0.0813235869879147, 0.05243307039854257]}, 'pillar_obstacle': {'pos': [0.39994824830915515, -0.3824307480766307, 0.23470116647765446], 'size': [0.033663755439403885, 0.20172185302840845, 0.0]}, 'small_block': {'pos': [0.6140097595303955, -0.3535133918987863, 0.1097032402875184], 'size': [0.04461973939918376, 0.0849493067344041, 0.09534921802665242]}}"
0.7920000000000006,0.33599989211267317,0.0,0.4,0.3335227919697292,-7.447961717948065e-05,0.40003646818728816,"{'table_obstacle': {'pos': [0.3825981920028062, 0.37518922255766707, 0.1646257963690813], 'size': [0.049837904948193595, 0.0813235869879147, 0.05243307039854257]}, 'pillar_obstacle': {'pos': [0.39994824830915515, -0.3824307480766307, 0.23470116647765446], 'size': [0.033663755439403885, 0.20172185302840845, 0.0]}, 'small_block': {'pos': [0.6140097595303955, -0.3535133918987863, 0.1097032402875184], 'size': [0.04461973939918376, 0.0849493067344041, 0.09534921802665242]}}"
0.7930000000000006,0.33599989211267317,0.0,0.4,0.33355820978050577,-7.33819925906433e-05,0.4000359555455084,"{'table_obstacle': {'pos': [0.3825981920028062, 0.37518922255766707, 0.1646257963690813], 'size': [0.049837904948193595, 0.0813235869879147, 0.05243307039854257]}, 'pillar_obstacle': {'pos': [0.39994824830915515, -0.3824307480766307, 0.23470116647765446], 'size': [0.033663755439403885, 0.20172185302840845, 0.0]}, 'small_block': {'pos': [0.6140097595303955, -0.3535133918987863, 0.1097032402875184], 'size': [0.04461973939918376, 0.0849493067344041, 0.09534921802665242]}}"
0.7940000000000006,0.33599989211267317,0.0,0.4,0.33359312119752704,-7.230030406761586e-05,0.40003545062150186,"{'table_obstacle': {'pos': [0.3825981920028062, 0.37518922255766707, 0.1646257963690813], 'size': [0.049837904948193595, 0.0813235869879147, 0.05243307039854257]}, 'pillar_obstacle': {'pos': [0.39994824830915515, -0.3824307480766307, 0.23470116647765446], 'size': [0.033663755439403885, 0.20172185302840845, 0.0]}, 'small_block': {'pos': [0.6140097595303955, -0.3535133918987863, 0.1097032402875184], 'size': [0.04461973939918376, 0.0849493067344041, 0.09534921802665242]}}"
0.7950000000000006,0.33599989211267317,0.0,0.4,0.333627533460153,-7.123432133440332e-05,0.400034953288038,"{'table_obstacle': {'pos': [0.3825981920028062, 0.37518922255766707, 0.1646257963690813], 'size': [0.049837904948193595, 0.0813235869879147, 0.05243307039854257]}, 'pillar_obstacle': {'pos': [0.39994824830915515, -0.3824307480766307, 0.23470116647765446], 'size': [0.033663755439403885, 0.20172185302840845, 0.0]}, 'small_block': {'pos': [0.6140097595303955, -0.3535133918987863, 0.1097032402875184], 'size': [0.04461973939918376, 0.0849493067344041, 0.09534921802665242]}}"
0.7960000000000006,0.33599989211267317,0.0,0.4,0.33366145370430766,-7.018381745045345e-05,0.40003446342024884,"{'table_obstacle': {'pos': [0.3825981920028062, 0.37518922255766707, 0.1646257963690813], 'size': [0.049837904948193595, 0.0813235869879147, 0.05243307039854257]}, 'pillar_obstacle': {'pos': [0.39994824830915515, -0.3824307480766307, 0.23470116647765446], 'size': [0.033663755439403885, 0.20172185302840845, 0.0]}, 'small_block': {'pos': [0.6140097595303955, -0.3535133918987863, 0.1097032402875184], 'size': [0.04461973939918376, 0.0849493067344041, 0.09534921802665242]}}"
0.7970000000000006,0.3399998793738646,0.0,0.4,0.33369488896394933,-6.91485687613888e-05,0.40003398089557995,"{'table_obstacle': {'pos': [0.3825981920028062, 0.37518922255766707, 0.1646257963690813], 'size': [0.049837904948193595, 0.0813235869879147, 0.05243307039854257]}, 'pillar_obstacle': {'pos': [0.39994824830915515, -0.3824307480766307, 0.23470116647765446], 'size': [0.033663755439403885, 0.20172185302840845, 0.0]}, 'small_block': {'pos': [0.6140097595303955, -0.3535133918987863, 0.1097032402875184], 'size': [0.04461973939918376, 0.0849493067344041, 0.09534921802665242]}}"
0.7980000000000006,0.3399998793738646,0.0,0.4,0.3337387704835585,-6.811730616839042e-05,0.4000334877000107,"{'table_obstacle': {'pos': [0.3825981920028062, 0.37518922255766707, 0.1646257963690813], 'size': [0.049837904948193595, 0.0813235869879147, 0.05243307039854257]}, 'pillar_obstacle': {'pos': [0.39994824830915515, -0.3824307480766307, 0.23470116647765446], 'size': [0.033663755439403885, 0.20172185302840845, 0.0]}, 'small_block': {'pos': [0.6140097595303955, -0.3535133918987863, 0.1097032402875184], 'size': [0.04461973939918376, 0.0849493067344041, 0.09534921802665242]}}"
0.7990000000000006,0.3399998793738646,0.0,0.4,0.33379086218329357,-6.709438426532952e-05,0.40003298832410294,"{'table_obstacle': {'pos': [0.3825981920028062, 0.37518922255766707, 0.1646257963690813], 'size': [0.049837904948193595, 0.0813235869879147, 0.05243307039854257]}, 'pillar_obstacle': {'pos': [0.39994824830915515, -0.3824307480766307, 0.23470116647765446], 'size': [0.033663755439403885, 0.20172185302840845, 0.0]}, 'small_block': {'pos': [0.6140097595303955, -0.3535133918987863, 0.1097032402875184], 'size': [0.04461973939918376, 0.0849493067344041, 0.09534921802665242]}}"
0.8000000000000006,0.3399998793738646,0.0,0.4,0.33384935853806597,-6.608278923172732e-05,0.4000324859325737,"{'table_obstacle': {'pos': [0.3825981920028062, 0.37518922255766707, 0.1646257963690813], 'size': [0.049837904948193595, 0.0813235869879147, 0.05243307039854257]}, 'pillar_obstacle': {'pos': [0.39994824830915515, -0.3824307480766307, 0.23470116647765446], 'size': [0.033663755439403885, 0.20172185302840845, 0.0]}, 'small_block': {'pos': [0.6140097595303955, -0.3535133918987863, 0.1097032402875184], 'size': [0.04461973939918376, 0.0849493067344041, 0.09534921802665242]}}"
0.8010000000000006,0.3399998793738646,0.0,0.4,0.3339128022983295,-6.508450115550388e-05,0.40003198284054575,"{'table_obstacle': {'pos': [0.3825981920028062, 0.37518922255766707, 0.1646257963690813], 'size': [0.049837904948193595, 0.0813235869879147, 0.05243307039854257]}, 'pillar_obstacle': {'pos': [0.39994824830915515, -0.3824307480766307, 0.23470116647765446], 'size': [0.033663755439403885, 0.20172185302840845, 0.0]}, 'small_block': {'pos': [0.6140097595303955, -0.3535133918987863, 0.1097032402875184], 'size': [0.04461973939918376, 0.0849493067344041, 0.09534921802665242]}}"
0.8020000000000006,0.3399998793738646,0.0,0.4,0.33398001792133736,-6.410076683856538e-05,0.40003148080430967,"{'table_obstacle': {'pos': [0.3825981920028062, 0.37518922255766707, 0.1646257963690813], 'size': [0.049837904948193595, 0.0813235869879147, 0.05243307039854257]}, 'pillar_obstacle': {'pos': [0.39994824830915515, -0.3824307480766307, 0.23470116647765446], 'size': [0.033663755439403885, 0.20172185302840845, 0.0]}, 'small_block': {'pos': [0.6140097595303955, -0.3535133918987863, 0.1097032402875184], 'size': [0.04461973939918376, 0.0849493067344041, 0.09534921802665242]}}"
0.8030000000000006,0.3399998793738646,0.0,0.4,0.3340500577149175,-6.313230432257603e-05,0.4000309811986963,"{'table_obstacle': {'pos': [0.3825981920028062, 0.37518922255766707, 0.1646257963690813], 'size': [0.049837904948193595, 0.0813235869879147, 0.05243307039854257]}, 'pillar_obstacle': {'pos': [0.39994824830915515, -0.3824307480766307, 0.23470116647765446], 'size': [0.033663755439403885, 0.20172185302840845, 0.0]}, 'small_block': {'pos': [0.6140097595303955, -0.3535133918987863, 0.1097032402875184], 'size': [0.04461973939918376, 0.0849493067344041, 0.09534921802665242]}}"
0.8040000000000006,0.3399998793738646,0.0,0.4,0.33412215826727537,-6.217945546080563e-05,0.40003048512582406,"{'table_obstacle': {'pos': [0.3825981920028062, 0.37518922255766707, 0.1646257963690813], 'size': [0.049837904948193595, 0.0813235869879147, 0.05243307039854257]}, 'pillar_obstacle': {'pos': [0.39994824830915515, -0.3824307480766307, 0.23470116647765446], 'size': [0.033663755439403885, 0.20172185302840845, 0.0]}, 'small_block': {'pos': [0.6140097595303955, -0.3535133918987863, 0.1097032402875184], 'size': [0.04461973939918376, 0.0849493067344041, 0.09534921802665242]}}"
0.8050000000000006,0.3399998793738646,0.0,0.4,0.3341957051990886,-6.124229906730043e-05,0.4000299934827581,"{'table_obstacle': {'pos': [0.3825981920028062, 0.37518922255766707, 0.1646257963690813], 'size': [0.049837904948193595, 0.0813235869879147, 0.05243307039854257]}, 'pillar_obstacle': {'pos': [0.39994824830915515, -0.3824307480766307, 0.23470116647765446], 'size': [0.033663755439403885, 0.20172185302840845, 0.0]}, 'small_block': {'pos': [0.6140097595303955, -0.3535133918987863, 0.1097032402875184], 'size': [0.04461973939918376, 0.0849493067344041, 0.09534921802665242]}}"
0.8060000000000006,0.3399998793738646,0.0,0.4,0.3342702046488028,-6.0320734247347545e-05,0.40002950700483053,"{'table_obstacle': {'pos': [0.3825981920028062, 0.37518922255766707, 0.1646257963690813], 'size': [0.049837904948193595, 0.0813235869879147, 0.05243307039854257]}, 'pillar_obstacle': {'pos': [0.39994824830915515, -0.3824307480766307, 0.23470116647765446], 'size': [0.033663755439403885, 0.20172185302840845, 0.0]}, 'small_block': {'pos': [0.6140097595303955, -0.3535133918987863, 0.1097032402875184], 'size': [0.04461973939918376, 0.0849493067344041, 0.09534921802665242]}}"
0.8070000000000006,0.3399998793738646,0.0,0.4,0.3343452602053002,-5.941454126003743e-05,0.4000290262946748,"{'table_obstacle': {'pos': [0.3825981920028062, 0.37518922255766707, 0.1646257963690813], 'size': [0.049837904948193595, 0.0813235869879147, 0.05243307039854257]}, 'pillar_obstacle': {'pos': [0.39994824830915515, -0.3824307480766307, 0.23470116647765446], 'size': [0.033663755439403885, 0.20172185302840845, 0.0]}, 'small_block': {'pos': [0.6140097595303955, -0.3535133918987863, 0.1097032402875184], 'size': [0.04461973939918376, 0.0849493067344041, 0.09534921802665242]}}"
0.8080000000000006,0.3399998793738646,0.0,0.4,0.3344205542475639,-5.852342552019748e-05,0.4000285518429072,"{'table_obstacle': {'pos': [0.3825981920028062, 0.37518922255766707, 0.1646257963690813], 'size': [0.049837904948193595, 0.0813235869879147, 0.05243307039854257]}, 'pillar_obstacle': {'pos': [0.39994824830915515, -0.3824307480766307, 0.23470116647765446], 'size': [0.033663755439403885, 0.20172185302840845, 0.0]}, 'small_block': {'pos': [0.6140097595303955, -0.3535133918987863, 0.1097032402875184], 'size': [0.04461973939918376, 0.0849493067344041, 0.09534921802665242]}}"
0.8090000000000006,0.3399998793738646,0.0,0.4,0.3344958328495905,-5.764704901226052e-05,0.4000280840438979,"{'table_obstacle': {'pos': [0.3825981920028062, 0.37518922255766707, 0.1646257963690813], 'size': [0.049837904948193595, 0.0813235869879147, 0.05243307039854257]}, 'pillar_obstacle': {'pos': [0.39994824830915515, -0.3824307480766307, 0.23470116647765446], 'size': [0.033663755439403885, 0.20172185302840845, 0.0]}, 'small_block': {'pos': [0.6140097595303955, -0.3535133918987863, 0.1097032402875184], 'size': [0.04461973939918376, 0.0849493067344041, 0.09534921802665242]}}"
0.8100000000000006,0.3399998793738646,0.0,0.4,0.33457089356953934,-5.678505235993842e-05,0.40002762320857127,"{'table_obstacle': {'pos': [0.3825981920028062, 0.37518922255766707, 0.1646257963690813], 'size': [0.049837904948193595, 0.0813235869879147, 0.05243307039854257]}, 'pillar_obstacle': {'pos': [0.39994824830915515, -0.3824307480766307, 0.23470116647765446], 'size': [0.033663755439403885, 0.20172185302840845, 0.0]}, 'small_block': {'pos': [0.6140097595303955, -0.3535133918987863, 0.1097032402875184], 'size': [0.04461973939918376, 0.0849493067344041, 0.09534921802665242]}}"
0.8110000000000006,0.3399998793738646,0.0,0.4,0.3346455755721629,-5.593707000661563e-05,0.4000271695753096,"{'table_obstacle': {'pos': [0.3825981920028062, 0.37518922255766707, 0.1646257963690813], 'size': [0.049837904948193595, 0.0813235869879147, 0.05243307039854257]}, 'pillar_obstacle': {'pos': [0.39994824830915515, -0.3824307480766307, 0.23470116647765446], 'size': [0.033663755439403885, 0.20172185302840845, 0.0]}, 'small_block': {'pos': [0.6140097595303955, -0.3535133918987863, 0.1097032402875184], 'size': [0.04461973939918376, 0.0849493067344041, 0.09534921802665242]}}"
0.8120000000000006,0.3399998793738646,0.0,0.4,0.33471975163879086,-5.510274035796836e-05,0.40002672331953276,"{'table_obstacle': {'pos': [0.3825981920028062, 0.37518922255766707, 0.1646257963690813], 'size': [0.049837904948193595, 0.0813235869879147, 0.05243307039854257]}, 'pillar_obstacle': {'pos': [0.39994824830915515, -0.3824307480766307, 0.23470116647765446], 'size': [0.033663755439403885, 0.20172185302840845, 0.0]}, 'small_block': {'pos': [0.6140097595303955, -0.3535133918987863, 0.1097032402875184], 'size': [0.04461973939918376, 0.0849493067344041, 0.09534921802665242]}}"
0.8130000000000006,0.3399998793738646,0.0,0.4,0.3347933217042777,-5.428171227607355e-05,0.4000262845622455,"{'table_obstacle': {'pos': [0.3825981920028062, 0.37518922255766707, 0.1646257963690813], 'size': [0.049837904948193595, 0.0813235869879147, 0.05243307039854257]}, 'pillar_obstacle': {'pos': [0.39994824830915515, -0.3824307480766307, 0.23470116647765446], 'size': [0.033663755439403885, 0.20172185302840845, 0.0]}, 'small_block': {'pos': [0.6140097595303955, -0.3535133918987863, 0.1097032402875184], 'size': [0.04461973939918376, 0.0849493067344041, 0.09534921802665242]}}"
0.8140000000000006,0.3399998793738646,0.0,0.4,0.3348662076292042,-5.347364896533493e-05,0.4000258533777129,"{'table_obstacle': {'pos': [0.3825981920028062, 0.37518922255766707, 0.1646257963690813], 'size': [0.049837904948193595, 0.0813235869879147, 0.05243307039854257]}, 'pillar_obstacle': {'pos': [0.39994824830915515, -0.3824307480766307, 0.23470116647765446], 'size': [0.033663755439403885, 0.20172185302840845, 0.0]}, 'small_block': {'pos': [0.6140097595303955, -0.3535133918987863, 0.1097032402875184], 'size': [0.04461973939918376, 0.0849493067344041, 0.09534921802665242]}}"
0.8150000000000006,0.3399998793738646,0.0,0.4,0.334938348971344,-5.2678230020566125e-05,0.4000254298003397,"{'table_obstacle': {'pos': [0.3825981920028062, 0.37518922255766707, 0.1646257963690813], 'size': [0.049837904948193595, 0.0813235869879147, 0.05243307039854257]}, 'pillar_obstacle': {'pos': [0.39994824830915515, -0.3824307480766307, 0.23470116647765446], 'size': [0.033663755439403885, 0.20172185302840845, 0.0]}, 'small_block': {'pos': [0.6140097595303955, -0.3535133918987863, 0.1097032402875184], 'size': [0.04461973939918376, 0.0849493067344041, 0.09534921802665242]}}"
0.8160000000000006,0.3399998793738646,0.0,0.4,0.33500969956549315,-5.189515220698278e-05,0.40002501383081107,"{'table_obstacle': {'pos': [0.3825981920028062, 0.37518922255766707, 0.1646257963690813], 'size': [0.049837904948193595, 0.0813235869879147, 0.05243307039854257]}, 'pillar_obstacle': {'pos': [0.39994824830915515, -0.3824307480766307, 0.23470116647765446], 'size': [0.033663755439403885, 0.20172185302840845, 0.0]}, 'small_block': {'pos': [0.6140097595303955, -0.3535133918987863, 0.1097032402875184], 'size': [0.04461973939918376, 0.0849493067344041, 0.09534921802665242]}}"
0.8170000000000006,0.3399998793738646,0.0,0.4,0.3350802247572226,-5.112412938967503e-05,0.4000246054415369,"{'table_obstacle': {'pos': [0.3825981920028062, 0.37518922255766707, 0.1646257963690813], 'size': [0.049837904948193595, 0.0813235869879147, 0.05243307039854257]}, 'pillar_obstacle': {'pos': [0.39994824830915515, -0.3824307480766307, 0.23470116647765446], 'size': [0.033663755439403885, 0.20172185302840845, 0.0]}, 'small_block': {'pos': [0.6140097595303955, -0.3535133918987863, 0.1097032402875184], 'size': [0.04461973939918376, 0.0849493067344041, 0.09534921802665242]}}"
0.8180000000000006,0.3399998793738646,0.0,0.4,0.335149899165624,-5.0364891913281296e-05,0.4000242045814424,"{'table_obstacle': {'pos': [0.3825981920028062, 0.37518922255766707, 0.1646257963690813], 'size': [0.049837904948193595, 0.0813235869879147, 0.05243307039854257]}, 'pillar_obstacle': {'pos': [0.39994824830915515, -0.3824307480766307, 0.23470116647765446], 'size': [0.033663755439403885, 0.20172185302840845, 0.0]}, 'small_block': {'pos': [0.6140097595303955, -0.3535133918987863, 0.1097032402875184], 'size': [0.04461973939918376, 0.0849493067344041, 0.09534921802665242]}}"
0.8190000000000006,0.3399998793738646,0.0,0.4,0.33521870487398425,-4.961718565052995e-05,0.40002381118015173,"{'table_obstacle': {'pos': [0.3825981920028062, 0.37518922255766707, 0.1646257963690813], 'size': [0.049837904948193595, 0.0813235869879147, 0.05243307039854257]}, 'pillar_obstacle': {'pos': [0.39994824830915515, -0.3824307480766307, 0.23470116647765446], 'size': [0.033663755439403885, 0.20172185302840845, 0.0]}, 'small_block': {'pos': [0.6140097595303955, -0.3535133918987863, 0.1097032402875184], 'size': [0.04461973939918376, 0.0849493067344041, 0.09534921802665242]}}"
0.8200000000000006,0.3399998793738646,0.0,0.4,0.3352866299666289,-4.888077087023261e-05,0.4000234251516179,"{'table_obstacle': {'pos': [0.3825981920028062, 0.37518922255766707, 0.1646257963690813], 'size': [0.049837904948193595, 0.0813235869879147, 0.05243307039854257]}, 'pillar_obstacle': {'pos': [0.39994824830915515, -0.3824307480766307, 0.23470116647765446], 'size': [0.033663755439403885, 0.20172185302840845, 0.0]}, 'small_block': {'pos': [0.6140097595303955, -0.3535133918987863, 0.1097032402875184], 'size': [0.04461973939918376, 0.0849493067344041, 0.09534921802665242]}}"
0.8210000000000006,0.3399998793738646,0.0,0.4,0.33535366734579775,-4.8155421031847416e-05,0.4000230463972425,"{'table_obstacle': {'pos': [0.3825981920028062, 0.37518922255766707, 0.1646257963690813], 'size': [0.049837904948193595, 0.0813235869879147, 0.05243307039854257]}, 'pillar_obstacle': {'pos': [0.39994824830915515, -0.3824307480766307, 0.23470116647765446], 'size': [0.033663755439403885, 0.20172185302840845, 0.0]}, 'small_block': {'pos': [0.6140097595303955, -0.3535133918987863, 0.1097032402875184], 'size': [0.04461973939918376, 0.0849493067344041, 0.09534921802665242]}}"
0.8220000000000006,0.3399998793738646,0.0,0.4,0.3354198137750498,-4.7440921577036024e-05,0.4000226748085445,"{'table_obstacle': {'pos': [0.3825981920028062, 0.37518922255766707, 0.1646257963690813], 'size': [0.049837904948193595, 0.0813235869879147, 0.05243307039854257]}, 'pillar_obstacle': {'pos': [0.39994824830915515, -0.3824307480766307, 0.23470116647765446], 'size': [0.033663755439403885, 0.20172185302840845, 0.0]}, 'small_block': {'pos': [0.6140097595303955, -0.3535133918987863, 0.1097032402875184], 'size': [0.04461973939918376, 0.0849493067344041, 0.09534921802665242]}}"
0.8230000000000006,0.3399998793738646,0.0,0.4,0.33548506910591563,-4.6737068765400183e-05,0.40002231026942536,"{'table_obstacle': {'pos': [0.3825981920028062, 0.37518922255766707, 0.1646257963690813], 'size': [0.049837904948193595, 0.0813235869879147, 0.05243307039854257]}, 'pillar_obstacle': {'pos': [0.39994824830915515, -0.3824307480766307, 0.23470116647765446], 'size': [0.033663755439403885, 0.20172185302840845, 0.0]}, 'small_block': {'pos': [0.6140097595303955, -0.3535133918987863, 0.1097032402875184], 'size': [0.04461973939918376, 0.0849493067344041, 0.09534921802665242]}}"
0.8240000000000006,0.3399998793738646,0.0,0.4,0.33554943565278333,-4.60436685806901e-05,0.4000219526580806,"{'table_obstacle': {'pos': [0.3825981920028062, 0.37518922255766707, 0.1646257963690813], 'size': [0.049837904948193595, 0.0813235869879147, 0.05243307039854257]}, 'pillar_obstacle': {'pos': [0.39994824830915515, -0.3824307480766307, 0.23470116647765446], 'size': [0.033663755439403885, 0.20172185302840845, 0.0]}, 'small_block': {'pos': [0.6140097595303955, -0.3535133918987863, 0.1097032402875184], 'size': [0.04461973939918376, 0.0849493067344041, 0.09534921802665242]}}"
0.8250000000000006,0.3399998793738646,0.0,0.4,0.335612917687696,-4.536053572522887e-05,0.4000216018486015,"{'table_obstacle': {'pos': [0.3825981920028062, 0.37518922255766707, 0.1646257963690813], 'size': [0.049837904948193595, 0.0813235869879147, 0.05243307039854257]}, 'pillar_obstacle': {'pos': [0.39994824830915515, -0.3824307480766307, 0.23470116647765446], 'size': [0.033663755439403885, 0.20172185302840845, 0.0]}, 'small_block': {'pos': [0.6140097595303955, -0.3535133918987863, 0.1097032402875184], 'size': [0.04461973939918376, 0.0849493067344041, 0.09534921802665242]}}"
0.8260000000000006,0.3399998793738646,0.0,0.4,0.3356755210321449,-4.468749270823521e-05,0.4000212577123086,"{'table_obstacle': {'pos': [0.3825981920028062, 0.37518922255766707, 0.1646257963690813], 'size': [0.049837904948193595, 0.0813235869879147, 0.05243307039854257]}, 'pillar_obstacle': {'pos': [0.39994824830915515, -0.3824307480766307, 0.23470116647765446], 'size': [0.033663755439403885, 0.20172185302840845, 0.0]}, 'small_block': {'pos': [0.6140097595303955, -0.3535133918987863, 0.1097032402875184], 'size': [0.04461973939918376, 0.0849493067344041, 0.09534921802665242]}}"
0.8270000000000006,0.3399998793738646,0.0,0.4,0.3357372527273257,-4.402436902778109e-05,0.4000209201188557,"{'table_obstacle': {'pos': [0.3825981920028062, 0.37518922255766707, 0.1646257963690813], 'size': [0.049837904948193595, 0.0813235869879147, 0.05243307039854257]}, 'pillar_obstacle': {'pos': [0.39994824830915515, -0.3824307480766307, 0.23470116647765446], 'size': [0.033663755439403885, 0.20172185302840845, 0.0]}, 'small_block': {'pos': [0.6140097595303955, -0.3535133918987863, 0.1097032402875184], 'size': [0.04461973939918376, 0.0849493067344041, 0.09534921802665242]}}"
0.8280000000000006,0.3399998793738646,0.0,0.4,0.3357981207678596,-4.337100044509109e-05,0.4000205889371385,"{'table_obstacle': {'pos': [0.3825981920028062, 0.37518922255766707, 0.1646257963690813], 'size': [0.049837904948193595, 0.0813235869879147, 0.05243307039854257]}, 'pillar_obstacle': {'pos': [0.39994824830915515, -0.3824307480766307, 0.23470116647765446], 'size': [0.033663755439403885, 0.20172185302840845, 0.0]}, 'small_block': {'pos': [0.6140097595303955, -0.3535133918987863, 0.1097032402875184], 'size': [0.04461973939918376, 0.0849493067344041, 0.09534921802665242]}}"
0.8290000000000006,0.3399998793738646,0.0,0.4,0.33585813388685326,-4.2727228344740115e-05,0.4000202640360351,"{'table_obstacle': {'pos': [0.3825981920028062, 0.37518922255766707, 0.1646257963690813], 'size': [0.049837904948193595, 0.0813235869879147, 0.05243307039854257]}, 'pillar_obstacle': {'pos': [0.39994824830915515, -0.3824307480766307, 0.23470116647765446], 'size': [0.033663755439403885, 0.20172185302840845, 0.0]}, 'small_block': {'pos': [0.6140097595303955, -0.3535133918987863, 0.1097032402875184], 'size': [0.04461973939918376, 0.0849493067344041, 0.09534921802665242]}}"
0.8300000000000006,0.3399998793738646,0.0,0.4,0.33591730138248,-4.2092899173658975e-05,0.4000199452850057,"{'table_obstacle': {'pos': [0.3825981920028062, 0.37518922255766707, 0.1646257963690813], 'size': [0.049837904948193595, 0.0813235869879147, 0.05243307039854257]}, 'pillar_obstacle': {'pos': [0.39994824830915515, -0.3824307480766307, 0.23470116647765446], 'size': [0.033663755439403885, 0.20172185302840845, 0.0]}, 'small_block': {'pos': [0.6140097595303955, -0.3535133918987863, 0.1097032402875184], 'size': [0.04461973939918376, 0.0849493067344041, 0.09534921802665242]}}"
0.8310000000000006,0.3399998793738646,0.0,0.4,0.33597563297814786,-4.14678639520986e-05,0.400019632554575,"{'table_obstacle': {'pos': [0.3825981920028062, 0.37518922255766707, 0.1646257963690813], 'size': [0.049837904948193595, 0.0813235869879147, 0.05243307039854257]}, 'pillar_obstacle': {'pos': [0.39994824830915515, -0.3824307480766307, 0.23470116647765446], 'size': [0.033663755439403885, 0.20172185302840845, 0.0]}, 'small_block': {'pos': [0.6140097595303955, -0.3535133918987863, 0.1097032402875184], 'size': [0.04461973939918376, 0.0849493067344041, 0.09534921802665242]}}"
0.8320000000000006,0.3399998793738646,0.0,0.4,0.33603313870983154,-4.0851977848112106e-05,0.400019325716715,"{'table_obstacle': {'pos': [0.3825981920028062, 0.37518922255766707, 0.1646257963690813], 'size': [0.049837904948193595, 0.0813235869879147, 0.05243307039854257]}, 'pillar_obstacle': {'pos': [0.39994824830915515, -0.3824307480766307, 0.23470116647765446], 'size': [0.033663755439403885, 0.20172185302840845, 0.0]}, 'small_block': {'pos': [0.6140097595303955, -0.3535133918987863, 0.1097032402875184], 'size': [0.04461973939918376, 0.0849493067344041, 0.09534921802665242]}}"
0.8330000000000006,0.3399998793738646,0.0,0.4,0.33608982883537125,-4.024509981007625e-05,0.40001902464514466,"{'table_obstacle': {'pos': [0.3825981920028062, 0.37518922255766707, 0.1646257963690813], 'size': [0.049837904948193595, 0.0813235869879147, 0.05243307039854257]}, 'pillar_obstacle': {'pos': [0.39994824830915515, -0.3824307480766307, 0.23470116647765446], 'size': [0.033663755439403885, 0.20172185302840845, 0.0]}, 'small_block': {'pos': [0.6140097595303955, -0.3535133918987863, 0.1097032402875184], 'size': [0.04461973939918376, 0.0849493067344041, 0.09534921802665242]}}"
0.8340000000000006,0.3399998793738646,0.0,0.4,0.33614571376153907,-3.964709224761359e-05,0.4000187292155634,"{'table_obstacle': {'pos': [0.3825981920028062, 0.37518922255766707, 0.1646257963690813], 'size': [0.049837904948193595, 0.0813235869879147, 0.05243307039854257]}, 'pillar_obstacle': {'pos': [0.39994824830915515, -0.3824307480766307, 0.23470116647765446], 'size': [0.033663755439403885, 0.20172185302840845, 0.0]}, 'small_block': {'pos': [0.6140097595303955, -0.3535133918987863, 0.1097032402875184], 'size': [0.04461973939918376, 0.0849493067344041, 0.09534921802665242]}}"
0.8350000000000006,0.3399998793738646,0.0,0.4,0.3362008039854724,-3.905782075693723e-05,0.4000184393058255,"{'table_obstacle': {'pos': [0.3825981920028062, 0.37518922255766707, 0.1646257963690813], 'size': [0.049837904948193595, 0.0813235869879147, 0.05243307039854257]}, 'pillar_obstacle': {'pos': [0.39994824830915515, -0.3824307480766307, 0.23470116647765446], 'size': [0.033663755439403885, 0.20172185302840845, 0.0]}, 'small_block': {'pos': [0.6140097595303955, -0.3535133918987863, 0.1097032402875184], 'size': [0.04461973939918376, 0.0849493067344041, 0.09534921802665242]}}"
0.8360000000000006,0.3399998793738646,0.0,0.4,0.3362551100477203,-3.8477153883943515e-05,0.400018154796071,"{'table_obstacle': {'pos': [0.3825981920028062, 0.37518922255766707, 0.1646257963690813], 'size': [0.049837904948193595, 0.0813235869879147, 0.05243307039854257]}, 'pillar_obstacle': {'pos': [0.39994824830915515, -0.3824307480766307, 0.23470116647765446], 'size': [0.033663755439403885, 0.20172185302840845, 0.0]}, 'small_block': {'pos': [0.6140097595303955, -0.3535133918987863, 0.1097032402875184], 'size': [0.04461973939918376, 0.0849493067344041, 0.09534921802665242]}}"
0.8370000000000006,0.3399998793738646,0.0,0.4,0.3363086424946855,-3.790496291934152e-05,0.40001787556881585,"{'table_obstacle': {'pos': [0.3825981920028062, 0.37518922255766707, 0.1646257963690813], 'size': [0.049837904948193595, 0.0813235869879147, 0.05243307039854257]}, 'pillar_obstacle': {'pos': [0.39994824830915515, -0.3824307480766307, 0.23470116647765446], 'size': [0.033663755439403885, 0.20172185302840845, 0.0]}, 'small_block': {'pos': [0.6140097595303955, -0.3535133918987863, 0.1097032402875184], 'size': [0.04461973939918376, 0.0849493067344041, 0.09534921802665242]}}"
0.8380000000000006,0.3399998793738646,0.0,0.4,0.33636141184865415,-3.734112172234806e-05,0.4000176015090146,"{'table_obstacle': {'pos': [0.3825981920028062, 0.37518922255766707, 0.1646257963690813], 'size': [0.049837904948193595, 0.0813235869879147, 0.05243307039854257]}, 'pillar_obstacle': {'pos': [0.39994824830915515, -0.3824307480766307, 0.23470116647765446], 'size': [0.033663755439403885, 0.20172185302840845, 0.0]}, 'small_block': {'pos': [0.6140097595303955, -0.3535133918987863, 0.1097032402875184], 'size': [0.04461973939918376, 0.0849493067344041, 0.09534921802665242]}}"
0.8390000000000006,0.3399998793738646,0.0,0.4,0.3364134285839636,-3.678550656797796e-05,0.4000173325040947,"{'table_obstacle': {'pos': [0.3825981920028062, 0.37518922255766707, 0.1646257963690813], 'size': [0.049837904948193595, 0.0813235869879147, 0.05243307039854257]}, 'pillar_obstacle': {'pos': [0.39994824830915515, -0.3824307480766307, 0.23470116647765446], 'size': [0.033663755439403885, 0.20172185302840845, 0.0]}, 'small_block': {'pos': [0.6140097595303955, -0.3535133918987863, 0.1097032402875184], 'size': [0.04461973939918376, 0.0849493067344041, 0.09534921802665242]}}"
0.8400000000000006,0.3399998793738646,0.0,0.4,0.3364647031081275,-3.6237996015110936e-05,0.40001706844397267,"{'table_obstacle': {'pos': [0.3825981920028062, 0.37518922255766707, 0.1646257963690813], 'size': [0.049837904948193595, 0.0813235869879147, 0.05243307039854257]}, 'pillar_obstacle': {'pos': [0.39994824830915515, -0.3824307480766307, 0.23470116647765446], 'size': [0.033663755439403885, 0.20172185302840845, 0.0]}, 'small_block': {'pos': [0.6140097595303955, -0.3535133918987863, 0.1097032402875184], 'size': [0.04461973939918376, 0.0849493067344041, 0.09534921802665242]}}"
0.8410000000000006,0.3399998793738646,0.0,0.4,0.3365152457469648,-3.569847079171495e-05,0.4000168092210551,"{'table_obstacle': {'pos': [0.3825981920028062, 0.37518922255766707, 0.1646257963690813], 'size': [0.049837904948193595, 0.0813235869879147, 0.05243307039854257]}, 'pillar_obstacle': {'pos': [0.39994824830915515, -0.3824307480766307, 0.23470116647765446], 'size': [0.033663755439403885, 0.20172185302840845, 0.0]}, 'small_block': {'pos': [0.6140097595303955, -0.3535133918987863, 0.1097032402875184], 'size': [0.04461973939918376, 0.0849493067344041, 0.09534921802665242]}}"
0.8420000000000006,0.3399998793738646,0.0,0.4,0.33656506673296593,-3.5166813695380486e-05,0.4000165547302235,"{'table_obstacle': {'pos': [0.3825981920028062, 0.37518922255766707, 0.1646257963690813], 'size': [0.049837904948193595, 0.0813235869879147, 0.05243307039854257]}, 'pillar_obstacle': {'pos': [0.39994824830915515, -0.3824307480766307, 0.23470116647765446], 'size': [0.033663755439403885, 0.20172185302840845, 0.0]}, 'small_block': {'pos': [0.6140097595303955, -0.3535133918987863, 0.1097032402875184], 'size': [0.04461973939918376, 0.0849493067344041, 0.09534921802665242]}}"
0.8430000000000006,0.3399998793738646,0.0,0.4,0.33661417619626727,-3.464290950574799e-05,0.4000163048688128,"{'table_obstacle': {'pos': [0.3825981920028062, 0.37518922255766707, 0.1646257963690813], 'size': [0.049837904948193595, 0.0813235869879147, 0.05243307039854257]}, 'pillar_obstacle': {'pos': [0.39994824830915515, -0.3824307480766307, 0.23470116647765446], 'size': [0.033663755439403885, 0.20172185302840845, 0.0]}, 'small_block': {'pos': [0.6140097595303955, -0.3535133918987863, 0.1097032402875184], 'size': [0.04461973939918376, 0.0849493067344041, 0.09534921802665242]}}"
0.8440000000000006,0.3399998793738646,0.0,0.4,0.3366625841577347,-3.4126644907590145e-05,0.40001605953657987,"{'table_obstacle': {'pos': [0.3825981920028062, 0.37518922255766707, 0.1646257963690813], 'size': [0.049837904948193595, 0.0813235869879147, 0.05243307039854257]}, 'pillar_obstacle': {'pos': [0.39994824830915515, -0.3824307480766307, 0.23470116647765446], 'size': [0.033663755439403885, 0.20172185302840845, 0.0]}, 'small_block': {'pos': [0.6140097595303955, -0.3535133918987863, 0.1097032402875184], 'size': [0.04461973939918376, 0.0849493067344041, 0.09534921802665242]}}"
0.8450000000000006,0.3399998793738646,0.0,0.4,0.33671030052374473,-3.3617908424217936e-05,0.400015818635666,"{'table_obstacle': {'pos': [0.3825981920028062, 0.37518922255766707, 0.1646257963690813], 'size': [0.049837904948193595, 0.0813235869879147, 0.05243307039854257]}, 'pillar_obstacle': {'pos': [0.39994824830915515, -0.3824307480766307, 0.23470116647765446], 'size': [0.033663755439403885, 0.20172185302840845, 0.0]}, 'small_block': {'pos': [0.6140097595303955, -0.3535133918987863, 0.1097032402875184], 'size': [0.04461973939918376, 0.0849493067344041, 0.09534921802665242]}}"
0.8460000000000006,0.3399998793738646,0.0,0.4,0.3367573350823357,-3.311659035635457e-05,0.40001558207055626,"{'table_obstacle': {'pos': [0.3825981920028062, 0.37518922255766707, 0.1646257963690813], 'size': [0.049837904948193595, 0.0813235869879147, 0.05243307039854257]}, 'pillar_obstacle': {'pos': [0.39994824830915515, -0.3824307480766307, 0.23470116647765446], 'size': [0.033663755439403885, 0.20172185302840845, 0.0]}, 'small_block': {'pos': [0.6140097595303955, -0.3535133918987863, 0.1097032402875184], 'size': [0.04461973939918376, 0.0849493067344041, 0.09534921802665242]}}"
0.8470000000000006,0.3399998793738646,0.0,0.4,0.3368036975004613,-3.262258272906761e-05,0.4000153497480339,"{'table_obstacle': {'pos': [0.3825981920028062, 0.37518922255766707, 0.1646257963690813], 'size': [0.049837904948193595, 0.0813235869879147, 0.05243307039854257]}, 'pillar_obstacle': {'pos': [0.39994824830915515, -0.3824307480766307, 0.23470116647765446], 'size': [0.033663755439403885, 0.20172185302840845, 0.0]}, 'small_block': {'pos': [0.6140097595303955, -0.3535133918987863, 0.1097032402875184], 'size': [0.04461973939918376, 0.0849493067344041, 0.09534921802665242]}}"
0.8480000000000006,0.3399998793738646,0.0,0.4,0.33684939732213026,-3.2135779244273976e-05,0.4000151215771333,"{'table_obstacle': {'pos': [0.3825981920028062, 0.37518922255766707, 0.1646257963690813], 'size': [0.049837904948193595, 0.0813235869879147, 0.05243307039854257]}, 'pillar_obstacle': {'pos': [0.39994824830915515, -0.3824307480766307, 0.23470116647765446], 'size': [0.033663755439403885, 0.20172185302840845, 0.0]}, 'small_block': {'pos': [0.6140097595303955, -0.3535133918987863, 0.1097032402875184], 'size': [0.04461973939918376, 0.0849493067344041, 0.09534921802665242]}}"
0.8490000000000006,0.3399998793738646,0.0,0.4,0.336894443967258,-3.1656075235528416e-05,0.40001489746909147,"{'table_obstacle': {'pos': [0.3825981920028062, 0.37518922255766707, 0.1646257963690813], 'size': [0.049837904948193595, 0.0813235869879147, 0.05243307039854257]}, 'pillar_obstacle': {'pos': [0.39994824830915515, -0.3824307480766307, 0.23470116647765446], 'size': [0.033663755439403885, 0.20172185302840845, 0.0]}, 'small_block': {'pos': [0.6140097595303955, -0.3535133918987863, 0.1097032402875184], 'size': [0.04461973939918376, 0.0849493067344041, 0.09534921802665242]}}"
0.8500000000000006,0.3399998793738646,0.0,0.4,0.33693884673109054,-3.118336763020248e-05,0.40001467733729706,"{'table_obstacle': {'pos': [0.3825981920028062, 0.37518922255766707, 0.1646257963690813], 'size': [0.049837904948193595, 0.0813235869879147, 0.05243307039854257]}, 'pillar_obstacle': {'pos': [0.39994824830915515, -0.3824307480766307, 0.23470116647765446], 'size': [0.033663755439403885, 0.20172185302840845, 0.0]}, 'small_block': {'pos': [0.6140097595303955, -0.3535133918987863, 0.1097032402875184], 'size': [0.04461973939918376, 0.0849493067344041, 0.09534921802665242]}}"
0.8510000000000006,0.3399998793738646,0.0,0.4,0.33698261478408376,-3.071755491163753e-05,0.4000144610972408,"{'table_obstacle': {'pos': [0.3825981920028062, 0.37518922255766707, 0.1646257963690813], 'size': [0.049837904948193595, 0.0813235869879147, 0.05243307039854257]}, 'pillar_obstacle': {'pos': [0.39994824830915515, -0.3824307480766307, 0.23470116647765446], 'size': [0.033663755439403885, 0.20172185302840845, 0.0]}, 'small_block': {'pos': [0.6140097595303955, -0.3535133918987863, 0.1097032402875184], 'size': [0.04461973939918376, 0.0849493067344041, 0.09534921802665242]}}"
0.8520000000000006,0.3399998793738646,0.0,0.4,0.3370257571721483,-3.025853708611527e-05,0.4000142486664654,"{'table_obstacle': {'pos': [0.3825981920028062, 0.37518922255766707, 0.1646257963690813], 'size': [0.049837904948193595, 0.0813235869879147, 0.05243307039854257]}, 'pillar_obstacle': {'pos': [0.39994824830915515, -0.3824307480766307, 0.23470116647765446], 'size': [0.033663755439403885, 0.20172185302840845, 0.0]}, 'small_block': {'pos': [0.6140097595303955, -0.3535133918987863, 0.1097032402875184], 'size': [0.04461973939918376, 0.0849493067344041, 0.09534921802665242]}}"
0.8530000000000006,0.3399998793738646,0.0,0.4,0.33706828281718454,-2.9806215652050314e-05,0.4000140399645134,"{'table_obstacle': {'pos': [0.3825981920028062, 0.37518922255766707, 0.1646257963690813], 'size': [0.049837904948193595, 0.0813235869879147, 0.05243307039854257]}, 'pillar_obstacle': {'pos': [0.39994824830915515, -0.3824307480766307, 0.23470116647765446], 'size': [0.033663755439403885, 0.20172185302840845, 0.0]}, 'small_block': {'pos': [0.6140097595303955, -0.3535133918987863, 0.1097032402875184], 'size': [0.04461973939918376, 0.0849493067344041, 0.09534921802665242]}}"
0.8540000000000006,0.3399998793738646,0.0,0.4,0.3371102005178479,-2.936049356993448e-05,0.4000138349128797,"{'table_obstacle': {'pos': [0.3825981920028062, 0.37518922255766707, 0.1646257963690813], 'size': [0.049837904948193595, 0.0813235869879147, 0.05243307039854257]}, 'pillar_obstacle': {'pos': [0.39994824830915515, -0.3824307480766307, 0.23470116647765446], 'size': [0.033663755439403885, 0.20172185302840845, 0.0]}, 'small_block': {'pos': [0.6140097595303955, -0.3535133918987863, 0.1097032402875184], 'size': [0.04461973939918376, 0.0849493067344041, 0.09534921802665242]}}"
0.8550000000000006,0.3399998793738646,0.0,0.4,0.33715151895049444,-2.892127523496159e-05,0.4000136334349599,"{'table_obstacle': {'pos': [0.3825981920028062, 0.37518922255766707, 0.1646257963690813], 'size': [0.049837904948193595, 0.0813235869879147, 0.05243307039854257]}, 'pillar_obstacle': {'pos': [0.39994824830915515, -0.3824307480766307, 0.23470116647765446], 'size': [0.033663755439403885, 0.20172185302840845, 0.0]}, 'small_block': {'pos': [0.6140097595303955, -0.3535133918987863, 0.1097032402875184], 'size': [0.04461973939918376, 0.0849493067344041, 0.09534921802665242]}}"
0.8560000000000006,0.3399998793738646,0.0,0.4,0.33719224667026987,-2.8488466451224413e-05,0.40001343545600376,"{'table_obstacle': {'pos': [0.3825981920028062, 0.37518922255766707, 0.1646257963690813], 'size': [0.049837904948193595, 0.0813235869879147, 0.05243307039854257]}, 'pillar_obstacle': {'pos': [0.39994824830915515, -0.3824307480766307, 0.23470116647765446], 'size': [0.033663755439403885, 0.20172185302840845, 0.0]}, 'small_block': {'pos': [0.6140097595303955, -0.3535133918987863, 0.1097032402875184], 'size': [0.04461973939918376, 0.0849493067344041, 0.09534921802665242]}}"
0.8570000000000007,0.3399998793738646,0.0,0.4,0.337232392112307,-2.8061974406959333e-05,0.4000132409030661,"{'table_obstacle': {'pos': [0.3825981920028062, 0.37518922255766707, 0.1646257963690813], 'size': [0.049837904948193595, 0.0813235869879147, 0.05243307039854257]}, 'pillar_obstacle': {'pos': [0.39994824830915515, -0.3824307480766307, 0.23470116647765446], 'size': [0.033663755439403885, 0.20172185302840845, 0.0]}, 'small_block': {'pos': [0.6140097595303955, -0.3535133918987863, 0.1097032402875184], 'size': [0.04461973939918376, 0.0849493067344041, 0.09534921802665242]}}"
0.8580000000000007,0.3399998793738646,0.0,0.4,0.33727196359301026,-2.7641707650916447e-05,0.4000130497049612,"{'table_obstacle': {'pos': [0.3825981920028062, 0.37518922255766707, 0.1646257963690813], 'size': [0.049837904948193595, 0.0813235869879147, 0.05243307039854257]}, 'pillar_obstacle': {'pos': [0.39994824830915515, -0.3824307480766307, 0.23470116647765446], 'size': [0.033663755439403885, 0.20172185302840845, 0.0]}, 'small_block': {'pos': [0.6140097595303955, -0.3535133918987863, 0.1097032402875184], 'size': [0.04461973939918376, 0.0849493067344041, 0.09534921802665242]}}"
0.8590000000000007,0.3399998793738646,0.0,0.4,0.33731096931140203,-2.722757606866366e-05,0.4000128617922167,"{'table_obstacle': {'pos': [0.3825981920028062, 0.37518922255766707, 0.1646257963690813], 'size': [0.049837904948193595, 0.0813235869879147, 0.05243307039854257]}, 'pillar_obstacle': {'pos': [0.39994824830915515, -0.3824307480766307, 0.23470116647765446], 'size': [0.033663755439403885, 0.20172185302840845, 0.0]}, 'small_block': {'pos': [0.6140097595303955, -0.3535133918987863, 0.1097032402875184], 'size': [0.04461973939918376, 0.0849493067344041, 0.09534921802665242]}}"
0.8600000000000007,0.3399998793738646,0.0,0.4,0.3373494173505177,-2.6819490862192342e-05,0.4000126770970286,"{'table_obstacle': {'pos': [0.3825981920028062, 0.37518922255766707, 0.1646257963690813], 'size': [0.049837904948193595, 0.0813235869879147, 0.05243307039854257]}, 'pillar_obstacle': {'pos': [0.39994824830915515, -0.3824307480766307, 0.23470116647765446], 'size': [0.033663755439403885, 0.20172185302840845, 0.0]}, 'small_block': {'pos': [0.6140097595303955, -0.3535133918987863, 0.1097032402875184], 'size': [0.04461973939918376, 0.0849493067344041, 0.09534921802665242]}}"
0.8610000000000007,0.3399998793738646,0.0,0.4,0.33738731567883473,-2.6417364527712355e-05,0.400012495553218,"{'table_obstacle': {'pos': [0.3825981920028062, 0.37518922255766707, 0.1646257963690813], 'size': [0.049837904948193595, 0.0813235869879147, 0.05243307039854257]}, 'pillar_obstacle': {'pos': [0.39994824830915515, -0.3824307480766307, 0.23470116647765446], 'size': [0.033663755439403885, 0.20172185302840845, 0.0]}, 'small_block': {'pos': [0.6140097595303955, -0.3535133918987863, 0.1097032402875184], 'size': [0.04461973939918376, 0.0849493067344041, 0.09534921802665242]}}"
0.8620000000000007,0.3399998793738646,0.0,0.4,0.3374246721517236,-2.602111083530569e-05,0.4000123170961886,"{'table_obstacle': {'pos': [0.3825981920028062, 0.37518922255766707, 0.1646257963690813], 'size': [0.049837904948193595, 0.0813235869879147, 0.05243307039854257]}, 'pillar_obstacle': {'pos': [0.39994824830915515, -0.3824307480766307, 0.23470116647765446], 'size': [0.033663755439403885, 0.20172185302840845, 0.0]}, 'small_block': {'pos': [0.6140097595303955, -0.3535133918987863, 0.1097032402875184], 'size': [0.04461973939918376, 0.0849493067344041, 0.09534921802665242]}}"
0.8630000000000007,0.3399998793738646,0.0,0.4,0.3374614945129147,-2.5630644809293854e-05,0.40001214166288557,"{'table_obstacle': {'pos': [0.3825981920028062, 0.37518922255766707, 0.1646257963690813], 'size': [0.049837904948193595, 0.0813235869879147, 0.05243307039854257]}, 'pillar_obstacle': {'pos': [0.39994824830915515, -0.3824307480766307, 0.23470116647765446], 'size': [0.033663755439403885, 0.20172185302840845, 0.0]}, 'small_block': {'pos': [0.6140097595303955, -0.3535133918987863, 0.1097032402875184], 'size': [0.04461973939918376, 0.0849493067344041, 0.09534921802665242]}}"
0.8640000000000007,0.3399998793738646,0.0,0.4,0.33749779039597305,-2.524588270877744e-05,0.40001196919175397,"{'table_obstacle': {'pos': [0.3825981920028062, 0.37518922255766707, 0.1646257963690813], 'size': [0.049837904948193595, 0.0813235869879147, 0.05243307039854257]}, 'pillar_obstacle': {'pos': [0.39994824830915515, -0.3824307480766307, 0.23470116647765446], 'size': [0.033663755439403885, 0.20172185302840845, 0.0]}, 'small_block': {'pos': [0.6140097595303955, -0.3535133918987863, 0.1097032402875184], 'size': [0.04461973939918376, 0.0849493067344041, 0.09534921802665242]}}"
0.8650000000000007,0.3399998793738646,0.0,0.4,0.337533567325773,-2.486674200824208e-05,0.40001179962270117,"{'table_obstacle': {'pos': [0.3825981920028062, 0.37518922255766707, 0.1646257963690813], 'size': [0.049837904948193595, 0.0813235869879147, 0.05243307039854257]}, 'pillar_obstacle': {'pos': [0.39994824830915515, -0.3824307480766307, 0.23470116647765446], 'size': [0.033663755439403885, 0.20172185302840845, 0.0]}, 'small_block': {'pos': [0.6140097595303955, -0.3535133918987863, 0.1097032402875184], 'size': [0.04461973939918376, 0.0849493067344041, 0.09534921802665242]}}"
0.8660000000000007,0.3399998793738646,0.0,0.4,0.33756883271997346,-2.449314137974409e-05,0.40001163289705727,"{'table_obstacle': {'pos': [0.3825981920028062, 0.37518922255766707, 0.1646257963690813], 'size': [0.049837904948193595, 0.0813235869879147, 0.05243307039854257]}, 'pillar_obstacle': {'pos': [0.39994824830915515, -0.3824307480766307, 0.23470116647765446], 'size': [0.033663755439403885, 0.20172185302840845, 0.0]}, 'small_block': {'pos': [0.6140097595303955, -0.3535133918987863, 0.1097032402875184], 'size': [0.04461973939918376, 0.0849493067344041, 0.09534921802665242]}}"
0.8670000000000007,0.3399998793738646,0.0,0.4,0.3376035938904845,-2.4125000674472875e-05,0.40001146895753753,"{'table_obstacle': {'pos': [0.3825981920028062, 0.37518922255766707, 0.1646257963690813], 'size': [0.049837904948193595, 0.0813235869879147, 0.05243307039854257]}, 'pillar_obstacle': {'pos': [0.39994824830915515, -0.3824307480766307, 0.23470116647765446], 'size': [0.033663755439403885, 0.20172185302840845, 0.0]}, 'small_block': {'pos': [0.6140097595303955, -0.3535133918987863, 0.1097032402875184], 'size': [0.04461973939918376, 0.0849493067344041, 0.09534921802665242]}}"
0.8680000000000007,0.3399998793738646,0.0,0.4,0.3376378580449271,-2.3762240904982717e-05,0.40001130774820876,"{'table_obstacle': {'pos': [0.3825981920028062, 0.37518922255766707, 0.1646257963690813], 'size': [0.049837904948193595, 0.0813235869879147, 0.05243307039854257]}, 'pillar_obstacle': {'pos': [0.39994824830915515, -0.3824307480766307, 0.23470116647765446], 'size': [0.033663755439403885, 0.20172185302840845, 0.0]}, 'small_block': {'pos': [0.6140097595303955, -0.3535133918987863, 0.1097032402875184], 'size': [0.04461973939918376, 0.0849493067344041, 0.09534921802665242]}}"
0.8690000000000007,0.3399998793738646,0.0,0.4,0.33767163228808084,-2.3404784228089126e-05,0.4000111492144499,"{'table_obstacle': {'pos': [0.3825981920028062, 0.37518922255766707, 0.1646257963690813], 'size': [0.049837904948193595, 0.0813235869879147, 0.05243307039854257]}, 'pillar_obstacle': {'pos': [0.39994824830915515, -0.3824307480766307, 0.23470116647765446], 'size': [0.033663755439403885, 0.20172185302840845, 0.0]}, 'small_block': {'pos': [0.6140097595303955, -0.3535133918987863, 0.1097032402875184], 'size': [0.04461973939918376, 0.0849493067344041, 0.09534921802665242]}}"
0.8700000000000007,0.3399998793738646,0.0,0.4,0.3377049236233195,-2.3052553927835176e-05,0.40001099330292156,"{'table_obstacle': {'pos': [0.3825981920028062, 0.37518922255766707, 0.1646257963690813], 'size': [0.049837904948193595, 0.0813235869879147, 0.05243307039854257]}, 'pillar_obstacle': {'pos': [0.39994824830915515, -0.3824307480766307, 0.23470116647765446], 'size': [0.033663755439403885, 0.20172185302840845, 0.0]}, 'small_block': {'pos': [0.6140097595303955, -0.3535133918987863, 0.1097032402875184], 'size': [0.04461973939918376, 0.0849493067344041, 0.09534921802665242]}}"
0.8710000000000007,0.3399998793738646,0.0,0.4,0.33773773895403303,-2.2705474398338684e-05,0.40001083996153036,"{'table_obstacle': {'pos': [0.3825981920028062, 0.37518922255766707, 0.1646257963690813], 'size': [0.049837904948193595, 0.0813235869879147, 0.05243307039854257]}, 'pillar_obstacle': {'pos': [0.39994824830915515, -0.3824307480766307, 0.23470116647765446], 'size': [0.033663755439403885, 0.20172185302840845, 0.0]}, 'small_block': {'pos': [0.6140097595303955, -0.3535133918987863, 0.1097032402875184], 'size': [0.04461973939918376, 0.0849493067344041, 0.09534921802665242]}}"
0.8720000000000007,0.3399998793738646,0.0,0.4,0.33777008508503253,-2.236347112809851e-05,0.4000106891393972,"{'table_obstacle': {'pos': [0.3825981920028062, 0.37518922255766707, 0.1646257963690813], 'size': [0.049837904948193595, 0.0813235869879147, 0.05243307039854257]}, 'pillar_obstacle': {'pos': [0.39994824830915515, -0.3824307480766307, 0.23470116647765446], 'size': [0.033663755439403885, 0.20172185302840845, 0.0]}, 'small_block': {'pos': [0.6140097595303955, -0.3535133918987863, 0.1097032402875184], 'size': [0.04461973939918376, 0.0849493067344041, 0.09534921802665242]}}"
0.8730000000000007,0.3399998793738646,0.0,0.4,0.3378019687239426,-2.2026470683339068e-05,0.400010540786826,"{'table_obstacle': {'pos': [0.3825981920028062, 0.37518922255766707, 0.1646257963690813], 'size': [0.049837904948193595, 0.0813235869879147, 0.05243307039854257]}, 'pillar_obstacle': {'pos': [0.39994824830915515, -0.3824307480766307, 0.23470116647765446], 'size': [0.033663755439403885, 0.20172185302840845, 0.0]}, 'small_block': {'pos': [0.6140097595303955, -0.3535133918987863, 0.1097032402875184], 'size': [0.04461973939918376, 0.0849493067344041, 0.09534921802665242]}}"
0.8740000000000007,0.3399998793738646,0.0,0.4,0.3378333964825733,-2.1694400691967066e-05,0.4000103948552725,"{'table_obstacle': {'pos': [0.3825981920028062, 0.37518922255766707, 0.1646257963690813], 'size': [0.049837904948193595, 0.0813235869879147, 0.05243307039854257]}, 'pillar_obstacle': {'pos': [0.39994824830915515, -0.3824307480766307, 0.23470116647765446], 'size': [0.033663755439403885, 0.20172185302840845, 0.0]}, 'small_block': {'pos': [0.6140097595303955, -0.3535133918987863, 0.1097032402875184], 'size': [0.04461973939918376, 0.0849493067344041, 0.09534921802665242]}}"
0.8750000000000007,0.3399998793738646,0.0,0.4,0.33786437487827964,-2.136718982895834e-05,0.4000102512973146,"{'table_obstacle': {'pos': [0.3825981920028062, 0.37518922255766707, 0.1646257963690813], 'size': [0.049837904948193595, 0.0813235869879147, 0.05243307039854257]}, 'pillar_obstacle': {'pos': [0.39994824830915515, -0.3824307480766307, 0.23470116647765446], 'size': [0.033663755439403885, 0.20172185302840845, 0.0]}, 'small_block': {'pos': [0.6140097595303955, -0.3535133918987863, 0.1097032402875184], 'size': [0.04461973939918376, 0.0849493067344041, 0.09534921802665242]}}"
0.8760000000000007,0.3439998664706854,0.0,0.4,0.33789491033530045,-2.1044767799784635e-05,0.4000101100666231,"{'table_obstacle': {'pos': [0.3825981920028062, 0.37518922255766707, 0.1646257963690813], 'size': [0.049837904948193595, 0.0813235869879147, 0.05243307039854257]}, 'pillar_obstacle': {'pos': [0.39994824830915515, -0.3824307480766307, 0.23470116647765446], 'size': [0.033663755439403885, 0.20172185302840845, 0.0]}, 'small_block': {'pos': [0.6140097595303955, -0.3535133918987863, 0.1097032402875184], 'size': [0.04461973939918376, 0.0849493067344041, 0.09534921802665242]}}"
0.8770000000000007,0.3439998664706854,0.0,0.4,0.3379359327063804,-2.0715880656950268e-05,0.4000099515726195,"{'table_obstacle': {'pos': [0.3825981920028062, 0.37518922255766707, 0.1646257963690813], 'size': [0.049837904948193595, 0.0813235869879147, 0.05243307039854257]}, 'pillar_obstacle': {'pos': [0.39994824830915515, -0.3824307480766307, 0.23470116647765446], 'size': [0.033663755439403885, 0.20172185302840845, 0.0]}, 'small_block': {'pos': [0.6140097595303955, -0.3535133918987863, 0.1097032402875184], 'size': [0.04461973939918376, 0.0849493067344041, 0.09534921802665242]}}"
0.8780000000000007,0.3439998664706854,0.0,0.4,0.3379852056184019,-2.0385139709704443e-05,0.40000978132484755,"{'table_obstacle': {'pos': [0.3825981920028062, 0.37518922255766707, 0.1646257963690813], 'size': [0.049837904948193595, 0.0813235869879147, 0.05243307039854257]}, 'pillar_obstacle': {'pos': [0.39994824830915515, -0.3824307480766307, 0.23470116647765446], 'size': [0.033663755439403885, 0.20172185302840845, 0.0]}, 'small_block': {'pos': [0.6140097595303955, -0.3535133918987863, 0.1097032402875184], 'size': [0.04461973939918376, 0.0849493067344041, 0.09534921802665242]}}"
0.8790000000000007,0.3439998664706854,0.0,0.4,0.3380409231716395,-2.0055746922462452e-05,0.4000096031974989,"{'table_obstacle': {'pos': [0.3825981920028062, 0.37518922255766707, 0.1646257963690813], 'size': [0.049837904948193595, 0.0813235869879147, 0.05243307039854257]}, 'pillar_obstacle': {'pos': [0.39994824830915515, -0.3824307480766307, 0.23470116647765446], 'size': [0.033663755439403885, 0.20172185302840845, 0.0]}, 'small_block': {'pos': [0.6140097595303955, -0.3535133918987863, 0.1097032402875184], 'size': [0.04461973939918376, 0.0849493067344041, 0.09534921802665242]}}"
0.8800000000000007,0.3439998664706854,0.0,0.4,0.3381016276859041,-1.972986826025967e-05,0.40000941998696693,"{'table_obstacle': {'pos': [0.3825981920028062, 0.37518922255766707, 0.1646257963690813], 'size': [0.049837904948193595, 0.0813235869879147, 0.05243307039854257]}, 'pillar_obstacle': {'pos': [0.39994824830915515, -0.3824307480766307, 0.23470116647765446], 'size': [0.033663755439403885, 0.20172185302840845, 0.0]}, 'small_block': {'pos': [0.6140097595303955, -0.3535133918987863, 0.1097032402875184], 'size': [0.04461973939918376, 0.0849493067344041, 0.09534921802665242]}}"
0.8810000000000007,0.3439998664706854,0.0,0.4,0.33816614314992643,-1.9408914729710327e-05,0.40000923376504877,"{'table_obstacle': {'pos': [0.3825981920028062, 0.37518922255766707, 0.1646257963690813], 'size': [0.049837904948193595, 0.0813235869879147, 0.05243307039854257]}, 'pillar_obstacle': {'pos': [0.39994824830915515, -0.3824307480766307, 0.23470116647765446], 'size': [0.033663755439403885, 0.20172185302840845, 0.0]}, 'small_block': {'pos': [0.6140097595303955, -0.3535133918987863, 0.1097032402875184], 'size': [0.04461973939918376, 0.0849493067344041, 0.09534921802665242]}}"
0.8820000000000007,0.3439998664706854,0.0,0.4,0.3382335213781449,-1.9093753013001053e-05,0.4000090461037825,"{'table_obstacle': {'pos': [0.3825981920028062, 0.37518922255766707, 0.1646257963690813], 'size': [0.049837904948193595, 0.0813235869879147, 0.05243307039854257]}, 'pillar_obstacle': {'pos': [0.39994824830915515, -0.3824307480766307, 0.23470116647765446], 'size': [0.033663755439403885, 0.20172185302840845, 0.0]}, 'small_block': {'pos': [0.6140097595303955, -0.3535133918987863, 0.1097032402875184], 'size': [0.04461973939918376, 0.0849493067344041, 0.09534921802665242]}}"
0.8830000000000007,0.3439998664706854,0.0,0.4,0.3383029984498706,-1.878486253463462e-05,0.4000088582199071,"{'table_obstacle': {'pos': [0.3825981920028062, 0.37518922255766707, 0.1646257963690813], 'size': [0.049837904948193595, 0.0813235869879147, 0.05243307039854257]}, 'pillar_obstacle': {'pos': [0.39994824830915515, -0.3824307480766307, 0.23470116647765446], 'size': [0.033663755439403885, 0.20172185302840845, 0.0]}, 'small_block': {'pos': [0.6140097595303955, -0.3535133918987863, 0.1097032402875184], 'size': [0.04461973939918376, 0.0849493067344041, 0.09534921802665242]}}"
0.8840000000000007,0.3439998664706854,0.0,0.4,0.3383739594681279,-1.8482451885608082e-05,0.400008671069097,"{'table_obstacle': {'pos': [0.3825981920028062, 0.37518922255766707, 0.1646257963690813], 'size': [0.049837904948193595, 0.0813235869879147, 0.05243307039854257]}, 'pillar_obstacle': {'pos': [0.39994824830915515, -0.3824307480766307, 0.23470116647765446], 'size': [0.033663755439403885, 0.20172185302840845, 0.0]}, 'small_block': {'pos': [0.6140097595303955, -0.3535133918987863, 0.1097032402875184], 'size': [0.04461973939918376, 0.0849493067344041, 0.09534921802665242]}}"
0.8850000000000007,0.3439998664706854,0.0,0.4,0.33844591004980445,-1.818654451335498e-05,0.40000848540882067,"{'table_obstacle': {'pos': [0.3825981920028062, 0.37518922255766707, 0.1646257963690813], 'size': [0.049837904948193595, 0.0813235869879147, 0.05243307039854257]}, 'pillar_obstacle': {'pos': [0.39994824830915515, -0.3824307480766307, 0.23470116647765446], 'size': [0.033663755439403885, 0.20172185302840845, 0.0]}, 'small_block': {'pos': [0.6140097595303955, -0.3535133918987863, 0.1097032402875184], 'size': [0.04461973939918376, 0.0849493067344041, 0.09534921802665242]}}"
0.8860000000000007,0.3439998664706854,0.0,0.4,0.3385184532618074,-1.7897041258948188e-05,0.40000830184153213,"{'table_obstacle': {'pos': [0.3825981920028062, 0.37518922255766707, 0.1646257963690813], 'size': [0.049837904948193595, 0.0813235869879147, 0.05243307039854257]}, 'pillar_obstacle': {'pos': [0.39994824830915515, -0.3824307480766307, 0.23470116647765446], 'size': [0.033663755439403885, 0.20172185302840845, 0.0]}, 'small_block': {'pos': [0.6140097595303955, -0.3535133918987863, 0.1097032402875184], 'size': [0.04461973939918376, 0.0849493067344041, 0.09534921802665242]}}"
0.8870000000000007,0.3439998664706854,0.0,0.4,0.33859127096321806,-1.7613765525598958e-05,0.4000081208454426,"{'table_obstacle': {'pos': [0.3825981920028062, 0.37518922255766707, 0.1646257963690813], 'size': [0.049837904948193595, 0.0813235869879147, 0.05243307039854257]}, 'pillar_obstacle': {'pos': [0.39994824830915515, -0.3824307480766307, 0.23470116647765446], 'size': [0.033663755439403885, 0.20172185302840845, 0.0]}, 'small_block': {'pos': [0.6140097595303955, -0.3535133918987863, 0.1097032402875184], 'size': [0.04461973939918376, 0.0849493067344041, 0.09534921802665242]}}"
0.8880000000000007,0.3439998664706854,0.0,0.4,0.33866410871196945,-1.7336495486590862e-05,0.40000794279732377,"{'table_obstacle': {'pos': [0.3825981920028062, 0.37518922255766707, 0.1646257963690813], 'size': [0.049837904948193595, 0.0813235869879147, 0.05243307039854257]}, 'pillar_obstacle': {'pos': [0.39994824830915515, -0.3824307480766307, 0.23470116647765446], 'size': [0.033663755439403885, 0.20172185302840845, 0.0]}, 'small_block': {'pos': [0.6140097595303955, -0.3535133918987863, 0.1097032402875184], 'size': [0.04461973939918376, 0.0849493067344041, 0.09534921802665242]}}"
0.8890000000000007,0.3439998664706854,0.0,0.4,0.3387367635552279,-1.70649866757515e-05,0.4000077679900736,"{'table_obstacle': {'pos': [0.3825981920028062, 0.37518922255766707, 0.1646257963690813], 'size': [0.049837904948193595, 0.0813235869879147, 0.05243307039854257]}, 'pillar_obstacle': {'pos': [0.39994824830915515, -0.3824307480766307, 0.23470116647765446], 'size': [0.033663755439403885, 0.20172185302840845, 0.0]}, 'small_block': {'pos': [0.6140097595303955, -0.3535133918987863, 0.1097032402875184], 'size': [0.04461973939918376, 0.0849493067344041, 0.09534921802665242]}}"
0.8900000000000007,0.3439998664706854,0.0,0.4,0.3388090741526691,-1.679898749378381e-05,0.4000075966467213,"{'table_obstacle': {'pos': [0.3825981920028062, 0.37518922255766707, 0.1646257963690813], 'size': [0.049837904948193595, 0.0813235869879147, 0.05243307039854257]}, 'pillar_obstacle': {'pos': [0.39994824830915515, -0.3824307480766307, 0.23470116647765446], 'size': [0.033663755439403885, 0.20172185302840845, 0.0]}, 'small_block': {'pos': [0.6140097595303955, -0.3535133918987863, 0.1097032402875184], 'size': [0.04461973939918376, 0.0849493067344041, 0.09534921802665242]}}"
0.8910000000000007,0.3439998664706854,0.0,0.4,0.33888091278702254,-1.6538249536834213e-05,0.40000742893189656,"{'table_obstacle': {'pos': [0.3825981920028062, 0.37518922255766707, 0.1646257963690813], 'size': [0.049837904948193595, 0.0813235869879147, 0.05243307039854257]}, 'pillar_obstacle': {'pos': [0.39994824830915515, -0.3824307480766307, 0.23470116647765446], 'size': [0.033663755439403885, 0.20172185302840845, 0.0]}, 'small_block': {'pos': [0.6140097595303955, -0.3535133918987863, 0.1097032402875184], 'size': [0.04461973939918376, 0.0849493067344041, 0.09534921802665242]}}"
0.8920000000000007,0.3439998664706854,0.0,0.4,0.33895217890137447,-1.6282534182004824e-05,0.4000072649614109,"{'table_obstacle': {'pos': [0.3825981920028062, 0.37518922255766707, 0.1646257963690813], 'size': [0.049837904948193595, 0.0813235869879147, 0.05243307039854257]}, 'pillar_obstacle': {'pos': [0.39994824830915515, -0.3824307480766307, 0.23470116647765446], 'size': [0.033663755439403885, 0.20172185302840845, 0.0]}, 'small_block': {'pos': [0.6140097595303955, -0.3535133918987863, 0.1097032402875184], 'size': [0.04461973939918376, 0.0849493067344041, 0.09534921802665242]}}"
0.8930000000000007,0.3439998664706854,0.0,0.4,0.3390227938715749,-1.6031616496875196e-05,0.40000710481036067,"{'table_obstacle': {'pos': [0.3825981920028062, 0.37518922255766707, 0.1646257963690813], 'size': [0.049837904948193595, 0.0813235869879147, 0.05243307039854257]}, 'pillar_obstacle': {'pos': [0.39994824830915515, -0.3824307480766307, 0.23470116647765446], 'size': [0.033663755439403885, 0.20172185302840845, 0.0]}, 'small_block': {'pos': [0.6140097595303955, -0.3535133918987863, 0.1097032402875184], 'size': [0.04461973939918376, 0.0849493067344041, 0.09534921802665242]}}"
0.8940000000000007,0.3439998664706854,0.0,0.4,0.33909269677780207,-1.578528727079091e-05,0.40000694852002927,"{'table_obstacle': {'pos': [0.3825981920028062, 0.37518922255766707, 0.1646257963690813], 'size': [0.049837904948193595, 0.0813235869879147, 0.05243307039854257]}, 'pillar_obstacle': {'pos': [0.39994824830915515, -0.3824307480766307, 0.23470116647765446], 'size': [0.033663755439403885, 0.20172185302840845, 0.0]}, 'small_block': {'pos': [0.6140097595303955, -0.3535133918987863, 0.1097032402875184], 'size': [0.04461973939918376, 0.0849493067344041, 0.09534921802665242]}}"
0.8950000000000007,0.3439998664706854,0.0,0.4,0.3391618409844124,-1.5543353749466955e-05,0.40000679610377987,"{'table_obstacle': {'pos': [0.3825981920028062, 0.37518922255766707, 0.1646257963690813], 'size': [0.049837904948193595, 0.0813235869879147, 0.05243307039854257]}, 'pillar_obstacle': {'pos': [0.39994824830915515, -0.3824307480766307, 0.23470116647765446], 'size': [0.033663755439403885, 0.20172185302840845, 0.0]}, 'small_block': {'pos': [0.6140097595303955, -0.3535133918987863, 0.1097032402875184], 'size': [0.04461973939918376, 0.0849493067344041, 0.09534921802665242]}}"
0.8960000000000007,0.3439998664706854,0.0,0.4,0.3392301913736605,-1.5305639507245556e-05,0.4000066475520877,"{'table_obstacle': {'pos': [0.3825981920028062, 0.37518922255766707, 0.1646257963690813], 'size': [0.049837904948193595, 0.0813235869879147, 0.05243307039854257]}, 'pillar_obstacle': {'pos': [0.39994824830915515, -0.3824307480766307, 0.23470116647765446], 'size': [0.033663755439403885, 0.20172185302840845, 0.0]}, 'small_block': {'pos': [0.6140097595303955, -0.3535133918987863, 0.1097032402875184], 'size': [0.04461973939918376, 0.0849493067344041, 0.09534921802665242]}}"
0.8970000000000007,0.3439998664706854,0.0,0.4,0.3392977221083763,-1.5071983760675027e-05,0.4000065028368262,"{'table_obstacle': {'pos': [0.3825981920028062, 0.37518922255766707, 0.1646257963690813], 'size': [0.049837904948193595, 0.0813235869879147, 0.05243307039854257]}, 'pillar_obstacle': {'pos': [0.39994824830915515, -0.3824307480766307, 0.23470116647765446], 'size': [0.033663755439403885, 0.20172185302840845, 0.0]}, 'small_block': {'pos': [0.6140097595303955, -0.3535133918987863, 0.1097032402875184], 'size': [0.04461973939918376, 0.0849493067344041, 0.09534921802665242]}}"
0.8980000000000007,0.3439998664706854,0.0,0.4,0.3393644148225437,-1.4842240351121209e-05,0.40000636191490757,"{'table_obstacle': {'pos': [0.3825981920028062, 0.37518922255766707, 0.1646257963690813], 'size': [0.049837904948193595, 0.0813235869879147, 0.05243307039854257]}, 'pillar_obstacle': {'pos': [0.39994824830915515, -0.3824307480766307, 0.23470116647765446], 'size': [0.033663755439403885, 0.20172185302840845, 0.0]}, 'small_block': {'pos': [0.6140097595303955, -0.3535133918987863, 0.1097032402875184], 'size': [0.04461973939918376, 0.0849493067344041, 0.09534921802665242]}}"
0.8990000000000007,0.3439998664706854,0.0,0.4,0.3394302571580354,-1.4616276548699304e-05,0.4000062247313571,"{'table_obstacle': {'pos': [0.3825981920028062, 0.37518922255766707, 0.1646257963690813], 'size': [0.049837904948193595, 0.0813235869879147, 0.05243307039854257]}, 'pillar_obstacle': {'pos': [0.39994824830915515, -0.3824307480766307, 0.23470116647765446], 'size': [0.033663755439403885, 0.20172185302840845, 0.0]}, 'small_block': {'pos': [0.6140097595303955, -0.3535133918987863, 0.1097032402875184], 'size': [0.04461973939918376, 0.0849493067344041, 0.09534921802665242]}}"
0.9000000000000007,0.3439998664706854,0.0,0.4,0.33949524158136773,-1.4393971789385881e-05,0.400006091221904,"{'table_obstacle': {'pos': [0.3825981920028062, 0.37518922255766707, 0.1646257963690813], 'size': [0.049837904948193595, 0.0813235869879147, 0.05243307039854257]}, 'pillar_obstacle': {'pos': [0.39994824830915515, -0.3824307480766307, 0.23470116647765446], 'size': [0.033663755439403885, 0.20172185302840845, 0.0]}, 'small_block': {'pos': [0.6140097595303955, -0.3535133918987863, 0.1097032402875184], 'size': [0.04461973939918376, 0.0849493067344041, 0.09534921802665242]}}"
0.9010000000000007,0.3439998664706854,0.0,0.4,0.3395593644269824,-1.4175216412755372e-05,0.40000596131514493,"{'table_obstacle': {'pos': [0.3825981920028062, 0.37518922255766707, 0.1646257963690813], 'size': [0.049837904948193595, 0.0813235869879147, 0.05243307039854257]}, 'pillar_obstacle': {'pos': [0.39994824830915515, -0.3824307480766307, 0.23470116647765446], 'size': [0.033663755439403885, 0.20172185302840845, 0.0]}, 'small_block': {'pos': [0.6140097595303955, -0.3535133918987863, 0.1097032402875184], 'size': [0.04461973939918376, 0.0849493067344041, 0.09534921802665242]}}"
0.9020000000000007,0.3439998664706854,0.0,0.4,0.3396226251237727,-1.3959910452489153e-05,0.40000583493434866,"{'table_obstacle': {'pos': [0.3825981920028062, 0.37518922255766707, 0.1646257963690813], 'size': [0.049837904948193595, 0.0813235869879147, 0.05243307039854257]}, 'pillar_obstacle': {'pos': [0.39994824830915515, -0.3824307480766307, 0.23470116647765446], 'size': [0.033663755439403885, 0.20172185302840845, 0.0]}, 'small_block': {'pos': [0.6140097595303955, -0.3535133918987863, 0.1097032402875184], 'size': [0.04461973939918376, 0.0849493067344041, 0.09534921802665242]}}"
0.9030000000000007,0.3439998664706854,0.0,0.4,0.3396850255698457,-1.374796250440253e-05,0.400005711998949,"{'table_obstacle': {'pos': [0.3825981920028062, 0.37518922255766707, 0.1646257963690813], 'size': [0.049837904948193595, 0.0813235869879147, 0.05243307039854257]}, 'pillar_obstacle': {'pos': [0.39994824830915515, -0.3824307480766307, 0.23470116647765446], 'size': [0.033663755439403885, 0.20172185302840845, 0.0]}, 'small_block': {'pos': [0.6140097595303955, -0.3535133918987863, 0.1097032402875184], 'size': [0.04461973939918376, 0.0849493067344041, 0.09534921802665242]}}"
0.9040000000000007,0.3439998664706854,0.0,0.4,0.33974656962719463,-1.3539288687527966e-05,0.4000055924257714,"{'table_obstacle': {'pos': [0.3825981920028062, 0.37518922255766707, 0.1646257963690813], 'size': [0.049837904948193595, 0.0813235869879147, 0.05243307039854257]}, 'pillar_obstacle': {'pos': [0.39994824830915515, -0.3824307480766307, 0.23470116647765446], 'size': [0.033663755439403885, 0.20172185302840845, 0.0]}, 'small_block': {'pos': [0.6140097595303955, -0.3535133918987863, 0.1097032402875184], 'size': [0.04461973939918376, 0.0849493067344041, 0.09534921802665242]}}"
0.9050000000000007,0.3439998664706854,0.0,0.4,0.33980726271337525,-1.3333811706913255e-05,0.4000054761300385,"{'table_obstacle': {'pos': [0.3825981920028062, 0.37518922255766707, 0.1646257963690813], 'size': [0.049837904948193595, 0.0813235869879147, 0.05243307039854257]}, 'pillar_obstacle': {'pos': [0.39994824830915515, -0.3824307480766307, 0.23470116647765446], 'size': [0.033663755439403885, 0.20172185302840845, 0.0]}, 'small_block': {'pos': [0.6140097595303955, -0.3535133918987863, 0.1097032402875184], 'size': [0.04461973939918376, 0.0849493067344041, 0.09534921802665242]}}"
0.9060000000000007,0.3439998664706854,0.0,0.4,0.3398671114716448,-1.3131460015544224e-05,0.40000536302618483,"{'table_obstacle': {'pos': [0.3825981920028062, 0.37518922255766707, 0.1646257963690813], 'size': [0.049837904948193595, 0.0813235869879147, 0.05243307039854257]}, 'pillar_obstacle': {'pos': [0.39994824830915515, -0.3824307480766307, 0.23470116647765446], 'size': [0.033663755439403885, 0.20172185302840845, 0.0]}, 'small_block': {'pos': [0.6140097595303955, -0.3535133918987863, 0.1097032402875184], 'size': [0.04461973939918376, 0.0849493067344041, 0.09534921802665242]}}"
0.9070000000000007,0.3439998664706854,0.0,0.4,0.3399261235045712,-1.2932167073950565e-05,0.4000052530285145,"{'table_obstacle': {'pos': [0.3825981920028062, 0.37518922255766707, 0.1646257963690813], 'size': [0.049837904948193595, 0.0813235869879147, 0.05243307039854257]}, 'pillar_obstacle': {'pos': [0.39994824830915515, -0.3824307480766307, 0.23470116647765446], 'size': [0.033663755439403885, 0.20172185302840845, 0.0]}, 'small_block': {'pos': [0.6140097595303955, -0.3535133918987863, 0.1097032402875184], 'size': [0.04461973939918376, 0.0849493067344041, 0.09534921802665242]}}"
0.9080000000000007,0.3439998664706854,0.0,0.4,0.33998430715898464,-1.2735870699994017e-05,0.4000051460517255,"{'table_obstacle': {'pos': [0.3825981920028062, 0.37518922255766707, 0.1646257963690813], 'size': [0.049837904948193595, 0.0813235869879147, 0.05243307039854257]}, 'pillar_obstacle': {'pos': [0.39994824830915515, -0.3824307480766307, 0.23470116647765446], 'size': [0.033663755439403885, 0.20172185302840845, 0.0]}, 'small_block': {'pos': [0.6140097595303955, -0.3535133918987863, 0.1097032402875184], 'size': [0.04461973939918376, 0.0849493067344041, 0.09534921802665242]}}"
0.9090000000000007,0.3439998664706854,0.0,0.4,0.340041671352456,-1.254251250121852e-05,0.40000504201132664,"{'table_obstacle': {'pos': [0.3825981920028062, 0.37518922255766707, 0.1646257963690813], 'size': [0.049837904948193595, 0.0813235869879147, 0.05243307039854257]}, 'pillar_obstacle': {'pos': [0.39994824830915515, -0.3824307480766307, 0.23470116647765446], 'size': [0.033663755439403885, 0.20172185302840845, 0.0]}, 'small_block': {'pos': [0.6140097595303955, -0.3535133918987863, 0.1097032402875184], 'size': [0.04461973939918376, 0.0849493067344041, 0.09534921802665242]}}"
0.9100000000000007,0.3439998664706854,0.0,0.4,0.34009822543336343,-1.2352037384212706e-05,0.40000494082396165,"{'table_obstacle': {'pos': [0.3825981920028062, 0.37518922255766707, 0.1646257963690813], 'size': [0.049837904948193595, 0.0813235869879147, 0.05243307039854257]}, 'pillar_obstacle': {'pos': [0.39994824830915515, -0.3824307480766307, 0.23470116647765446], 'size': [0.033663755439403885, 0.20172185302840845, 0.0]}, 'small_block': {'pos': [0.6140097595303955, -0.3535133918987863, 0.1097032402875184], 'size': [0.04461973939918376, 0.0849493067344041, 0.09534921802665242]}}"
0.9110000000000007,0.3439998664706854,0.0,0.4,0.34015397906812833,-1.2164393129710024e-05,0.4000048424076599,"{'table_obstacle': {'pos': [0.3825981920028062, 0.37518922255766707, 0.1646257963690813], 'size': [0.049837904948193595, 0.0813235869879147, 0.05243307039854257]}, 'pillar_obstacle': {'pos': [0.39994824830915515, -0.3824307480766307, 0.23470116647765446], 'size': [0.033663755439403885, 0.20172185302840845, 0.0]}, 'small_block': {'pos': [0.6140097595303955, -0.3535133918987863, 0.1097032402875184], 'size': [0.04461973939918376, 0.0849493067344041, 0.09534921802665242]}}"
0.9120000000000007,0.3439998664706854,0.0,0.4,0.34020894215042086,-1.1979530027758191e-05,0.4000047466820263,"{'table_obstacle': {'pos': [0.3825981920028062, 0.37518922255766707, 0.1646257963690813], 'size': [0.049837904948193595, 0.0813235869879147, 0.05243307039854257]}, 'pillar_obstacle': {'pos': [0.39994824830915515, -0.3824307480766307, 0.23470116647765446], 'size': [0.033663755439403885, 0.20172185302840845, 0.0]}, 'small_block': {'pos': [0.6140097595303955, -0.3535133918987863, 0.1097032402875184], 'size': [0.04461973939918376, 0.0849493067344041, 0.09534921802665242]}}"
0.9130000000000007,0.3439998664706854,0.0,0.4,0.34026312472813675,-1.1797400564622574e-05,0.4000046535683806,"{'table_obstacle': {'pos': [0.3825981920028062, 0.37518922255766707, 0.1646257963690813], 'size': [0.049837904948193595, 0.0813235869879147, 0.05243307039854257]}, 'pillar_obstacle': {'pos': [0.39994824830915515, -0.3824307480766307, 0.23470116647765446], 'size': [0.033663755439403885, 0.20172185302840845, 0.0]}, 'small_block': {'pos': [0.6140097595303955, -0.3535133918987863, 0.1097032402875184], 'size': [0.04461973939918376, 0.0849493067344041, 0.09534921802665242]}}"
0.9140000000000007,0.3439998664706854,0.0,0.4,0.34031653694474195,-1.1617959156050078e-05,0.4000045629898573,"{'table_obstacle': {'pos': [0.3825981920028062, 0.37518922255766707, 0.1646257963690813], 'size': [0.049837904948193595, 0.0813235869879147, 0.05243307039854257]}, 'pillar_obstacle': {'pos': [0.39994824830915515, -0.3824307480766307, 0.23470116647765446], 'size': [0.033663755439403885, 0.20172185302840845, 0.0]}, 'small_block': {'pos': [0.6140097595303955, -0.3535133918987863, 0.1097032402875184], 'size': [0.04461973939918376, 0.0849493067344041, 0.09534921802665242]}}"
0.9150000000000007,0.3439998664706854,0.0,0.4,0.3403691889922378,-1.1441161918532033e-05,0.4000044748714718,"{'table_obstacle': {'pos': [0.3825981920028062, 0.37518922255766707, 0.1646257963690813], 'size': [0.049837904948193595, 0.0813235869879147, 0.05243307039854257]}, 'pillar_obstacle': {'pos': [0.39994824830915515, -0.3824307480766307, 0.23470116647765446], 'size': [0.033663755439403885, 0.20172185302840845, 0.0]}, 'small_block': {'pos': [0.6140097595303955, -0.3535133918987863, 0.1097032402875184], 'size': [0.04461973939918376, 0.0849493067344041, 0.09534921802665242]}}"
0.9160000000000007,0.3439998664706854,0.0,0.4,0.3404210910735176,-1.1266966475943452e-05,0.40000438914016273,"{'table_obstacle': {'pos': [0.3825981920028062, 0.37518922255766707, 0.1646257963690813], 'size': [0.049837904948193595, 0.0813235869879147, 0.05243307039854257]}, 'pillar_obstacle': {'pos': [0.39994824830915515, -0.3824307480766307, 0.23470116647765446], 'size': [0.033663755439403885, 0.20172185302840845, 0.0]}, 'small_block': {'pos': [0.6140097595303955, -0.3535133918987863, 0.1097032402875184], 'size': [0.04461973939918376, 0.0849493067344041, 0.09534921802665242]}}"
0.9170000000000007,0.3439998664706854,0.0,0.4,0.34047225337232045,-1.1095331794204104e-05,0.4000043057248095,"{'table_obstacle': {'pos': [0.3825981920028062, 0.37518922255766707, 0.1646257963690813], 'size': [0.049837904948193595, 0.0813235869879147, 0.05243307039854257]}, 'pillar_obstacle': {'pos': [0.39994824830915515, -0.3824307480766307, 0.23470116647765446], 'size': [0.033663755439403885, 0.20172185302840845, 0.0]}, 'small_block': {'pos': [0.6140097595303955, -0.3535133918987863, 0.1097032402875184], 'size': [0.04461973939918376, 0.0849493067344041, 0.09534921802665242]}}"
0.9180000000000007,0.3439998664706854,0.0,0.4,0.3405226860293185,-1.0926218041316461e-05,0.4000042245562392,"{'table_obstacle': {'pos': [0.3825981920028062, 0.37518922255766707, 0.1646257963690813], 'size': [0.049837904948193595, 0.0813235869879147, 0.05243307039854257]}, 'pillar_obstacle': {'pos': [0.39994824830915515, -0.3824307480766307, 0.23470116647765446], 'size': [0.033663755439403885, 0.20172185302840845, 0.0]}, 'small_block': {'pos': [0.6140097595303955, -0.3535133918987863, 0.1097032402875184], 'size': [0.04461973939918376, 0.0849493067344041, 0.09534921802665242]}}"
0.9190000000000007,0.3439998664706854,0.0,0.4,0.34057239912316883,-1.075958646868251e-05,0.4000041455672144,"{'table_obstacle': {'pos': [0.3825981920028062, 0.37518922255766707, 0.1646257963690813], 'size': [0.049837904948193595, 0.0813235869879147, 0.05243307039854257]}, 'pillar_obstacle': {'pos': [0.39994824830915515, -0.3824307480766307, 0.23470116647765446], 'size': [0.033663755439403885, 0.20172185302840845, 0.0]}, 'small_block': {'pos': [0.6140097595303955, -0.3535133918987863, 0.1097032402875184], 'size': [0.04461973939918376, 0.0849493067344041, 0.09534921802665242]}}"
0.9200000000000007,0.3439998664706854,0.0,0.4,0.3406214026555688,-1.0595399309640166e-05,0.40000406869241534,"{'table_obstacle': {'pos': [0.3825981920028062, 0.37518922255766707, 0.1646257963690813], 'size': [0.049837904948193595, 0.0813235869879147, 0.05243307039854257]}, 'pillar_obstacle': {'pos': [0.39994824830915515, -0.3824307480766307, 0.23470116647765446], 'size': [0.033663755439403885, 0.20172185302840845, 0.0]}, 'small_block': {'pos': [0.6140097595303955, -0.3535133918987863, 0.1097032402875184], 'size': [0.04461973939918376, 0.0849493067344041, 0.09534921802665242]}}"
0.9210000000000007,0.3439998664706854,0.0,0.4,0.34066970653954926,-1.0433619694584999e-05,0.4000039938684125,"{'table_obstacle': {'pos': [0.3825981920028062, 0.37518922255766707, 0.1646257963690813], 'size': [0.049837904948193595, 0.0813235869879147, 0.05243307039854257]}, 'pillar_obstacle': {'pos': [0.39994824830915515, -0.3824307480766307, 0.23470116647765446], 'size': [0.033663755439403885, 0.20172185302840845, 0.0]}, 'small_block': {'pos': [0.6140097595303955, -0.3535133918987863, 0.1097032402875184], 'size': [0.04461973939918376, 0.0849493067344041, 0.09534921802665242]}}"
0.9220000000000007,0.3439998664706854,0.0,0.4,0.34071732059037996,-1.027421157800693e-05,0.4000039210336333,"{'table_obstacle': {'pos': [0.3825981920028062, 0.37518922255766707, 0.1646257963690813], 'size': [0.049837904948193595, 0.0813235869879147, 0.05243307039854257]}, 'pillar_obstacle': {'pos': [0.39994824830915515, -0.3824307480766307, 0.23470116647765446], 'size': [0.033663755439403885, 0.20172185302840845, 0.0]}, 'small_block': {'pos': [0.6140097595303955, -0.3535133918987863, 0.1097032402875184], 'size': [0.04461973939918376, 0.0849493067344041, 0.09534921802665242]}}"
0.9230000000000007,0.3439998664706854,0.0,0.4,0.34076425451858383,-1.0117139676630205e-05,0.4000038501283257,"{'table_obstacle': {'pos': [0.3825981920028062, 0.37518922255766707, 0.1646257963690813], 'size': [0.049837904948193595, 0.0813235869879147, 0.05243307039854257]}, 'pillar_obstacle': {'pos': [0.39994824830915515, -0.3824307480766307, 0.23470116647765446], 'size': [0.033663755439403885, 0.20172185302840845, 0.0]}, 'small_block': {'pos': [0.6140097595303955, -0.3535133918987863, 0.1097032402875184], 'size': [0.04461973939918376, 0.0849493067344041, 0.09534921802665242]}}"
0.9240000000000007,0.3439998664706854,0.0,0.4,0.340810517924652,-9.96236941668824e-06,0.4000037810945174,"{'table_obstacle': {'pos': [0.3825981920028062, 0.37518922255766707, 0.1646257963690813], 'size': [0.049837904948193595, 0.0813235869879147, 0.05243307039854257]}, 'pillar_obstacle': {'pos': [0.39994824830915515, -0.3824307480766307, 0.23470116647765446], 'size': [0.033663755439403885, 0.20172185302840845, 0.0]}, 'small_block': {'pos': [0.6140097595303955, -0.3535133918987863, 0.1097032402875184], 'size': [0.04461973939918376, 0.0849493067344041, 0.09534921802665242]}}"
0.9250000000000007,0.3439998664706854,0.0,0.4,0.34085612029512735,-9.809866888881963e-06,0.4000037138759738,"{'table_obstacle': {'pos': [0.3825981920028062, 0.37518922255766707, 0.1646257963690813], 'size': [0.049837904948193595, 0.0813235869879147, 0.05243307039854257]}, 'pillar_obstacle': {'pos': [0.39994824830915515, -0.3824307480766307, 0.23470116647765446], 'size': [0.033663755439403885, 0.20172185302840845, 0.0]}, 'small_block': {'pos': [0.6140097595303955, -0.3535133918987863, 0.1097032402875184], 'size': [0.04461973939918376, 0.0849493067344041, 0.09534921802665242]}}"
0.9260000000000007,0.3439998664706854,0.0,0.4,0.3409010709997943,-9.659598810709304e-06,0.4000036484181539,"{'table_obstacle': {'pos': [0.3825981920028062, 0.37518922255766707, 0.1646257963690813], 'size': [0.049837904948193595, 0.0813235869879147, 0.05243307039854257]}, 'pillar_obstacle': {'pos': [0.39994824830915515, -0.3824307480766307, 0.23470116647765446], 'size': [0.033663755439403885, 0.20172185302840845, 0.0]}, 'small_block': {'pos': [0.6140097595303955, -0.3535133918987863, 0.1097032402875184], 'size': [0.04461973939918376, 0.0849493067344041, 0.09534921802665242]}}"
0.9270000000000007,0.3439998664706854,0.0,0.4,0.34094537928975527,-9.511532492164014e-06,0.40000358466816605,"{'table_obstacle': {'pos': [0.3825981920028062, 0.37518922255766707, 0.1646257963690813], 'size': [0.049837904948193595, 0.0813235869879147, 0.05243307039854257]}, 'pillar_obstacle': {'pos': [0.39994824830915515, -0.3824307480766307, 0.23470116647765446], 'size': [0.033663755439403885, 0.20172185302840845, 0.0]}, 'small_block': {'pos': [0.6140097595303955, -0.3535133918987863, 0.1097032402875184], 'size': [0.04461973939918376, 0.0849493067344041, 0.09534921802665242]}}"
0.9280000000000007,0.3439998664706854,0.0,0.4,0.3409890542962197,-9.365635808264567e-06,0.40000352257472294,"{'table_obstacle': {'pos': [0.3825981920028062, 0.37518922255766707, 0.1646257963690813], 'size': [0.049837904948193595, 0.0813235869879147, 0.05243307039854257]}, 'pillar_obstacle': {'pos': [0.39994824830915515, -0.3824307480766307, 0.23470116647765446], 'size': [0.033663755439403885, 0.20172185302840845, 0.0]}, 'small_block': {'pos': [0.6140097595303955, -0.3535133918987863, 0.1097032402875184], 'size': [0.04461973939918376, 0.0849493067344041, 0.09534921802665242]}}"
0.9290000000000007,0.3439998664706854,0.0,0.4,0.34103210502986625,-9.221877173920024e-06,0.40000346208809695,"{'table_obstacle': {'pos': [0.3825981920028062, 0.37518922255766707, 0.1646257963690813], 'size': [0.049837904948193595, 0.0813235869879147, 0.05243307039854257]}, 'pillar_obstacle': {'pos': [0.39994824830915515, -0.3824307480766307, 0.23470116647765446], 'size': [0.033663755439403885, 0.20172185302840845, 0.0]}, 'small_block': {'pos': [0.6140097595303955, -0.3535133918987863, 0.1097032402875184], 'size': [0.04461973939918376, 0.0849493067344041, 0.09534921802665242]}}"
0.9300000000000007,0.3439998664706854,0.0,0.4,0.3410745403806621,-9.080225522069042e-06,0.40000340316007643,"{'table_obstacle': {'pos': [0.3825981920028062, 0.37518922255766707, 0.1646257963690813], 'size': [0.049837904948193595, 0.0813235869879147, 0.05243307039854257]}, 'pillar_obstacle': {'pos': [0.39994824830915515, -0.3824307480766307, 0.23470116647765446], 'size': [0.033663755439403885, 0.20172185302840845, 0.0]}, 'small_block': {'pos': [0.6140097595303955, -0.3535133918987863, 0.1097032402875184], 'size': [0.04461973939918376, 0.0849493067344041, 0.09534921802665242]}}"
0.9310000000000007,0.3439998664706854,0.0,0.4,0.34111636911804927,-8.940650285846688e-06,0.40000334574392066,"{'table_obstacle': {'pos': [0.3825981920028062, 0.37518922255766707, 0.1646257963690813], 'size': [0.049837904948193595, 0.0813235869879147, 0.05243307039854257]}, 'pillar_obstacle': {'pos': [0.39994824830915515, -0.3824307480766307, 0.23470116647765446], 'size': [0.033663755439403885, 0.20172185302840845, 0.0]}, 'small_block': {'pos': [0.6140097595303955, -0.3535133918987863, 0.1097032402875184], 'size': [0.04461973939918376, 0.0849493067344041, 0.09534921802665242]}}"
0.9320000000000007,0.3439998664706854,0.0,0.4,0.34115759989142075,-8.803121380933989e-06,0.4000032897943179,"{'table_obstacle': {'pos': [0.3825981920028062, 0.37518922255766707, 0.1646257963690813], 'size': [0.049837904948193595, 0.0813235869879147, 0.05243307039854257]}, 'pillar_obstacle': {'pos': [0.39994824830915515, -0.3824307480766307, 0.23470116647765446], 'size': [0.033663755439403885, 0.20172185302840845, 0.0]}, 'small_block': {'pos': [0.6140097595303955, -0.3535133918987863, 0.1097032402875184], 'size': [0.04461973939918376, 0.0849493067344041, 0.09534921802665242]}}"
0.9330000000000007,0.3439998664706854,0.0,0.4,0.34119824123082754,-8.667609191288999e-06,0.40000323526734266,"{'table_obstacle': {'pos': [0.3825981920028062, 0.37518922255766707, 0.1646257963690813], 'size': [0.049837904948193595, 0.0813235869879147, 0.05243307039854257]}, 'pillar_obstacle': {'pos': [0.39994824830915515, -0.3824307480766307, 0.23470116647765446], 'size': [0.033663755439403885, 0.20172185302840845, 0.0]}, 'small_block': {'pos': [0.6140097595303955, -0.3535133918987863, 0.1097032402875184], 'size': [0.04461973939918376, 0.0849493067344041, 0.09534921802665242]}}"
0.9340000000000007,0.3439998664706854,0.0,0.4,0.34123830154787027,-8.53408455628608e-06,0.40000318212041425,"{'table_obstacle': {'pos': [0.3825981920028062, 0.37518922255766707, 0.1646257963690813], 'size': [0.049837904948193595, 0.0813235869879147, 0.05243307039854257]}, 'pillar_obstacle': {'pos': [0.39994824830915515, -0.3824307480766307, 0.23470116647765446], 'size': [0.033663755439403885, 0.20172185302840845, 0.0]}, 'small_block': {'pos': [0.6140097595303955, -0.3535133918987863, 0.1097032402875184], 'size': [0.04461973939918376, 0.0849493067344041, 0.09534921802665242]}}"
0.9350000000000007,0.3439998664706854,0.0,0.4,0.34127778913673007,-8.402518757839364e-06,0.40000313031225726,"{'table_obstacle': {'pos': [0.3825981920028062, 0.37518922255766707, 0.1646257963690813], 'size': [0.049837904948193595, 0.0813235869879147, 0.05243307039854257]}, 'pillar_obstacle': {'pos': [0.39994824830915515, -0.3824307480766307, 0.23470116647765446], 'size': [0.033663755439403885, 0.20172185302840845, 0.0]}, 'small_block': {'pos': [0.6140097595303955, -0.3535133918987863, 0.1097032402875184], 'size': [0.04461973939918376, 0.0849493067344041, 0.09534921802665242]}}"
0.9360000000000007,0.3439998664706854,0.0,0.4,0.3413167121753128,-8.27288351075253e-06,0.4000030798028613,"{'table_obstacle': {'pos': [0.3825981920028062, 0.37518922255766707, 0.1646257963690813], 'size': [0.049837904948193595, 0.0813235869879147, 0.05243307039854257]}, 'pillar_obstacle': {'pos': [0.39994824830915515, -0.3824307480766307, 0.23470116647765446], 'size': [0.033663755439403885, 0.20172185302840845, 0.0]}, 'small_block': {'pos': [0.6140097595303955, -0.3535133918987863, 0.1097032402875184], 'size': [0.04461973939918376, 0.0849493067344041, 0.09534921802665242]}}"
0.9370000000000007,0.3439998664706854,0.0,0.4,0.34135507872647985,-8.14515095223936e-06,0.4000030305534438,"{'table_obstacle': {'pos': [0.3825981920028062, 0.37518922255766707, 0.1646257963690813], 'size': [0.049837904948193595, 0.0813235869879147, 0.05243307039854257]}, 'pillar_obstacle': {'pos': [0.39994824830915515, -0.3824307480766307, 0.23470116647765446], 'size': [0.033663755439403885, 0.20172185302840845, 0.0]}, 'small_block': {'pos': [0.6140097595303955, -0.3535133918987863, 0.1097032402875184], 'size': [0.04461973939918376, 0.0849493067344041, 0.09534921802665242]}}"
0.9380000000000007,0.3439998664706854,0.0,0.4,0.3413928967393404,-8.019293632807736e-06,0.40000298252641153,"{'table_obstacle': {'pos': [0.3825981920028062, 0.37518922255766707, 0.1646257963690813], 'size': [0.049837904948193595, 0.0813235869879147, 0.05243307039854257]}, 'pillar_obstacle': {'pos': [0.39994824830915515, -0.3824307480766307, 0.23470116647765446], 'size': [0.033663755439403885, 0.20172185302840845, 0.0]}, 'small_block': {'pos': [0.6140097595303955, -0.3535133918987863, 0.1097032402875184], 'size': [0.04461973939918376, 0.0849493067344041, 0.09534921802665242]}}"
0.9390000000000007,0.3439998664706854,0.0,0.4,0.34143017405059517,-7.895284508047062e-06,0.4000029356853262,"{'table_obstacle': {'pos': [0.3825981920028062, 0.37518922255766707, 0.1646257963690813], 'size': [0.049837904948193595, 0.0813235869879147, 0.05243307039854257]}, 'pillar_obstacle': {'pos': [0.39994824830915515, -0.3824307480766307, 0.23470116647765446], 'size': [0.033663755439403885, 0.20172185302840845, 0.0]}, 'small_block': {'pos': [0.6140097595303955, -0.3535133918987863, 0.1097032402875184], 'size': [0.04461973939918376, 0.0849493067344041, 0.09534921802665242]}}"
0.9400000000000007,0.3439998664706854,0.0,0.4,0.34146691838591275,-7.773096930649623e-06,0.4000028899948676,"{'table_obstacle': {'pos': [0.3825981920028062, 0.37518922255766707, 0.1646257963690813], 'size': [0.049837904948193595, 0.0813235869879147, 0.05243307039854257]}, 'pillar_obstacle': {'pos': [0.39994824830915515, -0.3824307480766307, 0.23470116647765446], 'size': [0.033663755439403885, 0.20172185302840845, 0.0]}, 'small_block': {'pos': [0.6140097595303955, -0.3535133918987863, 0.1097032402875184], 'size': [0.04461973939918376, 0.0849493067344041, 0.09534921802665242]}}"
0.9410000000000007,0.3439998664706854,0.0,0.4,0.3415031373613321,-7.652704643472197e-06,0.40000284542080067,"{'table_obstacle': {'pos': [0.3825981920028062, 0.37518922255766707, 0.1646257963690813], 'size': [0.049837904948193595, 0.0813235869879147, 0.05243307039854257]}, 'pillar_obstacle': {'pos': [0.39994824830915515, -0.3824307480766307, 0.23470116647765446], 'size': [0.033663755439403885, 0.20172185302840845, 0.0]}, 'small_block': {'pos': [0.6140097595303955, -0.3535133918987863, 0.1097032402875184], 'size': [0.04461973939918376, 0.0849493067344041, 0.09534921802665242]}}"
0.9420000000000007,0.3439998664706854,0.0,0.4,0.34153883848467737,-7.534081771498482e-06,0.40000280192994236,"{'table_obstacle': {'pos': [0.3825981920028062, 0.37518922255766707, 0.1646257963690813], 'size': [0.049837904948193595, 0.0813235869879147, 0.05243307039854257]}, 'pillar_obstacle': {'pos': [0.39994824830915515, -0.3824307480766307, 0.23470116647765446], 'size': [0.033663755439403885, 0.20172185302840845, 0.0]}, 'small_block': {'pos': [0.6140097595303955, -0.3535133918987863, 0.1097032402875184], 'size': [0.04461973939918376, 0.0849493067344041, 0.09534921802665242]}}"
0.9430000000000007,0.3439998664706854,0.0,0.4,0.34157402915698437,-7.417202816395472e-06,0.4000027594901288,"{'table_obstacle': {'pos': [0.3825981920028062, 0.37518922255766707, 0.1646257963690813], 'size': [0.049837904948193595, 0.0813235869879147, 0.05243307039854257]}, 'pillar_obstacle': {'pos': [0.39994824830915515, -0.3824307480766307, 0.23470116647765446], 'size': [0.033663755439403885, 0.20172185302840845, 0.0]}, 'small_block': {'pos': [0.6140097595303955, -0.3535133918987863, 0.1097032402875184], 'size': [0.04461973939918376, 0.0849493067344041, 0.09534921802665242]}}"
0.9440000000000007,0.3439998664706854,0.0,0.4,0.34160871667392684,-7.302042649170797e-06,0.40000271807018534,"{'table_obstacle': {'pos': [0.3825981920028062, 0.37518922255766707, 0.1646257963690813], 'size': [0.049837904948193595, 0.0813235869879147, 0.05243307039854257]}, 'pillar_obstacle': {'pos': [0.39994824830915515, -0.3824307480766307, 0.23470116647765446], 'size': [0.033663755439403885, 0.20172185302840845, 0.0]}, 'small_block': {'pos': [0.6140097595303955, -0.3535133918987863, 0.1097032402875184], 'size': [0.04461973939918376, 0.0849493067344041, 0.09534921802665242]}}"
0.9450000000000007,0.3439998664706854,0.0,0.4,0.3416429082272427,-7.188576504709592e-06,0.4000026776398951,"{'table_obstacle': {'pos': [0.3825981920028062, 0.37518922255766707, 0.1646257963690813], 'size': [0.049837904948193595, 0.0813235869879147, 0.05243307039854257]}, 'pillar_obstacle': {'pos': [0.39994824830915515, -0.3824307480766307, 0.23470116647765446], 'size': [0.033663755439403885, 0.20172185302840845, 0.0]}, 'small_block': {'pos': [0.6140097595303955, -0.3535133918987863, 0.1097032402875184], 'size': [0.04461973939918376, 0.0849493067344041, 0.09534921802665242]}}"
0.9460000000000007,0.3439998664706854,0.0,0.4,0.34167661090615614,-7.076779975709485e-06,0.4000026381699706,"{'table_obstacle': {'pos': [0.3825981920028062, 0.37518922255766707, 0.1646257963690813], 'size': [0.049837904948193595, 0.0813235869879147, 0.05243307039854257]}, 'pillar_obstacle': {'pos': [0.39994824830915515, -0.3824307480766307, 0.23470116647765446], 'size': [0.033663755439403885, 0.20172185302840845, 0.0]}, 'small_block': {'pos': [0.6140097595303955, -0.3535133918987863, 0.1097032402875184], 'size': [0.04461973939918376, 0.0849493067344041, 0.09534921802665242]}}"
0.9470000000000007,0.3439998664706854,0.0,0.4,0.3417098316987879,-6.966629006807908e-06,0.4000025996320252,"{'table_obstacle': {'pos': [0.3825981920028062, 0.37518922255766707, 0.1646257963690813], 'size': [0.049837904948193595, 0.0813235869879147, 0.05243307039854257]}, 'pillar_obstacle': {'pos': [0.39994824830915515, -0.3824307480766307, 0.23470116647765446], 'size': [0.033663755439403885, 0.20172185302840845, 0.0]}, 'small_block': {'pos': [0.6140097595303955, -0.3535133918987863, 0.1097032402875184], 'size': [0.04461973939918376, 0.0849493067344041, 0.09534921802665242]}}"
0.9480000000000007,0.3439998664706854,0.0,0.4,0.34174257749355946,-6.858099889312738e-06,0.4000025619985455,"{'table_obstacle': {'pos': [0.3825981920028062, 0.37518922255766707, 0.1646257963690813], 'size': [0.049837904948193595, 0.0813235869879147, 0.05243307039854257]}, 'pillar_obstacle': {'pos': [0.39994824830915515, -0.3824307480766307, 0.23470116647765446], 'size': [0.033663755439403885, 0.20172185302840845, 0.0]}, 'small_block': {'pos': [0.6140097595303955, -0.3535133918987863, 0.1097032402875184], 'size': [0.04461973939918376, 0.0849493067344041, 0.09534921802665242]}}"
0.9490000000000007,0.3439998664706854,0.0,0.4,0.3417748550805831,-6.751169255856684e-06,0.40000252524286434,"{'table_obstacle': {'pos': [0.3825981920028062, 0.37518922255766707, 0.1646257963690813], 'size': [0.049837904948193595, 0.0813235869879147, 0.05243307039854257]}, 'pillar_obstacle': {'pos': [0.39994824830915515, -0.3824307480766307, 0.23470116647765446], 'size': [0.033663755439403885, 0.20172185302840845, 0.0]}, 'small_block': {'pos': [0.6140097595303955, -0.3535133918987863, 0.1097032402875184], 'size': [0.04461973939918376, 0.0849493067344041, 0.09534921802665242]}}"
0.9500000000000007,0.3439998664706854,0.0,0.4,0.34180667115303803,-6.645814075193291e-06,0.40000248933913574,"{'table_obstacle': {'pos': [0.3825981920028062, 0.37518922255766707, 0.1646257963690813], 'size': [0.049837904948193595, 0.0813235869879147, 0.05243307039854257]}, 'pillar_obstacle': {'pos': [0.39994824830915515, -0.3824307480766307, 0.23470116647765446], 'size': [0.033663755439403885, 0.20172185302840845, 0.0]}, 'small_block': {'pos': [0.6140097595303955, -0.3535133918987863, 0.1097032402875184], 'size': [0.04461973939918376, 0.0849493067344041, 0.09534921802665242]}}"
0.9510000000000007,0.3439998664706854,0.0,0.4,0.3418380323085341,-6.542011646922563e-06,0.400002454262309,"{'table_obstacle': {'pos': [0.3825981920028062, 0.37518922255766707, 0.1646257963690813], 'size': [0.049837904948193595, 0.0813235869879147, 0.05243307039854257]}, 'pillar_obstacle': {'pos': [0.39994824830915515, -0.3824307480766307, 0.23470116647765446], 'size': [0.033663755439403885, 0.20172185302840845, 0.0]}, 'small_block': {'pos': [0.6140097595303955, -0.3535133918987863, 0.1097032402875184], 'size': [0.04461973939918376, 0.0849493067344041, 0.09534921802665242]}}"
0.9520000000000007,0.3439998664706854,0.0,0.4,0.3418689450504588,-6.439739596674769e-06,0.4000024199881043,"{'table_obstacle': {'pos': [0.3825981920028062, 0.37518922255766707, 0.1646257963690813], 'size': [0.049837904948193595, 0.0813235869879147, 0.05243307039854257]}, 'pillar_obstacle': {'pos': [0.39994824830915515, -0.3824307480766307, 0.23470116647765446], 'size': [0.033663755439403885, 0.20172185302840845, 0.0]}, 'small_block': {'pos': [0.6140097595303955, -0.3535133918987863, 0.1097032402875184], 'size': [0.04461973939918376, 0.0849493067344041, 0.09534921802665242]}}"
0.9530000000000007,0.3439998664706854,0.0,0.4,0.3418994157893084,-6.33897587121801e-06,0.4000023864929908,"{'table_obstacle': {'pos': [0.3825981920028062, 0.37518922255766707, 0.1646257963690813], 'size': [0.049837904948193595, 0.0813235869879147, 0.05243307039854257]}, 'pillar_obstacle': {'pos': [0.39994824830915515, -0.3824307480766307, 0.23470116647765446], 'size': [0.033663755439403885, 0.20172185302840845, 0.0]}, 'small_block': {'pos': [0.6140097595303955, -0.3535133918987863, 0.1097032402875184], 'size': [0.04461973939918376, 0.0849493067344041, 0.09534921802665242]}}"
0.9540000000000007,0.3439998664706854,0.0,0.4,0.3419294508440042,-6.239698733952672e-06,0.40000235375416077,"{'table_obstacle': {'pos': [0.3825981920028062, 0.37518922255766707, 0.1646257963690813], 'size': [0.049837904948193595, 0.0813235869879147, 0.05243307039854257]}, 'pillar_obstacle': {'pos': [0.39994824830915515, -0.3824307480766307, 0.23470116647765446], 'size': [0.033663755439403885, 0.20172185302840845, 0.0]}, 'small_block': {'pos': [0.6140097595303955, -0.3535133918987863, 0.1097032402875184], 'size': [0.04461973939918376, 0.0849493067344041, 0.09534921802665242]}}"
0.9550000000000007,0.3439998664706854,0.0,0.4,0.34195905644319047,-6.14188675977776e-06,0.4000023217495104,"{'table_obstacle': {'pos': [0.3825981920028062, 0.37518922255766707, 0.1646257963690813], 'size': [0.049837904948193595, 0.0813235869879147, 0.05243307039854257]}, 'pillar_obstacle': {'pos': [0.39994824830915515, -0.3824307480766307, 0.23470116647765446], 'size': [0.033663755439403885, 0.20172185302840845, 0.0]}, 'small_block': {'pos': [0.6140097595303955, -0.3535133918987863, 0.1097032402875184], 'size': [0.04461973939918376, 0.0849493067344041, 0.09534921802665242]}}"
0.9560000000000007,0.34799985339883843,0.0,0.4,0.341988238726517,-6.045518830776272e-06,0.40000229045761676,"{'table_obstacle': {'pos': [0.3825981920028062, 0.37518922255766707, 0.1646257963690813], 'size': [0.049837904948193595, 0.0813235869879147, 0.05243307039854257]}, 'pillar_obstacle': {'pos': [0.39994824830915515, -0.3824307480766307, 0.23470116647765446], 'size': [0.033663755439403885, 0.20172185302840845, 0.0]}, 'small_block': {'pos': [0.6140097595303955, -0.3535133918987863, 0.1097032402875184], 'size': [0.04461973939918376, 0.0849493067344041, 0.09534921802665242]}}"
0.9570000000000007,0.34799985339883843,0.0,0.4,0.3420279264151045,-5.939219045946837e-06,0.4000022385801427,"{'table_obstacle': {'pos': [0.3825981920028062, 0.37518922255766707, 0.1646257963690813], 'size': [0.049837904948193595, 0.0813235869879147, 0.05243307039854257]}, 'pillar_obstacle': {'pos': [0.39994824830915515, -0.3824307480766307, 0.23470116647765446], 'size': [0.033663755439403885, 0.20172185302840845, 0.0]}, 'small_block': {'pos': [0.6140097595303955, -0.3535133918987863, 0.1097032402875184], 'size': [0.04461973939918376, 0.0849493067344041, 0.09534921802665242]}}"
0.9580000000000007,0.34799985339883843,0.0,0.4,0.34207588317458376,-5.827732104975063e-06,0.40000217248394265,"{'table_obstacle': {'pos': [0.3825981920028062, 0.37518922255766707, 0.1646257963690813], 'size': [0.049837904948193595, 0.0813235869879147, 0.05243307039854257]}, 'pillar_obstacle': {'pos': [0.39994824830915515, -0.3824307480766307, 0.23470116647765446], 'size': [0.033663755439403885, 0.20172185302840845, 0.0]}, 'small_block': {'pos': [0.6140097595303955, -0.3535133918987863, 0.1097032402875184], 'size': [0.04461973939918376, 0.0849493067344041, 0.09534921802665242]}}"
0.9590000000000007,0.34799985339883843,0.0,0.4,0.3421303030547892,-5.714365477249178e-06,0.40000209664439235,"{'table_obstacle': {'pos': [0.3825981920028062, 0.37518922255766707, 0.1646257963690813], 'size': [0.049837904948193595, 0.0813235869879147, 0.05243307039854257]}, 'pillar_obstacle': {'pos': [0.39994824830915515, -0.3824307480766307, 0.23470116647765446], 'size': [0.033663755439403885, 0.20172185302840845, 0.0]}, 'small_block': {'pos': [0.6140097595303955, -0.3535133918987863, 0.1097032402875184], 'size': [0.04461973939918376, 0.0849493067344041, 0.09534921802665242]}}"
0.9600000000000007,0.34799985339883843,0.0,0.4,0.34218972826184146,-5.601370022563981e-06,0.4000020142679001,"{'table_obstacle': {'pos': [0.3825981920028062, 0.37518922255766707, 0.1646257963690813], 'size': [0.049837904948193595, 0.0813235869879147, 0.05243307039854257]}, 'pillar_obstacle': {'pos': [0.39994824830915515, -0.3824307480766307, 0.23470116647765446], 'size': [0.033663755439403885, 0.20172185302840845, 0.0]}, 'small_block': {'pos': [0.6140097595303955, -0.3535133918987863, 0.1097032402875184], 'size': [0.04461973939918376, 0.0849493067344041, 0.09534921802665242]}}"
0.9610000000000007,0.34799985339883843,0.0,0.4,0.34225298262622283,-5.490226525595526e-06,0.40000192769551307,"{'table_obstacle': {'pos': [0.3825981920028062, 0.37518922255766707, 0.1646257963690813], 'size': [0.049837904948193595, 0.0813235869879147, 0.05243307039854257]}, 'pillar_obstacle': {'pos': [0.39994824830915515, -0.3824307480766307, 0.23470116647765446], 'size': [0.033663755439403885, 0.20172185302840845, 0.0]}, 'small_block': {'pos': [0.6140097595303955, -0.3535133918987863, 0.1097032402875184], 'size': [0.04461973939918376, 0.0849493067344041, 0.09534921802665242]}}"
0.9620000000000007,0.34799985339883843,0.0,0.4,0.3423191177730794,-5.381860459991954e-06,0.40000183866646793,"{'table_obstacle': {'pos': [0.3825981920028062, 0.37518922255766707, 0.1646257963690813], 'size': [0.049837904948193595, 0.0813235869879147, 0.05243307039854257]}, 'pillar_obstacle': {'pos': [0.39994824830915515, -0.3824307480766307, 0.23470116647765446], 'size': [0.033663755439403885, 0.20172185302840845, 0.0]}, 'small_block': {'pos': [0.6140097595303955, -0.3535133918987863, 0.1097032402875184], 'size': [0.04461973939918376, 0.0849493067344041, 0.09534921802665242]}}"
0.9630000000000007,0.34799985339883843,0.0,0.4,0.34238736957118987,-5.276802140169765e-06,0.4000017484920812,"{'table_obstacle': {'pos': [0.3825981920028062, 0.37518922255766707, 0.1646257963690813], 'size': [0.049837904948193595, 0.0813235869879147, 0.05243307039854257]}, 'pillar_obstacle': {'pos': [0.39994824830915515, -0.3824307480766307, 0.23470116647765446], 'size': [0.033663755439403885, 0.20172185302840845, 0.0]}, 'small_block': {'pos': [0.6140097595303955, -0.3535133918987863, 0.1097032402875184], 'size': [0.04461973939918376, 0.0849493067344041, 0.09534921802665242]}}"
0.9640000000000007,0.34799985339883843,0.0,0.4,0.34245712289892477,-5.175305434662004e-06,0.40000165817213246,"{'table_obstacle': {'pos': [0.3825981920028062, 0.37518922255766707, 0.1646257963690813], 'size': [0.049837904948193595, 0.0813235869879147, 0.05243307039854257]}, 'pillar_obstacle': {'pos': [0.39994824830915515, -0.3824307480766307, 0.23470116647765446], 'size': [0.033663755439403885, 0.20172185302840845, 0.0]}, 'small_block': {'pos': [0.6140097595303955, -0.3535133918987863, 0.1097032402875184], 'size': [0.04461973939918376, 0.0849493067344041, 0.09534921802665242]}}"
0.9650000000000007,0.34799985339883843,0.0,0.4,0.34252788313957294,-5.077435140889537e-06,0.4000015684741955,"{'table_obstacle': {'pos': [0.3825981920028062, 0.37518922255766707, 0.1646257963690813], 'size': [0.049837904948193595, 0.0813235869879147, 0.05243307039854257]}, 'pillar_obstacle': {'pos': [0.39994824830915515, -0.3824307480766307, 0.23470116647765446], 'size': [0.033663755439403885, 0.20172185302840845, 0.0]}, 'small_block': {'pos': [0.6140097595303955, -0.3535133918987863, 0.1097032402875184], 'size': [0.04461973939918376, 0.0849493067344041, 0.09534921802665242]}}"
0.9660000000000007,0.34799985339883843,0.0,0.4,0.3425992531212495,-4.9831307478939235e-06,0.4000014799889389,"{'table_obstacle': {'pos': [0.3825981920028062, 0.37518922255766707, 0.1646257963690813], 'size': [0.049837904948193595, 0.0813235869879147, 0.05243307039854257]}, 'pillar_obstacle': {'pos': [0.39994824830915515, -0.3824307480766307, 0.23470116647765446], 'size': [0.033663755439403885, 0.20172185302840845, 0.0]}, 'small_block': {'pos': [0.6140097595303955, -0.3535133918987863, 0.1097032402875184], 'size': [0.04461973939918376, 0.0849493067344041, 0.09534921802665242]}}"
0.9670000000000007,0.34799985339883843,0.0,0.4,0.3426709144617671,-4.8922524883658456e-06,0.40000139316966615,"{'table_obstacle': {'pos': [0.3825981920028062, 0.37518922255766707, 0.1646257963690813], 'size': [0.049837904948193595, 0.0813235869879147, 0.05243307039854257]}, 'pillar_obstacle': {'pos': [0.39994824830915515, -0.3824307480766307, 0.23470116647765446], 'size': [0.033663755439403885, 0.20172185302840845, 0.0]}, 'small_block': {'pos': [0.6140097595303955, -0.3535133918987863, 0.1097032402875184], 'size': [0.04461973939918376, 0.0849493067344041, 0.09534921802665242]}}"
0.9680000000000007,0.34799985339883843,0.0,0.4,0.3427426124772638,-4.804614171530941e-06,0.40000130836135783,"{'table_obstacle': {'pos': [0.3825981920028062, 0.37518922255766707, 0.1646257963690813], 'size': [0.049837904948193595, 0.0813235869879147, 0.05243307039854257]}, 'pillar_obstacle': {'pos': [0.39994824830915515, -0.3824307480766307, 0.23470116647765446], 'size': [0.033663755439403885, 0.20172185302840845, 0.0]}, 'small_block': {'pos': [0.6140097595303955, -0.3535133918987863, 0.1097032402875184], 'size': [0.04461973939918376, 0.0849493067344041, 0.09534921802665242]}}"
0.9690000000000007,0.34799985339883843,0.0,0.4,0.3428141439739771,-4.720006206959423e-06,0.40000122582258135,"{'table_obstacle': {'pos': [0.3825981920028062, 0.37518922255766707, 0.1646257963690813], 'size': [0.049837904948193595, 0.0813235869879147, 0.05243307039854257]}, 'pillar_obstacle': {'pos': [0.39994824830915515, -0.3824307480766307, 0.23470116647765446], 'size': [0.033663755439403885, 0.20172185302840845, 0.0]}, 'small_block': {'pos': [0.6140097595303955, -0.3535133918987863, 0.1097032402875184], 'size': [0.04461973939918376, 0.0849493067344041, 0.09534921802665242]}}"
0.9700000000000008,0.34799985339883843,0.0,0.4,0.3428853473724984,-4.63821140462392e-06,0.4000011457424268,"{'table_obstacle': {'pos': [0.3825981920028062, 0.37518922255766707, 0.1646257963690813], 'size': [0.049837904948193595, 0.0813235869879147, 0.05243307039854257]}, 'pillar_obstacle': {'pos': [0.39994824830915515, -0.3824307480766307, 0.23470116647765446], 'size': [0.033663755439403885, 0.20172185302840845, 0.0]}, 'small_block': {'pos': [0.6140097595303955, -0.3535133918987863, 0.1097032402875184], 'size': [0.04461973939918376, 0.0849493067344041, 0.09534921802665242]}}"
0.9710000000000008,0.34799985339883843,0.0,0.4,0.3429560947189948,-4.559015492985431e-06,0.4000010682538739,"{'table_obstacle': {'pos': [0.3825981920028062, 0.37518922255766707, 0.1646257963690813], 'size': [0.049837904948193595, 0.0813235869879147, 0.05243307039854257]}, 'pillar_obstacle': {'pos': [0.39994824830915515, -0.3824307480766307, 0.23470116647765446], 'size': [0.033663755439403885, 0.20172185302840845, 0.0]}, 'small_block': {'pos': [0.6140097595303955, -0.3535133918987863, 0.1097032402875184], 'size': [0.04461973939918376, 0.0849493067344041, 0.09534921802665242]}}"
0.9720000000000008,0.34799985339883843,0.0,0.4,0.34302628522296735,-4.4822138209189196e-06,0.40000099344452034,"{'table_obstacle': {'pos': [0.3825981920028062, 0.37518922255766707, 0.1646257963690813], 'size': [0.049837904948193595, 0.0813235869879147, 0.05243307039854257]}, 'pillar_obstacle': {'pos': [0.39994824830915515, -0.3824307480766307, 0.23470116647765446], 'size': [0.033663755439403885, 0.20172185302840845, 0.0]}, 'small_block': {'pos': [0.6140097595303955, -0.3535133918987863, 0.1097032402875184], 'size': [0.04461973939918376, 0.0849493067344041, 0.09534921802665242]}}"
0.9730000000000008,0.34799985339883843,0.0,0.4,0.3430958400299504,-4.4076153308007454e-06,0.40000092136529747,"{'table_obstacle': {'pos': [0.3825981920028062, 0.37518922255766707, 0.1646257963690813], 'size': [0.049837904948193595, 0.0813235869879147, 0.05243307039854257]}, 'pillar_obstacle': {'pos': [0.39994824830915515, -0.3824307480766307, 0.23470116647765446], 'size': [0.033663755439403885, 0.20172185302840845, 0.0]}, 'small_block': {'pos': [0.6140097595303955, -0.3535133918987863, 0.1097032402875184], 'size': [0.04461973939918376, 0.0849493067344041, 0.09534921802665242]}}"
0.9740000000000008,0.34799985339883843,0.0,0.4,0.34316469799325366,-4.335044616880685e-06,0.4000008520376111,"{'table_obstacle': {'pos': [0.3825981920028062, 0.37518922255766707, 0.1646257963690813], 'size': [0.049837904948193595, 0.0813235869879147, 0.05243307039854257]}, 'pillar_obstacle': {'pos': [0.39994824830915515, -0.3824307480766307, 0.23470116647765446], 'size': [0.033663755439403885, 0.20172185302840845, 0.0]}, 'small_block': {'pos': [0.6140097595303955, -0.3535133918987863, 0.1097032402875184], 'size': [0.04461973939918376, 0.0849493067344041, 0.09534921802665242]}}"
0.9750000000000008,0.34799985339883843,0.0,0.4,0.3432328122539029,-4.264342662828383e-06,0.40000078545921997,"{'table_obstacle': {'pos': [0.3825981920028062, 0.37518922255766707, 0.1646257963690813], 'size': [0.049837904948193595, 0.0813235869879147, 0.05243307039854257]}, 'pillar_obstacle': {'pos': [0.39994824830915515, -0.3824307480766307, 0.23470116647765446], 'size': [0.033663755439403885, 0.20172185302840845, 0.0]}, 'small_block': {'pos': [0.6140097595303955, -0.3535133918987863, 0.1097032402875184], 'size': [0.04461973939918376, 0.0849493067344041, 0.09534921802665242]}}"
0.9760000000000008,0.34799985339883843,0.0,0.4,0.343300147474393,-4.1953666995803684e-06,0.40000072160908895,"{'table_obstacle': {'pos': [0.3825981920028062, 0.37518922255766707, 0.1646257963690813], 'size': [0.049837904948193595, 0.0813235869879147, 0.05243307039854257]}, 'pillar_obstacle': {'pos': [0.39994824830915515, -0.3824307480766307, 0.23470116647765446], 'size': [0.033663755439403885, 0.20172185302840845, 0.0]}, 'small_block': {'pos': [0.6140097595303955, -0.3535133918987863, 0.1097032402875184], 'size': [0.04461973939918376, 0.0849493067344041, 0.09534921802665242]}}"
0.9770000000000008,0.34799985339883843,0.0,0.4,0.34336667760135653,-4.127989496502452e-06,0.40000066045139293,"{'table_obstacle': {'pos': [0.3825981920028062, 0.37518922255766707, 0.1646257963690813], 'size': [0.049837904948193595, 0.0813235869879147, 0.05243307039854257]}, 'pillar_obstacle': {'pos': [0.39994824830915515, -0.3824307480766307, 0.23470116647765446], 'size': [0.033663755439403885, 0.20172185302840845, 0.0]}, 'small_block': {'pos': [0.6140097595303955, -0.3535133918987863, 0.1097032402875184], 'size': [0.04461973939918376, 0.0849493067344041, 0.09534921802665242]}}"
0.9780000000000008,0.34799985339883843,0.0,0.4,0.3434323840561032,-4.062098314612552e-06,0.4000006019388204,"{'table_obstacle': {'pos': [0.3825981920028062, 0.37518922255766707, 0.1646257963690813], 'size': [0.049837904948193595, 0.0813235869879147, 0.05243307039854257]}, 'pillar_obstacle': {'pos': [0.39994824830915515, -0.3824307480766307, 0.23470116647765446], 'size': [0.033663755439403885, 0.20172185302840845, 0.0]}, 'small_block': {'pos': [0.6140097595303955, -0.3535133918987863, 0.1097032402875184], 'size': [0.04461973939918376, 0.0849493067344041, 0.09534921802665242]}}"
0.9790000000000008,0.34799985339883843,0.0,0.4,0.34349725427129923,-3.997593681142764e-06,0.4000005460152879,"{'table_obstacle': {'pos': [0.3825981920028062, 0.37518922255766707, 0.1646257963690813], 'size': [0.049837904948193595, 0.0813235869879147, 0.05243307039854257]}, 'pillar_obstacle': {'pos': [0.39994824830915515, -0.3824307480766307, 0.23470116647765446], 'size': [0.033663755439403885, 0.20172185302840845, 0.0]}, 'small_block': {'pos': [0.6140097595303955, -0.3535133918987863, 0.1097032402875184], 'size': [0.04461973939918376, 0.0849493067344041, 0.09534921802665242]}}"
0.9800000000000008,0.34799985339883843,0.0,0.4,0.3435612805076552,-3.934388093556654e-06,0.40000049261816467,"{'table_obstacle': {'pos': [0.3825981920028062, 0.37518922255766707, 0.1646257963690813], 'size': [0.049837904948193595, 0.0813235869879147, 0.05243307039854257]}, 'pillar_obstacle': {'pos': [0.39994824830915515, -0.3824307480766307, 0.23470116647765446], 'size': [0.033663755439403885, 0.20172185302840845, 0.0]}, 'small_block': {'pos': [0.6140097595303955, -0.3535133918987863, 0.1097032402875184], 'size': [0.04461973939918376, 0.0849493067344041, 0.09534921802665242]}}"
0.9810000000000008,0.34799985339883843,0.0,0.4,0.3436244588971315,-3.872404730065906e-06,0.4000004416800882,"{'table_obstacle': {'pos': [0.3825981920028062, 0.37518922255766707, 0.1646257963690813], 'size': [0.049837904948193595, 0.0813235869879147, 0.05243307039854257]}, 'pillar_obstacle': {'pos': [0.39994824830915515, -0.3824307480766307, 0.23470116647765446], 'size': [0.033663755439403885, 0.20172185302840845, 0.0]}, 'small_block': {'pos': [0.6140097595303955, -0.3535133918987863, 0.1097032402875184], 'size': [0.04461973939918376, 0.0849493067344041, 0.09534921802665242]}}"
0.9820000000000008,0.34799985339883843,0.0,0.4,0.34368678866938834,-3.8115762110973756e-06,0.4000003931304369,"{'table_obstacle': {'pos': [0.3825981920028062, 0.37518922255766707, 0.1646257963690813], 'size': [0.049837904948193595, 0.0813235869879147, 0.05243307039854257]}, 'pillar_obstacle': {'pos': [0.39994824830915515, -0.3824307480766307, 0.23470116647765446], 'size': [0.033663755439403885, 0.20172185302840845, 0.0]}, 'small_block': {'pos': [0.6140097595303955, -0.3535133918987863, 0.1097032402875184], 'size': [0.04461973939918376, 0.0849493067344041, 0.09534921802665242]}}"
0.9830000000000008,0.34799985339883843,0.0,0.4,0.3437482715264683,-3.751843443186976e-06,0.4000003468965194,"{'table_obstacle': {'pos': [0.3825981920028062, 0.37518922255766707, 0.1646257963690813], 'size': [0.049837904948193595, 0.0813235869879147, 0.05243307039854257]}, 'pillar_obstacle': {'pos': [0.39994824830915515, -0.3824307480766307, 0.23470116647765446], 'size': [0.033663755439403885, 0.20172185302840845, 0.0]}, 'small_block': {'pos': [0.6140097595303955, -0.3535133918987863, 0.1097032402875184], 'size': [0.04461973939918376, 0.0849493067344041, 0.09534921802665242]}}"
0.9840000000000008,0.34799985339883843,0.0,0.4,0.3438089111373944,-3.6931545583761828e-06,0.4000003029045257,"{'table_obstacle': {'pos': [0.3825981920028062, 0.37518922255766707, 0.1646257963690813], 'size': [0.049837904948193595, 0.0813235869879147, 0.05243307039854257]}, 'pillar_obstacle': {'pos': [0.39994824830915515, -0.3824307480766307, 0.23470116647765446], 'size': [0.033663755439403885, 0.20172185302840845, 0.0]}, 'small_block': {'pos': [0.6140097595303955, -0.3535133918987863, 0.1097032402875184], 'size': [0.04461973939918376, 0.0849493067344041, 0.09534921802665242]}}"
0.9850000000000008,0.34799985339883843,0.0,0.4,0.3438687127297691,-3.635463957624665e-06,0.4000002610802874,"{'table_obstacle': {'pos': [0.3825981920028062, 0.37518922255766707, 0.1646257963690813], 'size': [0.049837904948193595, 0.0813235869879147, 0.05243307039854257]}, 'pillar_obstacle': {'pos': [0.39994824830915515, -0.3824307480766307, 0.23470116647765446], 'size': [0.033663755439403885, 0.20172185302840845, 0.0]}, 'small_block': {'pos': [0.6140097595303955, -0.3535133918987863, 0.1097032402875184], 'size': [0.04461973939918376, 0.0849493067344041, 0.09534921802665242]}}"
0.9860000000000008,0.34799985339883843,0.0,0.4,0.3439276827598414,-3.5787314569960425e-06,0.4000002213498738,"{'table_obstacle': {'pos': [0.3825981920028062, 0.37518922255766707, 0.1646257963690813], 'size': [0.049837904948193595, 0.0813235869879147, 0.05243307039854257]}, 'pillar_obstacle': {'pos': [0.39994824830915515, -0.3824307480766307, 0.23470116647765446], 'size': [0.033663755439403885, 0.20172185302840845, 0.0]}, 'small_block': {'pos': [0.6140097595303955, -0.3535133918987863, 0.1097032402875184], 'size': [0.04461973939918376, 0.0849493067344041, 0.09534921802665242]}}"
0.9870000000000008,0.34799985339883843,0.0,0.4,0.3439858286460497,-3.5229215329673336e-06,0.4000001836400564,"{'table_obstacle': {'pos': [0.3825981920028062, 0.37518922255766707, 0.1646257963690813], 'size': [0.049837904948193595, 0.0813235869879147, 0.05243307039854257]}, 'pillar_obstacle': {'pos': [0.39994824830915515, -0.3824307480766307, 0.23470116647765446], 'size': [0.033663755439403885, 0.20172185302840845, 0.0]}, 'small_block': {'pos': [0.6140097595303955, -0.3535133918987863, 0.1097032402875184], 'size': [0.04461973939918376, 0.0849493067344041, 0.09534921802665242]}}"
0.9880000000000008,0.34799985339883843,0.0,0.4,0.34404315855390527,-3.4680026622085224e-06,0.40000014787867105,"{'table_obstacle': {'pos': [0.3825981920028062, 0.37518922255766707, 0.1646257963690813], 'size': [0.049837904948193595, 0.0813235869879147, 0.05243307039854257]}, 'pillar_obstacle': {'pos': [0.39994824830915515, -0.3824307480766307, 0.23470116647765446], 'size': [0.033663755439403885, 0.20172185302840845, 0.0]}, 'small_block': {'pos': [0.6140097595303955, -0.3535133918987863, 0.1097032402875184], 'size': [0.04461973939918376, 0.0849493067344041, 0.09534921802665242]}}"
0.9890000000000008,0.34799985339883843,0.0,0.4,0.34409968122240964,-3.4139467447245196e-06,0.40000011399488666,"{'table_obstacle': {'pos': [0.3825981920028062, 0.37518922255766707, 0.1646257963690813], 'size': [0.049837904948193595, 0.0813235869879147, 0.05243307039854257]}, 'pillar_obstacle': {'pos': [0.39994824830915515, -0.3824307480766307, 0.23470116647765446], 'size': [0.033663755439403885, 0.20172185302840845, 0.0]}, 'small_block': {'pos': [0.6140097595303955, -0.3535133918987863, 0.1097032402875184], 'size': [0.04461973939918376, 0.0849493067344041, 0.09534921802665242]}}"
0.9900000000000008,0.34799985339883843,0.0,0.4,0.34415540582406295,-3.360728605722493e-06,0.40000008191940745,"{'table_obstacle': {'pos': [0.3825981920028062, 0.37518922255766707, 0.1646257963690813], 'size': [0.049837904948193595, 0.0813235869879147, 0.05243307039854257]}, 'pillar_obstacle': {'pos': [0.39994824830915515, -0.3824307480766307, 0.23470116647765446], 'size': [0.033663755439403885, 0.20172185302840845, 0.0]}, 'small_block': {'pos': [0.6140097595303955, -0.3535133918987863, 0.1097032402875184], 'size': [0.04461973939918376, 0.0849493067344041, 0.09534921802665242]}}"
0.9910000000000008,0.34799985339883843,0.0,0.4,0.34421034185204247,-3.308325566757755e-06,0.40000005158461777,"{'table_obstacle': {'pos': [0.3825981920028062, 0.37518922255766707, 0.1646257963690813], 'size': [0.049837904948193595, 0.0813235869879147, 0.05243307039854257]}, 'pillar_obstacle': {'pos': [0.39994824830915515, -0.3824307480766307, 0.23470116647765446], 'size': [0.033663755439403885, 0.20172185302840845, 0.0]}, 'small_block': {'pos': [0.6140097595303955, -0.3535133918987863, 0.1097032402875184], 'size': [0.04461973939918376, 0.0849493067344041, 0.09534921802665242]}}"
0.9920000000000008,0.34799985339883843,0.0,0.4,0.34426449902935635,-3.256717076255992e-06,0.40000002292468195,"{'table_obstacle': {'pos': [0.3825981920028062, 0.37518922255766707, 0.1646257963690813], 'size': [0.049837904948193595, 0.0813235869879147, 0.05243307039854257]}, 'pillar_obstacle': {'pos': [0.39994824830915515, -0.3824307480766307, 0.23470116647765446], 'size': [0.033663755439403885, 0.20172185302840845, 0.0]}, 'small_block': {'pos': [0.6140097595303955, -0.3535133918987863, 0.1097032402875184], 'size': [0.04461973939918376, 0.0849493067344041, 0.09534921802665242]}}"
0.9930000000000008,0.34799985339883843,0.0,0.4,0.3443178872357699,-3.2058843954284813e-06,0.39999999587560675,"{'table_obstacle': {'pos': [0.3825981920028062, 0.37518922255766707, 0.1646257963690813], 'size': [0.049837904948193595, 0.0813235869879147, 0.05243307039854257]}, 'pillar_obstacle': {'pos': [0.39994824830915515, -0.3824307480766307, 0.23470116647765446], 'size': [0.033663755439403885, 0.20172185302840845, 0.0]}, 'small_block': {'pos': [0.6140097595303955, -0.3535133918987863, 0.1097032402875184], 'size': [0.04461973939918376, 0.0849493067344041, 0.09534921802665242]}}"
0.9940000000000008,0.34799985339883843,0.0,0.4,0.3443705164491017,-3.155810329529594e-06,0.39999997037527896,"{'table_obstacle': {'pos': [0.3825981920028062, 0.37518922255766707, 0.1646257963690813], 'size': [0.049837904948193595, 0.0813235869879147, 0.05243307039854257]}, 'pillar_obstacle': {'pos': [0.39994824830915515, -0.3824307480766307, 0.23470116647765446], 'size': [0.033663755439403885, 0.20172185302840845, 0.0]}, 'small_block': {'pos': [0.6140097595303955, -0.3535133918987863, 0.1097032402875184], 'size': [0.04461973939918376, 0.0849493067344041, 0.09534921802665242]}}"
0.9950000000000008,0.34799985339883843,0.0,0.4,0.34442239669814384,-3.106478999669447e-06,0.39999994636347685,"{'table_obstacle': {'pos': [0.3825981920028062, 0.37518922255766707, 0.1646257963690813], 'size': [0.049837904948193595, 0.0813235869879147, 0.05243307039854257]}, 'pillar_obstacle': {'pos': [0.39994824830915515, -0.3824307480766307, 0.23470116647765446], 'size': [0.033663755439403885, 0.20172185302840845, 0.0]}, 'small_block': {'pos': [0.6140097595303955, -0.3535133918987863, 0.1097032402875184], 'size': [0.04461973939918376, 0.0849493067344041, 0.09534921802665242]}}"
0.9960000000000008,0.34799985339883843,0.0,0.4,0.34447353802497443,-3.0578756501312752e-06,0.39999992378186666,"{'table_obstacle': {'pos': [0.3825981920028062, 0.37518922255766707, 0.1646257963690813], 'size': [0.049837904948193595, 0.0813235869879147, 0.05243307039854257]}, 'pillar_obstacle': {'pos': [0.39994824830915515, -0.3824307480766307, 0.23470116647765446], 'size': [0.033663755439403885, 0.20172185302840845, 0.0]}, 'small_block': {'pos': [0.6140097595303955, -0.3535133918987863, 0.1097032402875184], 'size': [0.04461973939918376, 0.0849493067344041, 0.09534921802665242]}}"
0.9970000000000008,0.34799985339883843,0.0,0.4,0.3445239504548686,-3.009986484701968e-06,0.39999990257398743,"{'table_obstacle': {'pos': [0.3825981920028062, 0.37518922255766707, 0.1646257963690813], 'size': [0.049837904948193595, 0.0813235869879147, 0.05243307039854257]}, 'pillar_obstacle': {'pos': [0.39994824830915515, -0.3824307480766307, 0.23470116647765446], 'size': [0.033663755439403885, 0.20172185302840845, 0.0]}, 'small_block': {'pos': [0.6140097595303955, -0.3535133918987863, 0.1097032402875184], 'size': [0.04461973939918376, 0.0849493067344041, 0.09534921802665242]}}"
0.9980000000000008,0.34799985339883843,0.0,0.4,0.3445736439723475,-2.9627985286270835e-06,0.39999988268522274,"{'table_obstacle': {'pos': [0.3825981920028062, 0.37518922255766707, 0.1646257963690813], 'size': [0.049837904948193595, 0.0813235869879147, 0.05243307039854257]}, 'pillar_obstacle': {'pos': [0.39994824830915515, -0.3824307480766307, 0.23470116647765446], 'size': [0.033663755439403885, 0.20172185302840845, 0.0]}, 'small_block': {'pos': [0.6140097595303955, -0.3535133918987863, 0.1097032402875184], 'size': [0.04461973939918376, 0.0849493067344041, 0.09534921802665242]}}"
0.9990000000000008,0.34799985339883843,0.0,0.4,0.34462262850218967,-2.916299513066757e-06,0.39999986406276644,"{'table_obstacle': {'pos': [0.3825981920028062, 0.37518922255766707, 0.1646257963690813], 'size': [0.049837904948193595, 0.0813235869879147, 0.05243307039854257]}, 'pillar_obstacle': {'pos': [0.39994824830915515, -0.3824307480766307, 0.23470116647765446], 'size': [0.033663755439403885, 0.20172185302840845, 0.0]}, 'small_block': {'pos': [0.6140097595303955, -0.3535133918987863, 0.1097032402875184], 'size': [0.04461973939918376, 0.0849493067344041, 0.09534921802665242]}}"
1.0000000000000007,0.34799985339883843,0.0,0.4,0.3446709138944499,-2.8704777760788356e-06,0.3999998466555845,"{'table_obstacle': {'pos': [0.3825981920028062, 0.37518922255766707, 0.1646257963690813], 'size': [0.049837904948193595, 0.0813235869879147, 0.05243307039854257]}, 'pillar_obstacle': {'pos': [0.39994824830915515, -0.3824307480766307, 0.23470116647765446], 'size': [0.033663755439403885, 0.20172185302840845, 0.0]}, 'small_block': {'pos': [0.6140097595303955, -0.3535133918987863, 0.1097032402875184], 'size': [0.04461973939918376, 0.0849493067344041, 0.09534921802665242]}}"
1.0010000000000006,0.34799985339883843,0.0,0.4,0.3447185099127158,-2.8253221824827275e-06,0.39999983041437154,"{'table_obstacle': {'pos': [0.3825981920028062, 0.37518922255766707, 0.1646257963690813], 'size': [0.049837904948193595, 0.0813235869879147, 0.05243307039854257]}, 'pillar_obstacle': {'pos': [0.39994824830915515, -0.3824307480766307, 0.23470116647765446], 'size': [0.033663755439403885, 0.20172185302840845, 0.0]}, 'small_block': {'pos': [0.6140097595303955, -0.3535133918987863, 0.1097032402875184], 'size': [0.04461973939918376, 0.0849493067344041, 0.09534921802665242]}}"
1.0020000000000004,0.34799985339883843,0.0,0.4,0.34476542622497813,-2.7808220528089254e-06,0.39999981529150425,"{'table_obstacle': {'pos': [0.3825981920028062, 0.37518922255766707, 0.1646257963690813], 'size': [0.049837904948193595, 0.0813235869879147, 0.05243307039854257]}, 'pillar_obstacle': {'pos': [0.39994824830915515, -0.3824307480766307, 0.23470116647765446], 'size': [0.033663755439403885, 0.20172185302840845, 0.0]}, 'small_block': {'pos': [0.6140097595303955, -0.3535133918987863, 0.1097032402875184], 'size': [0.04461973939918376, 0.0849493067344041, 0.09534921802665242]}}"
1.0030000000000003,0.34799985339883843,0.0,0.4,0.3448116723966116,-2.7369671065657495e-06,0.39999980124099666,"{'table_obstacle': {'pos': [0.3825981920028062, 0.37518922255766707, 0.1646257963690813], 'size': [0.049837904948193595, 0.0813235869879147, 0.05243307039854257]}, 'pillar_obstacle': {'pos': [0.39994824830915515, -0.3824307480766307, 0.23470116647765446], 'size': [0.033663755439403885, 0.20172185302840845, 0.0]}, 'small_block': {'pos': [0.6140097595303955, -0.3535133918987863, 0.1097032402875184], 'size': [0.04461973939918376, 0.0849493067344041, 0.09534921802665242]}}"
1.0040000000000002,0.34799985339883843,0.0,0.4,0.3448572578850554,-2.69374741378954e-06,0.39999978821845017,"{'table_obstacle': {'pos': [0.3825981920028062, 0.37518922255766707, 0.1646257963690813], 'size': [0.049837904948193595, 0.0813235869879147, 0.05243307039854257]}, 'pillar_obstacle': {'pos': [0.39994824830915515, -0.3824307480766307, 0.23470116647765446], 'size': [0.033663755439403885, 0.20172185302840845, 0.0]}, 'small_block': {'pos': [0.6140097595303955, -0.3535133918987863, 0.1097032402875184], 'size': [0.04461973939918376, 0.0849493067344041, 0.09534921802665242]}}"
1.0050000000000001,0.34799985339883843,0.0,0.4,0.3449021920358668,-2.6511533537076594e-06,0.39999977618100696,"{'table_obstacle': {'pos': [0.3825981920028062, 0.37518922255766707, 0.1646257963690813], 'size': [0.049837904948193595, 0.0813235869879147, 0.05243307039854257]}, 'pillar_obstacle': {'pos': [0.39994824830915515, -0.3824307480766307, 0.23470116647765446], 'size': [0.033663755439403885, 0.20172185302840845, 0.0]}, 'small_block': {'pos': [0.6140097595303955, -0.3535133918987863, 0.1097032402875184], 'size': [0.04461973939918376, 0.0849493067344041, 0.09534921802665242]}}"
1.006,0.34799985339883843,0.0,0.4,0.34494648407987694,-2.6091755814511172e-06,0.39999976508730173,"{'table_obstacle': {'pos': [0.3825981920028062, 0.37518922255766707, 0.1646257963690813], 'size': [0.049837904948193595, 0.0813235869879147, 0.05243307039854257]}, 'pillar_obstacle': {'pos': [0.39994824830915515, -0.3824307480766307, 0.23470116647765446], 'size': [0.033663755439403885, 0.20172185302840845, 0.0]}, 'small_block': {'pos': [0.6140097595303955, -0.3535133918987863, 0.1097032402875184], 'size': [0.04461973939918376, 0.0849493067344041, 0.09534921802665242]}}"
1.007,0.34799985339883843,0.0,0.4,0.34499014313123744,-2.567804998802278e-06,0.3999997548974165,"{'table_obstacle': {'pos': [0.3825981920028062, 0.37518922255766707, 0.1646257963690813], 'size': [0.049837904948193595, 0.0813235869879147, 0.05243307039854257]}, 'pillar_obstacle': {'pos': [0.39994824830915515, -0.3824307480766307, 0.23470116647765446], 'size': [0.033663755439403885, 0.20172185302840845, 0.0]}, 'small_block': {'pos': [0.6140097595303955, -0.3535133918987863, 0.1097032402875184], 'size': [0.04461973939918376, 0.0849493067344041, 0.09534921802665242]}}"
1.0079999999999998,0.34799985339883843,0.0,0.4,0.3450331781861803,-2.527032730435867e-06,0.3999997455728313,"{'table_obstacle': {'pos': [0.3825981920028062, 0.37518922255766707, 0.1646257963690813], 'size': [0.049837904948193595, 0.0813235869879147, 0.05243307039854257]}, 'pillar_obstacle': {'pos': [0.39994824830915515, -0.3824307480766307, 0.23470116647765446], 'size': [0.033663755439403885, 0.20172185302840845, 0.0]}, 'small_block': {'pos': [0.6140097595303955, -0.3535133918987863, 0.1097032402875184], 'size': [0.04461973939918376, 0.0849493067344041, 0.09534921802665242]}}"
1.0089999999999997,0.34799985339883843,0.0,0.4,0.34507559812234895,-2.4868501041227716e-06,0.3999997370763824,"{'table_obstacle': {'pos': [0.3825981920028062, 0.37518922255766707, 0.1646257963690813], 'size': [0.049837904948193595, 0.0813235869879147, 0.05243307039854257]}, 'pillar_obstacle': {'pos': [0.39994824830915515, -0.3824307480766307, 0.23470116647765446], 'size': [0.033663755439403885, 0.20172185302840845, 0.0]}, 'small_block': {'pos': [0.6140097595303955, -0.3535133918987863, 0.1097032402875184], 'size': [0.04461973939918376, 0.0849493067344041, 0.09534921802665242]}}"
1.0099999999999996,0.34799985339883843,0.0,0.4,0.34511741169859017,-2.447248632849276e-06,0.39999972937221634,"{'table_obstacle': {'pos': [0.3825981920028062, 0.37518922255766707, 0.1646257963690813], 'size': [0.049837904948193595, 0.0813235869879147, 0.05243307039854257]}, 'pillar_obstacle': {'pos': [0.39994824830915515, -0.3824307480766307, 0.23470116647765446], 'size': [0.033663755439403885, 0.20172185302840845, 0.0]}, 'small_block': {'pos': [0.6140097595303955, -0.3535133918987863, 0.1097032402875184], 'size': [0.04461973939918376, 0.0849493067344041, 0.09534921802665242]}}"
1.0109999999999995,0.34799985339883843,0.0,0.4,0.34515862755511095,-2.4082200017509825e-06,0.39999972242574733,"{'table_obstacle': {'pos': [0.3825981920028062, 0.37518922255766707, 0.1646257963690813], 'size': [0.049837904948193595, 0.0813235869879147, 0.05243307039854257]}, 'pillar_obstacle': {'pos': [0.39994824830915515, -0.3824307480766307, 0.23470116647765446], 'size': [0.033663755439403885, 0.20172185302840845, 0.0]}, 'small_block': {'pos': [0.6140097595303955, -0.3535133918987863, 0.1097032402875184], 'size': [0.04461973939918376, 0.0849493067344041, 0.09534921802665242]}}"
1.0119999999999993,0.34799985339883843,0.0,0.4,0.3451992542139272,-2.369756054864569e-06,0.3999997162036163,"{'table_obstacle': {'pos': [0.3825981920028062, 0.37518922255766707, 0.1646257963690813], 'size': [0.049837904948193595, 0.0813235869879147, 0.05243307039854257]}, 'pillar_obstacle': {'pos': [0.39994824830915515, -0.3824307480766307, 0.23470116647765446], 'size': [0.033663755439403885, 0.20172185302840845, 0.0]}, 'small_block': {'pos': [0.6140097595303955, -0.3535133918987863, 0.1097032402875184], 'size': [0.04461973939918376, 0.0849493067344041, 0.09534921802665242]}}"
1.0129999999999992,0.34799985339883843,0.0,0.4,0.3452393000795441,-2.33184878612247e-06,0.39999971067365003,"{'table_obstacle': {'pos': [0.3825981920028062, 0.37518922255766707, 0.1646257963690813], 'size': [0.049837904948193595, 0.0813235869879147, 0.05243307039854257]}, 'pillar_obstacle': {'pos': [0.39994824830915515, -0.3824307480766307, 0.23470116647765446], 'size': [0.033663755439403885, 0.20172185302840845, 0.0]}, 'small_block': {'pos': [0.6140097595303955, -0.3535133918987863, 0.1097032402875184], 'size': [0.04461973939918376, 0.0849493067344041, 0.09534921802665242]}}"
1.0139999999999991,0.34799985339883843,0.0,0.4,0.34527877343981983,-2.294490329425756e-06,0.39999970580482247,"{'table_obstacle': {'pos': [0.3825981920028062, 0.37518922255766707, 0.1646257963690813], 'size': [0.049837904948193595, 0.0813235869879147, 0.05243307039854257]}, 'pillar_obstacle': {'pos': [0.39994824830915515, -0.3824307480766307, 0.23470116647765446], 'size': [0.033663755439403885, 0.20172185302840845, 0.0]}, 'small_block': {'pos': [0.6140097595303955, -0.3535133918987863, 0.1097032402875184], 'size': [0.04461973939918376, 0.0849493067344041, 0.09534921802665242]}}"
1.014999999999999,0.34799985339883843,0.0,0.4,0.3453176824669707,-2.25767295219326e-06,0.3999997015672166,"{'table_obstacle': {'pos': [0.3825981920028062, 0.37518922255766707, 0.1646257963690813], 'size': [0.049837904948193595, 0.0813235869879147, 0.05243307039854257]}, 'pillar_obstacle': {'pos': [0.39994824830915515, -0.3824307480766307, 0.23470116647765446], 'size': [0.033663755439403885, 0.20172185302840845, 0.0]}, 'small_block': {'pos': [0.6140097595303955, -0.3535133918987863, 0.1097032402875184], 'size': [0.04461973939918376, 0.0849493067344041, 0.09534921802665242]}}"
1.015999999999999,0.34799985339883843,0.0,0.4,0.3453560352186896,-2.221389048562659e-06,0.3999996979319881,"{'table_obstacle': {'pos': [0.3825981920028062, 0.37518922255766707, 0.1646257963690813], 'size': [0.049837904948193595, 0.0813235869879147, 0.05243307039854257]}, 'pillar_obstacle': {'pos': [0.39994824830915515, -0.3824307480766307, 0.23470116647765446], 'size': [0.033663755439403885, 0.20172185302840845, 0.0]}, 'small_block': {'pos': [0.6140097595303955, -0.3535133918987863, 0.1097032402875184], 'size': [0.04461973939918376, 0.0849493067344041, 0.09534921802665242]}}"
1.0169999999999988,0.34799985339883843,0.0,0.4,0.3453938396393509,-2.185631134161937e-06,0.39999969487132975,"{'table_obstacle': {'pos': [0.3825981920028062, 0.37518922255766707, 0.1646257963690813], 'size': [0.049837904948193595, 0.0813235869879147, 0.05243307039854257]}, 'pillar_obstacle': {'pos': [0.39994824830915515, -0.3824307480766307, 0.23470116647765446], 'size': [0.033663755439403885, 0.20172185302840845, 0.0]}, 'small_block': {'pos': [0.6140097595303955, -0.3535133918987863, 0.1097032402875184], 'size': [0.04461973939918376, 0.0849493067344041, 0.09534921802665242]}}"
1.0179999999999987,0.34799985339883843,0.0,0.4,0.3454311035612775,-2.1503918408800975e-06,0.39999969235843696,"{'table_obstacle': {'pos': [0.3825981920028062, 0.37518922255766707, 0.1646257963690813], 'size': [0.049837904948193595, 0.0813235869879147, 0.05243307039854257]}, 'pillar_obstacle': {'pos': [0.39994824830915515, -0.3824307480766307, 0.23470116647765446], 'size': [0.033663755439403885, 0.20172185302840845, 0.0]}, 'small_block': {'pos': [0.6140097595303955, -0.3535133918987863, 0.1097032402875184], 'size': [0.04461973939918376, 0.0849493067344041, 0.09534921802665242]}}"
1.0189999999999986,0.34799985339883843,0.0,0.4,0.3454678347060608,-2.1156639134428625e-06,0.3999996903674751,"{'table_obstacle': {'pos': [0.3825981920028062, 0.37518922255766707, 0.1646257963690813], 'size': [0.049837904948193595, 0.0813235869879147, 0.05243307039854257]}, 'pillar_obstacle': {'pos': [0.39994824830915515, -0.3824307480766307, 0.23470116647765446], 'size': [0.033663755439403885, 0.20172185302840845, 0.0]}, 'small_block': {'pos': [0.6140097595303955, -0.3535133918987863, 0.1097032402875184], 'size': [0.04461973939918376, 0.0849493067344041, 0.09534921802665242]}}"
1.0199999999999985,0.34799985339883843,0.0,0.4,0.34550404068591223,-2.0814402050744416e-06,0.39999968887354675,"{'table_obstacle': {'pos': [0.3825981920028062, 0.37518922255766707, 0.1646257963690813], 'size': [0.049837904948193595, 0.0813235869879147, 0.05243307039854257]}, 'pillar_obstacle': {'pos': [0.39994824830915515, -0.3824307480766307, 0.23470116647765446], 'size': [0.033663755439403885, 0.20172185302840845, 0.0]}, 'small_block': {'pos': [0.6140097595303955, -0.3535133918987863, 0.1097032402875184], 'size': [0.04461973939918376, 0.0849493067344041, 0.09534921802665242]}}"
1.0209999999999984,0.34799985339883843,0.0,0.4,0.34553972900504076,-2.0477136752381163e-06,0.39999968785266216,"{'table_obstacle': {'pos': [0.3825981920028062, 0.37518922255766707, 0.1646257963690813], 'size': [0.049837904948193595, 0.0813235869879147, 0.05243307039854257]}, 'pillar_obstacle': {'pos': [0.39994824830915515, -0.3824307480766307, 0.23470116647765446], 'size': [0.033663755439403885, 0.20172185302840845, 0.0]}, 'small_block': {'pos': [0.6140097595303955, -0.3535133918987863, 0.1097032402875184], 'size': [0.04461973939918376, 0.0849493067344041, 0.09534921802665242]}}"
1.0219999999999982,0.34799985339883843,0.0,0.4,0.34557490706104604,-2.0144773855166765e-06,0.3999996872817071,"{'table_obstacle': {'pos': [0.3825981920028062, 0.37518922255766707, 0.1646257963690813], 'size': [0.049837904948193595, 0.0813235869879147, 0.05243307039854257]}, 'pillar_obstacle': {'pos': [0.39994824830915515, -0.3824307480766307, 0.23470116647765446], 'size': [0.033663755439403885, 0.20172185302840845, 0.0]}, 'small_block': {'pos': [0.6140097595303955, -0.3535133918987863, 0.1097032402875184], 'size': [0.04461973939918376, 0.0849493067344041, 0.09534921802665242]}}"
1.0229999999999981,0.34799985339883843,0.0,0.4,0.3456095821463204,-1.9817244981642377e-06,0.39999968713841605,"{'table_obstacle': {'pos': [0.3825981920028062, 0.37518922255766707, 0.1646257963690813], 'size': [0.049837904948193595, 0.0813235869879147, 0.05243307039854257]}, 'pillar_obstacle': {'pos': [0.39994824830915515, -0.3824307480766307, 0.23470116647765446], 'size': [0.033663755439403885, 0.20172185302840845, 0.0]}, 'small_block': {'pos': [0.6140097595303955, -0.3535133918987863, 0.1097032402875184], 'size': [0.04461973939918376, 0.0849493067344041, 0.09534921802665242]}}"
1.023999999999998,0.34799985339883843,0.0,0.4,0.3456437614494532,-1.949448273053443e-06,0.3999996874013421,"{'table_obstacle': {'pos': [0.3825981920028062, 0.37518922255766707, 0.1646257963690813], 'size': [0.049837904948193595, 0.0813235869879147, 0.05243307039854257]}, 'pillar_obstacle': {'pos': [0.39994824830915515, -0.3824307480766307, 0.23470116647765446], 'size': [0.033663755439403885, 0.20172185302840845, 0.0]}, 'small_block': {'pos': [0.6140097595303955, -0.3535133918987863, 0.1097032402875184], 'size': [0.04461973939918376, 0.0849493067344041, 0.09534921802665242]}}"
1.024999999999998,0.34799985339883843,0.0,0.4,0.34567745205663325,-1.91764206602603e-06,0.3999996880498322,"{'table_obstacle': {'pos': [0.3825981920028062, 0.37518922255766707, 0.1646257963690813], 'size': [0.049837904948193595, 0.0813235869879147, 0.05243307039854257]}, 'pillar_obstacle': {'pos': [0.39994824830915515, -0.3824307480766307, 0.23470116647765446], 'size': [0.033663755439403885, 0.20172185302840845, 0.0]}, 'small_block': {'pos': [0.6140097595303955, -0.3535133918987863, 0.1097032402875184], 'size': [0.04461973939918376, 0.0849493067344041, 0.09534921802665242]}}"
1.0259999999999978,0.34799985339883843,0.0,0.4,0.3457106609530499,-1.8862993267130022e-06,0.3999996890639987,"{'table_obstacle': {'pos': [0.3825981920028062, 0.37518922255766707, 0.1646257963690813], 'size': [0.049837904948193595, 0.0813235869879147, 0.05243307039854257]}, 'pillar_obstacle': {'pos': [0.39994824830915515, -0.3824307480766307, 0.23470116647765446], 'size': [0.033663755439403885, 0.20172185302840845, 0.0]}, 'small_block': {'pos': [0.6140097595303955, -0.3535133918987863, 0.1097032402875184], 'size': [0.04461973939918376, 0.0849493067344041, 0.09534921802665242]}}"
1.0269999999999977,0.34799985339883843,0.0,0.4,0.34574339502428125,-1.8554135964746726e-06,0.3999996904246949,"{'table_obstacle': {'pos': [0.3825981920028062, 0.37518922255766707, 0.1646257963690813], 'size': [0.049837904948193595, 0.0813235869879147, 0.05243307039854257]}, 'pillar_obstacle': {'pos': [0.39994824830915515, -0.3824307480766307, 0.23470116647765446], 'size': [0.033663755439403885, 0.20172185302840845, 0.0]}, 'small_block': {'pos': [0.6140097595303955, -0.3535133918987863, 0.1097032402875184], 'size': [0.04461973939918376, 0.0849493067344041, 0.09534921802665242]}}"
1.0279999999999976,0.34799985339883843,0.0,0.4,0.34577566105767676,-1.8249785072349972e-06,0.39999969211349073,"{'table_obstacle': {'pos': [0.3825981920028062, 0.37518922255766707, 0.1646257963690813], 'size': [0.049837904948193595, 0.0813235869879147, 0.05243307039854257]}, 'pillar_obstacle': {'pos': [0.39994824830915515, -0.3824307480766307, 0.23470116647765446], 'size': [0.033663755439403885, 0.20172185302840845, 0.0]}, 'small_block': {'pos': [0.6140097595303955, -0.3535133918987863, 0.1097032402875184], 'size': [0.04461973939918376, 0.0849493067344041, 0.09534921802665242]}}"
1.0289999999999975,0.34799985339883843,0.0,0.4,0.3458074657437253,-1.7949877796789903e-06,0.399999694112649,"{'table_obstacle': {'pos': [0.3825981920028062, 0.37518922255766707, 0.1646257963690813], 'size': [0.049837904948193595, 0.0813235869879147, 0.05243307039854257]}, 'pillar_obstacle': {'pos': [0.39994824830915515, -0.3824307480766307, 0.23470116647765446], 'size': [0.033663755439403885, 0.20172185302840845, 0.0]}, 'small_block': {'pos': [0.6140097595303955, -0.3535133918987863, 0.1097032402875184], 'size': [0.04461973939918376, 0.0849493067344041, 0.09534921802665242]}}"
1.0299999999999974,0.34799985339883843,0.0,0.4,0.34583881567741237,-1.7654352215525323e-06,0.39999969640510136,"{'table_obstacle': {'pos': [0.3825981920028062, 0.37518922255766707, 0.1646257963690813], 'size': [0.049837904948193595, 0.0813235869879147, 0.05243307039854257]}, 'pillar_obstacle': {'pos': [0.39994824830915515, -0.3824307480766307, 0.23470116647765446], 'size': [0.033663755439403885, 0.20172185302840845, 0.0]}, 'small_block': {'pos': [0.6140097595303955, -0.3535133918987863, 0.1097032402875184], 'size': [0.04461973939918376, 0.0849493067344041, 0.09534921802665242]}}"
1.0309999999999973,0.34799985339883843,0.0,0.4,0.34586971735956135,-1.7363147263775203e-06,0.3999996989744271,"{'table_obstacle': {'pos': [0.3825981920028062, 0.37518922255766707, 0.1646257963690813], 'size': [0.049837904948193595, 0.0813235869879147, 0.05243307039854257]}, 'pillar_obstacle': {'pos': [0.39994824830915515, -0.3824307480766307, 0.23470116647765446], 'size': [0.033663755439403885, 0.20172185302840845, 0.0]}, 'small_block': {'pos': [0.6140097595303955, -0.3535133918987863, 0.1097032402875184], 'size': [0.04461973939918376, 0.0849493067344041, 0.09534921802665242]}}"
1.0319999999999971,0.34799985339883843,0.0,0.4,0.3459001771981608,-1.707620272010573e-06,0.3999997018048315,"{'table_obstacle': {'pos': [0.3825981920028062, 0.37518922255766707, 0.1646257963690813], 'size': [0.049837904948193595, 0.0813235869879147, 0.05243307039854257]}, 'pillar_obstacle': {'pos': [0.39994824830915515, -0.3824307480766307, 0.23470116647765446], 'size': [0.033663755439403885, 0.20172185302840845, 0.0]}, 'small_block': {'pos': [0.6140097595303955, -0.3535133918987863, 0.1097032402875184], 'size': [0.04461973939918376, 0.0849493067344041, 0.09534921802665242]}}"
1.032999999999997,0.34799985339883843,0.0,0.4,0.3459302015096762,-1.6793459196578803e-06,0.39999970488112424,"{'table_obstacle': {'pos': [0.3825981920028062, 0.37518922255766707, 0.1646257963690813], 'size': [0.049837904948193595, 0.0813235869879147, 0.05243307039854257]}, 'pillar_obstacle': {'pos': [0.39994824830915515, -0.3824307480766307, 0.23470116647765446], 'size': [0.033663755439403885, 0.20172185302840845, 0.0]}, 'small_block': {'pos': [0.6140097595303955, -0.3535133918987863, 0.1097032402875184], 'size': [0.04461973939918376, 0.0849493067344041, 0.09534921802665242]}}"
1.033999999999997,0.34799985339883843,0.0,0.4,0.3459597965203455,-1.6514858119010178e-06,0.3999997081887001,"{'table_obstacle': {'pos': [0.3825981920028062, 0.37518922255766707, 0.1646257963690813], 'size': [0.049837904948193595, 0.0813235869879147, 0.05243307039854257]}, 'pillar_obstacle': {'pos': [0.39994824830915515, -0.3824307480766307, 0.23470116647765446], 'size': [0.033663755439403885, 0.20172185302840845, 0.0]}, 'small_block': {'pos': [0.6140097595303955, -0.3535133918987863, 0.1097032402875184], 'size': [0.04461973939918376, 0.0849493067344041, 0.09534921802665242]}}"
1.0349999999999968,0.34799985339883843,0.0,0.4,0.3459889683674583,-1.6240341721748017e-06,0.3999997117135186,"{'table_obstacle': {'pos': [0.3825981920028062, 0.37518922255766707, 0.1646257963690813], 'size': [0.049837904948193595, 0.0813235869879147, 0.05243307039854257]}, 'pillar_obstacle': {'pos': [0.39994824830915515, -0.3824307480766307, 0.23470116647765446], 'size': [0.033663755439403885, 0.20172185302840845, 0.0]}, 'small_block': {'pos': [0.6140097595303955, -0.3535133918987863, 0.1097032402875184], 'size': [0.04461973939918376, 0.0849493067344041, 0.09534921802665242]}}"
1.0359999999999967,0.3519998401538556,0.0,0.4,0.3460177231006198,-1.596985303576241e-06,0.3999997154420854,"{'table_obstacle': {'pos': [0.3825981920028062, 0.37518922255766707, 0.1646257963690813], 'size': [0.049837904948193595, 0.0813235869879147, 0.05243307039854257]}, 'pillar_obstacle': {'pos': [0.39994824830915515, -0.3824307480766307, 0.23470116647765446], 'size': [0.033663755439403885, 0.20172185302840845, 0.0]}, 'small_block': {'pos': [0.6140097595303955, -0.3535133918987863, 0.1097032402875184], 'size': [0.04461973939918376, 0.0849493067344041, 0.09534921802665242]}}"
1.0369999999999966,0.3519998401538556,0.0,0.4,0.34605698844513655,-1.5587945873304368e-06,0.39999969631735705,"{'table_obstacle': {'pos': [0.3825981920028062, 0.37518922255766707, 0.1646257963690813], 'size': [0.049837904948193595, 0.0813235869879147, 0.05243307039854257]}, 'pillar_obstacle': {'pos': [0.39994824830915515, -0.3824307480766307, 0.23470116647765446], 'size': [0.033663755439403885, 0.20172185302840845, 0.0]}, 'small_block': {'pos': [0.6140097595303955, -0.3535133918987863, 0.1097032402875184], 'size': [0.04461973939918376, 0.0849493067344041, 0.09534921802665242]}}"
1.0379999999999965,0.3519998401538556,0.0,0.4,0.34610452830952043,-1.514301086543666e-06,0.39999966148036503,"{'table_obstacle': {'pos': [0.3825981920028062, 0.37518922255766707, 0.1646257963690813], 'size': [0.049837904948193595, 0.0813235869879147, 0.05243307039854257]}, 'pillar_obstacle': {'pos': [0.39994824830915515, -0.3824307480766307, 0.23470116647765446], 'size': [0.033663755439403885, 0.20172185302840845, 0.0]}, 'small_block': {'pos': [0.6140097595303955, -0.3535133918987863, 0.1097032402875184], 'size': [0.04461973939918376, 0.0849493067344041, 0.09534921802665242]}}"
1.0389999999999964,0.3519998401538556,0.0,0.4,0.346158536891386,-1.46688272557586e-06,0.3999996159552936,"{'table_obstacle': {'pos': [0.3825981920028062, 0.37518922255766707, 0.1646257963690813], 'size': [0.049837904948193595, 0.0813235869879147, 0.05243307039854257]}, 'pillar_obstacle': {'pos': [0.39994824830915515, -0.3824307480766307, 0.23470116647765446], 'size': [0.033663755439403885, 0.20172185302840845, 0.0]}, 'small_block': {'pos': [0.6140097595303955, -0.3535133918987863, 0.1097032402875184], 'size': [0.04461973939918376, 0.0849493067344041, 0.09534921802665242]}}"
1.0399999999999963,0.3519998401538556,0.0,0.4,0.3462175564760873,-1.41884302684388e-06,0.39999956332758135,"{'table_obstacle': {'pos': [0.3825981920028062, 0.37518922255766707, 0.1646257963690813], 'size': [0.049837904948193595, 0.0813235869879147, 0.05243307039854257]}, 'pillar_obstacle': {'pos': [0.39994824830915515, -0.3824307480766307, 0.23470116647765446], 'size': [0.033663755439403885, 0.20172185302840845, 0.0]}, 'small_block': {'pos': [0.6140097595303955, -0.3535133918987863, 0.1097032402875184], 'size': [0.04461973939918376, 0.0849493067344041, 0.09534921802665242]}}"
1.0409999999999962,0.3519998401538556,0.0,0.4,0.3462804109240254,-1.371702299372014e-06,0.39999950619101904,"{'table_obstacle': {'pos': [0.3825981920028062, 0.37518922255766707, 0.1646257963690813], 'size': [0.049837904948193595, 0.0813235869879147, 0.05243307039854257]}, 'pillar_obstacle': {'pos': [0.39994824830915515, -0.3824307480766307, 0.23470116647765446], 'size': [0.033663755439403885, 0.20172185302840845, 0.0]}, 'small_block': {'pos': [0.6140097595303955, -0.3535133918987863, 0.1097032402875184], 'size': [0.04461973939918376, 0.0849493067344041, 0.09534921802665242]}}"
1.041999999999996,0.3519998401538556,0.0,0.4,0.3463461518549334,-1.3264159271354738e-06,0.39999944644496294,"{'table_obstacle': {'pos': [0.3825981920028062, 0.37518922255766707, 0.1646257963690813], 'size': [0.049837904948193595, 0.0813235869879147, 0.05243307039854257]}, 'pillar_obstacle': {'pos': [0.39994824830915515, -0.3824307480766307, 0.23470116647765446], 'size': [0.033663755439403885, 0.20172185302840845, 0.0]}, 'small_block': {'pos': [0.6140097595303955, -0.3535133918987863, 0.1097032402875184], 'size': [0.04461973939918376, 0.0849493067344041, 0.09534921802665242]}}"
1.042999999999996,0.3519998401538556,0.0,0.4,0.34641401510704173,-1.2835371773534854e-06,0.3999993854940252,"{'table_obstacle': {'pos': [0.3825981920028062, 0.37518922255766707, 0.1646257963690813], 'size': [0.049837904948193595, 0.0813235869879147, 0.05243307039854257]}, 'pillar_obstacle': {'pos': [0.39994824830915515, -0.3824307480766307, 0.23470116647765446], 'size': [0.033663755439403885, 0.20172185302840845, 0.0]}, 'small_block': {'pos': [0.6140097595303955, -0.3535133918987863, 0.1097032402875184], 'size': [0.04461973939918376, 0.0849493067344041, 0.09534921802665242]}}"
1.0439999999999958,0.3519998401538556,0.0,0.4,0.34648338551048685,-1.243337905751514e-06,0.3999993243840234,"{'table_obstacle': {'pos': [0.3825981920028062, 0.37518922255766707, 0.1646257963690813], 'size': [0.049837904948193595, 0.0813235869879147, 0.05243307039854257]}, 'pillar_obstacle': {'pos': [0.39994824830915515, -0.3824307480766307, 0.23470116647765446], 'size': [0.033663755439403885, 0.20172185302840845, 0.0]}, 'small_block': {'pos': [0.6140097595303955, -0.3535133918987863, 0.1097032402875184], 'size': [0.04461973939918376, 0.0849493067344041, 0.09534921802665242]}}"
1.0449999999999957,0.3519998401538556,0.0,0.4,0.34655376838808305,-1.2058974124586718e-06,0.39999926389600204,"{'table_obstacle': {'pos': [0.3825981920028062, 0.37518922255766707, 0.1646257963690813], 'size': [0.049837904948193595, 0.0813235869879147, 0.05243307039854257]}, 'pillar_obstacle': {'pos': [0.39994824830915515, -0.3824307480766307, 0.23470116647765446], 'size': [0.033663755439403885, 0.20172185302840845, 0.0]}, 'small_block': {'pos': [0.6140097595303955, -0.3535133918987863, 0.1097032402875184], 'size': [0.04461973939918376, 0.0849493067344041, 0.09534921802665242]}}"
1.0459999999999956,0.3519998401538556,0.0,0.4,0.3466247664992088,-1.17116730092827e-06,0.39999920461243543,"{'table_obstacle': {'pos': [0.3825981920028062, 0.37518922255766707, 0.1646257963690813], 'size': [0.049837904948193595, 0.0813235869879147, 0.05243307039854257]}, 'pillar_obstacle': {'pos': [0.39994824830915515, -0.3824307480766307, 0.23470116647765446], 'size': [0.033663755439403885, 0.20172185302840845, 0.0]}, 'small_block': {'pos': [0.6140097595303955, -0.3535133918987863, 0.1097032402875184], 'size': [0.04461973939918376, 0.0849493067344041, 0.09534921802665242]}}"
1.0469999999999955,0.3519998401538556,0.0,0.4,0.3466960613875762,-1.1390183282102611e-06,0.39999914696475486,"{'table_obstacle': {'pos': [0.3825981920028062, 0.37518922255766707, 0.1646257963690813], 'size': [0.049837904948193595, 0.0813235869879147, 0.05243307039854257]}, 'pillar_obstacle': {'pos': [0.39994824830915515, -0.3824307480766307, 0.23470116647765446], 'size': [0.033663755439403885, 0.20172185302840845, 0.0]}, 'small_block': {'pos': [0.6140097595303955, -0.3535133918987863, 0.1097032402875184], 'size': [0.04461973939918376, 0.0849493067344041, 0.09534921802665242]}}"
1.0479999999999954,0.3519998401538556,0.0,0.4,0.34676739829196185,-1.109273816498822e-06,0.3999990912681559,"{'table_obstacle': {'pos': [0.3825981920028062, 0.37518922255766707, 0.1646257963690813], 'size': [0.049837904948193595, 0.0813235869879147, 0.05243307039854257]}, 'pillar_obstacle': {'pos': [0.39994824830915515, -0.3824307480766307, 0.23470116647765446], 'size': [0.033663755439403885, 0.20172185302840845, 0.0]}, 'small_block': {'pos': [0.6140097595303955, -0.3535133918987863, 0.1097032402875184], 'size': [0.04461973939918376, 0.0849493067344041, 0.09534921802665242]}}"
1.0489999999999953,0.3519998401538556,0.0,0.4,0.34683857393949763,-1.081733088139925e-06,0.39999903774759155,"{'table_obstacle': {'pos': [0.3825981920028062, 0.37518922255766707, 0.1646257963690813], 'size': [0.049837904948193595, 0.0813235869879147, 0.05243307039854257]}, 'pillar_obstacle': {'pos': [0.39994824830915515, -0.3824307480766307, 0.23470116647765446], 'size': [0.033663755439403885, 0.20172185302840845, 0.0]}, 'small_block': {'pos': [0.6140097595303955, -0.3535133918987863, 0.1097032402875184], 'size': [0.04461973939918376, 0.0849493067344041, 0.09534921802665242]}}"
1.0499999999999952,0.3519998401538556,0.0,0.4,0.3469094266710086,-1.0561875505306626e-06,0.39999898655753074,"{'table_obstacle': {'pos': [0.3825981920028062, 0.37518922255766707, 0.1646257963690813], 'size': [0.049837904948193595, 0.0813235869879147, 0.05243307039854257]}, 'pillar_obstacle': {'pos': [0.39994824830915515, -0.3824307480766307, 0.23470116647765446], 'size': [0.033663755439403885, 0.20172185302840845, 0.0]}, 'small_block': {'pos': [0.6140097595303955, -0.3535133918987863, 0.1097032402875184], 'size': [0.04461973939918376, 0.0849493067344041, 0.09534921802665242]}}"
1.050999999999995,0.3519998401538556,0.0,0.4,0.34697982845299846,-1.0324314103432271e-06,0.3999989377972148,"{'table_obstacle': {'pos': [0.3825981920028062, 0.37518922255766707, 0.1646257963690813], 'size': [0.049837904948193595, 0.0813235869879147, 0.05243307039854257]}, 'pillar_obstacle': {'pos': [0.39994824830915515, -0.3824307480766307, 0.23470116647765446], 'size': [0.033663755439403885, 0.20172185302840845, 0.0]}, 'small_block': {'pos': [0.6140097595303955, -0.3535133918987863, 0.1097032402875184], 'size': [0.04461973939918376, 0.0849493067344041, 0.09534921802665242]}}"
1.051999999999995,0.3519998401538556,0.0,0.4,0.3470496784159358,-1.0102684999780483e-06,0.3999988915225917,"{'table_obstacle': {'pos': [0.3825981920028062, 0.37518922255766707, 0.1646257963690813], 'size': [0.049837904948193595, 0.0813235869879147, 0.05243307039854257]}, 'pillar_obstacle': {'pos': [0.39994824830915515, -0.3824307480766307, 0.23470116647765446], 'size': [0.033663755439403885, 0.20172185302840845, 0.0]}, 'small_block': {'pos': [0.6140097595303955, -0.3535133918987863, 0.1097032402875184], 'size': [0.04461973939918376, 0.0849493067344041, 0.09534921802665242]}}"
1.0529999999999948,0.3519998401538556,0.0,0.4,0.34711889762731163,-9.895163296946588e-07,0.39999884775574324,"{'table_obstacle': {'pos': [0.3825981920028062, 0.37518922255766707, 0.1646257963690813], 'size': [0.049837904948193595, 0.0813235869879147, 0.05243307039854257]}, 'pillar_obstacle': {'pos': [0.39994824830915515, -0.3824307480766307, 0.23470116647765446], 'size': [0.033663755439403885, 0.20172185302840845, 0.0]}, 'small_block': {'pos': [0.6140097595303955, -0.3535133918987863, 0.1097032402875184], 'size': [0.04461973939918376, 0.0849493067344041, 0.09534921802665242]}}"
1.0539999999999947,0.3519998401538556,0.0,0.4,0.34718742486361076,-9.70008187418516e-07,0.3999988064923833,"{'table_obstacle': {'pos': [0.3825981920028062, 0.37518922255766707, 0.1646257963690813], 'size': [0.049837904948193595, 0.0813235869879147, 0.05243307039854257]}, 'pillar_obstacle': {'pos': [0.39994824830915515, -0.3824307480766307, 0.23470116647765446], 'size': [0.033663755439403885, 0.20172185302840845, 0.0]}, 'small_block': {'pos': [0.6140097595303955, -0.3535133918987863, 0.1097032402875184], 'size': [0.04461973939918376, 0.0849493067344041, 0.09534921802665242]}}"
1.0549999999999946,0.3519998401538556,0.0,0.4,0.3472552131903951,-9.515938951460106e-07,0.39999876770785486,"{'table_obstacle': {'pos': [0.3825981920028062, 0.37518922255766707, 0.1646257963690813], 'size': [0.049837904948193595, 0.0813235869879147, 0.05243307039854257]}, 'pillar_obstacle': {'pos': [0.39994824830915515, -0.3824307480766307, 0.23470116647765446], 'size': [0.033663755439403885, 0.20172185302840845, 0.0]}, 'small_block': {'pos': [0.6140097595303955, -0.3535133918987863, 0.1097032402875184], 'size': [0.04461973939918376, 0.0849493067344041, 0.09534921802665242]}}"
1.0559999999999945,0.3519998401538556,0.0,0.4,0.3473222271961313,-9.341396679700373e-07,0.39999873136193254,"{'table_obstacle': {'pos': [0.3825981920028062, 0.37518922255766707, 0.1646257963690813], 'size': [0.049837904948193595, 0.0813235869879147, 0.05243307039854257]}, 'pillar_obstacle': {'pos': [0.39994824830915515, -0.3824307480766307, 0.23470116647765446], 'size': [0.033663755439403885, 0.20172185302840845, 0.0]}, 'small_block': {'pos': [0.6140097595303955, -0.3535133918987863, 0.1097032402875184], 'size': [0.04461973939918376, 0.0849493067344041, 0.09534921802665242]}}"
1.0569999999999944,0.3519998401538556,0.0,0.4,0.34738844075488945,-9.175273953358876e-07,0.39999869740267346,"{'table_obstacle': {'pos': [0.3825981920028062, 0.37518922255766707, 0.1646257963690813], 'size': [0.049837904948193595, 0.0813235869879147, 0.05243307039854257]}, 'pillar_obstacle': {'pos': [0.39994824830915515, -0.3824307480766307, 0.23470116647765446], 'size': [0.033663755439403885, 0.20172185302840845, 0.0]}, 'small_block': {'pos': [0.6140097595303955, -0.3535133918987863, 0.1097032402875184], 'size': [0.04461973939918376, 0.0849493067344041, 0.09534921802665242]}}"
1.0579999999999943,0.3519998401538556,0.0,0.4,0.34745383521688217,-9.016535786430197e-07,0.3999986657695019,"{'table_obstacle': {'pos': [0.3825981920028062, 0.37518922255766707, 0.1646257963690813], 'size': [0.049837904948193595, 0.0813235869879147, 0.05243307039854257]}, 'pillar_obstacle': {'pos': [0.39994824830915515, -0.3824307480766307, 0.23470116647765446], 'size': [0.033663755439403885, 0.20172185302840845, 0.0]}, 'small_block': {'pos': [0.6140097595303955, -0.3535133918987863, 0.1097032402875184], 'size': [0.04461973939918376, 0.0849493067344041, 0.09534921802665242]}}"
1.0589999999999942,0.3519998401538556,0.0,0.4,0.347518397945121,-8.864280844248397e-07,0.39999863639567085,"{'table_obstacle': {'pos': [0.3825981920028062, 0.37518922255766707, 0.1646257963690813], 'size': [0.049837904948193595, 0.0813235869879147, 0.05243307039854257]}, 'pillar_obstacle': {'pos': [0.39994824830915515, -0.3824307480766307, 0.23470116647765446], 'size': [0.033663755439403885, 0.20172185302840845, 0.0]}, 'small_block': {'pos': [0.6140097595303955, -0.3535133918987863, 0.1097032402875184], 'size': [0.04461973939918376, 0.0849493067344041, 0.09534921802665242]}}"
1.059999999999994,0.3519998401538556,0.0,0.4,0.34758212113206877,-8.71772827485661e-07,0.3999986092102223,"{'table_obstacle': {'pos': [0.3825981920028062, 0.37518922255766707, 0.1646257963690813], 'size': [0.049837904948193595, 0.0813235869879147, 0.05243307039854257]}, 'pillar_obstacle': {'pos': [0.39994824830915515, -0.3824307480766307, 0.23470116647765446], 'size': [0.033663755439403885, 0.20172185302840845, 0.0]}, 'small_block': {'pos': [0.6140097595303955, -0.3535133918987863, 0.1097032402875184], 'size': [0.04461973939918376, 0.0849493067344041, 0.09534921802665242]}}"
1.060999999999994,0.3519998401538556,0.0,0.4,0.34764500084280037,-8.576204578758226e-07,0.3999985841395377,"{'table_obstacle': {'pos': [0.3825981920028062, 0.37518922255766707, 0.1646257963690813], 'size': [0.049837904948193595, 0.0813235869879147, 0.05243307039854257]}, 'pillar_obstacle': {'pos': [0.39994824830915515, -0.3824307480766307, 0.23470116647765446], 'size': [0.033663755439403885, 0.20172185302840845, 0.0]}, 'small_block': {'pos': [0.6140097595303955, -0.3535133918987863, 0.1097032402875184], 'size': [0.04461973939918376, 0.0849493067344041, 0.09534921802665242]}}"
1.0619999999999938,0.3519998401538556,0.0,0.4,0.3477070362414054,-8.439131023624396e-07,0.39999856110855875,"{'table_obstacle': {'pos': [0.3825981920028062, 0.37518922255766707, 0.1646257963690813], 'size': [0.049837904948193595, 0.0813235869879147, 0.05243307039854257]}, 'pillar_obstacle': {'pos': [0.39994824830915515, -0.3824307480766307, 0.23470116647765446], 'size': [0.033663755439403885, 0.20172185302840845, 0.0]}, 'small_block': {'pos': [0.6140097595303955, -0.3535133918987863, 0.1097032402875184], 'size': [0.04461973939918376, 0.0849493067344041, 0.09534921802665242]}}"
1.0629999999999937,0.3519998401538556,0.0,0.4,0.3477682289656209,-8.306011861682224e-07,0.39999854004173807,"{'table_obstacle': {'pos': [0.3825981920028062, 0.37518922255766707, 0.1646257963690813], 'size': [0.049837904948193595, 0.0813235869879147, 0.05243307039854257]}, 'pillar_obstacle': {'pos': [0.39994824830915515, -0.3824307480766307, 0.23470116647765446], 'size': [0.033663755439403885, 0.20172185302840845, 0.0]}, 'small_block': {'pos': [0.6140097595303955, -0.3535133918987863, 0.1097032402875184], 'size': [0.04461973939918376, 0.0849493067344041, 0.09534921802665242]}}"
1.0639999999999936,0.3519998401538556,0.0,0.4,0.347828582621379,-8.176423546383966e-07,0.3999985208637748,"{'table_obstacle': {'pos': [0.3825981920028062, 0.37518922255766707, 0.1646257963690813], 'size': [0.049837904948193595, 0.0813235869879147, 0.05243307039854257]}, 'pillar_obstacle': {'pos': [0.39994824830915515, -0.3824307480766307, 0.23470116647765446], 'size': [0.033663755439403885, 0.20172185302840845, 0.0]}, 'small_block': {'pos': [0.6140097595303955, -0.3535133918987863, 0.1097032402875184], 'size': [0.04461973939918376, 0.0849493067344041, 0.09534921802665242]}}"
1.0649999999999935,0.3519998401538556,0.0,0.4,0.34788810237435863,-8.05000500100676e-07,0.39999850350017513,"{'table_obstacle': {'pos': [0.3825981920028062, 0.37518922255766707, 0.1646257963690813], 'size': [0.049837904948193595, 0.0813235869879147, 0.05243307039854257]}, 'pillar_obstacle': {'pos': [0.39994824830915515, -0.3824307480766307, 0.23470116647765446], 'size': [0.033663755439403885, 0.20172185302840845, 0.0]}, 'small_block': {'pos': [0.6140097595303955, -0.3535133918987863, 0.1097032402875184], 'size': [0.04461973939918376, 0.0849493067344041, 0.09534921802665242]}}"
1.0659999999999934,0.3519998401538556,0.0,0.4,0.3479467946200077,-7.926448919999541e-07,0.3999984878776741,"{'table_obstacle': {'pos': [0.3825981920028062, 0.37518922255766707, 0.1646257963690813], 'size': [0.049837904948193595, 0.0813235869879147, 0.05243307039854257]}, 'pillar_obstacle': {'pos': [0.39994824830915515, -0.3824307480766307, 0.23470116647765446], 'size': [0.033663755439403885, 0.20172185302840845, 0.0]}, 'small_block': {'pos': [0.6140097595303955, -0.3535133918987863, 0.1097032402875184], 'size': [0.04461973939918376, 0.0849493067344041, 0.09534921802665242]}}"
1.0669999999999933,0.3519998401538556,0.0,0.4,0.3480046667170416,-7.805494101077111e-07,0.39999847392454674,"{'table_obstacle': {'pos': [0.3825981920028062, 0.37518922255766707, 0.1646257963690813], 'size': [0.049837904948193595, 0.0813235869879147, 0.05243307039854257]}, 'pillar_obstacle': {'pos': [0.39994824830915515, -0.3824307480766307, 0.23470116647765446], 'size': [0.033663755439403885, 0.20172185302840845, 0.0]}, 'small_block': {'pos': [0.6140097595303955, -0.3535133918987863, 0.1097032402875184], 'size': [0.04461973939918376, 0.0849493067344041, 0.09534921802665242]}}"
1.0679999999999932,0.3519998401538556,0.0,0.4,0.3480617267722878,-7.686918713052419e-07,0.3999984615708276,"{'table_obstacle': {'pos': [0.3825981920028062, 0.37518922255766707, 0.1646257963690813], 'size': [0.049837904948193595, 0.0813235869879147, 0.05243307039854257]}, 'pillar_obstacle': {'pos': [0.39994824830915515, -0.3824307480766307, 0.23470116647765446], 'size': [0.033663755439403885, 0.20172185302840845, 0.0]}, 'small_block': {'pos': [0.6140097595303955, -0.3535133918987863, 0.1097032402875184], 'size': [0.04461973939918376, 0.0849493067344041, 0.09534921802665242]}}"
1.068999999999993,0.3519998401538556,0.0,0.4,0.34811798346706535,-7.570534448395463e-07,0.39999845074846563,"{'table_obstacle': {'pos': [0.3825981920028062, 0.37518922255766707, 0.1646257963690813], 'size': [0.049837904948193595, 0.0813235869879147, 0.05243307039854257]}, 'pillar_obstacle': {'pos': [0.39994824830915515, -0.3824307480766307, 0.23470116647765446], 'size': [0.033663755439403885, 0.20172185302840845, 0.0]}, 'small_block': {'pos': [0.6140097595303955, -0.3535133918987863, 0.1097032402875184], 'size': [0.04461973939918376, 0.0849493067344041, 0.09534921802665242]}}"
1.069999999999993,0.3519998401538556,0.0,0.4,0.34817344591715904,-7.456181442161269e-07,0.39999844139142077,"{'table_obstacle': {'pos': [0.3825981920028062, 0.37518922255766707, 0.1646257963690813], 'size': [0.049837904948193595, 0.0813235869879147, 0.05243307039854257]}, 'pillar_obstacle': {'pos': [0.39994824830915515, -0.3824307480766307, 0.23470116647765446], 'size': [0.033663755439403885, 0.20172185302840845, 0.0]}, 'small_block': {'pos': [0.6140097595303955, -0.3535133918987863, 0.1097032402875184], 'size': [0.04461973939918376, 0.0849493067344041, 0.09534921802665242]}}"
1.0709999999999928,0.3519998401538556,0.0,0.4,0.34822812355996663,-7.343723922532291e-07,0.3999984334357204,"{'table_obstacle': {'pos': [0.3825981920028062, 0.37518922255766707, 0.1646257963690813], 'size': [0.049837904948193595, 0.0813235869879147, 0.05243307039854257]}, 'pillar_obstacle': {'pos': [0.39994824830915515, -0.3824307480766307, 0.23470116647765446], 'size': [0.033663755439403885, 0.20172185302840845, 0.0]}, 'small_block': {'pos': [0.6140097595303955, -0.3535133918987863, 0.1097032402875184], 'size': [0.04461973939918376, 0.0849493067344041, 0.09534921802665242]}}"
1.0719999999999927,0.3519998401538556,0.0,0.4,0.3482820260636235,-7.233046452894565e-07,0.39999842681948233,"{'table_obstacle': {'pos': [0.3825981920028062, 0.37518922255766707, 0.1646257963690813], 'size': [0.049837904948193595, 0.0813235869879147, 0.05243307039854257]}, 'pillar_obstacle': {'pos': [0.39994824830915515, -0.3824307480766307, 0.23470116647765446], 'size': [0.033663755439403885, 0.20172185302840845, 0.0]}, 'small_block': {'pos': [0.6140097595303955, -0.3535133918987863, 0.1097032402875184], 'size': [0.04461973939918376, 0.0849493067344041, 0.09534921802665242]}}"
1.0729999999999926,0.3519998401538556,0.0,0.4,0.3483351632539016,-7.124050747958401e-07,0.39999842148291326,"{'table_obstacle': {'pos': [0.3825981920028062, 0.37518922255766707, 0.1646257963690813], 'size': [0.049837904948193595, 0.0813235869879147, 0.05243307039854257]}, 'pillar_obstacle': {'pos': [0.39994824830915515, -0.3824307480766307, 0.23470116647765446], 'size': [0.033663755439403885, 0.20172185302840845, 0.0]}, 'small_block': {'pos': [0.6140097595303955, -0.3535133918987863, 0.1097032402875184], 'size': [0.04461973939918376, 0.0849493067344041, 0.09534921802665242]}}"
1.0739999999999925,0.3519998401538556,0.0,0.4,0.34838754505548225,-7.016652940044239e-07,0.3999984173682898,"{'table_obstacle': {'pos': [0.3825981920028062, 0.37518922255766707, 0.1646257963690813], 'size': [0.049837904948193595, 0.0813235869879147, 0.05243307039854257]}, 'pillar_obstacle': {'pos': [0.39994824830915515, -0.3824307480766307, 0.23470116647765446], 'size': [0.033663755439403885, 0.20172185302840845, 0.0]}, 'small_block': {'pos': [0.6140097595303955, -0.3535133918987863, 0.1097032402875184], 'size': [0.04461973939918376, 0.0849493067344041, 0.09534921802665242]}}"
1.0749999999999924,0.3519998401538556,0.0,0.4,0.34843918144485214,-6.910781281356999e-07,0.39999841441992406,"{'table_obstacle': {'pos': [0.3825981920028062, 0.37518922255766707, 0.1646257963690813], 'size': [0.049837904948193595, 0.0813235869879147, 0.05243307039854257]}, 'pillar_obstacle': {'pos': [0.39994824830915515, -0.3824307480766307, 0.23470116647765446], 'size': [0.033663755439403885, 0.20172185302840845, 0.0]}, 'small_block': {'pos': [0.6140097595303955, -0.3535133918987863, 0.1097032402875184], 'size': [0.04461973939918376, 0.0849493067344041, 0.09534921802665242]}}"
1.0759999999999923,0.3519998401538556,0.0,0.4,0.34849008241259505,-6.806374179239694e-07,0.39999841258412117,"{'table_obstacle': {'pos': [0.3825981920028062, 0.37518922255766707, 0.1646257963690813], 'size': [0.049837904948193595, 0.0813235869879147, 0.05243307039854257]}, 'pillar_obstacle': {'pos': [0.39994824830915515, -0.3824307480766307, 0.23470116647765446], 'size': [0.033663755439403885, 0.20172185302840845, 0.0]}, 'small_block': {'pos': [0.6140097595303955, -0.3535133918987863, 0.1097032402875184], 'size': [0.04461973939918376, 0.0849493067344041, 0.09534921802665242]}}"
1.0769999999999922,0.3519998401538556,0.0,0.4,0.3485402579332845,-6.703378549504807e-07,0.39999841180912915,"{'table_obstacle': {'pos': [0.3825981920028062, 0.37518922255766707, 0.1646257963690813], 'size': [0.049837904948193595, 0.0813235869879147, 0.05243307039854257]}, 'pillar_obstacle': {'pos': [0.39994824830915515, -0.3824307480766307, 0.23470116647765446], 'size': [0.033663755439403885, 0.20172185302840845, 0.0]}, 'small_block': {'pos': [0.6140097595303955, -0.3535133918987863, 0.1097032402875184], 'size': [0.04461973939918376, 0.0849493067344041, 0.09534921802665242]}}"
1.077999999999992,0.3519998401538556,0.0,0.4,0.3485897179415137,-6.601748423991419e-07,0.3999984120450845,"{'table_obstacle': {'pos': [0.3825981920028062, 0.37518922255766707, 0.1646257963690813], 'size': [0.049837904948193595, 0.0813235869879147, 0.05243307039854257]}, 'pillar_obstacle': {'pos': [0.39994824830915515, -0.3824307480766307, 0.23470116647765446], 'size': [0.033663755439403885, 0.20172185302840845, 0.0]}, 'small_block': {'pos': [0.6140097595303955, -0.3535133918987863, 0.1097032402875184], 'size': [0.04461973939918376, 0.0849493067344041, 0.09534921802665242]}}"
1.078999999999992,0.3519998401538556,0.0,0.4,0.34863847231289014,-6.501443782238689e-07,0.3999984132439555,"{'table_obstacle': {'pos': [0.3825981920028062, 0.37518922255766707, 0.1646257963690813], 'size': [0.049837904948193595, 0.0813235869879147, 0.05243307039854257]}, 'pillar_obstacle': {'pos': [0.39994824830915515, -0.3824307480766307, 0.23470116647765446], 'size': [0.033663755439403885, 0.20172185302840845, 0.0]}, 'small_block': {'pos': [0.6140097595303955, -0.3535133918987863, 0.1097032402875184], 'size': [0.04461973939918376, 0.0849493067344041, 0.09534921802665242]}}"
1.0799999999999919,0.3519998401538556,0.0,0.4,0.3486865308490379,-6.402429573391413e-07,0.3999984153594829,"{'table_obstacle': {'pos': [0.3825981920028062, 0.37518922255766707, 0.1646257963690813], 'size': [0.049837904948193595, 0.0813235869879147, 0.05243307039854257]}, 'pillar_obstacle': {'pos': [0.39994824830915515, -0.3824307480766307, 0.23470116647765446], 'size': [0.033663755439403885, 0.20172185302840845, 0.0]}, 'small_block': {'pos': [0.6140097595303955, -0.3535133918987863, 0.1097032402875184], 'size': [0.04461973939918376, 0.0849493067344041, 0.09534921802665242]}}"
1.0809999999999917,0.3519998401538556,0.0,0.4,0.34873390326584014,-6.304674885409165e-07,0.39999841834712235,"{'table_obstacle': {'pos': [0.3825981920028062, 0.37518922255766707, 0.1646257963690813], 'size': [0.049837904948193595, 0.0813235869879147, 0.05243307039854257]}, 'pillar_obstacle': {'pos': [0.39994824830915515, -0.3824307480766307, 0.23470116647765446], 'size': [0.033663755439403885, 0.20172185302840845, 0.0]}, 'small_block': {'pos': [0.6140097595303955, -0.3535133918987863, 0.1097032402875184], 'size': [0.04461973939918376, 0.0849493067344041, 0.09534921802665242]}}"
1.0819999999999916,0.3519998401538556,0.0,0.4,0.34878059918429566,-6.20815226727279e-07,0.39999842216398535,"{'table_obstacle': {'pos': [0.3825981920028062, 0.37518922255766707, 0.1646257963690813], 'size': [0.049837904948193595, 0.0813235869879147, 0.05243307039854257]}, 'pillar_obstacle': {'pos': [0.39994824830915515, -0.3824307480766307, 0.23470116647765446], 'size': [0.033663755439403885, 0.20172185302840845, 0.0]}, 'small_block': {'pos': [0.6140097595303955, -0.3535133918987863, 0.1097032402875184], 'size': [0.04461973939918376, 0.0849493067344041, 0.09534921802665242]}}"
1.0829999999999915,0.3519998401538556,0.0,0.4,0.3488266281234851,-6.112837151704159e-07,0.39999842676878183,"{'table_obstacle': {'pos': [0.3825981920028062, 0.37518922255766707, 0.1646257963690813], 'size': [0.049837904948193595, 0.0813235869879147, 0.05243307039854257]}, 'pillar_obstacle': {'pos': [0.39994824830915515, -0.3824307480766307, 0.23470116647765446], 'size': [0.033663755439403885, 0.20172185302840845, 0.0]}, 'small_block': {'pos': [0.6140097595303955, -0.3535133918987863, 0.1097032402875184], 'size': [0.04461973939918376, 0.0849493067344041, 0.09534921802665242]}}"
1.0839999999999914,0.3519998401538556,0.0,0.4,0.34887199949523917,-6.018707372274651e-07,0.39999843212176467,"{'table_obstacle': {'pos': [0.3825981920028062, 0.37518922255766707, 0.1646257963690813], 'size': [0.049837904948193595, 0.0813235869879147, 0.05243307039854257]}, 'pillar_obstacle': {'pos': [0.39994824830915515, -0.3824307480766307, 0.23470116647765446], 'size': [0.033663755439403885, 0.20172185302840845, 0.0]}, 'small_block': {'pos': [0.6140097595303955, -0.3535133918987863, 0.1097032402875184], 'size': [0.04461973939918376, 0.0849493067344041, 0.09534921802665242]}}"
1.0849999999999913,0.3519998401538556,0.0,0.4,0.34891672260018003,-5.925742767998707e-07,0.3999984381846742,"{'table_obstacle': {'pos': [0.3825981920028062, 0.37518922255766707, 0.1646257963690813], 'size': [0.049837904948193595, 0.0813235869879147, 0.05243307039854257]}, 'pillar_obstacle': {'pos': [0.39994824830915515, -0.3824307480766307, 0.23470116647765446], 'size': [0.033663755439403885, 0.20172185302840845, 0.0]}, 'small_block': {'pos': [0.6140097595303955, -0.3535133918987863, 0.1097032402875184], 'size': [0.04461973939918376, 0.0849493067344041, 0.09534921802665242]}}"
1.0859999999999912,0.3519998401538556,0.0,0.4,0.3489608066248657,-5.833924849141002e-07,0.39999844492068565,"{'table_obstacle': {'pos': [0.3825981920028062, 0.37518922255766707, 0.1646257963690813], 'size': [0.049837904948193595, 0.0813235869879147, 0.05243307039854257]}, 'pillar_obstacle': {'pos': [0.39994824830915515, -0.3824307480766307, 0.23470116647765446], 'size': [0.033663755439403885, 0.20172185302840845, 0.0]}, 'small_block': {'pos': [0.6140097595303955, -0.3535133918987863, 0.1097032402875184], 'size': [0.04461973939918376, 0.0849493067344041, 0.09534921802665242]}}"
1.086999999999991,0.3519998401538556,0.0,0.4,0.34900426063982587,-5.743236528301484e-07,0.39999845229435904,"{'table_obstacle': {'pos': [0.3825981920028062, 0.37518922255766707, 0.1646257963690813], 'size': [0.049837904948193595, 0.0813235869879147, 0.05243307039854257]}, 'pillar_obstacle': {'pos': [0.39994824830915515, -0.3824307480766307, 0.23470116647765446], 'size': [0.033663755439403885, 0.20172185302840845, 0.0]}, 'small_block': {'pos': [0.6140097595303955, -0.3535133918987863, 0.1097032402875184], 'size': [0.04461973939918376, 0.0849493067344041, 0.09534921802665242]}}"
1.087999999999991,0.3519998401538556,0.0,0.4,0.34904709359830893,-5.653661879015105e-07,0.3999984602715876,"{'table_obstacle': {'pos': [0.3825981920028062, 0.37518922255766707, 0.1646257963690813], 'size': [0.049837904948193595, 0.0813235869879147, 0.05243307039854257]}, 'pillar_obstacle': {'pos': [0.39994824830915515, -0.3824307480766307, 0.23470116647765446], 'size': [0.033663755439403885, 0.20172185302840845, 0.0]}, 'small_block': {'pos': [0.6140097595303955, -0.3535133918987863, 0.1097032402875184], 'size': [0.04461973939918376, 0.0849493067344041, 0.09534921802665242]}}"
1.0889999999999909,0.3519998401538556,0.0,0.4,0.3490893143356049,-5.56518595906679e-07,0.3999984688195533,"{'table_obstacle': {'pos': [0.3825981920028062, 0.37518922255766707, 0.1646257963690813], 'size': [0.049837904948193595, 0.0813235869879147, 0.05243307039854257]}, 'pillar_obstacle': {'pos': [0.39994824830915515, -0.3824307480766307, 0.23470116647765446], 'size': [0.033663755439403885, 0.20172185302840845, 0.0]}, 'small_block': {'pos': [0.6140097595303955, -0.3535133918987863, 0.1097032402875184], 'size': [0.04461973939918376, 0.0849493067344041, 0.09534921802665242]}}"
1.0899999999999908,0.3519998401538556,0.0,0.4,0.349130931568826,-5.477794642371407e-07,0.399998477906679,"{'table_obstacle': {'pos': [0.3825981920028062, 0.37518922255766707, 0.1646257963690813], 'size': [0.049837904948193595, 0.0813235869879147, 0.05243307039854257]}, 'pillar_obstacle': {'pos': [0.39994824830915515, -0.3824307480766307, 0.23470116647765446], 'size': [0.033663755439403885, 0.20172185302840845, 0.0]}, 'small_block': {'pos': [0.6140097595303955, -0.3535133918987863, 0.1097032402875184], 'size': [0.04461973939918376, 0.0849493067344041, 0.09534921802665242]}}"
1.0909999999999906,0.3519998401538556,0.0,0.4,0.34917195389705374,-5.391474495430901e-07,0.39999848750258504,"{'table_obstacle': {'pos': [0.3825981920028062, 0.37518922255766707, 0.1646257963690813], 'size': [0.049837904948193595, 0.0813235869879147, 0.05243307039854257]}, 'pillar_obstacle': {'pos': [0.39994824830915515, -0.3824307480766307, 0.23470116647765446], 'size': [0.033663755439403885, 0.20172185302840845, 0.0]}, 'small_block': {'pos': [0.6140097595303955, -0.3535133918987863, 0.1097032402875184], 'size': [0.04461973939918376, 0.0849493067344041, 0.09534921802665242]}}"
1.0919999999999905,0.3519998401538556,0.0,0.4,0.349212389801778,-5.306212664063739e-07,0.3999984975780479,"{'table_obstacle': {'pos': [0.3825981920028062, 0.37518922255766707, 0.1646257963690813], 'size': [0.049837904948193595, 0.0813235869879147, 0.05243307039854257]}, 'pillar_obstacle': {'pos': [0.39994824830915515, -0.3824307480766307, 0.23470116647765446], 'size': [0.033663755439403885, 0.20172185302840845, 0.0]}, 'small_block': {'pos': [0.6140097595303955, -0.3535133918987863, 0.1097032402875184], 'size': [0.04461973939918376, 0.0849493067344041, 0.09534921802665242]}}"
1.0929999999999904,0.3519998401538556,0.0,0.4,0.34925224764756907,-5.221996788960582e-07,0.3999985081049586,"{'table_obstacle': {'pos': [0.3825981920028062, 0.37518922255766707, 0.1646257963690813], 'size': [0.049837904948193595, 0.0813235869879147, 0.05243307039854257]}, 'pillar_obstacle': {'pos': [0.39994824830915515, -0.3824307480766307, 0.23470116647765446], 'size': [0.033663755439403885, 0.20172185302840845, 0.0]}, 'small_block': {'pos': [0.6140097595303955, -0.3535133918987863, 0.1097032402875184], 'size': [0.04461973939918376, 0.0849493067344041, 0.09534921802665242]}}"
1.0939999999999903,0.3519998401538556,0.0,0.4,0.34929153568293025,-5.138814928199069e-07,0.3999985190562838,"{'table_obstacle': {'pos': [0.3825981920028062, 0.37518922255766707, 0.1646257963690813], 'size': [0.049837904948193595, 0.0813235869879147, 0.05243307039854257]}, 'pillar_obstacle': {'pos': [0.39994824830915515, -0.3824307480766307, 0.23470116647765446], 'size': [0.033663755439403885, 0.20172185302840845, 0.0]}, 'small_block': {'pos': [0.6140097595303955, -0.3535133918987863, 0.1097032402875184], 'size': [0.04461973939918376, 0.0849493067344041, 0.09534921802665242]}}"
1.0949999999999902,0.3519998401538556,0.0,0.4,0.3493302620412956,-5.056655500862278e-07,0.39999853040602973,"{'table_obstacle': {'pos': [0.3825981920028062, 0.37518922255766707, 0.1646257963690813], 'size': [0.049837904948193595, 0.0813235869879147, 0.05243307039854257]}, 'pillar_obstacle': {'pos': [0.39994824830915515, -0.3824307480766307, 0.23470116647765446], 'size': [0.033663755439403885, 0.20172185302840845, 0.0]}, 'small_block': {'pos': [0.6140097595303955, -0.3535133918987863, 0.1097032402875184], 'size': [0.04461973939918376, 0.0849493067344041, 0.09534921802665242]}}"
1.09599999999999,0.3519998401538556,0.0,0.4,0.3493684347421403,-4.975507230138597e-07,0.39999854212920355,"{'table_obstacle': {'pos': [0.3825981920028062, 0.37518922255766707, 0.1646257963690813], 'size': [0.049837904948193595, 0.0813235869879147, 0.05243307039854257]}, 'pillar_obstacle': {'pos': [0.39994824830915515, -0.3824307480766307, 0.23470116647765446], 'size': [0.033663755439403885, 0.20172185302840845, 0.0]}, 'small_block': {'pos': [0.6140097595303955, -0.3535133918987863, 0.1097032402875184], 'size': [0.04461973939918376, 0.0849493067344041, 0.09534921802665242]}}"
1.09699999999999,0.3519998401538556,0.0,0.4,0.349406061692174,-4.895359110909077e-07,0.3999985542017812,"{'table_obstacle': {'pos': [0.3825981920028062, 0.37518922255766707, 0.1646257963690813], 'size': [0.049837904948193595, 0.0813235869879147, 0.05243307039854257]}, 'pillar_obstacle': {'pos': [0.39994824830915515, -0.3824307480766307, 0.23470116647765446], 'size': [0.033663755439403885, 0.20172185302840845, 0.0]}, 'small_block': {'pos': [0.6140097595303955, -0.3535133918987863, 0.1097032402875184], 'size': [0.04461973939918376, 0.0849493067344041, 0.09534921802665242]}}"
1.0979999999999899,0.3519998401538556,0.0,0.4,0.34944315068660353,-4.816200365348361e-07,0.3999985666006716,"{'table_obstacle': {'pos': [0.3825981920028062, 0.37518922255766707, 0.1646257963690813], 'size': [0.049837904948193595, 0.0813235869879147, 0.05243307039854257]}, 'pillar_obstacle': {'pos': [0.39994824830915515, -0.3824307480766307, 0.23470116647765446], 'size': [0.033663755439403885, 0.20172185302840845, 0.0]}, 'small_block': {'pos': [0.6140097595303955, -0.3535133918987863, 0.1097032402875184], 'size': [0.04461973939918376, 0.0849493067344041, 0.09534921802665242]}}"
1.0989999999999898,0.3519998401538556,0.0,0.4,0.3494797094104412,-4.7380204231354567e-07,0.39999857930368704,"{'table_obstacle': {'pos': [0.3825981920028062, 0.37518922255766707, 0.1646257963690813], 'size': [0.049837904948193595, 0.0813235869879147, 0.05243307039854257]}, 'pillar_obstacle': {'pos': [0.39994824830915515, -0.3824307480766307, 0.23470116647765446], 'size': [0.033663755439403885, 0.20172185302840845, 0.0]}, 'small_block': {'pos': [0.6140097595303955, -0.3535133918987863, 0.1097032402875184], 'size': [0.04461973939918376, 0.0849493067344041, 0.09534921802665242]}}"
1.0999999999999897,0.3519998401538556,0.0,0.4,0.3495157454398503,-4.66080889528803e-07,0.3999985922895097,"{'table_obstacle': {'pos': [0.3825981920028062, 0.37518922255766707, 0.1646257963690813], 'size': [0.049837904948193595, 0.0813235869879147, 0.05243307039854257]}, 'pillar_obstacle': {'pos': [0.39994824830915515, -0.3824307480766307, 0.23470116647765446], 'size': [0.033663755439403885, 0.20172185302840845, 0.0]}, 'small_block': {'pos': [0.6140097595303955, -0.3535133918987863, 0.1097032402875184], 'size': [0.04461973939918376, 0.0849493067344041, 0.09534921802665242]}}"
1.1009999999999895,0.3519998401538556,0.0,0.4,0.3495512662435145,-4.584555550799837e-07,0.3999986055376625,"{'table_obstacle': {'pos': [0.3825981920028062, 0.37518922255766707, 0.1646257963690813], 'size': [0.049837904948193595, 0.0813235869879147, 0.05243307039854257]}, 'pillar_obstacle': {'pos': [0.39994824830915515, -0.3824307480766307, 0.23470116647765446], 'size': [0.033663755439403885, 0.20172185302840845, 0.0]}, 'small_block': {'pos': [0.6140097595303955, -0.3535133918987863, 0.1097032402875184], 'size': [0.04461973939918376, 0.0849493067344041, 0.09534921802665242]}}"
1.1019999999999894,0.3519998401538556,0.0,0.4,0.34958627918402246,-4.509250308196769e-07,0.39999861902848155,"{'table_obstacle': {'pos': [0.3825981920028062, 0.37518922255766707, 0.1646257963690813], 'size': [0.049837904948193595, 0.0813235869879147, 0.05243307039854257]}, 'pillar_obstacle': {'pos': [0.39994824830915515, -0.3824307480766307, 0.23470116647765446], 'size': [0.033663755439403885, 0.20172185302840845, 0.0]}, 'small_block': {'pos': [0.6140097595303955, -0.3535133918987863, 0.1097032402875184], 'size': [0.04461973939918376, 0.0849493067344041, 0.09534921802665242]}}"
1.1029999999999893,0.3519998401538556,0.0,0.4,0.3496207915192621,-4.4348832184715826e-07,0.399998632743086,"{'table_obstacle': {'pos': [0.3825981920028062, 0.37518922255766707, 0.1646257963690813], 'size': [0.049837904948193595, 0.0813235869879147, 0.05243307039854257]}, 'pillar_obstacle': {'pos': [0.39994824830915515, -0.3824307480766307, 0.23470116647765446], 'size': [0.033663755439403885, 0.20172185302840845, 0.0]}, 'small_block': {'pos': [0.6140097595303955, -0.3535133918987863, 0.1097032402875184], 'size': [0.04461973939918376, 0.0849493067344041, 0.09534921802665242]}}"
1.1039999999999892,0.3519998401538556,0.0,0.4,0.34965481040381846,-4.361444455197786e-07,0.3999986466633531,"{'table_obstacle': {'pos': [0.3825981920028062, 0.37518922255766707, 0.1646257963690813], 'size': [0.049837904948193595, 0.0813235869879147, 0.05243307039854257]}, 'pillar_obstacle': {'pos': [0.39994824830915515, -0.3824307480766307, 0.23470116647765446], 'size': [0.033663755439403885, 0.20172185302840845, 0.0]}, 'small_block': {'pos': [0.6140097595303955, -0.3535133918987863, 0.1097032402875184], 'size': [0.04461973939918376, 0.0849493067344041, 0.09534921802665242]}}"
1.104999999999989,0.3519998401538556,0.0,0.4,0.3496883428903687,-4.2889243023800567e-07,0.39999866077189083,"{'table_obstacle': {'pos': [0.3825981920028062, 0.37518922255766707, 0.1646257963690813], 'size': [0.049837904948193595, 0.0813235869879147, 0.05243307039854257]}, 'pillar_obstacle': {'pos': [0.39994824830915515, -0.3824307480766307, 0.23470116647765446], 'size': [0.033663755439403885, 0.20172185302840845, 0.0]}, 'small_block': {'pos': [0.6140097595303955, -0.3535133918987863, 0.1097032402875184], 'size': [0.04461973939918376, 0.0849493067344041, 0.09534921802665242]}}"
1.105999999999989,0.3519998401538556,0.0,0.4,0.34972139593107443,-4.217313155478044e-07,0.399998675052014,"{'table_obstacle': {'pos': [0.3825981920028062, 0.37518922255766707, 0.1646257963690813], 'size': [0.049837904948193595, 0.0813235869879147, 0.05243307039854257]}, 'pillar_obstacle': {'pos': [0.39994824830915515, -0.3824307480766307, 0.23470116647765446], 'size': [0.033663755439403885, 0.20172185302840845, 0.0]}, 'small_block': {'pos': [0.6140097595303955, -0.3535133918987863, 0.1097032402875184], 'size': [0.04461973939918376, 0.0849493067344041, 0.09534921802665242]}}"
1.1069999999999889,0.3519998401538556,0.0,0.4,0.34975397637896455,-4.146601505226547e-07,0.39999868948771883,"{'table_obstacle': {'pos': [0.3825981920028062, 0.37518922255766707, 0.1646257963690813], 'size': [0.049837904948193595, 0.0813235869879147, 0.05243307039854257]}, 'pillar_obstacle': {'pos': [0.39994824830915515, -0.3824307480766307, 0.23470116647765446], 'size': [0.033663755439403885, 0.20172185302840845, 0.0]}, 'small_block': {'pos': [0.6140097595303955, -0.3535133918987863, 0.1097032402875184], 'size': [0.04461973939918376, 0.0849493067344041, 0.09534921802665242]}}"
1.1079999999999888,0.3519998401538556,0.0,0.4,0.3497860909893098,-4.0767799423504575e-07,0.3999987040636609,"{'table_obstacle': {'pos': [0.3825981920028062, 0.37518922255766707, 0.1646257963690813], 'size': [0.049837904948193595, 0.0813235869879147, 0.05243307039854257]}, 'pillar_obstacle': {'pos': [0.39994824830915515, -0.3824307480766307, 0.23470116647765446], 'size': [0.033663755439403885, 0.20172185302840845, 0.0]}, 'small_block': {'pos': [0.6140097595303955, -0.3535133918987863, 0.1097032402875184], 'size': [0.04461973939918376, 0.0849493067344041, 0.09534921802665242]}}"
1.1089999999999887,0.3519998401538556,0.0,0.4,0.3498177464209843,-4.007839145620016e-07,0.39999871876513116,"{'table_obstacle': {'pos': [0.3825981920028062, 0.37518922255766707, 0.1646257963690813], 'size': [0.049837904948193595, 0.0813235869879147, 0.05243307039854257]}, 'pillar_obstacle': {'pos': [0.39994824830915515, -0.3824307480766307, 0.23470116647765446], 'size': [0.033663755439403885, 0.20172185302840845, 0.0]}, 'small_block': {'pos': [0.6140097595303955, -0.3535133918987863, 0.1097032402875184], 'size': [0.04461973939918376, 0.0849493067344041, 0.09534921802665242]}}"
1.1099999999999886,0.3519998401538556,0.0,0.4,0.3498489492378157,-3.9397698814358036e-07,0.3999987335780354,"{'table_obstacle': {'pos': [0.3825981920028062, 0.37518922255766707, 0.1646257963690813], 'size': [0.049837904948193595, 0.0813235869879147, 0.05243307039854257]}, 'pillar_obstacle': {'pos': [0.39994824830915515, -0.3824307480766307, 0.23470116647765446], 'size': [0.033663755439403885, 0.20172185302840845, 0.0]}, 'small_block': {'pos': [0.6140097595303955, -0.3535133918987863, 0.1097032402875184], 'size': [0.04461973939918376, 0.0849493067344041, 0.09534921802665242]}}"
1.1109999999999884,0.3519998401538556,0.0,0.4,0.3498797059099198,-3.8725630033143167e-07,0.39999874848887135,"{'table_obstacle': {'pos': [0.3825981920028062, 0.37518922255766707, 0.1646257963690813], 'size': [0.049837904948193595, 0.0813235869879147, 0.05243307039854257]}, 'pillar_obstacle': {'pos': [0.39994824830915515, -0.3824307480766307, 0.23470116647765446], 'size': [0.033663755439403885, 0.20172185302840845, 0.0]}, 'small_block': {'pos': [0.6140097595303955, -0.3535133918987863, 0.1097032402875184], 'size': [0.04461973939918376, 0.0849493067344041, 0.09534921802665242]}}"
1.1119999999999883,0.3519998401538556,0.0,0.4,0.3499100228150218,-3.806209445450125e-07,0.3999987634847094,"{'table_obstacle': {'pos': [0.3825981920028062, 0.37518922255766707, 0.1646257963690813], 'size': [0.049837904948193595, 0.0813235869879147, 0.05243307039854257]}, 'pillar_obstacle': {'pos': [0.39994824830915515, -0.3824307480766307, 0.23470116647765446], 'size': [0.033663755439403885, 0.20172185302840845, 0.0]}, 'small_block': {'pos': [0.6140097595303955, -0.3535133918987863, 0.1097032402875184], 'size': [0.04461973939918376, 0.0849493067344041, 0.09534921802665242]}}"
1.1129999999999882,0.3519998401538556,0.0,0.4,0.3499399062397604,-3.740700221516848e-07,0.39999877855317384,"{'table_obstacle': {'pos': [0.3825981920028062, 0.37518922255766707, 0.1646257963690813], 'size': [0.049837904948193595, 0.0813235869879147, 0.05243307039854257]}, 'pillar_obstacle': {'pos': [0.39994824830915515, -0.3824307480766307, 0.23470116647765446], 'size': [0.033663755439403885, 0.20172185302840845, 0.0]}, 'small_block': {'pos': [0.6140097595303955, -0.3535133918987863, 0.1097032402875184], 'size': [0.04461973939918376, 0.0849493067344041, 0.09534921802665242]}}"
1.113999999999988,0.3519998401538556,0.0,0.4,0.34996936238097814,-3.676026427221578e-07,0.39999879368242075,"{'table_obstacle': {'pos': [0.3825981920028062, 0.37518922255766707, 0.1646257963690813], 'size': [0.049837904948193595, 0.0813235869879147, 0.05243307039854257]}, 'pillar_obstacle': {'pos': [0.39994824830915515, -0.3824307480766307, 0.23470116647765446], 'size': [0.033663755439403885, 0.20172185302840845, 0.0]}, 'small_block': {'pos': [0.6140097595303955, -0.3535133918987863, 0.1097032402875184], 'size': [0.04461973939918376, 0.0849493067344041, 0.09534921802665242]}}"
1.114999999999988,0.35599982673108904,0.0,0.4,0.34999839734699356,-3.612179234496014e-07,0.39999880886112293,"{'table_obstacle': {'pos': [0.3825981920028062, 0.37518922255766707, 0.1646257963690813], 'size': [0.049837904948193595, 0.0813235869879147, 0.05243307039854257]}, 'pillar_obstacle': {'pos': [0.39994824830915515, -0.3824307480766307, 0.23470116647765446], 'size': [0.033663755439403885, 0.20172185302840845, 0.0]}, 'small_block': {'pos': [0.6140097595303955, -0.3535133918987863, 0.1097032402875184], 'size': [0.04461973939918376, 0.0849493067344041, 0.09534921802665242]}}"
1.115999999999988,0.35599982673108904,0.0,0.4,0.3500379379602431,-3.431857705682261e-07,0.3999987992531087,"{'table_obstacle': {'pos': [0.3825981920028062, 0.37518922255766707, 0.1646257963690813], 'size': [0.049837904948193595, 0.0813235869879147, 0.05243307039854257]}, 'pillar_obstacle': {'pos': [0.39994824830915515, -0.3824307480766307, 0.23470116647765446], 'size': [0.033663755439403885, 0.20172185302840845, 0.0]}, 'small_block': {'pos': [0.6140097595303955, -0.3535133918987863, 0.1097032402875184], 'size': [0.04461973939918376, 0.0849493067344041, 0.09534921802665242]}}"
1.1169999999999878,0.35599982673108904,0.0,0.4,0.3500857485302984,-3.1842812773696097e-07,0.3999987727193323,"{'table_obstacle': {'pos': [0.3825981920028062, 0.37518922255766707, 0.1646257963690813], 'size': [0.049837904948193595, 0.0813235869879147, 0.05243307039854257]}, 'pillar_obstacle': {'pos': [0.39994824830915515, -0.3824307480766307, 0.23470116647765446], 'size': [0.033663755439403885, 0.20172185302840845, 0.0]}, 'small_block': {'pos': [0.6140097595303955, -0.3535133918987863, 0.1097032402875184], 'size': [0.04461973939918376, 0.0849493067344041, 0.09534921802665242]}}"
1.1179999999999877,0.35599982673108904,0.0,0.4,0.35014002355591095,-2.9038293103438777e-07,0.3999987348003053,"{'table_obstacle': {'pos': [0.3825981920028062, 0.37518922255766707, 0.1646257963690813], 'size': [0.049837904948193595, 0.0813235869879147, 0.05243307039854257]}, 'pillar_obstacle': {'pos': [0.39994824830915515, -0.3824307480766307, 0.23470116647765446], 'size': [0.033663755439403885, 0.20172185302840845, 0.0]}, 'small_block': {'pos': [0.6140097595303955, -0.3535133918987863, 0.1097032402875184], 'size': [0.04461973939918376, 0.0849493067344041, 0.09534921802665242]}}"
1.1189999999999876,0.35599982673108904,0.0,0.4,0.35019930555070916,-2.61396649708899e-07,0.39999868944320244,"{'table_obstacle': {'pos': [0.3825981920028062, 0.37518922255766707, 0.1646257963690813], 'size': [0.049837904948193595, 0.0813235869879147, 0.05243307039854257]}, 'pillar_obstacle': {'pos': [0.39994824830915515, -0.3824307480766307, 0.23470116647765446], 'size': [0.033663755439403885, 0.20172185302840845, 0.0]}, 'small_block': {'pos': [0.6140097595303955, -0.3535133918987863, 0.1097032402875184], 'size': [0.04461973939918376, 0.0849493067344041, 0.09534921802665242]}}"
1.1199999999999875,0.35599982673108904,0.0,0.4,0.3502624185501841,-2.3301990053969817e-07,0.39999863948757214,"{'table_obstacle': {'pos': [0.3825981920028062, 0.37518922255766707, 0.1646257963690813], 'size': [0.049837904948193595, 0.0813235869879147, 0.05243307039854257]}, 'pillar_obstacle': {'pos': [0.39994824830915515, -0.3824307480766307, 0.23470116647765446], 'size': [0.033663755439403885, 0.20172185302840845, 0.0]}, 'small_block': {'pos': [0.6140097595303955, -0.3535133918987863, 0.1097032402875184], 'size': [0.04461973939918376, 0.0849493067344041, 0.09534921802665242]}}"
1.1209999999999873,0.35599982673108904,0.0,0.4,0.3503284143103433,-2.0622910173902887e-07,0.39999858699264546,"{'table_obstacle': {'pos': [0.3825981920028062, 0.37518922255766707, 0.1646257963690813], 'size': [0.049837904948193595, 0.0813235869879147, 0.05243307039854257]}, 'pillar_obstacle': {'pos': [0.39994824830915515, -0.3824307480766307, 0.23470116647765446], 'size': [0.033663755439403885, 0.20172185302840845, 0.0]}, 'small_block': {'pos': [0.6140097595303955, -0.3535133918987863, 0.1097032402875184], 'size': [0.04461973939918376, 0.0849493067344041, 0.09534921802665242]}}"
1.1219999999999872,0.35599982673108904,0.0,0.4,0.3503965287774021,-1.815918263576861e-07,0.3999985334602404,"{'table_obstacle': {'pos': [0.3825981920028062, 0.37518922255766707, 0.1646257963690813], 'size': [0.049837904948193595, 0.0813235869879147, 0.05243307039854257]}, 'pillar_obstacle': {'pos': [0.39994824830915515, -0.3824307480766307, 0.23470116647765446], 'size': [0.033663755439403885, 0.20172185302840845, 0.0]}, 'small_block': {'pos': [0.6140097595303955, -0.3535133918987863, 0.1097032402875184], 'size': [0.04461973939918376, 0.0849493067344041, 0.09534921802665242]}}"
1.1229999999999871,0.35599982673108904,0.0,0.4,0.35046614686891836,-1.5938942288720186e-07,0.39999847998844695,"{'table_obstacle': {'pos': [0.3825981920028062, 0.37518922255766707, 0.1646257963690813], 'size': [0.049837904948193595, 0.0813235869879147, 0.05243307039854257]}, 'pillar_obstacle': {'pos': [0.39994824830915515, -0.3824307480766307, 0.23470116647765446], 'size': [0.033663755439403885, 0.20172185302840845, 0.0]}, 'small_block': {'pos': [0.6140097595303955, -0.3535133918987863, 0.1097032402875184], 'size': [0.04461973939918376, 0.0849493067344041, 0.09534921802665242]}}"
1.123999999999987,0.35599982673108904,0.0,0.4,0.3505367739802374,-1.39707304287499e-07,0.39999842737905966,"{'table_obstacle': {'pos': [0.3825981920028062, 0.37518922255766707, 0.1646257963690813], 'size': [0.049837904948193595, 0.0813235869879147, 0.05243307039854257]}, 'pillar_obstacle': {'pos': [0.39994824830915515, -0.3824307480766307, 0.23470116647765446], 'size': [0.033663755439403885, 0.20172185302840845, 0.0]}, 'small_block': {'pos': [0.6140097595303955, -0.3535133918987863, 0.1097032402875184], 'size': [0.04461973939918376, 0.0849493067344041, 0.09534921802665242]}}"
1.124999999999987,0.35599982673108904,0.0,0.4,0.3506080129325492,-1.2250086934737908e-07,0.399998376213818,"{'table_obstacle': {'pos': [0.3825981920028062, 0.37518922255766707, 0.1646257963690813], 'size': [0.049837904948193595, 0.0813235869879147, 0.05243307039854257]}, 'pillar_obstacle': {'pos': [0.39994824830915515, -0.3824307480766307, 0.23470116647765446], 'size': [0.033663755439403885, 0.20172185302840845, 0.0]}, 'small_block': {'pos': [0.6140097595303955, -0.3535133918987863, 0.1097032402875184], 'size': [0.04461973939918376, 0.0849493067344041, 0.09534921802665242]}}"
1.1259999999999868,0.35599982673108904,0.0,0.4,0.3506795453237114,-1.0764313579778774e-07,0.3999983269093547,"{'table_obstacle': {'pos': [0.3825981920028062, 0.37518922255766707, 0.1646257963690813], 'size': [0.049837904948193595, 0.0813235869879147, 0.05243307039854257]}, 'pillar_obstacle': {'pos': [0.39994824830915515, -0.3824307480766307, 0.23470116647765446], 'size': [0.033663755439403885, 0.20172185302840845, 0.0]}, 'small_block': {'pos': [0.6140097595303955, -0.3535133918987863, 0.1097032402875184], 'size': [0.04461973939918376, 0.0849493067344041, 0.09534921802665242]}}"
1.1269999999999867,0.35599982673108904,0.0,0.4,0.3507511164412158,-9.49587200113655e-08,0.3999982797574207,"{'table_obstacle': {'pos': [0.3825981920028062, 0.37518922255766707, 0.1646257963690813], 'size': [0.049837904948193595, 0.0813235869879147, 0.05243307039854257]}, 'pillar_obstacle': {'pos': [0.39994824830915515, -0.3824307480766307, 0.23470116647765446], 'size': [0.033663755439403885, 0.20172185302840845, 0.0]}, 'small_block': {'pos': [0.6140097595303955, -0.3535133918987863, 0.1097032402875184], 'size': [0.04461973939918376, 0.0849493067344041, 0.09534921802665242]}}"
1.1279999999999866,0.35599982673108904,0.0,0.4,0.35082252305710343,-8.424768000480408e-08,0.39999823495476716,"{'table_obstacle': {'pos': [0.3825981920028062, 0.37518922255766707, 0.1646257963690813], 'size': [0.049837904948193595, 0.0813235869879147, 0.05243307039854257]}, 'pillar_obstacle': {'pos': [0.39994824830915515, -0.3824307480766307, 0.23470116647765446], 'size': [0.033663755439403885, 0.20172185302840845, 0.0]}, 'small_block': {'pos': [0.6140097595303955, -0.3535133918987863, 0.1097032402875184], 'size': [0.04461973939918376, 0.0849493067344041, 0.09534921802665242]}}"
1.1289999999999865,0.35599982673108904,0.0,0.4,0.35089360355447524,-7.530188856866268e-08,0.3999981926256415,"{'table_obstacle': {'pos': [0.3825981920028062, 0.37518922255766707, 0.1646257963690813], 'size': [0.049837904948193595, 0.0813235869879147, 0.05243307039854257]}, 'pillar_obstacle': {'pos': [0.39994824830915515, -0.3824307480766307, 0.23470116647765446], 'size': [0.033663755439403885, 0.20172185302840845, 0.0]}, 'small_block': {'pos': [0.6140097595303955, -0.3535133918987863, 0.1097032402875184], 'size': [0.04461973939918376, 0.0849493067344041, 0.09534921802665242]}}"
1.1299999999999863,0.35599982673108904,0.0,0.4,0.3509642299403184,-6.791594370228681e-08,0.39999815283892226,"{'table_obstacle': {'pos': [0.3825981920028062, 0.37518922255766707, 0.1646257963690813], 'size': [0.049837904948193595, 0.0813235869879147, 0.05243307039854257]}, 'pillar_obstacle': {'pos': [0.39994824830915515, -0.3824307480766307, 0.23470116647765446], 'size': [0.033663755439403885, 0.20172185302840845, 0.0]}, 'small_block': {'pos': [0.6140097595303955, -0.3535133918987863, 0.1097032402875184], 'size': [0.04461973939918376, 0.0849493067344041, 0.09534921802665242]}}"
1.1309999999999862,0.35599982673108904,0.0,0.4,0.3510343013843855,-6.189412755007555e-08,0.39999811562129206,"{'table_obstacle': {'pos': [0.3825981920028062, 0.37518922255766707, 0.1646257963690813], 'size': [0.049837904948193595, 0.0813235869879147, 0.05243307039854257]}, 'pillar_obstacle': {'pos': [0.39994824830915515, -0.3824307480766307, 0.23470116647765446], 'size': [0.033663755439403885, 0.20172185302840845, 0.0]}, 'small_block': {'pos': [0.6140097595303955, -0.3535133918987863, 0.1097032402875184], 'size': [0.04461973939918376, 0.0849493067344041, 0.09534921802665242]}}"
1.1319999999999861,0.35599982673108904,0.0,0.4,0.35110373899266195,-5.705454085059716e-08,0.3999980809674399,"{'table_obstacle': {'pos': [0.3825981920028062, 0.37518922255766707, 0.1646257963690813], 'size': [0.049837904948193595, 0.0813235869879147, 0.05243307039854257]}, 'pillar_obstacle': {'pos': [0.39994824830915515, -0.3824307480766307, 0.23470116647765446], 'size': [0.033663755439403885, 0.20172185302840845, 0.0]}, 'small_block': {'pos': [0.6140097595303955, -0.3535133918987863, 0.1097032402875184], 'size': [0.04461973939918376, 0.0849493067344041, 0.09534921802665242]}}"
1.132999999999986,0.35599982673108904,0.0,0.4,0.3511724815796195,-5.323125132598512e-08,0.3999980488480032,"{'table_obstacle': {'pos': [0.3825981920028062, 0.37518922255766707, 0.1646257963690813], 'size': [0.049837904948193595, 0.0813235869879147, 0.05243307039854257]}, 'pillar_obstacle': {'pos': [0.39994824830915515, -0.3824307480766307, 0.23470116647765446], 'size': [0.033663755439403885, 0.20172185302840845, 0.0]}, 'small_block': {'pos': [0.6140097595303955, -0.3535133918987863, 0.1097032402875184], 'size': [0.04461973939918376, 0.0849493067344041, 0.09534921802665242]}}"
1.133999999999986,0.35599982673108904,0.0,0.4,0.35124048224847865,-5.0275073529389946e-08,0.39999801921576617,"{'table_obstacle': {'pos': [0.3825981920028062, 0.37518922255766707, 0.1646257963690813], 'size': [0.049837904948193595, 0.0813235869879147, 0.05243307039854257]}, 'pillar_obstacle': {'pos': [0.39994824830915515, -0.3824307480766307, 0.23470116647765446], 'size': [0.033663755439403885, 0.20172185302840845, 0.0]}, 'small_block': {'pos': [0.6140097595303955, -0.3535133918987863, 0.1097032402875184], 'size': [0.04461973939918376, 0.0849493067344041, 0.09534921802665242]}}"
1.1349999999999858,0.35599982673108904,0.0,0.4,0.35130770562515173,-4.805343367676045e-08,0.39999799201050656,"{'table_obstacle': {'pos': [0.3825981920028062, 0.37518922255766707, 0.1646257963690813], 'size': [0.049837904948193595, 0.0813235869879147, 0.05243307039854257]}, 'pillar_obstacle': {'pos': [0.39994824830915515, -0.3824307480766307, 0.23470116647765446], 'size': [0.033663755439403885, 0.20172185302840845, 0.0]}, 'small_block': {'pos': [0.6140097595303955, -0.3535133918987863, 0.1097032402875184], 'size': [0.04461973939918376, 0.0849493067344041, 0.09534921802665242]}}"
1.1359999999999857,0.35599982673108904,0.0,0.4,0.351374125621004,-4.644964680670897e-08,0.39999796716277886,"{'table_obstacle': {'pos': [0.3825981920028062, 0.37518922255766707, 0.1646257963690813], 'size': [0.049837904948193595, 0.0813235869879147, 0.05243307039854257]}, 'pillar_obstacle': {'pos': [0.39994824830915515, -0.3824307480766307, 0.23470116647765446], 'size': [0.033663755439403885, 0.20172185302840845, 0.0]}, 'small_block': {'pos': [0.6140097595303955, -0.3535133918987863, 0.1097032402875184], 'size': [0.04461973939918376, 0.0849493067344041, 0.09534921802665242]}}"
1.1369999999999856,0.35599982673108904,0.0,0.4,0.351439723623423,-4.53618398893797e-08,0.3999979445968612,"{'table_obstacle': {'pos': [0.3825981920028062, 0.37518922255766707, 0.1646257963690813], 'size': [0.049837904948193595, 0.0813235869879147, 0.05243307039854257]}, 'pillar_obstacle': {'pos': [0.39994824830915515, -0.3824307480766307, 0.23470116647765446], 'size': [0.033663755439403885, 0.20172185302840845, 0.0]}, 'small_block': {'pos': [0.6140097595303955, -0.3535133918987863, 0.1097032402875184], 'size': [0.04461973939918376, 0.0849493067344041, 0.09534921802665242]}}"
1.1379999999999855,0.35599982673108904,0.0,0.4,0.3515044870324799,-4.4701690069022875e-08,0.3999979242330437,"{'table_obstacle': {'pos': [0.3825981920028062, 0.37518922255766707, 0.1646257963690813], 'size': [0.049837904948193595, 0.0813235869879147, 0.05243307039854257]}, 'pillar_obstacle': {'pos': [0.39994824830915515, -0.3824307480766307, 0.23470116647765446], 'size': [0.033663755439403885, 0.20172185302840845, 0.0]}, 'small_block': {'pos': [0.6140097595303955, -0.3535133918987863, 0.1097032402875184], 'size': [0.04461973939918376, 0.0849493067344041, 0.09534921802665242]}}"
1.1389999999999854,0.35599982673108904,0.0,0.4,0.35156840807757195,-4.439308748871299e-08,0.39999790598938945,"{'table_obstacle': {'pos': [0.3825981920028062, 0.37518922255766707, 0.1646257963690813], 'size': [0.049837904948193595, 0.0813235869879147, 0.05243307039854257]}, 'pillar_obstacle': {'pos': [0.39994824830915515, -0.3824307480766307, 0.23470116647765446], 'size': [0.033663755439403885, 0.20172185302840845, 0.0]}, 'small_block': {'pos': [0.6140097595303955, -0.3535133918987863, 0.1097032402875184], 'size': [0.04461973939918376, 0.0849493067344041, 0.09534921802665242]}}"
1.1399999999999852,0.35599982673108904,0.0,0.4,0.35163148286056656,-4.4370802076556867e-08,0.3999978897830839,"{'table_obstacle': {'pos': [0.3825981920028062, 0.37518922255766707, 0.1646257963690813], 'size': [0.049837904948193595, 0.0813235869879147, 0.05243307039854257]}, 'pillar_obstacle': {'pos': [0.39994824830915515, -0.3824307480766307, 0.23470116647765446], 'size': [0.033663755439403885, 0.20172185302840845, 0.0]}, 'small_block': {'pos': [0.6140097595303955, -0.3535133918987863, 0.1097032402875184], 'size': [0.04461973939918376, 0.0849493067344041, 0.09534921802665242]}}"
1.1409999999999851,0.35599982673108904,0.0,0.4,0.3516937105821767,-4.4579204529359716e-08,0.39999787553145527,"{'table_obstacle': {'pos': [0.3825981920028062, 0.37518922255766707, 0.1646257963690813], 'size': [0.049837904948193595, 0.0813235869879147, 0.05243307039854257]}, 'pillar_obstacle': {'pos': [0.39994824830915515, -0.3824307480766307, 0.23470116647765446], 'size': [0.033663755439403885, 0.20172185302840845, 0.0]}, 'small_block': {'pos': [0.6140097595303955, -0.3535133918987863, 0.1097032402875184], 'size': [0.04461973939918376, 0.0849493067344041, 0.09534921802665242]}}"
1.141999999999985,0.35599982673108904,0.0,0.4,0.3517550929165674,-4.49710705501033e-08,0.39999786315273617,"{'table_obstacle': {'pos': [0.3825981920028062, 0.37518922255766707, 0.1646257963690813], 'size': [0.049837904948193595, 0.0813235869879147, 0.05243307039854257]}, 'pillar_obstacle': {'pos': [0.39994824830915515, -0.3824307480766307, 0.23470116647765446], 'size': [0.033663755439403885, 0.20172185302840845, 0.0]}, 'small_block': {'pos': [0.6140097595303955, -0.3535133918987863, 0.1097032402875184], 'size': [0.04461973939918376, 0.0849493067344041, 0.09534921802665242]}}"
1.142999999999985,0.35599982673108904,0.0,0.4,0.351815633505877,-4.550648330021795e-08,0.3999978525666218,"{'table_obstacle': {'pos': [0.3825981920028062, 0.37518922255766707, 0.1646257963690813], 'size': [0.049837904948193595, 0.0813235869879147, 0.05243307039854257]}, 'pillar_obstacle': {'pos': [0.39994824830915515, -0.3824307480766307, 0.23470116647765446], 'size': [0.033663755439403885, 0.20172185302840845, 0.0]}, 'small_block': {'pos': [0.6140097595303955, -0.3535133918987863, 0.1097032402875184], 'size': [0.04461973939918376, 0.0849493067344041, 0.09534921802665242]}}"
1.1439999999999848,0.35599982673108904,0.0,0.4,0.35187533755174055,-4.615184363650173e-08,0.39999784369467,"{'table_obstacle': {'pos': [0.3825981920028062, 0.37518922255766707, 0.1646257963690813], 'size': [0.049837904948193595, 0.0813235869879147, 0.05243307039854257]}, 'pillar_obstacle': {'pos': [0.39994824830915515, -0.3824307480766307, 0.23470116647765446], 'size': [0.033663755439403885, 0.20172185302840845, 0.0]}, 'small_block': {'pos': [0.6140097595303955, -0.3535133918987863, 0.1097032402875184], 'size': [0.04461973939918376, 0.0849493067344041, 0.09534921802665242]}}"
1.1449999999999847,0.35599982673108904,0.0,0.4,0.35193421148528814,-4.6878986808459736e-08,0.399997836460576,"{'table_obstacle': {'pos': [0.3825981920028062, 0.37518922255766707, 0.1646257963690813], 'size': [0.049837904948193595, 0.0813235869879147, 0.05243307039854257]}, 'pillar_obstacle': {'pos': [0.39994824830915515, -0.3824307480766307, 0.23470116647765446], 'size': [0.033663755439403885, 0.20172185302840845, 0.0]}, 'small_block': {'pos': [0.6140097595303955, -0.3535133918987863, 0.1097032402875184], 'size': [0.04461973939918376, 0.0849493067344041, 0.09534921802665242]}}"
1.1459999999999846,0.35599982673108904,0.0,0.4,0.35199226270062,-4.7664401239196196e-08,0.3999978307903537,"{'table_obstacle': {'pos': [0.3825981920028062, 0.37518922255766707, 0.1646257963690813], 'size': [0.049837904948193595, 0.0813235869879147, 0.05243307039854257]}, 'pillar_obstacle': {'pos': [0.39994824830915515, -0.3824307480766307, 0.23470116647765446], 'size': [0.033663755439403885, 0.20172185302840845, 0.0]}, 'small_block': {'pos': [0.6140097595303955, -0.3535133918987863, 0.1097032402875184], 'size': [0.04461973939918376, 0.0849493067344041, 0.09534921802665242]}}"
1.1469999999999845,0.35599982673108904,0.0,0.4,0.3520494993396303,-4.848854444095804e-08,0.39999782661244015,"{'table_obstacle': {'pos': [0.3825981920028062, 0.37518922255766707, 0.1646257963690813], 'size': [0.049837904948193595, 0.0813235869879147, 0.05243307039854257]}, 'pillar_obstacle': {'pos': [0.39994824830915515, -0.3824307480766307, 0.23470116647765446], 'size': [0.033663755439403885, 0.20172185302840845, 0.0]}, 'small_block': {'pos': [0.6140097595303955, -0.3535133918987863, 0.1097032402875184], 'size': [0.04461973939918376, 0.0849493067344041, 0.09534921802665242]}}"
1.1479999999999844,0.35599982673108904,0.0,0.4,0.35210593011837077,-4.933524692996579e-08,0.39999782385774973,"{'table_obstacle': {'pos': [0.3825981920028062, 0.37518922255766707, 0.1646257963690813], 'size': [0.049837904948193595, 0.0813235869879147, 0.05243307039854257]}, 'pillar_obstacle': {'pos': [0.39994824830915515, -0.3824307480766307, 0.23470116647765446], 'size': [0.033663755439403885, 0.20172185302840845, 0.0]}, 'small_block': {'pos': [0.6140097595303955, -0.3535133918987863, 0.1097032402875184], 'size': [0.04461973939918376, 0.0849493067344041, 0.09534921802665242]}}"
1.1489999999999843,0.35599982673108904,0.0,0.4,0.3521615641870075,-5.0191196810470345e-08,0.3999978224596824,"{'table_obstacle': {'pos': [0.3825981920028062, 0.37518922255766707, 0.1646257963690813], 'size': [0.049837904948193595, 0.0813235869879147, 0.05243307039854257]}, 'pillar_obstacle': {'pos': [0.39994824830915515, -0.3824307480766307, 0.23470116647765446], 'size': [0.033663755439403885, 0.20172185302840845, 0.0]}, 'small_block': {'pos': [0.6140097595303955, -0.3535133918987863, 0.1097032402875184], 'size': [0.04461973939918376, 0.0849493067344041, 0.09534921802665242]}}"
1.1499999999999841,0.35599982673108904,0.0,0.4,0.3522164110169565,-5.104549539167448e-08,0.3999978223541034,"{'table_obstacle': {'pos': [0.3825981920028062, 0.37518922255766707, 0.1646257963690813], 'size': [0.049837904948193595, 0.0813235869879147, 0.05243307039854257]}, 'pillar_obstacle': {'pos': [0.39994824830915515, -0.3824307480766307, 0.23470116647765446], 'size': [0.033663755439403885, 0.20172185302840845, 0.0]}, 'small_block': {'pos': [0.6140097595303955, -0.3535133918987863, 0.1097032402875184], 'size': [0.04461973939918376, 0.0849493067344041, 0.09534921802665242]}}"
1.150999999999984,0.35599982673108904,0.0,0.4,0.3522704803099977,-5.1889276252214057e-08,0.39999782347929996,"{'table_obstacle': {'pos': [0.3825981920028062, 0.37518922255766707, 0.1646257963690813], 'size': [0.049837904948193595, 0.0813235869879147, 0.05243307039854257]}, 'pillar_obstacle': {'pos': [0.39994824830915515, -0.3824307480766307, 0.23470116647765446], 'size': [0.033663755439403885, 0.20172185302840845, 0.0]}, 'small_block': {'pos': [0.6140097595303955, -0.3535133918987863, 0.1097032402875184], 'size': [0.04461973939918376, 0.0849493067344041, 0.09534921802665242]}}"
1.151999999999984,0.35599982673108904,0.0,0.4,0.3523237819251645,-5.271538023068734e-08,0.39999782577592474,"{'table_obstacle': {'pos': [0.3825981920028062, 0.37518922255766707, 0.1646257963690813], 'size': [0.049837904948193595, 0.0813235869879147, 0.05243307039854257]}, 'pillar_obstacle': {'pos': [0.39994824830915515, -0.3824307480766307, 0.23470116647765446], 'size': [0.033663755439403885, 0.20172185302840845, 0.0]}, 'small_block': {'pos': [0.6140097595303955, -0.3535133918987863, 0.1097032402875184], 'size': [0.04461973939918376, 0.0849493067344041, 0.09534921802665242]}}"
1.1529999999999838,0.35599982673108904,0.0,0.4,0.35237632582001077,-5.3518077894187197e-08,0.39999782918692633,"{'table_obstacle': {'pos': [0.3825981920028062, 0.37518922255766707, 0.1646257963690813], 'size': [0.049837904948193595, 0.0813235869879147, 0.05243307039854257]}, 'pillar_obstacle': {'pos': [0.39994824830915515, -0.3824307480766307, 0.23470116647765446], 'size': [0.033663755439403885, 0.20172185302840845, 0.0]}, 'small_block': {'pos': [0.6140097595303955, -0.3535133918987863, 0.1097032402875184], 'size': [0.04461973939918376, 0.0849493067344041, 0.09534921802665242]}}"
1.1539999999999837,0.35599982673108904,0.0,0.4,0.3524281220035005,-5.429283506565067e-08,0.3999978336574754,"{'table_obstacle': {'pos': [0.3825981920028062, 0.37518922255766707, 0.1646257963690813], 'size': [0.049837904948193595, 0.0813235869879147, 0.05243307039854257]}, 'pillar_obstacle': {'pos': [0.39994824830915515, -0.3824307480766307, 0.23470116647765446], 'size': [0.033663755439403885, 0.20172185302840845, 0.0]}, 'small_block': {'pos': [0.6140097595303955, -0.3535133918987863, 0.1097032402875184], 'size': [0.04461973939918376, 0.0849493067344041, 0.09534921802665242]}}"
1.1549999999999836,0.35599982673108904,0.0,0.4,0.3524791804982983,-5.50361142313206e-08,0.3999978391348859,"{'table_obstacle': {'pos': [0.3825981920028062, 0.37518922255766707, 0.1646257963690813], 'size': [0.049837904948193595, 0.0813235869879147, 0.05243307039854257]}, 'pillar_obstacle': {'pos': [0.39994824830915515, -0.3824307480766307, 0.23470116647765446], 'size': [0.033663755439403885, 0.20172185302840845, 0.0]}, 'small_block': {'pos': [0.6140097595303955, -0.3535133918987863, 0.1097032402875184], 'size': [0.04461973939918376, 0.0849493067344041, 0.09534921802665242]}}"
1.1559999999999835,0.35599982673108904,0.0,0.4,0.35252951131065685,-5.574520562052112e-08,0.3999978455685353,"{'table_obstacle': {'pos': [0.3825981920028062, 0.37518922255766707, 0.1646257963690813], 'size': [0.049837904948193595, 0.0813235869879147, 0.05243307039854257]}, 'pillar_obstacle': {'pos': [0.39994824830915515, -0.3824307480766307, 0.23470116647765446], 'size': [0.033663755439403885, 0.20172185302840845, 0.0]}, 'small_block': {'pos': [0.6140097595303955, -0.3535133918987863, 0.1097032402875184], 'size': [0.04461973939918376, 0.0849493067344041, 0.09534921802665242]}}"
1.1569999999999834,0.35599982673108904,0.0,0.4,0.35257912440644756,-5.6418086933002414e-08,0.3999978529097864,"{'table_obstacle': {'pos': [0.3825981920028062, 0.37518922255766707, 0.1646257963690813], 'size': [0.049837904948193595, 0.0813235869879147, 0.05243307039854257]}, 'pillar_obstacle': {'pos': [0.39994824830915515, -0.3824307480766307, 0.23470116647765446], 'size': [0.033663755439403885, 0.20172185302840845, 0.0]}, 'small_block': {'pos': [0.6140097595303955, -0.3535133918987863, 0.1097032402875184], 'size': [0.04461973939918376, 0.0849493067344041, 0.09534921802665242]}}"
1.1579999999999833,0.35599982673108904,0.0,0.4,0.352628029692153,-5.705330391874494e-08,0.39999786111190744,"{'table_obstacle': {'pos': [0.3825981920028062, 0.37518922255766707, 0.1646257963690813], 'size': [0.049837904948193595, 0.0813235869879147, 0.05243307039854257]}, 'pillar_obstacle': {'pos': [0.39994824830915515, -0.3824307480766307, 0.23470116647765446], 'size': [0.033663755439403885, 0.20172185302840845, 0.0]}, 'small_block': {'pos': [0.6140097595303955, -0.3535133918987863, 0.1097032402875184], 'size': [0.04461973939918376, 0.0849493067344041, 0.09534921802665242]}}"
1.1589999999999832,0.35599982673108904,0.0,0.4,0.3526762369998726,-5.764987074928709e-08,0.3999978701299975,"{'table_obstacle': {'pos': [0.3825981920028062, 0.37518922255766707, 0.1646257963690813], 'size': [0.049837904948193595, 0.0813235869879147, 0.05243307039854257]}, 'pillar_obstacle': {'pos': [0.39994824830915515, -0.3824307480766307, 0.23470116647765446], 'size': [0.033663755439403885, 0.20172185302840845, 0.0]}, 'small_block': {'pos': [0.6140097595303955, -0.3535133918987863, 0.1097032402875184], 'size': [0.04461973939918376, 0.0849493067344041, 0.09534921802665242]}}"
1.159999999999983,0.35599982673108904,0.0,0.4,0.3527237560755639,-5.8207187420554244e-08,0.399997879920912,"{'table_obstacle': {'pos': [0.3825981920028062, 0.37518922255766707, 0.1646257963690813], 'size': [0.049837904948193595, 0.0813235869879147, 0.05243307039854257]}, 'pillar_obstacle': {'pos': [0.39994824830915515, -0.3824307480766307, 0.23470116647765446], 'size': [0.033663755439403885, 0.20172185302840845, 0.0]}, 'small_block': {'pos': [0.6140097595303955, -0.3535133918987863, 0.1097032402875184], 'size': [0.04461973939918376, 0.0849493067344041, 0.09534921802665242]}}"
1.160999999999983,0.35599982673108904,0.0,0.4,0.35277059656990234,-5.872496883470545e-08,0.39999789044319245,"{'table_obstacle': {'pos': [0.3825981920028062, 0.37518922255766707, 0.1646257963690813], 'size': [0.049837904948193595, 0.0813235869879147, 0.05243307039854257]}, 'pillar_obstacle': {'pos': [0.39994824830915515, -0.3824307480766307, 0.23470116647765446], 'size': [0.033663755439403885, 0.20172185302840845, 0.0]}, 'small_block': {'pos': [0.6140097595303955, -0.3535133918987863, 0.1097032402875184], 'size': [0.04461973939918376, 0.0849493067344041, 0.09534921802665242]}}"
1.1619999999999828,0.35599982673108904,0.0,0.4,0.35281676803124834,-5.9203187929502425e-08,0.39999790165699944,"{'table_obstacle': {'pos': [0.3825981920028062, 0.37518922255766707, 0.1646257963690813], 'size': [0.049837904948193595, 0.0813235869879147, 0.05243307039854257]}, 'pillar_obstacle': {'pos': [0.39994824830915515, -0.3824307480766307, 0.23470116647765446], 'size': [0.033663755439403885, 0.20172185302840845, 0.0]}, 'small_block': {'pos': [0.6140097595303955, -0.3535133918987863, 0.1097032402875184], 'size': [0.04461973939918376, 0.0849493067344041, 0.09534921802665242]}}"
1.1629999999999827,0.35599982673108904,0.0,0.4,0.3528622799003202,-5.96420264997881e-08,0.3999979135240464,"{'table_obstacle': {'pos': [0.3825981920028062, 0.37518922255766707, 0.1646257963690813], 'size': [0.049837904948193595, 0.0813235869879147, 0.05243307039854257]}, 'pillar_obstacle': {'pos': [0.39994824830915515, -0.3824307480766307, 0.23470116647765446], 'size': [0.033663755439403885, 0.20172185302840845, 0.0]}, 'small_block': {'pos': [0.6140097595303955, -0.3535133918987863, 0.1097032402875184], 'size': [0.04461973939918376, 0.0849493067344041, 0.09534921802665242]}}"
1.1639999999999826,0.35599982673108904,0.0,0.4,0.3529071415062377,-6.004183515530348e-08,0.3999979260075398,"{'table_obstacle': {'pos': [0.3825981920028062, 0.37518922255766707, 0.1646257963690813], 'size': [0.049837904948193595, 0.0813235869879147, 0.05243307039854257]}, 'pillar_obstacle': {'pos': [0.39994824830915515, -0.3824307480766307, 0.23470116647765446], 'size': [0.033663755439403885, 0.20172185302840845, 0.0]}, 'small_block': {'pos': [0.6140097595303955, -0.3535133918987863, 0.1097032402875184], 'size': [0.04461973939918376, 0.0849493067344041, 0.09534921802665242]}}"
1.1649999999999825,0.35599982673108904,0.0,0.4,0.3529513620636703,-6.040309981396013e-08,0.3999979390721189,"{'table_obstacle': {'pos': [0.3825981920028062, 0.37518922255766707, 0.1646257963690813], 'size': [0.049837904948193595, 0.0813235869879147, 0.05243307039854257]}, 'pillar_obstacle': {'pos': [0.39994824830915515, -0.3824307480766307, 0.23470116647765446], 'size': [0.033663755439403885, 0.20172185302840845, 0.0]}, 'small_block': {'pos': [0.6140097595303955, -0.3535133918987863, 0.1097032402875184], 'size': [0.04461973939918376, 0.0849493067344041, 0.09534921802665242]}}"
1.1659999999999824,0.35599982673108904,0.0,0.4,0.35299495067087494,-6.07264144322225e-08,0.39999795268380195,"{'table_obstacle': {'pos': [0.3825981920028062, 0.37518922255766707, 0.1646257963690813], 'size': [0.049837904948193595, 0.0813235869879147, 0.05243307039854257]}, 'pillar_obstacle': {'pos': [0.39994824830915515, -0.3824307480766307, 0.23470116647765446], 'size': [0.033663755439403885, 0.20172185302840845, 0.0]}, 'small_block': {'pos': [0.6140097595303955, -0.3535133918987863, 0.1097032402875184], 'size': [0.04461973939918376, 0.0849493067344041, 0.09534921802665242]}}"
1.1669999999999823,0.35599982673108904,0.0,0.4,0.35303791630845016,-6.101245781261324e-08,0.3999979668099307,"{'table_obstacle': {'pos': [0.3825981920028062, 0.37518922255766707, 0.1646257963690813], 'size': [0.049837904948193595, 0.0813235869879147, 0.05243307039854257]}, 'pillar_obstacle': {'pos': [0.39994824830915515, -0.3824307480766307, 0.23470116647765446], 'size': [0.033663755439403885, 0.20172185302840845, 0.0]}, 'small_block': {'pos': [0.6140097595303955, -0.3535133918987863, 0.1097032402875184], 'size': [0.04461973939918376, 0.0849493067344041, 0.09534921802665242]}}"
1.1679999999999822,0.35599982673108904,0.0,0.4,0.3530802678386601,-6.126197432973158e-08,0.3999979814191225,"{'table_obstacle': {'pos': [0.3825981920028062, 0.37518922255766707, 0.1646257963690813], 'size': [0.049837904948193595, 0.0813235869879147, 0.05243307039854257]}, 'pillar_obstacle': {'pos': [0.39994824830915515, -0.3824307480766307, 0.23470116647765446], 'size': [0.033663755439403885, 0.20172185302840845, 0.0]}, 'small_block': {'pos': [0.6140097595303955, -0.3535133918987863, 0.1097032402875184], 'size': [0.04461973939918376, 0.0849493067344041, 0.09534921802665242]}}"
1.168999999999982,0.35599982673108904,0.0,0.4,0.35312201400522075,-6.147575892143051e-08,0.3999979964812201,"{'table_obstacle': {'pos': [0.3825981920028062, 0.37518922255766707, 0.1646257963690813], 'size': [0.049837904948193595, 0.0813235869879147, 0.05243307039854257]}, 'pillar_obstacle': {'pos': [0.39994824830915515, -0.3824307480766307, 0.23470116647765446], 'size': [0.033663755439403885, 0.20172185302840845, 0.0]}, 'small_block': {'pos': [0.6140097595303955, -0.3535133918987863, 0.1097032402875184], 'size': [0.04461973939918376, 0.0849493067344041, 0.09534921802665242]}}"
1.169999999999982,0.35599982673108904,0.0,0.4,0.353163163433451,-6.165464408422375e-08,0.3999980119672472,"{'table_obstacle': {'pos': [0.3825981920028062, 0.37518922255766707, 0.1646257963690813], 'size': [0.049837904948193595, 0.0813235869879147, 0.05243307039854257]}, 'pillar_obstacle': {'pos': [0.39994824830915515, -0.3824307480766307, 0.23470116647765446], 'size': [0.033663755439403885, 0.20172185302840845, 0.0]}, 'small_block': {'pos': [0.6140097595303955, -0.3535133918987863, 0.1097032402875184], 'size': [0.04461973939918376, 0.0849493067344041, 0.09534921802665242]}}"
1.1709999999999818,0.35599982673108904,0.0,0.4,0.35320372463071636,-6.179948882967579e-08,0.39999802784936384,"{'table_obstacle': {'pos': [0.3825981920028062, 0.37518922255766707, 0.1646257963690813], 'size': [0.049837904948193595, 0.0813235869879147, 0.05243307039854257]}, 'pillar_obstacle': {'pos': [0.39994824830915515, -0.3824307480766307, 0.23470116647765446], 'size': [0.033663755439403885, 0.20172185302840845, 0.0]}, 'small_block': {'pos': [0.6140097595303955, -0.3535133918987863, 0.1097032402875184], 'size': [0.04461973939918376, 0.0849493067344041, 0.09534921802665242]}}"
1.1719999999999817,0.35599982673108904,0.0,0.4,0.3532437059871039,-6.191117107083542e-08,0.39999804410082535,"{'table_obstacle': {'pos': [0.3825981920028062, 0.37518922255766707, 0.1646257963690813], 'size': [0.049837904948193595, 0.0813235869879147, 0.05243307039854257]}, 'pillar_obstacle': {'pos': [0.39994824830915515, -0.3824307480766307, 0.23470116647765446], 'size': [0.033663755439403885, 0.20172185302840845, 0.0]}, 'small_block': {'pos': [0.6140097595303955, -0.3535133918987863, 0.1097032402875184], 'size': [0.04461973939918376, 0.0849493067344041, 0.09534921802665242]}}"
1.1729999999999816,0.35599982673108904,0.0,0.4,0.35328311577628096,-6.199057933119996e-08,0.39999806069594207,"{'table_obstacle': {'pos': [0.3825981920028062, 0.37518922255766707, 0.1646257963690813], 'size': [0.049837904948193595, 0.0813235869879147, 0.05243307039854257]}, 'pillar_obstacle': {'pos': [0.39994824830915515, -0.3824307480766307, 0.23470116647765446], 'size': [0.033663755439403885, 0.20172185302840845, 0.0]}, 'small_block': {'pos': [0.6140097595303955, -0.3535133918987863, 0.1097032402875184], 'size': [0.04461973939918376, 0.0849493067344041, 0.09534921802665242]}}"
1.1739999999999815,0.35599982673108904,0.0,0.4,0.35332196215649714,-6.203860782135077e-08,0.39999807761004136,"{'table_obstacle': {'pos': [0.3825981920028062, 0.37518922255766707, 0.1646257963690813], 'size': [0.049837904948193595, 0.0813235869879147, 0.05243307039854257]}, 'pillar_obstacle': {'pos': [0.39994824830915515, -0.3824307480766307, 0.23470116647765446], 'size': [0.033663755439403885, 0.20172185302840845, 0.0]}, 'small_block': {'pos': [0.6140097595303955, -0.3535133918987863, 0.1097032402875184], 'size': [0.04461973939918376, 0.0849493067344041, 0.09534921802665242]}}"
1.1749999999999814,0.35599982673108904,0.0,0.4,0.35336025317169734,-6.205615130239476e-08,0.3999980948194313,"{'table_obstacle': {'pos': [0.3825981920028062, 0.37518922255766707, 0.1646257963690813], 'size': [0.049837904948193595, 0.0813235869879147, 0.05243307039854257]}, 'pillar_obstacle': {'pos': [0.39994824830915515, -0.3824307480766307, 0.23470116647765446], 'size': [0.033663755439403885, 0.20172185302840845, 0.0]}, 'small_block': {'pos': [0.6140097595303955, -0.3535133918987863, 0.1097032402875184], 'size': [0.04461973939918376, 0.0849493067344041, 0.09534921802665242]}}"
1.1759999999999813,0.35599982673108904,0.0,0.4,0.35339799675272265,-6.204410184002639e-08,0.39999811230136506,"{'table_obstacle': {'pos': [0.3825981920028062, 0.37518922255766707, 0.1646257963690813], 'size': [0.049837904948193595, 0.0813235869879147, 0.05243307039854257]}, 'pillar_obstacle': {'pos': [0.39994824830915515, -0.3824307480766307, 0.23470116647765446], 'size': [0.033663755439403885, 0.20172185302840845, 0.0]}, 'small_block': {'pos': [0.6140097595303955, -0.3535133918987863, 0.1097032402875184], 'size': [0.04461973939918376, 0.0849493067344041, 0.09534921802665242]}}"
1.1769999999999812,0.35599982673108904,0.0,0.4,0.35343520071857376,-6.200334518163198e-08,0.39999813003400836,"{'table_obstacle': {'pos': [0.3825981920028062, 0.37518922255766707, 0.1646257963690813], 'size': [0.049837904948193595, 0.0813235869879147, 0.05243307039854257]}, 'pillar_obstacle': {'pos': [0.39994824830915515, -0.3824307480766307, 0.23470116647765446], 'size': [0.033663755439403885, 0.20172185302840845, 0.0]}, 'small_block': {'pos': [0.6140097595303955, -0.3535133918987863, 0.1097032402875184], 'size': [0.04461973939918376, 0.0849493067344041, 0.09534921802665242]}}"
1.177999999999981,0.35599982673108904,0.0,0.4,0.35347187277772685,-6.193475830576045e-08,0.39999814799640643,"{'table_obstacle': {'pos': [0.3825981920028062, 0.37518922255766707, 0.1646257963690813], 'size': [0.049837904948193595, 0.0813235869879147, 0.05243307039854257]}, 'pillar_obstacle': {'pos': [0.39994824830915515, -0.3824307480766307, 0.23470116647765446], 'size': [0.033663755439403885, 0.20172185302840845, 0.0]}, 'small_block': {'pos': [0.6140097595303955, -0.3535133918987863, 0.1097032402875184], 'size': [0.04461973939918376, 0.0849493067344041, 0.09534921802665242]}}"
1.178999999999981,0.35599982673108904,0.0,0.4,0.3535080205294813,-6.183920818906253e-08,0.3999981661684532,"{'table_obstacle': {'pos': [0.3825981920028062, 0.37518922255766707, 0.1646257963690813], 'size': [0.049837904948193595, 0.0813235869879147, 0.05243307039854257]}, 'pillar_obstacle': {'pos': [0.39994824830915515, -0.3824307480766307, 0.23470116647765446], 'size': [0.033663755439403885, 0.20172185302840845, 0.0]}, 'small_block': {'pos': [0.6140097595303955, -0.3535133918987863, 0.1097032402875184], 'size': [0.04461973939918376, 0.0849493067344041, 0.09534921802665242]}}"
1.1799999999999808,0.35599982673108904,0.0,0.4,0.35354365146533456,-6.171754943833754e-08,0.39999818453086183,"{'table_obstacle': {'pos': [0.3825981920028062, 0.37518922255766707, 0.1646257963690813], 'size': [0.049837904948193595, 0.0813235869879147, 0.05243307039854257]}, 'pillar_obstacle': {'pos': [0.39994824830915515, -0.3824307480766307, 0.23470116647765446], 'size': [0.033663755439403885, 0.20172185302840845, 0.0]}, 'small_block': {'pos': [0.6140097595303955, -0.3535133918987863, 0.1097032402875184], 'size': [0.04461973939918376, 0.0849493067344041, 0.09534921802665242]}}"
1.1809999999999807,0.35599982673108904,0.0,0.4,0.35357877297037027,-6.157062356073128e-08,0.3999982030651349,"{'table_obstacle': {'pos': [0.3825981920028062, 0.37518922255766707, 0.1646257963690813], 'size': [0.049837904948193595, 0.0813235869879147, 0.05243307039854257]}, 'pillar_obstacle': {'pos': [0.39994824830915515, -0.3824307480766307, 0.23470116647765446], 'size': [0.033663755439403885, 0.20172185302840845, 0.0]}, 'small_block': {'pos': [0.6140097595303955, -0.3535133918987863, 0.1097032402875184], 'size': [0.04461973939918376, 0.0849493067344041, 0.09534921802665242]}}"
1.1819999999999806,0.35599982673108904,0.0,0.4,0.353613392324658,-6.139925799508341e-08,0.399998221753539,"{'table_obstacle': {'pos': [0.3825981920028062, 0.37518922255766707, 0.1646257963690813], 'size': [0.049837904948193595, 0.0813235869879147, 0.05243307039854257]}, 'pillar_obstacle': {'pos': [0.39994824830915515, -0.3824307480766307, 0.23470116647765446], 'size': [0.033663755439403885, 0.20172185302840845, 0.0]}, 'small_block': {'pos': [0.6140097595303955, -0.3535133918987863, 0.1097032402875184], 'size': [0.04461973939918376, 0.0849493067344041, 0.09534921802665242]}}"
1.1829999999999805,0.35599982673108904,0.0,0.4,0.353647516704654,-6.12042650363571e-08,0.3999982405790759,"{'table_obstacle': {'pos': [0.3825981920028062, 0.37518922255766707, 0.1646257963690813], 'size': [0.049837904948193595, 0.0813235869879147, 0.05243307039854257]}, 'pillar_obstacle': {'pos': [0.39994824830915515, -0.3824307480766307, 0.23470116647765446], 'size': [0.033663755439403885, 0.20172185302840845, 0.0]}, 'small_block': {'pos': [0.6140097595303955, -0.3535133918987863, 0.1097032402875184], 'size': [0.04461973939918376, 0.0849493067344041, 0.09534921802665242]}}"
1.1839999999999804,0.35599982673108904,0.0,0.4,0.3536811531846013,-6.098644234416423e-08,0.39999825952545875,"{'table_obstacle': {'pos': [0.3825981920028062, 0.37518922255766707, 0.1646257963690813], 'size': [0.049837904948193595, 0.0813235869879147, 0.05243307039854257]}, 'pillar_obstacle': {'pos': [0.39994824830915515, -0.3824307480766307, 0.23470116647765446], 'size': [0.033663755439403885, 0.20172185302840845, 0.0]}, 'small_block': {'pos': [0.6140097595303955, -0.3535133918987863, 0.1097032402875184], 'size': [0.04461973939918376, 0.0849493067344041, 0.09534921802665242]}}"
1.1849999999999803,0.35599982673108904,0.0,0.4,0.3537143087379253,-6.074657113938331e-08,0.39999827857708514,"{'table_obstacle': {'pos': [0.3825981920028062, 0.37518922255766707, 0.1646257963690813], 'size': [0.049837904948193595, 0.0813235869879147, 0.05243307039854257]}, 'pillar_obstacle': {'pos': [0.39994824830915515, -0.3824307480766307, 0.23470116647765446], 'size': [0.033663755439403885, 0.20172185302840845, 0.0]}, 'small_block': {'pos': [0.6140097595303955, -0.3535133918987863, 0.1097032402875184], 'size': [0.04461973939918376, 0.0849493067344041, 0.09534921802665242]}}"
1.1859999999999802,0.35599982673108904,0.0,0.4,0.35374699023862133,-6.048541728991368e-08,0.3999982977190154,"{'table_obstacle': {'pos': [0.3825981920028062, 0.37518922255766707, 0.1646257963690813], 'size': [0.049837904948193595, 0.0813235869879147, 0.05243307039854257]}, 'pillar_obstacle': {'pos': [0.39994824830915515, -0.3824307480766307, 0.23470116647765446], 'size': [0.033663755439403885, 0.20172185302840845, 0.0]}, 'small_block': {'pos': [0.6140097595303955, -0.3535133918987863, 0.1097032402875184], 'size': [0.04461973939918376, 0.0849493067344041, 0.09534921802665242]}}"
1.18699999999998,0.35599982673108904,0.0,0.4,0.3537792044626333,-6.020373037894433e-08,0.39999831693694793,"{'table_obstacle': {'pos': [0.3825981920028062, 0.37518922255766707, 0.1646257963690813], 'size': [0.049837904948193595, 0.0813235869879147, 0.05243307039854257]}, 'pillar_obstacle': {'pos': [0.39994824830915515, -0.3824307480766307, 0.23470116647765446], 'size': [0.033663755439403885, 0.20172185302840845, 0.0]}, 'small_block': {'pos': [0.6140097595303955, -0.3535133918987863, 0.1097032402875184], 'size': [0.04461973939918376, 0.0849493067344041, 0.09534921802665242]}}"
1.18799999999998,0.35599982673108904,0.0,0.4,0.3538109580892189,-5.990224423220714e-08,0.39999833621719855,"{'table_obstacle': {'pos': [0.3825981920028062, 0.37518922255766707, 0.1646257963690813], 'size': [0.049837904948193595, 0.0813235869879147, 0.05243307039854257]}, 'pillar_obstacle': {'pos': [0.39994824830915515, -0.3824307480766307, 0.23470116647765446], 'size': [0.033663755439403885, 0.20172185302840845, 0.0]}, 'small_block': {'pos': [0.6140097595303955, -0.3535133918987863, 0.1097032402875184], 'size': [0.04461973939918376, 0.0849493067344041, 0.09534921802665242]}}"
1.1889999999999799,0.35599982673108904,0.0,0.4,0.3538422577023037,-5.9581676294502926e-08,0.39999835554667723,"{'table_obstacle': {'pos': [0.3825981920028062, 0.37518922255766707, 0.1646257963690813], 'size': [0.049837904948193595, 0.0813235869879147, 0.05243307039854257]}, 'pillar_obstacle': {'pos': [0.39994824830915515, -0.3824307480766307, 0.23470116647765446], 'size': [0.033663755439403885, 0.20172185302840845, 0.0]}, 'small_block': {'pos': [0.6140097595303955, -0.3535133918987863, 0.1097032402875184], 'size': [0.04461973939918376, 0.0849493067344041, 0.09534921802665242]}}"
1.1899999999999797,0.35599982673108904,0.0,0.4,0.3538731097918201,-5.924272821079287e-08,0.3999983749128684,"{'table_obstacle': {'pos': [0.3825981920028062, 0.37518922255766707, 0.1646257963690813], 'size': [0.049837904948193595, 0.0813235869879147, 0.05243307039854257]}, 'pillar_obstacle': {'pos': [0.39994824830915515, -0.3824307480766307, 0.23470116647765446], 'size': [0.033663755439403885, 0.20172185302840845, 0.0]}, 'small_block': {'pos': [0.6140097595303955, -0.3535133918987863, 0.1097032402875184], 'size': [0.04461973939918376, 0.0849493067344041, 0.09534921802665242]}}"
1.1909999999999796,0.35599982673108904,0.0,0.4,0.35390352075503134,-5.8886085881484165e-08,0.39999839430381073,"{'table_obstacle': {'pos': [0.3825981920028062, 0.37518922255766707, 0.1646257963690813], 'size': [0.049837904948193595, 0.0813235869879147, 0.05243307039854257]}, 'pillar_obstacle': {'pos': [0.39994824830915515, -0.3824307480766307, 0.23470116647765446], 'size': [0.033663755439403885, 0.20172185302840845, 0.0]}, 'small_block': {'pos': [0.6140097595303955, -0.3535133918987863, 0.1097032402875184], 'size': [0.04461973939918376, 0.0849493067344041, 0.09534921802665242]}}"
1.1919999999999795,0.35599982673108904,0.0,0.4,0.35393349689784115,-5.851241943652939e-08,0.3999984137080779,"{'table_obstacle': {'pos': [0.3825981920028062, 0.37518922255766707, 0.1646257963690813], 'size': [0.049837904948193595, 0.0813235869879147, 0.05243307039854257]}, 'pillar_obstacle': {'pos': [0.39994824830915515, -0.3824307480766307, 0.23470116647765446], 'size': [0.033663755439403885, 0.20172185302840845, 0.0]}, 'small_block': {'pos': [0.6140097595303955, -0.3535133918987863, 0.1097032402875184], 'size': [0.04461973939918376, 0.0849493067344041, 0.09534921802665242]}}"
1.1929999999999794,0.35599982673108904,0.0,0.4,0.35396304443608617,-5.812238343693973e-08,0.39999843311475863,"{'table_obstacle': {'pos': [0.3825981920028062, 0.37518922255766707, 0.1646257963690813], 'size': [0.049837904948193595, 0.0813235869879147, 0.05243307039854257]}, 'pillar_obstacle': {'pos': [0.39994824830915515, -0.3824307480766307, 0.23470116647765446], 'size': [0.033663755439403885, 0.20172185302840845, 0.0]}, 'small_block': {'pos': [0.6140097595303955, -0.3535133918987863, 0.1097032402875184], 'size': [0.04461973939918376, 0.0849493067344041, 0.09534921802665242]}}"
1.1939999999999793,0.35599982673108904,0.0,0.4,0.35399216949681334,-5.771661764125611e-08,0.39999845251344013,"{'table_obstacle': {'pos': [0.3825981920028062, 0.37518922255766707, 0.1646257963690813], 'size': [0.049837904948193595, 0.0813235869879147, 0.05243307039854257]}, 'pillar_obstacle': {'pos': [0.39994824830915515, -0.3824307480766307, 0.23470116647765446], 'size': [0.033663755439403885, 0.20172185302840845, 0.0]}, 'small_block': {'pos': [0.6140097595303955, -0.3535133918987863, 0.1097032402875184], 'size': [0.04461973939918376, 0.0849493067344041, 0.09534921802665242]}}"
1.1949999999999792,0.3599998131257012,0.0,0.4,0.3540208781195392,-5.729574587035355e-08,0.3999984718941899,"{'table_obstacle': {'pos': [0.3825981920028062, 0.37518922255766707, 0.1646257963690813], 'size': [0.049837904948193595, 0.0813235869879147, 0.05243307039854257]}, 'pillar_obstacle': {'pos': [0.39994824830915515, -0.3824307480766307, 0.23470116647765446], 'size': [0.033663755439403885, 0.20172185302840845, 0.0]}, 'small_block': {'pos': [0.6140097595303955, -0.3535133918987863, 0.1097032402875184], 'size': [0.04461973939918376, 0.0849493067344041, 0.09534921802665242]}}"
1.195999999999979,0.3599998131257012,0.0,0.4,0.35406009603632405,-4.4932912000690326e-08,0.39999846466876315,"{'table_obstacle': {'pos': [0.3825981920028062, 0.37518922255766707, 0.1646257963690813], 'size': [0.049837904948193595, 0.0813235869879147, 0.05243307039854257]}, 'pillar_obstacle': {'pos': [0.39994824830915515, -0.3824307480766307, 0.23470116647765446], 'size': [0.033663755439403885, 0.20172185302840845, 0.0]}, 'small_block': {'pos': [0.6140097595303955, -0.3535133918987863, 0.1097032402875184], 'size': [0.04461973939918376, 0.0849493067344041, 0.09534921802665242]}}"
1.196999999999979,0.3599998131257012,0.0,0.4,0.35410758786283514,-2.5631858015237344e-08,0.39999843943920277,"{'table_obstacle': {'pos': [0.3825981920028062, 0.37518922255766707, 0.1646257963690813], 'size': [0.049837904948193595, 0.0813235869879147, 0.05243307039854257]}, 'pillar_obstacle': {'pos': [0.39994824830915515, -0.3824307480766307, 0.23470116647765446], 'size': [0.033663755439403885, 0.20172185302840845, 0.0]}, 'small_block': {'pos': [0.6140097595303955, -0.3535133918987863, 0.1097032402875184], 'size': [0.04461973939918376, 0.0849493067344041, 0.09534921802665242]}}"
1.1979999999999789,0.3599998131257012,0.0,0.4,0.35416154829669744,-2.8890255299311865e-09,0.39999840227205447,"{'table_obstacle': {'pos': [0.3825981920028062, 0.37518922255766707, 0.1646257963690813], 'size': [0.049837904948193595, 0.0813235869879147, 0.05243307039854257]}, 'pillar_obstacle': {'pos': [0.39994824830915515, -0.3824307480766307, 0.23470116647765446], 'size': [0.033663755439403885, 0.20172185302840845, 0.0]}, 'small_block': {'pos': [0.6140097595303955, -0.3535133918987863, 0.1097032402875184], 'size': [0.04461973939918376, 0.0849493067344041, 0.09534921802665242]}}"
1.1989999999999787,0.3599998131257012,0.0,0.4,0.35422051997265314,2.090799928614233e-08,0.39999835747828105,"{'table_obstacle': {'pos': [0.3825981920028062, 0.37518922255766707, 0.1646257963690813], 'size': [0.049837904948193595, 0.0813235869879147, 0.05243307039854257]}, 'pillar_obstacle': {'pos': [0.39994824830915515, -0.3824307480766307, 0.23470116647765446], 'size': [0.033663755439403885, 0.20172185302840845, 0.0]}, 'small_block': {'pos': [0.6140097595303955, -0.3535133918987863, 0.1097032402875184], 'size': [0.04461973939918376, 0.0849493067344041, 0.09534921802665242]}}"
1.1999999999999786,0.3599998131257012,0.0,0.4,0.3542833269910258,4.418036669953049e-08,0.39999830814030557,"{'table_obstacle': {'pos': [0.3825981920028062, 0.37518922255766707, 0.1646257963690813], 'size': [0.049837904948193595, 0.0813235869879147, 0.05243307039854257]}, 'pillar_obstacle': {'pos': [0.39994824830915515, -0.3824307480766307, 0.23470116647765446], 'size': [0.033663755439403885, 0.20172185302840845, 0.0]}, 'small_block': {'pos': [0.6140097595303955, -0.3535133918987863, 0.1097032402875184], 'size': [0.04461973939918376, 0.0849493067344041, 0.09534921802665242]}}"
1.2009999999999785,0.3599998131257012,0.0,0.4,0.3543490211320898,6.593288269635175e-08,0.39999825647133763,"{'table_obstacle': {'pos': [0.3825981920028062, 0.37518922255766707, 0.1646257963690813], 'size': [0.049837904948193595, 0.0813235869879147, 0.05243307039854257]}, 'pillar_obstacle': {'pos': [0.39994824830915515, -0.3824307480766307, 0.23470116647765446], 'size': [0.033663755439403885, 0.20172185302840845, 0.0]}, 'small_block': {'pos': [0.6140097595303955, -0.3535133918987863, 0.1097032402875184], 'size': [0.04461973939918376, 0.0849493067344041, 0.09534921802665242]}}"
1.2019999999999784,0.3599998131257012,0.0,0.4,0.35441683833728094,8.5586062427257e-08,0.39999820406284065,"{'table_obstacle': {'pos': [0.3825981920028062, 0.37518922255766707, 0.1646257963690813], 'size': [0.049837904948193595, 0.0813235869879147, 0.05243307039854257]}, 'pillar_obstacle': {'pos': [0.39994824830915515, -0.3824307480766307, 0.23470116647765446], 'size': [0.033663755439403885, 0.20172185302840845, 0.0]}, 'small_block': {'pos': [0.6140097595303955, -0.3535133918987863, 0.1097032402875184], 'size': [0.04461973939918376, 0.0849493067344041, 0.09534921802665242]}}"
1.2029999999999783,0.3599998131257012,0.0,0.4,0.354486163498787,1.0285155554700358e-07,0.399998152056869,"{'table_obstacle': {'pos': [0.3825981920028062, 0.37518922255766707, 0.1646257963690813], 'size': [0.049837904948193595, 0.0813235869879147, 0.05243307039854257]}, 'pillar_obstacle': {'pos': [0.39994824830915515, -0.3824307480766307, 0.23470116647765446], 'size': [0.033663755439403885, 0.20172185302840845, 0.0]}, 'small_block': {'pos': [0.6140097595303955, -0.3535133918987863, 0.1097032402875184], 'size': [0.04461973939918376, 0.0849493067344041, 0.09534921802665242]}}"
1.2039999999999782,0.3599998131257012,0.0,0.4,0.3545565019721988,1.1764039418405628e-07,0.39999810126753094,"{'table_obstacle': {'pos': [0.3825981920028062, 0.37518922255766707, 0.1646257963690813], 'size': [0.049837904948193595, 0.0813235869879147, 0.05243307039854257]}, 'pillar_obstacle': {'pos': [0.39994824830915515, -0.3824307480766307, 0.23470116647765446], 'size': [0.033663755439403885, 0.20172185302840845, 0.0]}, 'small_block': {'pos': [0.6140097595303955, -0.3535133918987863, 0.1097032402875184], 'size': [0.04461973939918376, 0.0849493067344041, 0.09534921802665242]}}"
1.204999999999978,0.3599998131257012,0.0,0.4,0.3546274565291129,1.2999598627902438e-07,0.39999805226765894,"{'table_obstacle': {'pos': [0.3825981920028062, 0.37518922255766707, 0.1646257963690813], 'size': [0.049837904948193595, 0.0813235869879147, 0.05243307039854257]}, 'pillar_obstacle': {'pos': [0.39994824830915515, -0.3824307480766307, 0.23470116647765446], 'size': [0.033663755439403885, 0.20172185302840845, 0.0]}, 'small_block': {'pos': [0.6140097595303955, -0.3535133918987863, 0.1097032402875184], 'size': [0.04461973939918376, 0.0849493067344041, 0.09534921802665242]}}"
1.205999999999978,0.3599998131257012,0.0,0.4,0.35469870871127857,1.4004568064474664e-07,0.39999800545142283,"{'table_obstacle': {'pos': [0.3825981920028062, 0.37518922255766707, 0.1646257963690813], 'size': [0.049837904948193595, 0.0813235869879147, 0.05243307039854257]}, 'pillar_obstacle': {'pos': [0.39994824830915515, -0.3824307480766307, 0.23470116647765446], 'size': [0.033663755439403885, 0.20172185302840845, 0.0]}, 'small_block': {'pos': [0.6140097595303955, -0.3535133918987863, 0.1097032402875184], 'size': [0.04461973939918376, 0.0849493067344041, 0.09534921802665242]}}"
1.2069999999999779,0.3599998131257012,0.0,0.4,0.35477000374597756,1.4796620500244265e-07,0.39999796108010327,"{'table_obstacle': {'pos': [0.3825981920028062, 0.37518922255766707, 0.1646257963690813], 'size': [0.049837904948193595, 0.0813235869879147, 0.05243307039854257]}, 'pillar_obstacle': {'pos': [0.39994824830915515, -0.3824307480766307, 0.23470116647765446], 'size': [0.033663755439403885, 0.20172185302840845, 0.0]}, 'small_block': {'pos': [0.6140097595303955, -0.3535133918987863, 0.1097032402875184], 'size': [0.04461973939918376, 0.0849493067344041, 0.09534921802665242]}}"
1.2079999999999778,0.3599998131257012,0.0,0.4,0.3548411383426844,1.5395940360890423e-07,0.39999791931591994,"{'table_obstacle': {'pos': [0.3825981920028062, 0.37518922255766707, 0.1646257963690813], 'size': [0.049837904948193595, 0.0813235869879147, 0.05243307039854257]}, 'pillar_obstacle': {'pos': [0.39994824830915515, -0.3824307480766307, 0.23470116647765446], 'size': [0.033663755439403885, 0.20172185302840845, 0.0]}, 'small_block': {'pos': [0.6140097595303955, -0.3535133918987863, 0.1097032402875184], 'size': [0.04461973939918376, 0.0849493067344041, 0.09534921802665242]}}"
1.2089999999999776,0.3599998131257012,0.0,0.4,0.3549119508208236,1.582355686437646e-07,0.3999978802472748,"{'table_obstacle': {'pos': [0.3825981920028062, 0.37518922255766707, 0.1646257963690813], 'size': [0.049837904948193595, 0.0813235869879147, 0.05243307039854257]}, 'pillar_obstacle': {'pos': [0.39994824830915515, -0.3824307480766307, 0.23470116647765446], 'size': [0.033663755439403885, 0.20172185302840845, 0.0]}, 'small_block': {'pos': [0.6140097595303955, -0.3535133918987863, 0.1097032402875184], 'size': [0.04461973939918376, 0.0849493067344041, 0.09534921802665242]}}"
1.2099999999999775,0.3599998131257012,0.0,0.4,0.3549823131234746,1.6100232460766523e-07,0.3999978439077376,"{'table_obstacle': {'pos': [0.3825981920028062, 0.37518922255766707, 0.1646257963690813], 'size': [0.049837904948193595, 0.0813235869879147, 0.05243307039854257]}, 'pillar_obstacle': {'pos': [0.39994824830915515, -0.3824307480766307, 0.23470116647765446], 'size': [0.033663755439403885, 0.20172185302840845, 0.0]}, 'small_block': {'pos': [0.6140097595303955, -0.3535133918987863, 0.1097032402875184], 'size': [0.04461973939918376, 0.0849493067344041, 0.09534921802665242]}}"
1.2109999999999774,0.3599998131257012,0.0,0.4,0.3550521243568618,1.624575337982857e-07,0.3999978102904183,"{'table_obstacle': {'pos': [0.3825981920028062, 0.37518922255766707, 0.1646257963690813], 'size': [0.049837904948193595, 0.0813235869879147, 0.05243307039854257]}, 'pillar_obstacle': {'pos': [0.39994824830915515, -0.3824307480766307, 0.23470116647765446], 'size': [0.033663755439403885, 0.20172185302840845, 0.0]}, 'small_block': {'pos': [0.6140097595303955, -0.3535133918987863, 0.1097032402875184], 'size': [0.04461973939918376, 0.0849493067344041, 0.09534921802665242]}}"
1.2119999999999773,0.3599998131257012,0.0,0.4,0.3551213055642324,1.6278507473532107e-07,0.3999977793588881,"{'table_obstacle': {'pos': [0.3825981920028062, 0.37518922255766707, 0.1646257963690813], 'size': [0.049837904948193595, 0.0813235869879147, 0.05243307039854257]}, 'pillar_obstacle': {'pos': [0.39994824830915515, -0.3824307480766307, 0.23470116647765446], 'size': [0.033663755439403885, 0.20172185302840845, 0.0]}, 'small_block': {'pos': [0.6140097595303955, -0.3535133918987863, 0.1097032402875184], 'size': [0.04461973939918376, 0.0849493067344041, 0.09534921802665242]}}"
1.2129999999999772,0.3599998131257012,0.0,0.4,0.3551897954983748,1.6215264238156998e-07,0.3999977510555038,"{'table_obstacle': {'pos': [0.3825981920028062, 0.37518922255766707, 0.1646257963690813], 'size': [0.049837904948193595, 0.0813235869879147, 0.05243307039854257]}, 'pillar_obstacle': {'pos': [0.39994824830915515, -0.3824307480766307, 0.23470116647765446], 'size': [0.033663755439403885, 0.20172185302840845, 0.0]}, 'small_block': {'pos': [0.6140097595303955, -0.3535133918987863, 0.1097032402875184], 'size': [0.04461973939918376, 0.0849493067344041, 0.09534921802665242]}}"
1.213999999999977,0.3599998131257012,0.0,0.4,0.35525754720204583,1.607109433315678e-07,0.39999772530775385,"{'table_obstacle': {'pos': [0.3825981920028062, 0.37518922255766707, 0.1646257963690813], 'size': [0.049837904948193595, 0.0813235869879147, 0.05243307039854257]}, 'pillar_obstacle': {'pos': [0.39994824830915515, -0.3824307480766307, 0.23470116647765446], 'size': [0.033663755439403885, 0.20172185302840845, 0.0]}, 'small_block': {'pos': [0.6140097595303955, -0.3535133918987863, 0.1097032402875184], 'size': [0.04461973939918376, 0.0849493067344041, 0.09534921802665242]}}"
1.214999999999977,0.3599998131257012,0.0,0.4,0.35532452524200014,1.5859382272524638e-07,0.39999770203308566,"{'table_obstacle': {'pos': [0.3825981920028062, 0.37518922255766707, 0.1646257963690813], 'size': [0.049837904948193595, 0.0813235869879147, 0.05243307039854257]}, 'pillar_obstacle': {'pos': [0.39994824830915515, -0.3824307480766307, 0.23470116647765446], 'size': [0.033663755439403885, 0.20172185302840845, 0.0]}, 'small_block': {'pos': [0.6140097595303955, -0.3535133918987863, 0.1097032402875184], 'size': [0.04461973939918376, 0.0849493067344041, 0.09534921802665242]}}"
1.2159999999999769,0.3599998131257012,0.0,0.4,0.35539070347178636,1.5591899118956902e-07,0.39999768114257156,"{'table_obstacle': {'pos': [0.3825981920028062, 0.37518922255766707, 0.1646257963690813], 'size': [0.049837904948193595, 0.0813235869879147, 0.05243307039854257]}, 'pillar_obstacle': {'pos': [0.39994824830915515, -0.3824307480766307, 0.23470116647765446], 'size': [0.033663755439403885, 0.20172185302840845, 0.0]}, 'small_block': {'pos': [0.6140097595303955, -0.3535133918987863, 0.1097032402875184], 'size': [0.04461973939918376, 0.0849493067344041, 0.09534921802665242]}}"
1.2169999999999768,0.3599998131257012,0.0,0.4,0.35545606322231765,1.5278911341276788e-07,0.3999976625436693,"{'table_obstacle': {'pos': [0.3825981920028062, 0.37518922255766707, 0.1646257963690813], 'size': [0.049837904948193595, 0.0813235869879147, 0.05243307039854257]}, 'pillar_obstacle': {'pos': [0.39994824830915515, -0.3824307480766307, 0.23470116647765446], 'size': [0.033663755439403885, 0.20172185302840845, 0.0]}, 'small_block': {'pos': [0.6140097595303955, -0.3535133918987863, 0.1097032402875184], 'size': [0.04461973939918376, 0.0849493067344041, 0.09534921802665242]}}"
1.2179999999999767,0.3599998131257012,0.0,0.4,0.3555205918385076,1.4929308743756394e-07,0.3999976461422884,"{'table_obstacle': {'pos': [0.3825981920028062, 0.37518922255766707, 0.1646257963690813], 'size': [0.049837904948193595, 0.0813235869879147, 0.05243307039854257]}, 'pillar_obstacle': {'pos': [0.39994824830915515, -0.3824307480766307, 0.23470116647765446], 'size': [0.033663755439403885, 0.20172185302840845, 0.0]}, 'small_block': {'pos': [0.6140097595303955, -0.3535133918987863, 0.1097032402875184], 'size': [0.04461973939918376, 0.0849493067344041, 0.09534921802665242]}}"
1.2189999999999765,0.3599998131257012,0.0,0.4,0.35558428149587384,1.455074004598231e-07,0.3999976318443172,"{'table_obstacle': {'pos': [0.3825981920028062, 0.37518922255766707, 0.1646257963690813], 'size': [0.049837904948193595, 0.0813235869879147, 0.05243307039854257]}, 'pillar_obstacle': {'pos': [0.39994824830915515, -0.3824307480766307, 0.23470116647765446], 'size': [0.033663755439403885, 0.20172185302840845, 0.0]}, 'small_block': {'pos': [0.6140097595303955, -0.3535133918987863, 0.1097032402875184], 'size': [0.04461973939918376, 0.0849493067344041, 0.09534921802665242]}}"
1.2199999999999764,0.3599998131257012,0.0,0.4,0.35564712824363287,1.414974813637329e-07,0.399997619556734,"{'table_obstacle': {'pos': [0.3825981920028062, 0.37518922255766707, 0.1646257963690813], 'size': [0.049837904948193595, 0.0813235869879147, 0.05243307039854257]}, 'pillar_obstacle': {'pos': [0.39994824830915515, -0.3824307480766307, 0.23470116647765446], 'size': [0.033663755439403885, 0.20172185302840845, 0.0]}, 'small_block': {'pos': [0.6140097595303955, -0.3535133918987863, 0.1097032402875184], 'size': [0.04461973939918376, 0.0849493067344041, 0.09534921802665242]}}"
1.2209999999999763,0.3599998131257012,0.0,0.4,0.3557091312310224,1.3731900049114378e-07,0.39999760918839683,"{'table_obstacle': {'pos': [0.3825981920028062, 0.37518922255766707, 0.1646257963690813], 'size': [0.049837904948193595, 0.0813235869879147, 0.05243307039854257]}, 'pillar_obstacle': {'pos': [0.39994824830915515, -0.3824307480766307, 0.23470116647765446], 'size': [0.033663755439403885, 0.20172185302840845, 0.0]}, 'small_block': {'pos': [0.6140097595303955, -0.3535133918987863, 0.1097032402875184], 'size': [0.04461973939918376, 0.0849493067344041, 0.09534921802665242]}}"
1.2219999999999762,0.3599998131257012,0.0,0.4,0.3557702920818542,1.330190852343139e-07,0.3999976006505911,"{'table_obstacle': {'pos': [0.3825981920028062, 0.37518922255766707, 0.1646257963690813], 'size': [0.049837904948193595, 0.0813235869879147, 0.05243307039854257]}, 'pillar_obstacle': {'pos': [0.39994824830915515, -0.3824307480766307, 0.23470116647765446], 'size': [0.033663755439403885, 0.20172185302840845, 0.0]}, 'small_block': {'pos': [0.6140097595303955, -0.3535133918987863, 0.1097032402875184], 'size': [0.04461973939918376, 0.0849493067344041, 0.09534921802665242]}}"
1.222999999999976,0.3599998131257012,0.0,0.4,0.35583061438897995,1.2863743502179345e-07,0.3999975938573881,"{'table_obstacle': {'pos': [0.3825981920028062, 0.37518922255766707, 0.1646257963690813], 'size': [0.049837904948193595, 0.0813235869879147, 0.05243307039854257]}, 'pillar_obstacle': {'pos': [0.39994824830915515, -0.3824307480766307, 0.23470116647765446], 'size': [0.033663755439403885, 0.20172185302840845, 0.0]}, 'small_block': {'pos': [0.6140097595303955, -0.3535133918987863, 0.1097032402875184], 'size': [0.04461973939918376, 0.0849493067344041, 0.09534921802665242]}}"
1.223999999999976,0.3599998131257012,0.0,0.4,0.35589010330576426,1.2420732719140474e-07,0.39999758872586333,"{'table_obstacle': {'pos': [0.3825981920028062, 0.37518922255766707, 0.1646257963690813], 'size': [0.049837904948193595, 0.0813235869879147, 0.05243307039854257]}, 'pillar_obstacle': {'pos': [0.39994824830915515, -0.3824307480766307, 0.23470116647765446], 'size': [0.033663755439403885, 0.20172185302840845, 0.0]}, 'small_block': {'pos': [0.6140097595303955, -0.3535133918987863, 0.1097032402875184], 'size': [0.04461973939918376, 0.0849493067344041, 0.09534921802665242]}}"
1.2249999999999759,0.3599998131257012,0.0,0.4,0.3559487652160327,1.1975651702112132e-07,0.39999758517621015,"{'table_obstacle': {'pos': [0.3825981920028062, 0.37518922255766707, 0.1646257963690813], 'size': [0.049837904948193595, 0.0813235869879147, 0.05243307039854257]}, 'pillar_obstacle': {'pos': [0.39994824830915515, -0.3824307480766307, 0.23470116647765446], 'size': [0.033663755439403885, 0.20172185302840845, 0.0]}, 'small_block': {'pos': [0.6140097595303955, -0.3535133918987863, 0.1097032402875184], 'size': [0.04461973939918376, 0.0849493067344041, 0.09534921802665242]}}"
1.2259999999999758,0.3599998131257012,0.0,0.4,0.356006607467501,1.1530803121298034e-07,0.3999975831317764,"{'table_obstacle': {'pos': [0.3825981920028062, 0.37518922255766707, 0.1646257963690813], 'size': [0.049837904948193595, 0.0813235869879147, 0.05243307039854257]}, 'pillar_obstacle': {'pos': [0.39994824830915515, -0.3824307480766307, 0.23470116647765446], 'size': [0.033663755439403885, 0.20172185302840845, 0.0]}, 'small_block': {'pos': [0.6140097595303955, -0.3535133918987863, 0.1097032402875184], 'size': [0.04461973939918376, 0.0849493067344041, 0.09534921802665242]}}"
1.2269999999999757,0.3599998131257012,0.0,0.4,0.35606363815655745,1.1088086451060005e-07,0.399997582519044,"{'table_obstacle': {'pos': [0.3825981920028062, 0.37518922255766707, 0.1646257963690813], 'size': [0.049837904948193595, 0.0813235869879147, 0.05243307039854257]}, 'pillar_obstacle': {'pos': [0.39994824830915515, -0.3824307480766307, 0.23470116647765446], 'size': [0.033663755439403885, 0.20172185302840845, 0.0]}, 'small_block': {'pos': [0.6140097595303955, -0.3535133918987863, 0.1097032402875184], 'size': [0.04461973939918376, 0.0849493067344041, 0.09534921802665242]}}"
1.2279999999999756,0.3599998131257012,0.0,0.4,0.3561198659545865,1.06490586597363e-07,0.39999758326756946,"{'table_obstacle': {'pos': [0.3825981920028062, 0.37518922255766707, 0.1646257963690813], 'size': [0.049837904948193595, 0.0813235869879147, 0.05243307039854257]}, 'pillar_obstacle': {'pos': [0.39994824830915515, -0.3824307480766307, 0.23470116647765446], 'size': [0.033663755439403885, 0.20172185302840845, 0.0]}, 'small_block': {'pos': [0.6140097595303955, -0.3535133918987863, 0.1097032402875184], 'size': [0.04461973939918376, 0.0849493067344041, 0.09534921802665242]}}"
1.2289999999999754,0.3599998131257012,0.0,0.4,0.35617529996789077,1.0214986668882703e-07,0.3999975853098979,"{'table_obstacle': {'pos': [0.3825981920028062, 0.37518922255766707, 0.1646257963690813], 'size': [0.049837904948193595, 0.0813235869879147, 0.05243307039854257]}, 'pillar_obstacle': {'pos': [0.39994824830915515, -0.3824307480766307, 0.23470116647765446], 'size': [0.033663755439403885, 0.20172185302840845, 0.0]}, 'small_block': {'pos': [0.6140097595303955, -0.3535133918987863, 0.1097032402875184], 'size': [0.04461973939918376, 0.0849493067344041, 0.09534921802665242]}}"
1.2299999999999753,0.3599998131257012,0.0,0.4,0.35622994962479304,9.786892590683245e-08,0.3999975885814594,"{'table_obstacle': {'pos': [0.3825981920028062, 0.37518922255766707, 0.1646257963690813], 'size': [0.049837904948193595, 0.0813235869879147, 0.05243307039854257]}, 'pillar_obstacle': {'pos': [0.39994824830915515, -0.3824307480766307, 0.23470116647765446], 'size': [0.033663755439403885, 0.20172185302840845, 0.0]}, 'small_block': {'pos': [0.6140097595303955, -0.3535133918987863, 0.1097032402875184], 'size': [0.04461973939918376, 0.0849493067344041, 0.09534921802665242]}}"
1.2309999999999752,0.3599998131257012,0.0,0.4,0.35628382458472224,9.365592569873251e-08,0.3999975930204545,"{'table_obstacle': {'pos': [0.3825981920028062, 0.37518922255766707, 0.1646257963690813], 'size': [0.049837904948193595, 0.0813235869879147, 0.05243307039854257]}, 'pillar_obstacle': {'pos': [0.39994824830915515, -0.3824307480766307, 0.23470116647765446], 'size': [0.033663755439403885, 0.20172185302840845, 0.0]}, 'small_block': {'pos': [0.6140097595303955, -0.3535133918987863, 0.1097032402875184], 'size': [0.04461973939918376, 0.0849493067344041, 0.09534921802665242]}}"
1.2319999999999751,0.3599998131257012,0.0,0.4,0.3563369346650753,8.951729845943492e-08,0.39999759856773603,"{'table_obstacle': {'pos': [0.3825981920028062, 0.37518922255766707, 0.1646257963690813], 'size': [0.049837904948193595, 0.0813235869879147, 0.05243307039854257]}, 'pillar_obstacle': {'pos': [0.39994824830915515, -0.3824307480766307, 0.23470116647765446], 'size': [0.033663755439403885, 0.20172185302840845, 0.0]}, 'small_block': {'pos': [0.6140097595303955, -0.3535133918987863, 0.1097032402875184], 'size': [0.04461973939918376, 0.0849493067344041, 0.09534921802665242]}}"
1.232999999999975,0.3599998131257012,0.0,0.4,0.35638928978245993,8.545803012670747e-08,0.39999760516668714,"{'table_obstacle': {'pos': [0.3825981920028062, 0.37518922255766707, 0.1646257963690813], 'size': [0.049837904948193595, 0.0813235869879147, 0.05243307039854257]}, 'pillar_obstacle': {'pos': [0.39994824830915515, -0.3824307480766307, 0.23470116647765446], 'size': [0.033663755439403885, 0.20172185302840845, 0.0]}, 'small_block': {'pos': [0.6140097595303955, -0.3535133918987863, 0.1097032402875184], 'size': [0.04461973939918376, 0.0849493067344041, 0.09534921802665242]}}"
1.233999999999975,0.3599998131257012,0.0,0.4,0.35644089990556244,8.148189952715505e-08,0.39999761276310414,"{'table_obstacle': {'pos': [0.3825981920028062, 0.37518922255766707, 0.1646257963690813], 'size': [0.049837904948193595, 0.0813235869879147, 0.05243307039854257]}, 'pillar_obstacle': {'pos': [0.39994824830915515, -0.3824307480766307, 0.23470116647765446], 'size': [0.033663755439403885, 0.20172185302840845, 0.0]}, 'small_block': {'pos': [0.6140097595303955, -0.3535133918987863, 0.1097032402875184], 'size': [0.04461973939918376, 0.0849493067344041, 0.09534921802665242]}}"
1.2349999999999748,0.3599998131257012,0.0,0.4,0.3564917750174176,7.759168101240274e-08,0.3999976213050793,"{'table_obstacle': {'pos': [0.3825981920028062, 0.37518922255766707, 0.1646257963690813], 'size': [0.049837904948193595, 0.0813235869879147, 0.05243307039854257]}, 'pillar_obstacle': {'pos': [0.39994824830915515, -0.3824307480766307, 0.23470116647765446], 'size': [0.033663755439403885, 0.20172185302840845, 0.0]}, 'small_block': {'pos': [0.6140097595303955, -0.3535133918987863, 0.1097032402875184], 'size': [0.04461973939918376, 0.0849493067344041, 0.09534921802665242]}}"
1.2359999999999747,0.3599998131257012,0.0,0.4,0.3565419250852779,7.378931521591842e-08,0.3999976307428906,"{'table_obstacle': {'pos': [0.3825981920028062, 0.37518922255766707, 0.1646257963690813], 'size': [0.049837904948193595, 0.0813235869879147, 0.05243307039854257]}, 'pillar_obstacle': {'pos': [0.39994824830915515, -0.3824307480766307, 0.23470116647765446], 'size': [0.033663755439403885, 0.20172185302840845, 0.0]}, 'small_block': {'pos': [0.6140097595303955, -0.3535133918987863, 0.1097032402875184], 'size': [0.04461973939918376, 0.0849493067344041, 0.09534921802665242]}}"
1.2369999999999746,0.3599998131257012,0.0,0.4,0.35659136003662706,7.00760536414531e-08,0.399997641028895,"{'table_obstacle': {'pos': [0.3825981920028062, 0.37518922255766707, 0.1646257963690813], 'size': [0.049837904948193595, 0.0813235869879147, 0.05243307039854257]}, 'pillar_obstacle': {'pos': [0.39994824830915515, -0.3824307480766307, 0.23470116647765446], 'size': [0.033663755439403885, 0.20172185302840845, 0.0]}, 'small_block': {'pos': [0.6140097595303955, -0.3535133918987863, 0.1097032402875184], 'size': [0.04461973939918376, 0.0849493067344041, 0.09534921802665242]}}"
1.2379999999999745,0.3599998131257012,0.0,0.4,0.3566400897401573,6.64525793927677e-08,0.3999976521174291,"{'table_obstacle': {'pos': [0.3825981920028062, 0.37518922255766707, 0.1646257963690813], 'size': [0.049837904948193595, 0.0813235869879147, 0.05243307039854257]}, 'pillar_obstacle': {'pos': [0.39994824830915515, -0.3824307480766307, 0.23470116647765446], 'size': [0.033663755439403885, 0.20172185302840845, 0.0]}, 'small_block': {'pos': [0.6140097595303955, -0.3535133918987863, 0.1097032402875184], 'size': [0.04461973939918376, 0.0849493067344041, 0.09534921802665242]}}"
1.2389999999999743,0.3599998131257012,0.0,0.4,0.35668812399076044,6.291910872827785e-08,0.3999976639647129,"{'table_obstacle': {'pos': [0.3825981920028062, 0.37518922255766707, 0.1646257963690813], 'size': [0.049837904948193595, 0.0813235869879147, 0.05243307039854257]}, 'pillar_obstacle': {'pos': [0.39994824830915515, -0.3824307480766307, 0.23470116647765446], 'size': [0.033663755439403885, 0.20172185302840845, 0.0]}, 'small_block': {'pos': [0.6140097595303955, -0.3535133918987863, 0.1097032402875184], 'size': [0.04461973939918376, 0.0849493067344041, 0.09534921802665242]}}"
1.2399999999999742,0.3599998131257012,0.0,0.4,0.356735472497755,5.947547581255219e-08,0.39999767652876284,"{'table_obstacle': {'pos': [0.3825981920028062, 0.37518922255766707, 0.1646257963690813], 'size': [0.049837904948193595, 0.0813235869879147, 0.05243307039854257]}, 'pillar_obstacle': {'pos': [0.39994824830915515, -0.3824307480766307, 0.23470116647765446], 'size': [0.033663755439403885, 0.20172185302840845, 0.0]}, 'small_block': {'pos': [0.6140097595303955, -0.3535133918987863, 0.1097032402875184], 'size': [0.04461973939918376, 0.0849493067344041, 0.09534921802665242]}}"
1.2409999999999741,0.3599998131257012,0.0,0.4,0.35678214487573473,5.612120386094305e-08,0.3999976897693064,"{'table_obstacle': {'pos': [0.3825981920028062, 0.37518922255766707, 0.1646257963690813], 'size': [0.049837904948193595, 0.0813235869879147, 0.05243307039854257]}, 'pillar_obstacle': {'pos': [0.39994824830915515, -0.3824307480766307, 0.23470116647765446], 'size': [0.033663755439403885, 0.20172185302840845, 0.0]}, 'small_block': {'pos': [0.6140097595303955, -0.3535133918987863, 0.1097032402875184], 'size': [0.04461973939918376, 0.0849493067344041, 0.09534921802665242]}}"
1.241999999999974,0.3599998131257012,0.0,0.4,0.3568281506375237,5.285556446030376e-08,0.3999977036477053,"{'table_obstacle': {'pos': [0.3825981920028062, 0.37518922255766707, 0.1646257963690813], 'size': [0.049837904948193595, 0.0813235869879147, 0.05243307039854257]}, 'pillar_obstacle': {'pos': [0.39994824830915515, -0.3824307480766307, 0.23470116647765446], 'size': [0.033663755439403885, 0.20172185302840845, 0.0]}, 'small_block': {'pos': [0.6140097595303955, -0.3535133918987863, 0.1097032402875184], 'size': [0.04461973939918376, 0.0849493067344041, 0.09534921802665242]}}"
1.242999999999974,0.3599998131257012,0.0,0.4,0.35687349918883793,4.967762679097003e-08,0.3999977181268812,"{'table_obstacle': {'pos': [0.3825981920028062, 0.37518922255766707, 0.1646257963690813], 'size': [0.049837904948193595, 0.0813235869879147, 0.05243307039854257]}, 'pillar_obstacle': {'pos': [0.39994824830915515, -0.3824307480766307, 0.23470116647765446], 'size': [0.033663755439403885, 0.20172185302840845, 0.0]}, 'small_block': {'pos': [0.6140097595303955, -0.3535133918987863, 0.1097032402875184], 'size': [0.04461973939918376, 0.0849493067344041, 0.09534921802665242]}}"
1.2439999999999738,0.3599998131257012,0.0,0.4,0.356918199824318,4.658629817588005e-08,0.39999773317124787,"{'table_obstacle': {'pos': [0.3825981920028062, 0.37518922255766707, 0.1646257963690813], 'size': [0.049837904948193595, 0.0813235869879147, 0.05243307039854257]}, 'pillar_obstacle': {'pos': [0.39994824830915515, -0.3824307480766307, 0.23470116647765446], 'size': [0.033663755439403885, 0.20172185302840845, 0.0]}, 'small_block': {'pos': [0.6140097595303955, -0.3535133918987863, 0.1097032402875184], 'size': [0.04461973939918376, 0.0849493067344041, 0.09534921802665242]}}"
1.2449999999999737,0.3599998131257012,0.0,0.4,0.35696226172466894,4.3580358502364546e-08,0.3999977487466461,"{'table_obstacle': {'pos': [0.3825981920028062, 0.37518922255766707, 0.1646257963690813], 'size': [0.049837904948193595, 0.0813235869879147, 0.05243307039854257]}, 'pillar_obstacle': {'pos': [0.39994824830915515, -0.3824307480766307, 0.23470116647765446], 'size': [0.033663755439403885, 0.20172185302840845, 0.0]}, 'small_block': {'pos': [0.6140097595303955, -0.3535133918987863, 0.1097032402875184], 'size': [0.04461973939918376, 0.0849493067344041, 0.09534921802665242]}}"
1.2459999999999736,0.3599998131257012,0.0,0.4,0.3570056939546878,4.065848823555088e-08,0.39999776482028426,"{'table_obstacle': {'pos': [0.3825981920028062, 0.37518922255766707, 0.1646257963690813], 'size': [0.049837904948193595, 0.0813235869879147, 0.05243307039854257]}, 'pillar_obstacle': {'pos': [0.39994824830915515, -0.3824307480766307, 0.23470116647765446], 'size': [0.033663755439403885, 0.20172185302840845, 0.0]}, 'small_block': {'pos': [0.6140097595303955, -0.3535133918987863, 0.1097032402875184], 'size': [0.04461973939918376, 0.0849493067344041, 0.09534921802665242]}}"
1.2469999999999735,0.3599998131257012,0.0,0.4,0.35704850546200817,3.781929164941579e-08,0.39999778136068054,"{'table_obstacle': {'pos': [0.3825981920028062, 0.37518922255766707, 0.1646257963690813], 'size': [0.049837904948193595, 0.0813235869879147, 0.05243307039854257]}, 'pillar_obstacle': {'pos': [0.39994824830915515, -0.3824307480766307, 0.23470116647765446], 'size': [0.033663755439403885, 0.20172185302840845, 0.0]}, 'small_block': {'pos': [0.6140097595303955, -0.3535133918987863, 0.1097032402875184], 'size': [0.04461973939918376, 0.0849493067344041, 0.09534921802665242]}}"
1.2479999999999734,0.3599998131257012,0.0,0.4,0.35709070507641716,3.506131612410844e-08,0.3999977983376093,"{'table_obstacle': {'pos': [0.3825981920028062, 0.37518922255766707, 0.1646257963690813], 'size': [0.049837904948193595, 0.0813235869879147, 0.05243307039854257]}, 'pillar_obstacle': {'pos': [0.39994824830915515, -0.3824307480766307, 0.23470116647765446], 'size': [0.033663755439403885, 0.20172185302840845, 0.0]}, 'small_block': {'pos': [0.6140097595303955, -0.3535133918987863, 0.1097032402875184], 'size': [0.04461973939918376, 0.0849493067344041, 0.09534921802665242]}}"
1.2489999999999732,0.3599998131257012,0.0,0.4,0.35713230150963177,3.2383067800009e-08,0.3999978157220529,"{'table_obstacle': {'pos': [0.3825981920028062, 0.37518922255766707, 0.1646257963690813], 'size': [0.049837904948193595, 0.0813235869879147, 0.05243307039854257]}, 'pillar_obstacle': {'pos': [0.39994824830915515, -0.3824307480766307, 0.23470116647765446], 'size': [0.033663755439403885, 0.20172185302840845, 0.0]}, 'small_block': {'pos': [0.6140097595303955, -0.3535133918987863, 0.1097032402875184], 'size': [0.04461973939918376, 0.0849493067344041, 0.09534921802665242]}}"
1.2499999999999731,0.3599998131257012,0.0,0.4,0.3571733033554436,2.9783024327219472e-08,0.3999978334861513,"{'table_obstacle': {'pos': [0.3825981920028062, 0.37518922255766707, 0.1646257963690813], 'size': [0.049837904948193595, 0.0813235869879147, 0.05243307039854257]}, 'pillar_obstacle': {'pos': [0.39994824830915515, -0.3824307480766307, 0.23470116647765446], 'size': [0.033663755439403885, 0.20172185302840845, 0.0]}, 'small_block': {'pos': [0.6140097595303955, -0.3535133918987863, 0.1097032402875184], 'size': [0.04461973939918376, 0.0849493067344041, 0.09534921802665242]}}"
1.250999999999973,0.3599998131257012,0.0,0.4,0.3572137190901528,2.725964647087105e-08,0.39999785160315876,"{'table_obstacle': {'pos': [0.3825981920028062, 0.37518922255766707, 0.1646257963690813], 'size': [0.049837904948193595, 0.0813235869879147, 0.05243307039854257]}, 'pillar_obstacle': {'pos': [0.39994824830915515, -0.3824307480766307, 0.23470116647765446], 'size': [0.033663755439403885, 0.20172185302840845, 0.0]}, 'small_block': {'pos': [0.6140097595303955, -0.3535133918987863, 0.1097032402875184], 'size': [0.04461973939918376, 0.0849493067344041, 0.09534921802665242]}}"
1.251999999999973,0.3599998131257012,0.0,0.4,0.3572535570732381,2.4811385405054136e-08,0.3999978700474007,"{'table_obstacle': {'pos': [0.3825981920028062, 0.37518922255766707, 0.1646257963690813], 'size': [0.049837904948193595, 0.0813235869879147, 0.05243307039854257]}, 'pillar_obstacle': {'pos': [0.39994824830915515, -0.3824307480766307, 0.23470116647765446], 'size': [0.033663755439403885, 0.20172185302840845, 0.0]}, 'small_block': {'pos': [0.6140097595303955, -0.3535133918987863, 0.1097032402875184], 'size': [0.04461973939918376, 0.0849493067344041, 0.09534921802665242]}}"
1.2529999999999728,0.3599998131257012,0.0,0.4,0.35729282554820596,2.2436691296994046e-08,0.39999788879423326,"{'table_obstacle': {'pos': [0.3825981920028062, 0.37518922255766707, 0.1646257963690813], 'size': [0.049837904948193595, 0.0813235869879147, 0.05243307039854257]}, 'pillar_obstacle': {'pos': [0.39994824830915515, -0.3824307480766307, 0.23470116647765446], 'size': [0.033663755439403885, 0.20172185302840845, 0.0]}, 'small_block': {'pos': [0.6140097595303955, -0.3535133918987863, 0.1097032402875184], 'size': [0.04461973939918376, 0.0849493067344041, 0.09534921802665242]}}"
1.2539999999999727,0.3599998131257012,0.0,0.4,0.35733153264358664,2.013401787112375e-08,0.39999790782000516,"{'table_obstacle': {'pos': [0.3825981920028062, 0.37518922255766707, 0.1646257963690813], 'size': [0.049837904948193595, 0.0813235869879147, 0.05243307039854257]}, 'pillar_obstacle': {'pos': [0.39994824830915515, -0.3824307480766307, 0.23470116647765446], 'size': [0.033663755439403885, 0.20172185302840845, 0.0]}, 'small_block': {'pos': [0.6140097595303955, -0.3535133918987863, 0.1097032402875184], 'size': [0.04461973939918376, 0.0849493067344041, 0.09534921802665242]}}"
1.2549999999999726,0.3599998131257012,0.0,0.4,0.35736968637404015,1.7901827423775962e-08,0.3999979271020203,"{'table_obstacle': {'pos': [0.3825981920028062, 0.37518922255766707, 0.1646257963690813], 'size': [0.049837904948193595, 0.0813235869879147, 0.05243307039854257]}, 'pillar_obstacle': {'pos': [0.39994824830915515, -0.3824307480766307, 0.23470116647765446], 'size': [0.033663755439403885, 0.20172185302840845, 0.0]}, 'small_block': {'pos': [0.6140097595303955, -0.3535133918987863, 0.1097032402875184], 'size': [0.04461973939918376, 0.0849493067344041, 0.09534921802665242]}}"
1.2559999999999725,0.3599998131257012,0.0,0.4,0.3574072946415505,1.5738595200435834e-08,0.3999979466185031,"{'table_obstacle': {'pos': [0.3825981920028062, 0.37518922255766707, 0.1646257963690813], 'size': [0.049837904948193595, 0.0813235869879147, 0.05243307039854257]}, 'pillar_obstacle': {'pos': [0.39994824830915515, -0.3824307480766307, 0.23470116647765446], 'size': [0.033663755439403885, 0.20172185302840845, 0.0]}, 'small_block': {'pos': [0.6140097595303955, -0.3535133918987863, 0.1097032402875184], 'size': [0.04461973939918376, 0.0849493067344041, 0.09534921802665242]}}"
1.2569999999999724,0.3599998131257012,0.0,0.4,0.357444365236682,1.3642811221524673e-08,0.39999796634856516,"{'table_obstacle': {'pos': [0.3825981920028062, 0.37518922255766707, 0.1646257963690813], 'size': [0.049837904948193595, 0.0813235869879147, 0.05243307039854257]}, 'pillar_obstacle': {'pos': [0.39994824830915515, -0.3824307480766307, 0.23470116647765446], 'size': [0.033663755439403885, 0.20172185302840845, 0.0]}, 'small_block': {'pos': [0.6140097595303955, -0.3535133918987863, 0.1097032402875184], 'size': [0.04461973939918376, 0.0849493067344041, 0.09534921802665242]}}"
1.2579999999999723,0.3599998131257012,0.0,0.4,0.35748090583988973,1.161298389288221e-08,0.3999979862721736,"{'table_obstacle': {'pos': [0.3825981920028062, 0.37518922255766707, 0.1646257963690813], 'size': [0.049837904948193595, 0.0813235869879147, 0.05243307039854257]}, 'pillar_obstacle': {'pos': [0.39994824830915515, -0.3824307480766307, 0.23470116647765446], 'size': [0.033663755439403885, 0.20172185302840845, 0.0]}, 'small_block': {'pos': [0.6140097595303955, -0.3535133918987863, 0.1097032402875184], 'size': [0.04461973939918376, 0.0849493067344041, 0.09534921802665242]}}"
1.2589999999999721,0.3599998131257012,0.0,0.4,0.35751692402285995,9.647640705658806e-09,0.3999980063701189,"{'table_obstacle': {'pos': [0.3825981920028062, 0.37518922255766707, 0.1646257963690813], 'size': [0.049837904948193595, 0.0813235869879147, 0.05243307039854257]}, 'pillar_obstacle': {'pos': [0.39994824830915515, -0.3824307480766307, 0.23470116647765446], 'size': [0.033663755439403885, 0.20172185302840845, 0.0]}, 'small_block': {'pos': [0.6140097595303955, -0.3535133918987863, 0.1097032402875184], 'size': [0.04461973939918376, 0.0849493067344041, 0.09534921802665242]}}"
1.259999999999972,0.3599998131257012,0.0,0.4,0.35755242724987923,7.745330264553642e-09,0.3999980266239873,"{'table_obstacle': {'pos': [0.3825981920028062, 0.37518922255766707, 0.1646257963690813], 'size': [0.049837904948193595, 0.0813235869879147, 0.05243307039854257]}, 'pillar_obstacle': {'pos': [0.39994824830915515, -0.3824307480766307, 0.23470116647765446], 'size': [0.033663755439403885, 0.20172185302840845, 0.0]}, 'small_block': {'pos': [0.6140097595303955, -0.3535133918987863, 0.1097032402875184], 'size': [0.04461973939918376, 0.0849493067344041, 0.09534921802665242]}}"
1.260999999999972,0.3599998131257012,0.0,0.4,0.357587422879217,5.904623940259201e-09,0.39999804701613156,"{'table_obstacle': {'pos': [0.3825981920028062, 0.37518922255766707, 0.1646257963690813], 'size': [0.049837904948193595, 0.0813235869879147, 0.05243307039854257]}, 'pillar_obstacle': {'pos': [0.39994824830915515, -0.3824307480766307, 0.23470116647765446], 'size': [0.033663755439403885, 0.20172185302840845, 0.0]}, 'small_block': {'pos': [0.6140097595303955, -0.3535133918987863, 0.1097032402875184], 'size': [0.04461973939918376, 0.0849493067344041, 0.09534921802665242]}}"
1.2619999999999718,0.3599998131257012,0.0,0.4,0.35762191816451805,4.124115311070267e-09,0.39999806752964434,"{'table_obstacle': {'pos': [0.3825981920028062, 0.37518922255766707, 0.1646257963690813], 'size': [0.049837904948193595, 0.0813235869879147, 0.05243307039854257]}, 'pillar_obstacle': {'pos': [0.39994824830915515, -0.3824307480766307, 0.23470116647765446], 'size': [0.033663755439403885, 0.20172185302840845, 0.0]}, 'small_block': {'pos': [0.6140097595303955, -0.3535133918987863, 0.1097032402875184], 'size': [0.04461973939918376, 0.0849493067344041, 0.09534921802665242]}}"
1.2629999999999717,0.3599998131257012,0.0,0.4,0.3576559202561987,2.4024220140701895e-09,0.39999808814833104,"{'table_obstacle': {'pos': [0.3825981920028062, 0.37518922255766707, 0.1646257963690813], 'size': [0.049837904948193595, 0.0813235869879147, 0.05243307039854257]}, 'pillar_obstacle': {'pos': [0.39994824830915515, -0.3824307480766307, 0.23470116647765446], 'size': [0.033663755439403885, 0.20172185302840845, 0.0]}, 'small_block': {'pos': [0.6140097595303955, -0.3535133918987863, 0.1097032402875184], 'size': [0.04461973939918376, 0.0849493067344041, 0.09534921802665242]}}"
1.2639999999999716,0.3599998131257012,0.0,0.4,0.35768943620284027,7.381853148919882e-10,0.39999810885668585,"{'table_obstacle': {'pos': [0.3825981920028062, 0.37518922255766707, 0.1646257963690813], 'size': [0.049837904948193595, 0.0813235869879147, 0.05243307039854257]}, 'pillar_obstacle': {'pos': [0.39994824830915515, -0.3824307480766307, 0.23470116647765446], 'size': [0.033663755439403885, 0.20172185302840845, 0.0]}, 'small_block': {'pos': [0.6140097595303955, -0.3535133918987863, 0.1097032402875184], 'size': [0.04461973939918376, 0.0849493067344041, 0.09534921802665242]}}"
1.2649999999999715,0.3599998131257012,0.0,0.4,0.3577224729525796,-8.699290222986595e-10,0.3999981296398667,"{'table_obstacle': {'pos': [0.3825981920028062, 0.37518922255766707, 0.1646257963690813], 'size': [0.049837904948193595, 0.0813235869879147, 0.05243307039854257]}, 'pillar_obstacle': {'pos': [0.39994824830915515, -0.3824307480766307, 0.23470116647765446], 'size': [0.033663755439403885, 0.20172185302840845, 0.0]}, 'small_block': {'pos': [0.6140097595303955, -0.3535133918987863, 0.1097032402875184], 'size': [0.04461973939918376, 0.0849493067344041, 0.09534921802665242]}}"
1.2659999999999714,0.3599998131257012,0.0,0.4,0.35775503735449127,-2.4232314636886643e-09,0.3999981504836728,"{'table_obstacle': {'pos': [0.3825981920028062, 0.37518922255766707, 0.1646257963690813], 'size': [0.049837904948193595, 0.0813235869879147, 0.05243307039854257]}, 'pillar_obstacle': {'pos': [0.39994824830915515, -0.3824307480766307, 0.23470116647765446], 'size': [0.033663755439403885, 0.20172185302840845, 0.0]}, 'small_block': {'pos': [0.6140097595303955, -0.3535133918987863, 0.1097032402875184], 'size': [0.04461973939918376, 0.0849493067344041, 0.09534921802665242]}}"
1.2669999999999713,0.3599998131257012,0.0,0.4,0.35778713615995983,-3.923007680657201e-09,0.39999817137452087,"{'table_obstacle': {'pos': [0.3825981920028062, 0.37518922255766707, 0.1646257963690813], 'size': [0.049837904948193595, 0.0813235869879147, 0.05243307039854257]}, 'pillar_obstacle': {'pos': [0.39994824830915515, -0.3824307480766307, 0.23470116647765446], 'size': [0.033663755439403885, 0.20172185302840845, 0.0]}, 'small_block': {'pos': [0.6140097595303955, -0.3535133918987863, 0.1097032402875184], 'size': [0.04461973939918376, 0.0849493067344041, 0.09534921802665242]}}"
1.2679999999999712,0.3599998131257012,0.0,0.4,0.35781877602404055,-5.370519211727245e-09,0.39999819229942474,"{'table_obstacle': {'pos': [0.3825981920028062, 0.37518922255766707, 0.1646257963690813], 'size': [0.049837904948193595, 0.0813235869879147, 0.05243307039854257]}, 'pillar_obstacle': {'pos': [0.39994824830915515, -0.3824307480766307, 0.23470116647765446], 'size': [0.033663755439403885, 0.20172185302840845, 0.0]}, 'small_block': {'pos': [0.6140097595303955, -0.3535133918987863, 0.1097032402875184], 'size': [0.04461973939918376, 0.0849493067344041, 0.09534921802665242]}}"
1.268999999999971,0.3599998131257012,0.0,0.4,0.3578499635068079,-6.76700384904217e-09,0.3999982132459733,"{'table_obstacle': {'pos': [0.3825981920028062, 0.37518922255766707, 0.1646257963690813], 'size': [0.049837904948193595, 0.0813235869879147, 0.05243307039854257]}, 'pillar_obstacle': {'pos': [0.39994824830915515, -0.3824307480766307, 0.23470116647765446], 'size': [0.033663755439403885, 0.20172185302840845, 0.0]}, 'small_block': {'pos': [0.6140097595303955, -0.3535133918987863, 0.1097032402875184], 'size': [0.04461973939918376, 0.0849493067344041, 0.09534921802665242]}}"
1.269999999999971,0.3599998131257012,0.0,0.4,0.357880705074689,-8.113675200673065e-09,0.39999823420231073,"{'table_obstacle': {'pos': [0.3825981920028062, 0.37518922255766707, 0.1646257963690813], 'size': [0.049837904948193595, 0.0813235869879147, 0.05243307039854257]}, 'pillar_obstacle': {'pos': [0.39994824830915515, -0.3824307480766307, 0.23470116647765446], 'size': [0.033663755439403885, 0.20172185302840845, 0.0]}, 'small_block': {'pos': [0.6140097595303955, -0.3535133918987863, 0.1097032402875184], 'size': [0.04461973939918376, 0.0849493067344041, 0.09534921802665242]}}"
1.2709999999999708,0.3599998131257012,0.0,0.4,0.35791100710178303,-9.411723433931306e-09,0.399998255157117,"{'table_obstacle': {'pos': [0.3825981920028062, 0.37518922255766707, 0.1646257963690813], 'size': [0.049837904948193595, 0.0813235869879147, 0.05243307039854257]}, 'pillar_obstacle': {'pos': [0.39994824830915515, -0.3824307480766307, 0.23470116647765446], 'size': [0.033663755439403885, 0.20172185302840845, 0.0]}, 'small_block': {'pos': [0.6140097595303955, -0.3535133918987863, 0.1097032402875184], 'size': [0.04461973939918376, 0.0849493067344041, 0.09534921802665242]}}"
1.2719999999999707,0.3599998131257012,0.0,0.4,0.3579408758711659,-1.0662314774611386e-08,0.39999827609958866,"{'table_obstacle': {'pos': [0.3825981920028062, 0.37518922255766707, 0.1646257963690813], 'size': [0.049837904948193595, 0.0813235869879147, 0.05243307039854257]}, 'pillar_obstacle': {'pos': [0.39994824830915515, -0.3824307480766307, 0.23470116647765446], 'size': [0.033663755439403885, 0.20172185302840845, 0.0]}, 'small_block': {'pos': [0.6140097595303955, -0.3535133918987863, 0.1097032402875184], 'size': [0.04461973939918376, 0.0849493067344041, 0.09534921802665242]}}"
1.2729999999999706,0.3599998131257012,0.0,0.4,0.35797031757617714,-1.1866593371760182e-08,0.3999982970194212,"{'table_obstacle': {'pos': [0.3825981920028062, 0.37518922255766707, 0.1646257963690813], 'size': [0.049837904948193595, 0.0813235869879147, 0.05243307039854257]}, 'pillar_obstacle': {'pos': [0.39994824830915515, -0.3824307480766307, 0.23470116647765446], 'size': [0.033663755439403885, 0.20172185302840845, 0.0]}, 'small_block': {'pos': [0.6140097595303955, -0.3535133918987863, 0.1097032402875184], 'size': [0.04461973939918376, 0.0849493067344041, 0.09534921802665242]}}"
1.2739999999999705,0.3639997993326542,0.0,0.4,0.3579993383216923,-1.3025679441078326e-08,0.3999983179067903,"{'table_obstacle': {'pos': [0.3825981920028062, 0.37518922255766707, 0.1646257963690813], 'size': [0.049837904948193595, 0.0813235869879147, 0.05243307039854257]}, 'pillar_obstacle': {'pos': [0.39994824830915515, -0.3824307480766307, 0.23470116647765446], 'size': [0.033663755439403885, 0.20172185302840845, 0.0]}, 'small_block': {'pos': [0.6140097595303955, -0.3535133918987863, 0.1097032402875184], 'size': [0.04461973939918376, 0.0849493067344041, 0.09534921802665242]}}"
1.2749999999999704,0.3639997993326542,0.0,0.4,0.3580388628298752,-2.0120136345872895e-09,0.399998310415084,"{'table_obstacle': {'pos': [0.3825981920028062, 0.37518922255766707, 0.1646257963690813], 'size': [0.049837904948193595, 0.0813235869879147, 0.05243307039854257]}, 'pillar_obstacle': {'pos': [0.39994824830915515, -0.3824307480766307, 0.23470116647765446], 'size': [0.033663755439403885, 0.20172185302840845, 0.0]}, 'small_block': {'pos': [0.6140097595303955, -0.3535133918987863, 0.1097032402875184], 'size': [0.04461973939918376, 0.0849493067344041, 0.09534921802665242]}}"
1.2759999999999703,0.3639997993326542,0.0,0.4,0.3580866561649515,1.608904068969866e-08,0.3999982838463334,"{'table_obstacle': {'pos': [0.3825981920028062, 0.37518922255766707, 0.1646257963690813], 'size': [0.049837904948193595, 0.0813235869879147, 0.05243307039854257]}, 'pillar_obstacle': {'pos': [0.39994824830915515, -0.3824307480766307, 0.23470116647765446], 'size': [0.033663755439403885, 0.20172185302840845, 0.0]}, 'small_block': {'pos': [0.6140097595303955, -0.3535133918987863, 0.1097032402875184], 'size': [0.04461973939918376, 0.0849493067344041, 0.09534921802665242]}}"
1.2769999999999702,0.3639997993326542,0.0,0.4,0.35814091336178633,3.772287007984334e-08,0.3999982447694559,"{'table_obstacle': {'pos': [0.3825981920028062, 0.37518922255766707, 0.1646257963690813], 'size': [0.049837904948193595, 0.0813235869879147, 0.05243307039854257]}, 'pillar_obstacle': {'pos': [0.39994824830915515, -0.3824307480766307, 0.23470116647765446], 'size': [0.033663755439403885, 0.20172185302840845, 0.0]}, 'small_block': {'pos': [0.6140097595303955, -0.3535133918987863, 0.1097032402875184], 'size': [0.04461973939918376, 0.0849493067344041, 0.09534921802665242]}}"
1.27799999999997,0.3639997993326542,0.0,0.4,0.35820017731087267,6.046123193891428e-08,0.39999819784772084,"{'table_obstacle': {'pos': [0.3825981920028062, 0.37518922255766707, 0.1646257963690813], 'size': [0.049837904948193595, 0.0813235869879147, 0.05243307039854257]}, 'pillar_obstacle': {'pos': [0.39994824830915515, -0.3824307480766307, 0.23470116647765446], 'size': [0.033663755439403885, 0.20172185302840845, 0.0]}, 'small_block': {'pos': [0.6140097595303955, -0.3535133918987863, 0.1097032402875184], 'size': [0.04461973939918376, 0.0849493067344041, 0.09534921802665242]}}"
1.27899999999997,0.3639997993326542,0.0,0.4,0.3582632723086211,8.269760024630458e-08,0.39999814640322706,"{'table_obstacle': {'pos': [0.3825981920028062, 0.37518922255766707, 0.1646257963690813], 'size': [0.049837904948193595, 0.0813235869879147, 0.05243307039854257]}, 'pillar_obstacle': {'pos': [0.39994824830915515, -0.3824307480766307, 0.23470116647765446], 'size': [0.033663755439403885, 0.20172185302840845, 0.0]}, 'small_block': {'pos': [0.6140097595303955, -0.3535133918987863, 0.1097032402875184], 'size': [0.04461973939918376, 0.0849493067344041, 0.09534921802665242]}}"
1.2799999999999698,0.3639997993326542,0.0,0.4,0.3583292502877438,1.0341863782146236e-07,0.39999809280539267,"{'table_obstacle': {'pos': [0.3825981920028062, 0.37518922255766707, 0.1646257963690813], 'size': [0.049837904948193595, 0.0813235869879147, 0.05243307039854257]}, 'pillar_obstacle': {'pos': [0.39994824830915515, -0.3824307480766307, 0.23470116647765446], 'size': [0.033663755439403885, 0.20172185302840845, 0.0]}, 'small_block': {'pos': [0.6140097595303955, -0.3535133918987863, 0.1097032402875184], 'size': [0.04461973939918376, 0.0849493067344041, 0.09534921802665242]}}"
1.2809999999999697,0.3639997993326542,0.0,0.4,0.35839734731024875,1.2203363686223231e-07,0.39999803874091094,"{'table_obstacle': {'pos': [0.3825981920028062, 0.37518922255766707, 0.1646257963690813], 'size': [0.049837904948193595, 0.0813235869879147, 0.05243307039854257]}, 'pillar_obstacle': {'pos': [0.39994824830915515, -0.3824307480766307, 0.23470116647765446], 'size': [0.033663755439403885, 0.20172185302840845, 0.0]}, 'small_block': {'pos': [0.6140097595303955, -0.3535133918987863, 0.1097032402875184], 'size': [0.04461973939918376, 0.0849493067344041, 0.09534921802665242]}}"
1.2819999999999696,0.3639997993326542,0.0,0.4,0.3584669483657113,1.3824797619244268e-07,0.399997985403273,"{'table_obstacle': {'pos': [0.3825981920028062, 0.37518922255766707, 0.1646257963690813], 'size': [0.049837904948193595, 0.0813235869879147, 0.05243307039854257]}, 'pillar_obstacle': {'pos': [0.39994824830915515, -0.3824307480766307, 0.23470116647765446], 'size': [0.033663755439403885, 0.20172185302840845, 0.0]}, 'small_block': {'pos': [0.6140097595303955, -0.3535133918987863, 0.1097032402875184], 'size': [0.04461973939918376, 0.0849493067344041, 0.09534921802665242]}}"
1.2829999999999695,0.3639997993326542,0.0,0.4,0.35853755889032135,1.519698956360922e-07,0.3999979336272303,"{'table_obstacle': {'pos': [0.3825981920028062, 0.37518922255766707, 0.1646257963690813], 'size': [0.049837904948193595, 0.0813235869879147, 0.05243307039854257]}, 'pillar_obstacle': {'pos': [0.39994824830915515, -0.3824307480766307, 0.23470116647765446], 'size': [0.033663755439403885, 0.20172185302840845, 0.0]}, 'small_block': {'pos': [0.6140097595303955, -0.3535133918987863, 0.1097032402875184], 'size': [0.04461973939918376, 0.0849493067344041, 0.09534921802665242]}}"
1.2839999999999694,0.3639997993326542,0.0,0.4,0.3586087817241951,1.6324239229380923e-07,0.39999788398519676,"{'table_obstacle': {'pos': [0.3825981920028062, 0.37518922255766707, 0.1646257963690813], 'size': [0.049837904948193595, 0.0813235869879147, 0.05243307039854257]}, 'pillar_obstacle': {'pos': [0.39994824830915515, -0.3824307480766307, 0.23470116647765446], 'size': [0.033663755439403885, 0.20172185302840845, 0.0]}, 'small_block': {'pos': [0.6140097595303955, -0.3535133918987863, 0.1097032402875184], 'size': [0.04461973939918376, 0.0849493067344041, 0.09534921802665242]}}"
1.2849999999999693,0.3639997993326542,0.0,0.4,0.35868029846898003,1.7219397847589706e-07,0.39999783685706886,"{'table_obstacle': {'pos': [0.3825981920028062, 0.37518922255766707, 0.1646257963690813], 'size': [0.049837904948193595, 0.0813235869879147, 0.05243307039854257]}, 'pillar_obstacle': {'pos': [0.39994824830915515, -0.3824307480766307, 0.23470116647765446], 'size': [0.033663755439403885, 0.20172185302840845, 0.0]}, 'small_block': {'pos': [0.6140097595303955, -0.3535133918987863, 0.1097032402875184], 'size': [0.04461973939918376, 0.0849493067344041, 0.09534921802665242]}}"
1.2859999999999692,0.3639997993326542,0.0,0.4,0.358751854405766,1.7900353067165909e-07,0.39999779248126405,"{'table_obstacle': {'pos': [0.3825981920028062, 0.37518922255766707, 0.1646257963690813], 'size': [0.049837904948193595, 0.0813235869879147, 0.05243307039854257]}, 'pillar_obstacle': {'pos': [0.39994824830915515, -0.3824307480766307, 0.23470116647765446], 'size': [0.033663755439403885, 0.20172185302840845, 0.0]}, 'small_block': {'pos': [0.6140097595303955, -0.3535133918987863, 0.1097032402875184], 'size': [0.04461973939918376, 0.0849493067344041, 0.09534921802665242]}}"
1.286999999999969,0.3639997993326542,0.0,0.4,0.35882324629358553,1.838756032211456e-07,0.39999775099233553,"{'table_obstacle': {'pos': [0.3825981920028062, 0.37518922255766707, 0.1646257963690813], 'size': [0.049837904948193595, 0.0813235869879147, 0.05243307039854257]}, 'pillar_obstacle': {'pos': [0.39994824830915515, -0.3824307480766307, 0.23470116647765446], 'size': [0.033663755439403885, 0.20172185302840845, 0.0]}, 'small_block': {'pos': [0.6140097595303955, -0.3535133918987863, 0.1097032402875184], 'size': [0.04461973939918376, 0.0849493067344041, 0.09534921802665242]}}"
1.287999999999969,0.3639997993326542,0.0,0.4,0.3588943124985002,1.870234606002643e-07,0.3999977124488899,"{'table_obstacle': {'pos': [0.3825981920028062, 0.37518922255766707, 0.1646257963690813], 'size': [0.049837904948193595, 0.0813235869879147, 0.05243307039854257]}, 'pillar_obstacle': {'pos': [0.39994824830915515, -0.3824307480766307, 0.23470116647765446], 'size': [0.033663755439403885, 0.20172185302840845, 0.0]}, 'small_block': {'pos': [0.6140097595303955, -0.3535133918987863, 0.1097032402875184], 'size': [0.04461973939918376, 0.0849493067344041, 0.09534921802665242]}}"
1.2889999999999688,0.3639997993326542,0.0,0.4,0.35896492500825616,1.8865775442220066e-07,0.3999976768544097,"{'table_obstacle': {'pos': [0.3825981920028062, 0.37518922255766707, 0.1646257963690813], 'size': [0.049837904948193595, 0.0813235869879147, 0.05243307039854257]}, 'pillar_obstacle': {'pos': [0.39994824830915515, -0.3824307480766307, 0.23470116647765446], 'size': [0.033663755439403885, 0.20172185302840845, 0.0]}, 'small_block': {'pos': [0.6140097595303955, -0.3535133918987863, 0.1097032402875184], 'size': [0.04461973939918376, 0.0849493067344041, 0.09534921802665242]}}"
1.2899999999999687,0.3639997993326542,0.0,0.4,0.3590349829724433,1.889792904127426e-07,0.3999976441728463,"{'table_obstacle': {'pos': [0.3825981920028062, 0.37518922255766707, 0.1646257963690813], 'size': [0.049837904948193595, 0.0813235869879147, 0.05243307039854257]}, 'pillar_obstacle': {'pos': [0.39994824830915515, -0.3824307480766307, 0.23470116647765446], 'size': [0.033663755439403885, 0.20172185302840845, 0.0]}, 'small_block': {'pos': [0.6140097595303955, -0.3535133918987863, 0.1097032402875184], 'size': [0.04461973939918376, 0.0849493067344041, 0.09534921802665242]}}"
1.2909999999999686,0.3639997993326542,0.0,0.4,0.35910440747683603,1.8817471829997056e-07,0.39999761434031295,"{'table_obstacle': {'pos': [0.3825981920028062, 0.37518922255766707, 0.1646257963690813], 'size': [0.049837904948193595, 0.0813235869879147, 0.05243307039854257]}, 'pillar_obstacle': {'pos': [0.39994824830915515, -0.3824307480766307, 0.23470116647765446], 'size': [0.033663755439403885, 0.20172185302840845, 0.0]}, 'small_block': {'pos': [0.6140097595303955, -0.3535133918987863, 0.1097032402875184], 'size': [0.04461973939918376, 0.0849493067344041, 0.09534921802665242]}}"
1.2919999999999685,0.3639997993326542,0.0,0.4,0.3591731373162248,1.8641428023814953e-07,0.39999758727385387,"{'table_obstacle': {'pos': [0.3825981920028062, 0.37518922255766707, 0.1646257963690813], 'size': [0.049837904948193595, 0.0813235869879147, 0.05243307039854257]}, 'pillar_obstacle': {'pos': [0.39994824830915515, -0.3824307480766307, 0.23470116647765446], 'size': [0.033663755439403885, 0.20172185302840845, 0.0]}, 'small_block': {'pos': [0.6140097595303955, -0.3535133918987863, 0.1097032402875184], 'size': [0.04461973939918376, 0.0849493067344041, 0.09534921802665242]}}"
1.2929999999999684,0.3639997993326542,0.0,0.4,0.3592411255750449,1.8385097900534502e-07,0.39999756287800103,"{'table_obstacle': {'pos': [0.3825981920028062, 0.37518922255766707, 0.1646257963690813], 'size': [0.049837904948193595, 0.0813235869879147, 0.05243307039854257]}, 'pillar_obstacle': {'pos': [0.39994824830915515, -0.3824307480766307, 0.23470116647765446], 'size': [0.033663755439403885, 0.20172185302840845, 0.0]}, 'small_block': {'pos': [0.6140097595303955, -0.3535133918987863, 0.1097032402875184], 'size': [0.04461973939918376, 0.0849493067344041, 0.09534921802665242]}}"
1.2939999999999683,0.3639997993326542,0.0,0.4,0.3593083368615298,1.8062069642680732e-07,0.3999975410496609,"{'table_obstacle': {'pos': [0.3825981920028062, 0.37518922255766707, 0.1646257963690813], 'size': [0.049837904948193595, 0.0813235869879147, 0.05243307039854257]}, 'pillar_obstacle': {'pos': [0.39994824830915515, -0.3824307480766307, 0.23470116647765446], 'size': [0.033663755439403885, 0.20172185302840845, 0.0]}, 'small_block': {'pos': [0.6140097595303955, -0.3535133918987863, 0.1097032402875184], 'size': [0.04461973939918376, 0.0849493067344041, 0.09534921802665242]}}"
1.2949999999999682,0.3639997993326542,0.0,0.4,0.3593747450705767,1.7684292487095986e-07,0.39999752168172453,"{'table_obstacle': {'pos': [0.3825981920028062, 0.37518922255766707, 0.1646257963690813], 'size': [0.049837904948193595, 0.0813235869879147, 0.05243307039854257]}, 'pillar_obstacle': {'pos': [0.39994824830915515, -0.3824307480766307, 0.23470116647765446], 'size': [0.033663755439403885, 0.20172185302840845, 0.0]}, 'small_block': {'pos': [0.6140097595303955, -0.3535133918987863, 0.1097032402875184], 'size': [0.04461973939918376, 0.0849493067344041, 0.09534921802665242]}}"
1.295999999999968,0.3639997993326542,0.0,0.4,0.35944033157434424,1.7262186658821426e-07,0.399997504665709,"{'table_obstacle': {'pos': [0.3825981920028062, 0.37518922255766707, 0.1646257963690813], 'size': [0.049837904948193595, 0.0813235869879147, 0.05243307039854257]}, 'pillar_obstacle': {'pos': [0.39994824830915515, -0.3824307480766307, 0.23470116647765446], 'size': [0.033663755439403885, 0.20172185302840845, 0.0]}, 'small_block': {'pos': [0.6140097595303955, -0.3535133918987863, 0.1097032402875184], 'size': [0.04461973939918376, 0.0849493067344041, 0.09534921802665242]}}"
1.296999999999968,0.3639997993326542,0.0,0.4,0.35950508375889345,1.6804772906467527e-07,0.3999974898936634,"{'table_obstacle': {'pos': [0.3825981920028062, 0.37518922255766707, 0.1646257963690813], 'size': [0.049837904948193595, 0.0813235869879147, 0.05243307039854257]}, 'pillar_obstacle': {'pos': [0.39994824830915515, -0.3824307480766307, 0.23470116647765446], 'size': [0.033663755439403885, 0.20172185302840845, 0.0]}, 'small_block': {'pos': [0.6140097595303955, -0.3535133918987863, 0.1097032402875184], 'size': [0.04461973939918376, 0.0849493067344041, 0.09534921802665242]}}"
1.2979999999999678,0.3639997993326542,0.0,0.4,0.359568993840776,1.6319810104578274e-07,0.39999747725951246,"{'table_obstacle': {'pos': [0.3825981920028062, 0.37518922255766707, 0.1646257963690813], 'size': [0.049837904948193595, 0.0813235869879147, 0.05243307039854257]}, 'pillar_obstacle': {'pos': [0.39994824830915515, -0.3824307480766307, 0.23470116647765446], 'size': [0.033663755439403885, 0.20172185302840845, 0.0]}, 'small_block': {'pos': [0.6140097595303955, -0.3535133918987863, 0.1097032402875184], 'size': [0.04461973939918376, 0.0849493067344041, 0.09534921802665242]}}"
1.2989999999999677,0.3639997993326542,0.0,0.4,0.3596320579101047,1.5813932435468459e-07,0.39999746665997954,"{'table_obstacle': {'pos': [0.3825981920028062, 0.37518922255766707, 0.1646257963690813], 'size': [0.049837904948193595, 0.0813235869879147, 0.05243307039854257]}, 'pillar_obstacle': {'pos': [0.39994824830915515, -0.3824307480766307, 0.23470116647765446], 'size': [0.033663755439403885, 0.20172185302840845, 0.0]}, 'small_block': {'pos': [0.6140097595303955, -0.3535133918987863, 0.1097032402875184], 'size': [0.04461973939918376, 0.0849493067344041, 0.09534921802665242]}}"
1.2999999999999676,0.3639997993326542,0.0,0.4,0.35969427515684615,1.529278138883646e-07,0.39999745799519065,"{'table_obstacle': {'pos': [0.3825981920028062, 0.37518922255766707, 0.1646257963690813], 'size': [0.049837904948193595, 0.0813235869879147, 0.05243307039854257]}, 'pillar_obstacle': {'pos': [0.39994824830915515, -0.3824307480766307, 0.23470116647765446], 'size': [0.033663755439403885, 0.20172185302840845, 0.0]}, 'small_block': {'pos': [0.6140097595303955, -0.3535133918987863, 0.1097032402875184], 'size': [0.04461973939918376, 0.0849493067344041, 0.09534921802665242]}}"
1.3009999999999675,0.3639997993326542,0.0,0.4,0.3597556472453388,1.4761129316674854e-07,0.3999974511690413,"{'table_obstacle': {'pos': [0.3825981920028062, 0.37518922255766707, 0.1646257963690813], 'size': [0.049837904948193595, 0.0813235869879147, 0.05243307039854257]}, 'pillar_obstacle': {'pos': [0.39994824830915515, -0.3824307480766307, 0.23470116647765446], 'size': [0.033663755439403885, 0.20172185302840845, 0.0]}, 'small_block': {'pos': [0.6140097595303955, -0.3535133918987863, 0.1097032402875184], 'size': [0.04461973939918376, 0.0849493067344041, 0.09534921802665242]}}"
1.3019999999999674,0.3639997993326542,0.0,0.4,0.3598161778087278,1.4222992604638402e-07,0.39999744608939014,"{'table_obstacle': {'pos': [0.3825981920028062, 0.37518922255766707, 0.1646257963690813], 'size': [0.049837904948193595, 0.0813235869879147, 0.05243307039854257]}, 'pillar_obstacle': {'pos': [0.39994824830915515, -0.3824307480766307, 0.23470116647765446], 'size': [0.033663755439403885, 0.20172185302840845, 0.0]}, 'small_block': {'pos': [0.6140097595303955, -0.3535133918987863, 0.1097032402875184], 'size': [0.04461973939918376, 0.0849493067344041, 0.09534921802665242]}}"
1.3029999999999673,0.3639997993326542,0.0,0.4,0.35987587204040383,1.368173414156511e-07,0.39999744266812376,"{'table_obstacle': {'pos': [0.3825981920028062, 0.37518922255766707, 0.1646257963690813], 'size': [0.049837904948193595, 0.0813235869879147, 0.05243307039854257]}, 'pillar_obstacle': {'pos': [0.39994824830915515, -0.3824307480766307, 0.23470116647765446], 'size': [0.033663755439403885, 0.20172185302840845, 0.0]}, 'small_block': {'pos': [0.6140097595303955, -0.3535133918987863, 0.1097032402875184], 'size': [0.04461973939918376, 0.0849493067344041, 0.09534921802665242]}}"
1.3039999999999672,0.3639997993326542,0.0,0.4,0.3599347363639228,1.3140154662964273e-07,0.39999744082113353,"{'table_obstacle': {'pos': [0.3825981920028062, 0.37518922255766707, 0.1646257963690813], 'size': [0.049837904948193595, 0.0813235869879147, 0.05243307039854257]}, 'pillar_obstacle': {'pos': [0.39994824830915515, -0.3824307480766307, 0.23470116647765446], 'size': [0.033663755439403885, 0.20172185302840845, 0.0]}, 'small_block': {'pos': [0.6140097595303955, -0.3535133918987863, 0.1097032402875184], 'size': [0.04461973939918376, 0.0849493067344041, 0.09534921802665242]}}"
1.304999999999967,0.3639997993326542,0.0,0.4,0.35999277816640785,1.2600573621631034e-07,0.39999744046822655,"{'table_obstacle': {'pos': [0.3825981920028062, 0.37518922255766707, 0.1646257963690813], 'size': [0.049837904948193595, 0.0813235869879147, 0.05243307039854257]}, 'pillar_obstacle': {'pos': [0.39994824830915515, -0.3824307480766307, 0.23470116647765446], 'size': [0.033663755439403885, 0.20172185302840845, 0.0]}, 'small_block': {'pos': [0.6140097595303955, -0.3535133918987863, 0.1097032402875184], 'size': [0.04461973939918376, 0.0849493067344041, 0.09534921802665242]}}"
1.305999999999967,0.3639997993326542,0.0,0.4,0.3600500055833072,1.20648999836297e-07,0.399997441532998,"{'table_obstacle': {'pos': [0.3825981920028062, 0.37518922255766707, 0.1646257963690813], 'size': [0.049837904948193595, 0.0813235869879147, 0.05243307039854257]}, 'pillar_obstacle': {'pos': [0.39994824830915515, -0.3824307480766307, 0.23470116647765446], 'size': [0.033663755439403885, 0.20172185302840845, 0.0]}, 'small_block': {'pos': [0.6140097595303955, -0.3535133918987863, 0.1097032402875184], 'size': [0.04461973939918376, 0.0849493067344041, 0.09534921802665242]}}"
1.3069999999999669,0.3639997993326542,0.0,0.4,0.36010642732469655,1.1534694013482226e-07,0.3999974439426741,"{'table_obstacle': {'pos': [0.3825981920028062, 0.37518922255766707, 0.1646257963690813], 'size': [0.049837904948193595, 0.0813235869879147, 0.05243307039854257]}, 'pillar_obstacle': {'pos': [0.39994824830915515, -0.3824307480766307, 0.23470116647765446], 'size': [0.033663755439403885, 0.20172185302840845, 0.0]}, 'small_block': {'pos': [0.6140097595303955, -0.3535133918987863, 0.1097032402875184], 'size': [0.04461973939918376, 0.0849493067344041, 0.09534921802665242]}}"
1.3079999999999667,0.3639997993326542,0.0,0.4,0.3601620525351832,1.1011220724328754e-07,0.3999974476279436,"{'table_obstacle': {'pos': [0.3825981920028062, 0.37518922255766707, 0.1646257963690813], 'size': [0.049837904948193595, 0.0813235869879147, 0.05243307039854257]}, 'pillar_obstacle': {'pos': [0.39994824830915515, -0.3824307480766307, 0.23470116647765446], 'size': [0.033663755439403885, 0.20172185302840845, 0.0]}, 'small_block': {'pos': [0.6140097595303955, -0.3535133918987863, 0.1097032402875184], 'size': [0.04461973939918376, 0.0849493067344041, 0.09534921802665242]}}"
1.3089999999999666,0.3639997993326542,0.0,0.4,0.3602168906809939,1.0495495897617795e-07,0.39999745252277963,"{'table_obstacle': {'pos': [0.3825981920028062, 0.37518922255766707, 0.1646257963690813], 'size': [0.049837904948193595, 0.0813235869879147, 0.05243307039854257]}, 'pillar_obstacle': {'pos': [0.39994824830915515, -0.3824307480766307, 0.23470116647765446], 'size': [0.033663755439403885, 0.20172185302840845, 0.0]}, 'small_block': {'pos': [0.6140097595303955, -0.3535133918987863, 0.1097032402875184], 'size': [0.04461973939918376, 0.0849493067344041, 0.09534921802665242]}}"
1.3099999999999665,0.3639997993326542,0.0,0.4,0.36027095145904536,9.988325641443059e-08,0.3999974585642639,"{'table_obstacle': {'pos': [0.3825981920028062, 0.37518922255766707, 0.1646257963690813], 'size': [0.049837904948193595, 0.0813235869879147, 0.05243307039854257]}, 'pillar_obstacle': {'pos': [0.39994824830915515, -0.3824307480766307, 0.23470116647765446], 'size': [0.033663755439403885, 0.20172185302840845, 0.0]}, 'small_block': {'pos': [0.6140097595303955, -0.3535133918987863, 0.1097032402875184], 'size': [0.04461973939918376, 0.0849493067344041, 0.09534921802665242]}}"
1.3109999999999664,0.3639997993326542,0.0,0.4,0.3603242447238,9.49034011918552e-08,0.3999974656924127,"{'table_obstacle': {'pos': [0.3825981920028062, 0.37518922255766707, 0.1646257963690813], 'size': [0.049837904948193595, 0.0813235869879147, 0.05243307039854257]}, 'pillar_obstacle': {'pos': [0.39994824830915515, -0.3824307480766307, 0.23470116647765446], 'size': [0.033663755439403885, 0.20172185302840845, 0.0]}, 'small_block': {'pos': [0.6140097595303955, -0.3535133918987863, 0.1097032402875184], 'size': [0.04461973939918376, 0.0849493067344041, 0.09534921802665242]}}"
1.3119999999999663,0.3639997993326542,0.0,0.4,0.36037678042849663,9.002022294677059e-08,0.39999747385001033,"{'table_obstacle': {'pos': [0.3825981920028062, 0.37518922255766707, 0.1646257963690813], 'size': [0.049837904948193595, 0.0813235869879147, 0.05243307039854257]}, 'pillar_obstacle': {'pos': [0.39994824830915515, -0.3824307480766307, 0.23470116647765446], 'size': [0.033663755439403885, 0.20172185302840845, 0.0]}, 'small_block': {'pos': [0.6140097595303955, -0.3535133918987863, 0.1097032402875184], 'size': [0.04461973939918376, 0.0849493067344041, 0.09534921802665242]}}"
1.3129999999999662,0.3639997993326542,0.0,0.4,0.3604285685780154,8.52373232701408e-08,0.39999748298245025,"{'table_obstacle': {'pos': [0.3825981920028062, 0.37518922255766707, 0.1646257963690813], 'size': [0.049837904948193595, 0.0813235869879147, 0.05243307039854257]}, 'pillar_obstacle': {'pos': [0.39994824830915515, -0.3824307480766307, 0.23470116647765446], 'size': [0.033663755439403885, 0.20172185302840845, 0.0]}, 'small_block': {'pos': [0.6140097595303955, -0.3535133918987863, 0.1097032402875184], 'size': [0.04461973939918376, 0.0849493067344041, 0.09534921802665242]}}"
1.313999999999966,0.3639997993326542,0.0,0.4,0.36047961919114047,8.055728268943616e-08,0.39999749303758664,"{'table_obstacle': {'pos': [0.3825981920028062, 0.37518922255766707, 0.1646257963690813], 'size': [0.049837904948193595, 0.0813235869879147, 0.05243307039854257]}, 'pillar_obstacle': {'pos': [0.39994824830915515, -0.3824307480766307, 0.23470116647765446], 'size': [0.033663755439403885, 0.20172185302840845, 0.0]}, 'small_block': {'pos': [0.6140097595303955, -0.3535133918987863, 0.1097032402875184], 'size': [0.04461973939918376, 0.0849493067344041, 0.09534921802665242]}}"
1.314999999999966,0.3639997993326542,0.0,0.4,0.3605299422704294,7.598183439977478e-08,0.39999750396559297,"{'table_obstacle': {'pos': [0.3825981920028062, 0.37518922255766707, 0.1646257963690813], 'size': [0.049837904948193595, 0.0813235869879147, 0.05243307039854257]}, 'pillar_obstacle': {'pos': [0.39994824830915515, -0.3824307480766307, 0.23470116647765446], 'size': [0.033663755439403885, 0.20172185302840845, 0.0]}, 'small_block': {'pos': [0.6140097595303955, -0.3535133918987863, 0.1097032402875184], 'size': [0.04461973939918376, 0.0849493067344041, 0.09534921802665242]}}"
1.3159999999999659,0.3639997993326542,0.0,0.4,0.3605795477782217,7.151201187421437e-08,0.3999975157188339,"{'table_obstacle': {'pos': [0.3825981920028062, 0.37518922255766707, 0.1646257963690813], 'size': [0.049837904948193595, 0.0813235869879147, 0.05243307039854257]}, 'pillar_obstacle': {'pos': [0.39994824830915515, -0.3824307480766307, 0.23470116647765446], 'size': [0.033663755439403885, 0.20172185302840845, 0.0]}, 'small_block': {'pos': [0.6140097595303955, -0.3535133918987863, 0.1097032402875184], 'size': [0.04461973939918376, 0.0849493067344041, 0.09534921802665242]}}"
1.3169999999999658,0.3639997993326542,0.0,0.4,0.36062844561761925,6.71482712936738e-08,0.39999752825174234,"{'table_obstacle': {'pos': [0.3825981920028062, 0.37518922255766707, 0.1646257963690813], 'size': [0.049837904948193595, 0.0813235869879147, 0.05243307039854257]}, 'pillar_obstacle': {'pos': [0.39994824830915515, -0.3824307480766307, 0.23470116647765446], 'size': [0.033663755439403885, 0.20172185302840845, 0.0]}, 'small_block': {'pos': [0.6140097595303955, -0.3535133918987863, 0.1097032402875184], 'size': [0.04461973939918376, 0.0849493067344041, 0.09534921802665242]}}"
1.3179999999999656,0.3639997993326542,0.0,0.4,0.3606766456174739,6.289059594144087e-08,0.39999754152070904,"{'table_obstacle': {'pos': [0.3825981920028062, 0.37518922255766707, 0.1646257963690813], 'size': [0.049837904948193595, 0.0813235869879147, 0.05243307039854257]}, 'pillar_obstacle': {'pos': [0.39994824830915515, -0.3824307480766307, 0.23470116647765446], 'size': [0.033663755439403885, 0.20172185302840845, 0.0]}, 'small_block': {'pos': [0.6140097595303955, -0.3535133918987863, 0.1097032402875184], 'size': [0.04461973939918376, 0.0849493067344041, 0.09534921802665242]}}"
1.3189999999999655,0.3639997993326542,0.0,0.4,0.3607241575206199,5.8738582647301096e-08,0.3999975554839789,"{'table_obstacle': {'pos': [0.3825981920028062, 0.37518922255766707, 0.1646257963690813], 'size': [0.049837904948193595, 0.0813235869879147, 0.05243307039854257]}, 'pillar_obstacle': {'pos': [0.39994824830915515, -0.3824307480766307, 0.23470116647765446], 'size': [0.033663755439403885, 0.20172185302840845, 0.0]}, 'small_block': {'pos': [0.6140097595303955, -0.3535133918987863, 0.1097032402875184], 'size': [0.04461973939918376, 0.0849493067344041, 0.09534921802665242]}}"
1.3199999999999654,0.3639997993326542,0.0,0.4,0.36077099097472065,5.4691513995963446e-08,0.3999975701015551,"{'table_obstacle': {'pos': [0.3825981920028062, 0.37518922255766707, 0.1646257963690813], 'size': [0.049837904948193595, 0.0813235869879147, 0.05243307039854257]}, 'pillar_obstacle': {'pos': [0.39994824830915515, -0.3824307480766307, 0.23470116647765446], 'size': [0.033663755439403885, 0.20172185302840845, 0.0]}, 'small_block': {'pos': [0.6140097595303955, -0.3535133918987863, 0.1097032402875184], 'size': [0.04461973939918376, 0.0849493067344041, 0.09534921802665242]}}"
1.3209999999999653,0.3639997993326542,0.0,0.4,0.36081715552522964,5.0748418567764126e-08,0.3999975853351117,"{'table_obstacle': {'pos': [0.3825981920028062, 0.37518922255766707, 0.1646257963690813], 'size': [0.049837904948193595, 0.0813235869879147, 0.05243307039854257]}, 'pillar_obstacle': {'pos': [0.39994824830915515, -0.3824307480766307, 0.23470116647765446], 'size': [0.033663755439403885, 0.20172185302840845, 0.0]}, 'small_block': {'pos': [0.6140097595303955, -0.3535133918987863, 0.1097032402875184], 'size': [0.04461973939918376, 0.0849493067344041, 0.09534921802665242]}}"
1.3219999999999652,0.3639997993326542,0.0,0.4,0.3608626606100527,4.6908121746242645e-08,0.39999760114791016,"{'table_obstacle': {'pos': [0.3825981920028062, 0.37518922255766707, 0.1646257963690813], 'size': [0.049837904948193595, 0.0813235869879147, 0.05243307039854257]}, 'pillar_obstacle': {'pos': [0.39994824830915515, -0.3824307480766307, 0.23470116647765446], 'size': [0.033663755439403885, 0.20172185302840845, 0.0]}, 'small_block': {'pos': [0.6140097595303955, -0.3535133918987863, 0.1097032402875184], 'size': [0.04461973939918376, 0.0849493067344041, 0.09534921802665242]}}"
1.322999999999965,0.3639997993326542,0.0,0.4,0.3609075155555856,4.316928686644357e-08,0.3999976175047264,"{'table_obstacle': {'pos': [0.3825981920028062, 0.37518922255766707, 0.1646257963690813], 'size': [0.049837904948193595, 0.0813235869879147, 0.05243307039854257]}, 'pillar_obstacle': {'pos': [0.39994824830915515, -0.3824307480766307, 0.23470116647765446], 'size': [0.033663755439403885, 0.20172185302840845, 0.0]}, 'small_block': {'pos': [0.6140097595303955, -0.3535133918987863, 0.1097032402875184], 'size': [0.04461973939918376, 0.0849493067344041, 0.09534921802665242]}}"
1.323999999999965,0.3639997993326542,0.0,0.4,0.36095172957385707,3.953045058371664e-08,0.399997634371778,"{'table_obstacle': {'pos': [0.3825981920028062, 0.37518922255766707, 0.1646257963690813], 'size': [0.049837904948193595, 0.0813235869879147, 0.05243307039854257]}, 'pillar_obstacle': {'pos': [0.39994824830915515, -0.3824307480766307, 0.23470116647765446], 'size': [0.033663755439403885, 0.20172185302840845, 0.0]}, 'small_block': {'pos': [0.6140097595303955, -0.3535133918987863, 0.1097032402875184], 'size': [0.04461973939918376, 0.0849493067344041, 0.09534921802665242]}}"
1.3249999999999649,0.3639997993326542,0.0,0.4,0.3609953117605609,3.599005073108675e-08,0.39999765171666046,"{'table_obstacle': {'pos': [0.3825981920028062, 0.37518922255766707, 0.1646257963690813], 'size': [0.049837904948193595, 0.0813235869879147, 0.05243307039854257]}, 'pillar_obstacle': {'pos': [0.39994824830915515, -0.3824307480766307, 0.23470116647765446], 'size': [0.033663755439403885, 0.20172185302840845, 0.0]}, 'small_block': {'pos': [0.6140097595303955, -0.3535133918987863, 0.1097032402875184], 'size': [0.04461973939918376, 0.0849493067344041, 0.09534921802665242]}}"
1.3259999999999648,0.3639997993326542,0.0,0.4,0.3610382710938042,3.254645069027761e-08,0.39999766950828675,"{'table_obstacle': {'pos': [0.3825981920028062, 0.37518922255766707, 0.1646257963690813], 'size': [0.049837904948193595, 0.0813235869879147, 0.05243307039854257]}, 'pillar_obstacle': {'pos': [0.39994824830915515, -0.3824307480766307, 0.23470116647765446], 'size': [0.033663755439403885, 0.20172185302840845, 0.0]}, 'small_block': {'pos': [0.6140097595303955, -0.3535133918987863, 0.1097032402875184], 'size': [0.04461973939918376, 0.0849493067344041, 0.09534921802665242]}}"
1.3269999999999647,0.3639997993326542,0.0,0.4,0.36108061643342954,2.9197958645293047e-08,0.3999976877168302,"{'table_obstacle': {'pos': [0.3825981920028062, 0.37518922255766707, 0.1646257963690813], 'size': [0.049837904948193595, 0.0813235869879147, 0.05243307039854257]}, 'pillar_obstacle': {'pos': [0.39994824830915515, -0.3824307480766307, 0.23470116647765446], 'size': [0.033663755439403885, 0.20172185302840845, 0.0]}, 'small_block': {'pos': [0.6140097595303955, -0.3535133918987863, 0.1097032402875184], 'size': [0.04461973939918376, 0.0849493067344041, 0.09534921802665242]}}"
1.3279999999999645,0.3639997993326542,0.0,0.4,0.36112235652079544,2.5942843910890836e-08,0.3999977063136706,"{'table_obstacle': {'pos': [0.3825981920028062, 0.37518922255766707, 0.1646257963690813], 'size': [0.049837904948193595, 0.0813235869879147, 0.05243307039854257]}, 'pillar_obstacle': {'pos': [0.39994824830915515, -0.3824307480766307, 0.23470116647765446], 'size': [0.033663755439403885, 0.20172185302840845, 0.0]}, 'small_block': {'pos': [0.6140097595303955, -0.3535133918987863, 0.1097032402875184], 'size': [0.04461973939918376, 0.0849493067344041, 0.09534921802665242]}}"
1.3289999999999644,0.3639997993326542,0.0,0.4,0.3611634999789255,2.277935020821578e-08,0.39999772527134686,"{'table_obstacle': {'pos': [0.3825981920028062, 0.37518922255766707, 0.1646257963690813], 'size': [0.049837904948193595, 0.0813235869879147, 0.05243307039854257]}, 'pillar_obstacle': {'pos': [0.39994824830915515, -0.3824307480766307, 0.23470116647765446], 'size': [0.033663755439403885, 0.20172185302840845, 0.0]}, 'small_block': {'pos': [0.6140097595303955, -0.3535133918987863, 0.1097032402875184], 'size': [0.04461973939918376, 0.0849493067344041, 0.09534921802665242]}}"
1.3299999999999643,0.3639997993326542,0.0,0.4,0.361204055312949,1.970570606896955e-08,0.39999774456350806,"{'table_obstacle': {'pos': [0.3825981920028062, 0.37518922255766707, 0.1646257963690813], 'size': [0.049837904948193595, 0.0813235869879147, 0.05243307039854257]}, 'pillar_obstacle': {'pos': [0.39994824830915515, -0.3824307480766307, 0.23470116647765446], 'size': [0.033663755439403885, 0.20172185302840845, 0.0]}, 'small_block': {'pos': [0.6140097595303955, -0.3535133918987863, 0.1097032402875184], 'size': [0.04461973939918376, 0.0849493067344041, 0.09534921802665242]}}"
1.3309999999999642,0.3639997993326542,0.0,0.4,0.36124403091077356,1.6720133937044822e-08,0.39999776416487054,"{'table_obstacle': {'pos': [0.3825981920028062, 0.37518922255766707, 0.1646257963690813], 'size': [0.049837904948193595, 0.0813235869879147, 0.05243307039854257]}, 'pillar_obstacle': {'pos': [0.39994824830915515, -0.3824307480766307, 0.23470116647765446], 'size': [0.033663755439403885, 0.20172185302840845, 0.0]}, 'small_block': {'pos': [0.6140097595303955, -0.3535133918987863, 0.1097032402875184], 'size': [0.04461973939918376, 0.0849493067344041, 0.09534921802665242]}}"
1.331999999999964,0.3639997993326542,0.0,0.4,0.3612834350439403,1.3820857995885474e-08,0.3999977840511764,"{'table_obstacle': {'pos': [0.3825981920028062, 0.37518922255766707, 0.1646257963690813], 'size': [0.049837904948193595, 0.0813235869879147, 0.05243307039854257]}, 'pillar_obstacle': {'pos': [0.39994824830915515, -0.3824307480766307, 0.23470116647765446], 'size': [0.033663755439403885, 0.20172185302840845, 0.0]}, 'small_block': {'pos': [0.6140097595303955, -0.3535133918987863, 0.1097032402875184], 'size': [0.04461973939918376, 0.0849493067344041, 0.09534921802665242]}}"
1.332999999999964,0.3639997993326542,0.0,0.4,0.3613222758686252,1.10061088421055e-08,0.3999978041991534,"{'table_obstacle': {'pos': [0.3825981920028062, 0.37518922255766707, 0.1646257963690813], 'size': [0.049837904948193595, 0.0813235869879147, 0.05243307039854257]}, 'pillar_obstacle': {'pos': [0.39994824830915515, -0.3824307480766307, 0.23470116647765446], 'size': [0.033663755439403885, 0.20172185302840845, 0.0]}, 'small_block': {'pos': [0.6140097595303955, -0.3535133918987863, 0.1097032402875184], 'size': [0.04461973939918376, 0.0849493067344041, 0.09534921802665242]}}"
1.3339999999999639,0.3639997993326542,0.0,0.4,0.36136056142674866,8.274129107188661e-09,0.39999782458647803,"{'table_obstacle': {'pos': [0.3825981920028062, 0.37518922255766707, 0.1646257963690813], 'size': [0.049837904948193595, 0.0813235869879147, 0.05243307039854257]}, 'pillar_obstacle': {'pos': [0.39994824830915515, -0.3824307480766307, 0.23470116647765446], 'size': [0.033663755439403885, 0.20172185302840845, 0.0]}, 'small_block': {'pos': [0.6140097595303955, -0.3535133918987863, 0.1097032402875184], 'size': [0.04461973939918376, 0.0849493067344041, 0.09534921802665242]}}"
1.3349999999999638,0.3639997993326542,0.0,0.4,0.3613982996471763,5.6231769504158595e-09,0.39999784519174075,"{'table_obstacle': {'pos': [0.3825981920028062, 0.37518922255766707, 0.1646257963690813], 'size': [0.049837904948193595, 0.0813235869879147, 0.05243307039854257]}, 'pillar_obstacle': {'pos': [0.39994824830915515, -0.3824307480766307, 0.23470116647765446], 'size': [0.033663755439403885, 0.20172185302840845, 0.0]}, 'small_block': {'pos': [0.6140097595303955, -0.3535133918987863, 0.1097032402875184], 'size': [0.04461973939918376, 0.0849493067344041, 0.09534921802665242]}}"
1.3359999999999637,0.3639997993326542,0.0,0.4,0.3614354983469798,3.0515288445491306e-09,0.3999978659944113,"{'table_obstacle': {'pos': [0.3825981920028062, 0.37518922255766707, 0.1646257963690813], 'size': [0.049837904948193595, 0.0813235869879147, 0.05243307039854257]}, 'pillar_obstacle': {'pos': [0.39994824830915515, -0.3824307480766307, 0.23470116647765446], 'size': [0.033663755439403885, 0.20172185302840845, 0.0]}, 'small_block': {'pos': [0.6140097595303955, -0.3535133918987863, 0.1097032402875184], 'size': [0.04461973939918376, 0.0849493067344041, 0.09534921802665242]}}"
1.3369999999999636,0.3639997993326542,0.0,0.4,0.361472165232751,5.57482415780096e-10,0.3999978869748062,"{'table_obstacle': {'pos': [0.3825981920028062, 0.37518922255766707, 0.1646257963690813], 'size': [0.049837904948193595, 0.0813235869879147, 0.05243307039854257]}, 'pillar_obstacle': {'pos': [0.39994824830915515, -0.3824307480766307, 0.23470116647765446], 'size': [0.033663755439403885, 0.20172185302840845, 0.0]}, 'small_block': {'pos': [0.6140097595303955, -0.3535133918987863, 0.1097032402875184], 'size': [0.04461973939918376, 0.0849493067344041, 0.09534921802665242]}}"
1.3379999999999634,0.3639997993326542,0.0,0.4,0.36150830790194854,-1.860641707414297e-09,0.39999790811405866,"{'table_obstacle': {'pos': [0.3825981920028062, 0.37518922255766707, 0.1646257963690813], 'size': [0.049837904948193595, 0.0813235869879147, 0.05243307039854257]}, 'pillar_obstacle': {'pos': [0.39994824830915515, -0.3824307480766307, 0.23470116647765446], 'size': [0.033663755439403885, 0.20172185302840845, 0.0]}, 'small_block': {'pos': [0.6140097595303955, -0.3535133918987863, 0.1097032402875184], 'size': [0.04461973939918376, 0.0849493067344041, 0.09534921802665242]}}"
1.3389999999999633,0.3639997993326542,0.0,0.4,0.3615439338442718,-4.204499040578714e-09,0.39999792939408896,"{'table_obstacle': {'pos': [0.3825981920028062, 0.37518922255766707, 0.1646257963690813], 'size': [0.049837904948193595, 0.0813235869879147, 0.05243307039854257]}, 'pillar_obstacle': {'pos': [0.39994824830915515, -0.3824307480766307, 0.23470116647765446], 'size': [0.033663755439403885, 0.20172185302840845, 0.0]}, 'small_block': {'pos': [0.6140097595303955, -0.3535133918987863, 0.1097032402875184], 'size': [0.04461973939918376, 0.0849493067344041, 0.09534921802665242]}}"
1.3399999999999632,0.3639997993326542,0.0,0.4,0.36157905044304706,-6.4757194786768185e-09,0.39999795079757583,"{'table_obstacle': {'pos': [0.3825981920028062, 0.37518922255766707, 0.1646257963690813], 'size': [0.049837904948193595, 0.0813235869879147, 0.05243307039854257]}, 'pillar_obstacle': {'pos': [0.39994824830915515, -0.3824307480766307, 0.23470116647765446], 'size': [0.033663755439403885, 0.20172185302840845, 0.0]}, 'small_block': {'pos': [0.6140097595303955, -0.3535133918987863, 0.1097032402875184], 'size': [0.04461973939918376, 0.0849493067344041, 0.09534921802665242]}}"
1.340999999999963,0.3639997993326542,0.0,0.4,0.36161366497662684,-8.675907275361727e-09,0.3999979723079296,"{'table_obstacle': {'pos': [0.3825981920028062, 0.37518922255766707, 0.1646257963690813], 'size': [0.049837904948193595, 0.0813235869879147, 0.05243307039854257]}, 'pillar_obstacle': {'pos': [0.39994824830915515, -0.3824307480766307, 0.23470116647765446], 'size': [0.033663755439403885, 0.20172185302840845, 0.0]}, 'small_block': {'pos': [0.6140097595303955, -0.3535133918987863, 0.1097032402875184], 'size': [0.04461973939918376, 0.0849493067344041, 0.09534921802665242]}}"
1.341999999999963,0.3639997993326542,0.0,0.4,0.361647784619788,-1.0806639304087435e-08,0.3999979939092658,"{'table_obstacle': {'pos': [0.3825981920028062, 0.37518922255766707, 0.1646257963690813], 'size': [0.049837904948193595, 0.0813235869879147, 0.05243307039854257]}, 'pillar_obstacle': {'pos': [0.39994824830915515, -0.3824307480766307, 0.23470116647765446], 'size': [0.033663755439403885, 0.20172185302840845, 0.0]}, 'small_block': {'pos': [0.6140097595303955, -0.3535133918987863, 0.1097032402875184], 'size': [0.04461973939918376, 0.0849493067344041, 0.09534921802665242]}}"
1.342999999999963,0.3639997993326542,0.0,0.4,0.36168141644513274,-1.2869466255706254e-08,0.3999980155863806,"{'table_obstacle': {'pos': [0.3825981920028062, 0.37518922255766707, 0.1646257963690813], 'size': [0.049837904948193595, 0.0813235869879147, 0.05243307039854257]}, 'pillar_obstacle': {'pos': [0.39994824830915515, -0.3824307480766307, 0.23470116647765446], 'size': [0.033663755439403885, 0.20172185302840845, 0.0]}, 'small_block': {'pos': [0.6140097595303955, -0.3535133918987863, 0.1097032402875184], 'size': [0.04461973939918376, 0.0849493067344041, 0.09534921802665242]}}"
1.3439999999999628,0.3639997993326542,0.0,0.4,0.36171456742448166,-1.4865910820588354e-08,0.3999980373247266,"{'table_obstacle': {'pos': [0.3825981920028062, 0.37518922255766707, 0.1646257963690813], 'size': [0.049837904948193595, 0.0813235869879147, 0.05243307039854257]}, 'pillar_obstacle': {'pos': [0.39994824830915515, -0.3824307480766307, 0.23470116647765446], 'size': [0.033663755439403885, 0.20172185302840845, 0.0]}, 'small_block': {'pos': [0.6140097595303955, -0.3535133918987863, 0.1097032402875184], 'size': [0.04461973939918376, 0.0849493067344041, 0.09534921802665242]}}"
1.3449999999999627,0.3639997993326542,0.0,0.4,0.3617472444302616,-1.6797468881675157e-08,0.39999805911038894,"{'table_obstacle': {'pos': [0.3825981920028062, 0.37518922255766707, 0.1646257963690813], 'size': [0.049837904948193595, 0.0813235869879147, 0.05243307039854257]}, 'pillar_obstacle': {'pos': [0.39994824830915515, -0.3824307480766307, 0.23470116647765446], 'size': [0.033663755439403885, 0.20172185302840845, 0.0]}, 'small_block': {'pos': [0.6140097595303955, -0.3535133918987863, 0.1097032402875184], 'size': [0.04461973939918376, 0.0849493067344041, 0.09534921802665242]}}"
1.3459999999999626,0.3639997993326542,0.0,0.4,0.3617794542368822,-1.8665608732514567e-08,0.3999980809300636,"{'table_obstacle': {'pos': [0.3825981920028062, 0.37518922255766707, 0.1646257963690813], 'size': [0.049837904948193595, 0.0813235869879147, 0.05243307039854257]}, 'pillar_obstacle': {'pos': [0.39994824830915515, -0.3824307480766307, 0.23470116647765446], 'size': [0.033663755439403885, 0.20172185302840845, 0.0]}, 'small_block': {'pos': [0.6140097595303955, -0.3535133918987863, 0.1097032402875184], 'size': [0.04461973939918376, 0.0849493067344041, 0.09534921802665242]}}"
1.3469999999999624,0.3639997993326542,0.0,0.4,0.36181120352210083,-2.0471771826908585e-08,0.39999810277103626,"{'table_obstacle': {'pos': [0.3825981920028062, 0.37518922255766707, 0.1646257963690813], 'size': [0.049837904948193595, 0.0813235869879147, 0.05243307039854257]}, 'pillar_obstacle': {'pos': [0.39994824830915515, -0.3824307480766307, 0.23470116647765446], 'size': [0.033663755439403885, 0.20172185302840845, 0.0]}, 'small_block': {'pos': [0.6140097595303955, -0.3535133918987863, 0.1097032402875184], 'size': [0.04461973939918376, 0.0849493067344041, 0.09534921802665242]}}"
1.3479999999999623,0.3639997993326542,0.0,0.4,0.3618424988683754,-2.221737254888056e-08,0.3999981246211601,"{'table_obstacle': {'pos': [0.3825981920028062, 0.37518922255766707, 0.1646257963690813], 'size': [0.049837904948193595, 0.0813235869879147, 0.05243307039854257]}, 'pillar_obstacle': {'pos': [0.39994824830915515, -0.3824307480766307, 0.23470116647765446], 'size': [0.033663755439403885, 0.20172185302840845, 0.0]}, 'small_block': {'pos': [0.6140097595303955, -0.3535133918987863, 0.1097032402875184], 'size': [0.04461973939918376, 0.0849493067344041, 0.09534921802665242]}}"
1.3489999999999622,0.3639997993326542,0.0,0.4,0.3618733467642029,-2.3903798226546236e-08,0.39999814646883675,"{'table_obstacle': {'pos': [0.3825981920028062, 0.37518922255766707, 0.1646257963690813], 'size': [0.049837904948193595, 0.0813235869879147, 0.05243307039854257]}, 'pillar_obstacle': {'pos': [0.39994824830915515, -0.3824307480766307, 0.23470116647765446], 'size': [0.033663755439403885, 0.20172185302840845, 0.0]}, 'small_block': {'pos': [0.6140097595303955, -0.3535133918987863, 0.1097032402875184], 'size': [0.04461973939918376, 0.0849493067344041, 0.09534921802665242]}}"
1.3499999999999621,0.3639997993326542,0.0,0.4,0.3619037536054426,-2.55324100659919e-08,0.3999981683029969,"{'table_obstacle': {'pos': [0.3825981920028062, 0.37518922255766707, 0.1646257963690813], 'size': [0.049837904948193595, 0.0813235869879147, 0.05243307039854257]}, 'pillar_obstacle': {'pos': [0.39994824830915515, -0.3824307480766307, 0.23470116647765446], 'size': [0.033663755439403885, 0.20172185302840845, 0.0]}, 'small_block': {'pos': [0.6140097595303955, -0.3535133918987863, 0.1097032402875184], 'size': [0.04461973939918376, 0.0849493067344041, 0.09534921802665242]}}"
1.350999999999962,0.3639997993326542,0.0,0.4,0.3619337256966248,-2.710454296756891e-08,0.39999819011308113,"{'table_obstacle': {'pos': [0.3825981920028062, 0.37518922255766707, 0.1646257963690813], 'size': [0.049837904948193595, 0.0813235869879147, 0.05243307039854257]}, 'pillar_obstacle': {'pos': [0.39994824830915515, -0.3824307480766307, 0.23470116647765446], 'size': [0.033663755439403885, 0.20172185302840845, 0.0]}, 'small_block': {'pos': [0.6140097595303955, -0.3535133918987863, 0.1097032402875184], 'size': [0.04461973939918376, 0.0849493067344041, 0.09534921802665242]}}"
1.351999999999962,0.3639997993326542,0.0,0.4,0.36196326925224226,-2.8621505858640456e-08,0.39999821188902185,"{'table_obstacle': {'pos': [0.3825981920028062, 0.37518922255766707, 0.1646257963690813], 'size': [0.049837904948193595, 0.0813235869879147, 0.05243307039854257]}, 'pillar_obstacle': {'pos': [0.39994824830915515, -0.3824307480766307, 0.23470116647765446], 'size': [0.033663755439403885, 0.20172185302840845, 0.0]}, 'small_block': {'pos': [0.6140097595303955, -0.3535133918987863, 0.1097032402875184], 'size': [0.04461973939918376, 0.0849493067344041, 0.09534921802665242]}}"
1.3529999999999618,0.3639997993326542,0.0,0.4,0.36199239039802683,-3.008458253684248e-08,0.39999823362122633,"{'table_obstacle': {'pos': [0.3825981920028062, 0.37518922255766707, 0.1646257963690813], 'size': [0.049837904948193595, 0.0813235869879147, 0.05243307039854257]}, 'pillar_obstacle': {'pos': [0.39994824830915515, -0.3824307480766307, 0.23470116647765446], 'size': [0.033663755439403885, 0.20172185302840845, 0.0]}, 'small_block': {'pos': [0.6140097595303955, -0.3535133918987863, 0.1097032402875184], 'size': [0.04461973939918376, 0.0849493067344041, 0.09534921802665242]}}"
1.3539999999999617,0.3679997853466989,0.0,0.4,0.36202109517220915,-3.149503132459512e-08,0.3999982553005592,"{'table_obstacle': {'pos': [0.3825981920028062, 0.37518922255766707, 0.1646257963690813], 'size': [0.049837904948193595, 0.0813235869879147, 0.05243307039854257]}, 'pillar_obstacle': {'pos': [0.39994824830915515, -0.3824307480766307, 0.23470116647765446], 'size': [0.033663755439403885, 0.20172185302840845, 0.0]}, 'small_block': {'pos': [0.6140097595303955, -0.3535133918987863, 0.1097032402875184], 'size': [0.04461973939918376, 0.0849493067344041, 0.09534921802665242]}}"
1.3549999999999616,0.3679997853466989,0.0,0.4,0.36206030709569714,-2.051722023378934e-08,0.39999824685200047,"{'table_obstacle': {'pos': [0.3825981920028062, 0.37518922255766707, 0.1646257963690813], 'size': [0.049837904948193595, 0.0813235869879147, 0.05243307039854257]}, 'pillar_obstacle': {'pos': [0.39994824830915515, -0.3824307480766307, 0.23470116647765446], 'size': [0.033663755439403885, 0.20172185302840845, 0.0]}, 'small_block': {'pos': [0.6140097595303955, -0.3535133918987863, 0.1097032402875184], 'size': [0.04461973939918376, 0.0849493067344041, 0.09534921802665242]}}"
1.3559999999999615,0.3679997853466989,0.0,0.4,0.36210779158285344,-2.3205718326051872e-09,0.39999821830287163,"{'table_obstacle': {'pos': [0.3825981920028062, 0.37518922255766707, 0.1646257963690813], 'size': [0.049837904948193595, 0.0813235869879147, 0.05243307039854257]}, 'pillar_obstacle': {'pos': [0.39994824830915515, -0.3824307480766307, 0.23470116647765446], 'size': [0.033663755439403885, 0.20172185302840845, 0.0]}, 'small_block': {'pos': [0.6140097595303955, -0.3535133918987863, 0.1097032402875184], 'size': [0.04461973939918376, 0.0849493067344041, 0.09534921802665242]}}"
1.3569999999999613,0.3679997853466989,0.0,0.4,0.36216174389966804,1.9480507637423937e-08,0.3999981767370322,"{'table_obstacle': {'pos': [0.3825981920028062, 0.37518922255766707, 0.1646257963690813], 'size': [0.049837904948193595, 0.0813235869879147, 0.05243307039854257]}, 'pillar_obstacle': {'pos': [0.39994824830915515, -0.3824307480766307, 0.23470116647765446], 'size': [0.033663755439403885, 0.20172185302840845, 0.0]}, 'small_block': {'pos': [0.6140097595303955, -0.3535133918987863, 0.1097032402875184], 'size': [0.04461973939918376, 0.0849493067344041, 0.09534921802665242]}}"
1.3579999999999612,0.3679997853466989,0.0,0.4,0.3622207070811366,4.241609611096071e-08,0.3999981271740717,"{'table_obstacle': {'pos': [0.3825981920028062, 0.37518922255766707, 0.1646257963690813], 'size': [0.049837904948193595, 0.0813235869879147, 0.05243307039854257]}, 'pillar_obstacle': {'pos': [0.39994824830915515, -0.3824307480766307, 0.23470116647765446], 'size': [0.033663755439403885, 0.20172185302840845, 0.0]}, 'small_block': {'pos': [0.6140097595303955, -0.3535133918987863, 0.1097032402875184], 'size': [0.04461973939918376, 0.0849493067344041, 0.09534921802665242]}}"
1.3589999999999611,0.3679997853466989,0.0,0.4,0.3622835055052812,6.485140755306455e-08,0.3999980731742228,"{'table_obstacle': {'pos': [0.3825981920028062, 0.37518922255766707, 0.1646257963690813], 'size': [0.049837904948193595, 0.0813235869879147, 0.05243307039854257]}, 'pillar_obstacle': {'pos': [0.39994824830915515, -0.3824307480766307, 0.23470116647765446], 'size': [0.033663755439403885, 0.20172185302840845, 0.0]}, 'small_block': {'pos': [0.6140097595303955, -0.3535133918987863, 0.1097032402875184], 'size': [0.04461973939918376, 0.0849493067344041, 0.09534921802665242]}}"
1.359999999999961,0.3679997853466989,0.0,0.4,0.3623491911409691,8.575469417427934e-08,0.3999980172581447,"{'table_obstacle': {'pos': [0.3825981920028062, 0.37518922255766707, 0.1646257963690813], 'size': [0.049837904948193595, 0.0813235869879147, 0.05243307039854257]}, 'pillar_obstacle': {'pos': [0.39994824830915515, -0.3824307480766307, 0.23470116647765446], 'size': [0.033663755439403885, 0.20172185302840845, 0.0]}, 'small_block': {'pos': [0.6140097595303955, -0.3535133918987863, 0.1097032402875184], 'size': [0.04461973939918376, 0.0849493067344041, 0.09534921802665242]}}"
1.360999999999961,0.3679997853466989,0.0,0.4,0.3624170000537352,1.0452398412900852e-07,0.3999979612008663,"{'table_obstacle': {'pos': [0.3825981920028062, 0.37518922255766707, 0.1646257963690813], 'size': [0.049837904948193595, 0.0813235869879147, 0.05243307039854257]}, 'pillar_obstacle': {'pos': [0.39994824830915515, -0.3824307480766307, 0.23470116647765446], 'size': [0.033663755439403885, 0.20172185302840845, 0.0]}, 'small_block': {'pos': [0.6140097595303955, -0.3535133918987863, 0.1097032402875184], 'size': [0.04461973939918376, 0.0849493067344041, 0.09534921802665242]}}"
1.3619999999999608,0.3679997853466989,0.0,0.4,0.3624863172134994,1.208585029413316e-07,0.399997906239522,"{'table_obstacle': {'pos': [0.3825981920028062, 0.37518922255766707, 0.1646257963690813], 'size': [0.049837904948193595, 0.0813235869879147, 0.05243307039854257]}, 'pillar_obstacle': {'pos': [0.39994824830915515, -0.3824307480766307, 0.23470116647765446], 'size': [0.033663755439403885, 0.20172185302840845, 0.0]}, 'small_block': {'pos': [0.6140097595303955, -0.3535133918987863, 0.1097032402875184], 'size': [0.04461973939918376, 0.0849493067344041, 0.09534921802665242]}}"
1.3629999999999607,0.3679997853466989,0.0,0.4,0.3625566480205613,1.3466392365589452e-07,0.3999978532215028,"{'table_obstacle': {'pos': [0.3825981920028062, 0.37518922255766707, 0.1646257963690813], 'size': [0.049837904948193595, 0.0813235869879147, 0.05243307039854257]}, 'pillar_obstacle': {'pos': [0.39994824830915515, -0.3824307480766307, 0.23470116647765446], 'size': [0.033663755439403885, 0.20172185302840845, 0.0]}, 'small_block': {'pos': [0.6140097595303955, -0.3535133918987863, 0.1097032402875184], 'size': [0.04461973939918376, 0.0849493067344041, 0.09534921802665242]}}"
1.3639999999999606,0.3679997853466989,0.0,0.4,0.3626275952680141,1.45983130528868e-07,0.3999978027110425,"{'table_obstacle': {'pos': [0.3825981920028062, 0.37518922255766707, 0.1646257963690813], 'size': [0.049837904948193595, 0.0813235869879147, 0.05243307039854257]}, 'pillar_obstacle': {'pos': [0.39994824830915515, -0.3824307480766307, 0.23470116647765446], 'size': [0.033663755439403885, 0.20172185302840845, 0.0]}, 'small_block': {'pos': [0.6140097595303955, -0.3535133918987863, 0.1097032402875184], 'size': [0.04461973939918376, 0.0849493067344041, 0.09534921802665242]}}"
1.3649999999999605,0.3679997853466989,0.0,0.4,0.3626988405030817,1.5494614281008005e-07,0.3999977550665172,"{'table_obstacle': {'pos': [0.3825981920028062, 0.37518922255766707, 0.1646257963690813], 'size': [0.049837904948193595, 0.0813235869879147, 0.05243307039854257]}, 'pillar_obstacle': {'pos': [0.39994824830915515, -0.3824307480766307, 0.23470116647765446], 'size': [0.033663755439403885, 0.20172185302840845, 0.0]}, 'small_block': {'pos': [0.6140097595303955, -0.3535133918987863, 0.1097032402875184], 'size': [0.04461973939918376, 0.0849493067344041, 0.09534921802665242]}}"
1.3659999999999604,0.3679997853466989,0.0,0.4,0.3627701289477453,1.6173435554181206e-07,0.3999977104969021,"{'table_obstacle': {'pos': [0.3825981920028062, 0.37518922255766707, 0.1646257963690813], 'size': [0.049837904948193595, 0.0813235869879147, 0.05243307039854257]}, 'pillar_obstacle': {'pos': [0.39994824830915515, -0.3824307480766307, 0.23470116647765446], 'size': [0.033663755439403885, 0.20172185302840845, 0.0]}, 'small_block': {'pos': [0.6140097595303955, -0.3535133918987863, 0.1097032402875184], 'size': [0.04461973939918376, 0.0849493067344041, 0.09534921802665242]}}"
1.3669999999999602,0.3679997853466989,0.0,0.4,0.362841257299205,1.6655541572577083e-07,0.39999766910324563,"{'table_obstacle': {'pos': [0.3825981920028062, 0.37518922255766707, 0.1646257963690813], 'size': [0.049837904948193595, 0.0813235869879147, 0.05243307039854257]}, 'pillar_obstacle': {'pos': [0.39994824830915515, -0.3824307480766307, 0.23470116647765446], 'size': [0.033663755439403885, 0.20172185302840845, 0.0]}, 'small_block': {'pos': [0.6140097595303955, -0.3535133918987863, 0.1097032402875184], 'size': [0.04461973939918376, 0.0849493067344041, 0.09534921802665242]}}"
1.3679999999999601,0.3679997853466989,0.0,0.4,0.3629120638603685,1.6962594616423908e-07,0.3999976309092707,"{'table_obstacle': {'pos': [0.3825981920028062, 0.37518922255766707, 0.1646257963690813], 'size': [0.049837904948193595, 0.0813235869879147, 0.05243307039854257]}, 'pillar_obstacle': {'pos': [0.39994824830915515, -0.3824307480766307, 0.23470116647765446], 'size': [0.033663755439403885, 0.20172185302840845, 0.0]}, 'small_block': {'pos': [0.6140097595303955, -0.3535133918987863, 0.1097032402875184], 'size': [0.04461973939918376, 0.0849493067344041, 0.09534921802665242]}}"
1.36899999999996,0.3679997853466989,0.0,0.4,0.3629824205554951,1.711600089344294e-07,0.39999759588401546,"{'table_obstacle': {'pos': [0.3825981920028062, 0.37518922255766707, 0.1646257963690813], 'size': [0.049837904948193595, 0.0813235869879147, 0.05243307039854257]}, 'pillar_obstacle': {'pos': [0.39994824830915515, -0.3824307480766307, 0.23470116647765446], 'size': [0.033663755439403885, 0.20172185302840845, 0.0]}, 'small_block': {'pos': [0.6140097595303955, -0.3535133918987863, 0.1097032402875184], 'size': [0.04461973939918376, 0.0849493067344041, 0.09534921802665242]}}"
1.36999999999996,0.3679997853466989,0.0,0.4,0.3630522264710376,1.7136172957950992e-07,0.3999975639586011,"{'table_obstacle': {'pos': [0.3825981920028062, 0.37518922255766707, 0.1646257963690813], 'size': [0.049837904948193595, 0.0813235869879147, 0.05243307039854257]}, 'pillar_obstacle': {'pos': [0.39994824830915515, -0.3824307480766307, 0.23470116647765446], 'size': [0.033663755439403885, 0.20172185302840845, 0.0]}, 'small_block': {'pos': [0.6140097595303955, -0.3535133918987863, 0.1097032402875184], 'size': [0.04461973939918376, 0.0849493067344041, 0.09534921802665242]}}"
1.3709999999999598,0.3679997853466989,0.0,0.4,0.3631214026304436,1.7042089581509272e-07,0.3999975350386378,"{'table_obstacle': {'pos': [0.3825981920028062, 0.37518922255766707, 0.1646257963690813], 'size': [0.049837904948193595, 0.0813235869879147, 0.05243307039854257]}, 'pillar_obstacle': {'pos': [0.39994824830915515, -0.3824307480766307, 0.23470116647765446], 'size': [0.033663755439403885, 0.20172185302840845, 0.0]}, 'small_block': {'pos': [0.6140097595303955, -0.3535133918987863, 0.1097032402875184], 'size': [0.04461973939918376, 0.0849493067344041, 0.09534921802665242]}}"
1.3719999999999597,0.3679997853466989,0.0,0.4,0.36318988776728395,1.6851065287330288e-07,0.39999750901337366,"{'table_obstacle': {'pos': [0.3825981920028062, 0.37518922255766707, 0.1646257963690813], 'size': [0.049837904948193595, 0.0813235869879147, 0.05243307039854257]}, 'pillar_obstacle': {'pos': [0.39994824830915515, -0.3824307480766307, 0.23470116647765446], 'size': [0.033663755439403885, 0.20172185302840845, 0.0]}, 'small_block': {'pos': [0.6140097595303955, -0.3535133918987863, 0.1097032402875184], 'size': [0.04461973939918376, 0.0849493067344041, 0.09534921802665242]}}"
1.3729999999999596,0.3679997853466989,0.0,0.4,0.3632576349060609,1.6578664360337016e-07,0.39999748576240296,"{'table_obstacle': {'pos': [0.3825981920028062, 0.37518922255766707, 0.1646257963690813], 'size': [0.049837904948193595, 0.0813235869879147, 0.05243307039854257]}, 'pillar_obstacle': {'pos': [0.39994824830915515, -0.3824307480766307, 0.23470116647765446], 'size': [0.033663755439403885, 0.20172185302840845, 0.0]}, 'small_block': {'pos': [0.6140097595303955, -0.3535133918987863, 0.1097032402875184], 'size': [0.04461973939918376, 0.0849493067344041, 0.09534921802665242]}}"
1.3739999999999595,0.3679997853466989,0.0,0.4,0.3633246085964585,1.6238711969948263e-07,0.3999974651605442,"{'table_obstacle': {'pos': [0.3825981920028062, 0.37518922255766707, 0.1646257963690813], 'size': [0.049837904948193595, 0.0813235869879147, 0.05243307039854257]}, 'pillar_obstacle': {'pos': [0.39994824830915515, -0.3824307480766307, 0.23470116647765446], 'size': [0.033663755439403885, 0.20172185302840845, 0.0]}, 'small_block': {'pos': [0.6140097595303955, -0.3535133918987863, 0.1097032402875184], 'size': [0.04461973939918376, 0.0849493067344041, 0.09534921802665242]}}"
1.3749999999999594,0.3679997853466989,0.0,0.4,0.3633907826762437,1.5843367574757827e-07,0.39999744708134,"{'table_obstacle': {'pos': [0.3825981920028062, 0.37518922255766707, 0.1646257963690813], 'size': [0.049837904948193595, 0.0813235869879147, 0.05243307039854257]}, 'pillar_obstacle': {'pos': [0.39994824830915515, -0.3824307480766307, 0.23470116647765446], 'size': [0.033663755439403885, 0.20172185302840845, 0.0]}, 'small_block': {'pos': [0.6140097595303955, -0.3535133918987863, 0.1097032402875184], 'size': [0.04461973939918376, 0.0849493067344041, 0.09534921802665242]}}"
1.3759999999999593,0.3679997853466989,0.0,0.4,0.3634561384618641,1.5403236102020348e-07,0.3999974313995232,"{'table_obstacle': {'pos': [0.3825981920028062, 0.37518922255766707, 0.1646257963690813], 'size': [0.049837904948193595, 0.0813235869879147, 0.05243307039854257]}, 'pillar_obstacle': {'pos': [0.39994824830915515, -0.3824307480766307, 0.23470116647765446], 'size': [0.033663755439403885, 0.20172185302840845, 0.0]}, 'small_block': {'pos': [0.6140097595303955, -0.3535133918987863, 0.1097032402875184], 'size': [0.04461973939918376, 0.0849493067344041, 0.09534921802665242]}}"
1.3769999999999591,0.3679997853466989,0.0,0.4,0.3635206632850565,1.4927499297926182e-07,0.399997417992714,"{'table_obstacle': {'pos': [0.3825981920028062, 0.37518922255766707, 0.1646257963690813], 'size': [0.049837904948193595, 0.0813235869879147, 0.05243307039854257]}, 'pillar_obstacle': {'pos': [0.39994824830915515, -0.3824307480766307, 0.23470116647765446], 'size': [0.033663755439403885, 0.20172185302840845, 0.0]}, 'small_block': {'pos': [0.6140097595303955, -0.3535133918987863, 0.1097032402875184], 'size': [0.04461973939918376, 0.0849493067344041, 0.09534921802665242]}}"
1.377999999999959,0.3679997853466989,0.0,0.4,0.36358434930939143,1.442405512522535e-07,0.39999740674253753,"{'table_obstacle': {'pos': [0.3825981920028062, 0.37518922255766707, 0.1646257963690813], 'size': [0.049837904948193595, 0.0813235869879147, 0.05243307039854257]}, 'pillar_obstacle': {'pos': [0.39994824830915515, -0.3824307480766307, 0.23470116647765446], 'size': [0.033663755439403885, 0.20172185302840845, 0.0]}, 'small_block': {'pos': [0.6140097595303955, -0.3535133918987863, 0.1097032402875184], 'size': [0.04461973939918376, 0.0849493067344041, 0.09534921802665242]}}"
1.378999999999959,0.3679997853466989,0.0,0.4,0.36364719257328687,1.3899657120992146e-07,0.39999739753532026,"{'table_obstacle': {'pos': [0.3825981920028062, 0.37518922255766707, 0.1646257963690813], 'size': [0.049837904948193595, 0.0813235869879147, 0.05243307039854257]}, 'pillar_obstacle': {'pos': [0.39994824830915515, -0.3824307480766307, 0.23470116647765446], 'size': [0.033663755439403885, 0.20172185302840845, 0.0]}, 'small_block': {'pos': [0.6140097595303955, -0.3535133918987863, 0.1097032402875184], 'size': [0.04461973939918376, 0.0849493067344041, 0.09534921802665242]}}"
1.3799999999999588,0.3679997853466989,0.0,0.4,0.36370919221623943,1.336004847976946e-07,0.39999739026247383,"{'table_obstacle': {'pos': [0.3825981920028062, 0.37518922255766707, 0.1646257963690813], 'size': [0.049837904948193595, 0.0813235869879147, 0.05243307039854257]}, 'pillar_obstacle': {'pos': [0.39994824830915515, -0.3824307480766307, 0.23470116647765446], 'size': [0.033663755439403885, 0.20172185302840845, 0.0]}, 'small_block': {'pos': [0.6140097595303955, -0.3535133918987863, 0.1097032402875184], 'size': [0.04461973939918376, 0.0849493067344041, 0.09534921802665242]}}"
1.3809999999999587,0.3679997853466989,0.0,0.4,0.36377034985328227,1.2810087538559755e-07,0.3999973848206544,"{'table_obstacle': {'pos': [0.3825981920028062, 0.37518922255766707, 0.1646257963690813], 'size': [0.049837904948193595, 0.0813235869879147, 0.05243307039854257]}, 'pillar_obstacle': {'pos': [0.39994824830915515, -0.3824307480766307, 0.23470116647765446], 'size': [0.033663755439403885, 0.20172185302840845, 0.0]}, 'small_block': {'pos': [0.6140097595303955, -0.3535133918987863, 0.1097032402875184], 'size': [0.04461973939918376, 0.0849493067344041, 0.09534921802665242]}}"
1.3819999999999586,0.3679997853466989,0.0,0.4,0.36383066906935696,1.225386287413335e-07,0.39999738111176514,"{'table_obstacle': {'pos': [0.3825981920028062, 0.37518922255766707, 0.1646257963690813], 'size': [0.049837904948193595, 0.0813235869879147, 0.05243307039854257]}, 'pillar_obstacle': {'pos': [0.39994824830915515, -0.3824307480766307, 0.23470116647765446], 'size': [0.033663755439403885, 0.20172185302840845, 0.0]}, 'small_block': {'pos': [0.6140097595303955, -0.3535133918987863, 0.1097032402875184], 'size': [0.04461973939918376, 0.0849493067344041, 0.09534921802665242]}}"
1.3829999999999585,0.3679997853466989,0.0,0.4,0.36389015501069544,1.1694797531222984e-07,0.3999973790428468,"{'table_obstacle': {'pos': [0.3825981920028062, 0.37518922255766707, 0.1646257963690813], 'size': [0.049837904948193595, 0.0813235869879147, 0.05243307039854257]}, 'pillar_obstacle': {'pos': [0.39994824830915515, -0.3824307480766307, 0.23470116647765446], 'size': [0.033663755439403885, 0.20172185302840845, 0.0]}, 'small_block': {'pos': [0.6140097595303955, -0.3535133918987863, 0.1097032402875184], 'size': [0.04461973939918376, 0.0849493067344041, 0.09534921802665242]}}"
1.3839999999999584,0.3679997853466989,0.0,0.4,0.3639488140546831,1.1135741895574866e-07,0.39999737852589823,"{'table_obstacle': {'pos': [0.3825981920028062, 0.37518922255766707, 0.1646257963690813], 'size': [0.049837904948193595, 0.0813235869879147, 0.05243307039854257]}, 'pillar_obstacle': {'pos': [0.39994824830915515, -0.3824307480766307, 0.23470116647765446], 'size': [0.033663755439403885, 0.20172185302840845, 0.0]}, 'small_block': {'pos': [0.6140097595303955, -0.3535133918987863, 0.1097032402875184], 'size': [0.04461973939918376, 0.0849493067344041, 0.09534921802665242]}}"
1.3849999999999583,0.3679997853466989,0.0,0.4,0.36400665354321027,1.0579055974685191e-07,0.39999737947765035,"{'table_obstacle': {'pos': [0.3825981920028062, 0.37518922255766707, 0.1646257963690813], 'size': [0.049837904948193595, 0.0813235869879147, 0.05243307039854257]}, 'pillar_obstacle': {'pos': [0.39994824830915515, -0.3824307480766307, 0.23470116647765446], 'size': [0.033663755439403885, 0.20172185302840845, 0.0]}, 'small_block': {'pos': [0.6140097595303955, -0.3535133918987863, 0.1097032402875184], 'size': [0.04461973939918376, 0.0849493067344041, 0.09534921802665242]}}"
1.3859999999999582,0.3679997853466989,0.0,0.4,0.36406368156738395,1.0026681515900665e-07,0.3999973818193133,"{'table_obstacle': {'pos': [0.3825981920028062, 0.37518922255766707, 0.1646257963690813], 'size': [0.049837904948193595, 0.0813235869879147, 0.05243307039854257]}, 'pillar_obstacle': {'pos': [0.39994824830915515, -0.3824307480766307, 0.23470116647765446], 'size': [0.033663755439403885, 0.20172185302840845, 0.0]}, 'small_block': {'pos': [0.6140097595303955, -0.3535133918987863, 0.1097032402875184], 'size': [0.04461973939918376, 0.0849493067344041, 0.09534921802665242]}}"
1.386999999999958,0.3679997853466989,0.0,0.4,0.36411990679378464,9.48020485068656e-08,0.3999973854763161,"{'table_obstacle': {'pos': [0.3825981920028062, 0.37518922255766707, 0.1646257963690813], 'size': [0.049837904948193595, 0.0813235869879147, 0.05243307039854257]}, 'pillar_obstacle': {'pos': [0.39994824830915515, -0.3824307480766307, 0.23470116647765446], 'size': [0.033663755439403885, 0.20172185302840845, 0.0]}, 'small_block': {'pos': [0.6140097595303955, -0.3535133918987863, 0.1097032402875184], 'size': [0.04461973939918376, 0.0849493067344041, 0.09534921802665242]}}"
1.387999999999958,0.3679997853466989,0.0,0.4,0.36417533832433274,8.940911346301152e-08,0.3999973903780428,"{'table_obstacle': {'pos': [0.3825981920028062, 0.37518922255766707, 0.1646257963690813], 'size': [0.049837904948193595, 0.0813235869879147, 0.05243307039854257]}, 'pillar_obstacle': {'pos': [0.39994824830915515, -0.3824307480766307, 0.23470116647765446], 'size': [0.033663755439403885, 0.20172185302840845, 0.0]}, 'small_block': {'pos': [0.6140097595303955, -0.3535133918987863, 0.1097032402875184], 'size': [0.04461973939918376, 0.0849493067344041, 0.09534921802665242]}}"
1.3889999999999578,0.3679997853466989,0.0,0.4,0.36422998558334135,8.409832282182573e-08,0.3999973964575753,"{'table_obstacle': {'pos': [0.3825981920028062, 0.37518922255766707, 0.1646257963690813], 'size': [0.049837904948193595, 0.0813235869879147, 0.05243307039854257]}, 'pillar_obstacle': {'pos': [0.39994824830915515, -0.3824307480766307, 0.23470116647765446], 'size': [0.033663755439403885, 0.20172185302840845, 0.0]}, 'small_block': {'pos': [0.6140097595303955, -0.3535133918987863, 0.1097032402875184], 'size': [0.04461973939918376, 0.0849493067344041, 0.09534921802665242]}}"
1.3899999999999577,0.3679997853466989,0.0,0.4,0.3642838582265534,7.887785139554841e-08,0.3999974036514481,"{'table_obstacle': {'pos': [0.3825981920028062, 0.37518922255766707, 0.1646257963690813], 'size': [0.049837904948193595, 0.0813235869879147, 0.05243307039854257]}, 'pillar_obstacle': {'pos': [0.39994824830915515, -0.3824307480766307, 0.23470116647765446], 'size': [0.033663755439403885, 0.20172185302840845, 0.0]}, 'small_block': {'pos': [0.6140097595303955, -0.3535133918987863, 0.1097032402875184], 'size': [0.04461973939918376, 0.0849493067344041, 0.09534921802665242]}}"
1.3909999999999576,0.3679997853466989,0.0,0.4,0.3643369660679683,7.375407968628097e-08,0.3999974118994154,"{'table_obstacle': {'pos': [0.3825981920028062, 0.37518922255766707, 0.1646257963690813], 'size': [0.049837904948193595, 0.0813235869879147, 0.05243307039854257]}, 'pillar_obstacle': {'pos': [0.39994824830915515, -0.3824307480766307, 0.23470116647765446], 'size': [0.033663755439403885, 0.20172185302840845, 0.0]}, 'small_block': {'pos': [0.6140097595303955, -0.3535133918987863, 0.1097032402875184], 'size': [0.04461973939918376, 0.0849493067344041, 0.09534921802665242]}}"
1.3919999999999575,0.3679997853466989,0.0,0.4,0.3643893190210474,6.873188709903723e-08,0.39999742114423403,"{'table_obstacle': {'pos': [0.3825981920028062, 0.37518922255766707, 0.1646257963690813], 'size': [0.049837904948193595, 0.0813235869879147, 0.05243307039854257]}, 'pillar_obstacle': {'pos': [0.39994824830915515, -0.3824307480766307, 0.23470116647765446], 'size': [0.033663755439403885, 0.20172185302840845, 0.0]}, 'small_block': {'pos': [0.6140097595303955, -0.3535133918987863, 0.1097032402875184], 'size': [0.04461973939918376, 0.0849493067344041, 0.09534921802665242]}}"
1.3929999999999574,0.3679997853466989,0.0,0.4,0.3644409270515542,6.38149005312343e-08,0.39999743133146154,"{'table_obstacle': {'pos': [0.3825981920028062, 0.37518922255766707, 0.1646257963690813], 'size': [0.049837904948193595, 0.0813235869879147, 0.05243307039854257]}, 'pillar_obstacle': {'pos': [0.39994824830915515, -0.3824307480766307, 0.23470116647765446], 'size': [0.033663755439403885, 0.20172185302840845, 0.0]}, 'small_block': {'pos': [0.6140097595303955, -0.3535133918987863, 0.1097032402875184], 'size': [0.04461973939918376, 0.0849493067344041, 0.09534921802665242]}}"
1.3939999999999573,0.3679997853466989,0.0,0.4,0.3644918001397961,5.9005705041567726e-08,0.3999974424092722,"{'table_obstacle': {'pos': [0.3825981920028062, 0.37518922255766707, 0.1646257963690813], 'size': [0.049837904948193595, 0.0813235869879147, 0.05243307039854257]}, 'pillar_obstacle': {'pos': [0.39994824830915515, -0.3824307480766307, 0.23470116647765446], 'size': [0.033663755439403885, 0.20172185302840845, 0.0]}, 'small_block': {'pos': [0.6140097595303955, -0.3535133918987863, 0.1097032402875184], 'size': [0.04461973939918376, 0.0849493067344041, 0.09534921802665242]}}"
1.3949999999999572,0.3679997853466989,0.0,0.4,0.36454194825047304,5.4306021597925845e-08,0.39999745432828426,"{'table_obstacle': {'pos': [0.3825981920028062, 0.37518922255766707, 0.1646257963690813], 'size': [0.049837904948193595, 0.0813235869879147, 0.05243307039854257]}, 'pillar_obstacle': {'pos': [0.39994824830915515, -0.3824307480766307, 0.23470116647765446], 'size': [0.033663755439403885, 0.20172185302840845, 0.0]}, 'small_block': {'pos': [0.6140097595303955, -0.3535133918987863, 0.1097032402875184], 'size': [0.04461973939918376, 0.0849493067344041, 0.09534921802665242]}}"
1.395999999999957,0.3679997853466989,0.0,0.4,0.36459138130867025,4.971685703895113e-08,0.3999974670414056,"{'table_obstacle': {'pos': [0.3825981920028062, 0.37518922255766707, 0.1646257963690813], 'size': [0.049837904948193595, 0.0813235869879147, 0.05243307039854257]}, 'pillar_obstacle': {'pos': [0.39994824830915515, -0.3824307480766307, 0.23470116647765446], 'size': [0.033663755439403885, 0.20172185302840845, 0.0]}, 'small_block': {'pos': [0.6140097595303955, -0.3535133918987863, 0.1097032402875184], 'size': [0.04461973939918376, 0.0849493067344041, 0.09534921802665242]}}"
1.396999999999957,0.3679997853466989,0.0,0.4,0.3646401091808196,4.523862978455028e-08,0.39999748050369105,"{'table_obstacle': {'pos': [0.3825981920028062, 0.37518922255766707, 0.1646257963690813], 'size': [0.049837904948193595, 0.0813235869879147, 0.05243307039854257]}, 'pillar_obstacle': {'pos': [0.39994824830915515, -0.3824307480766307, 0.23470116647765446], 'size': [0.033663755439403885, 0.20172185302840845, 0.0]}, 'small_block': {'pos': [0.6140097595303955, -0.3535133918987863, 0.1097032402875184], 'size': [0.04461973939918376, 0.0849493067344041, 0.09534921802665242]}}"
1.3979999999999568,0.3679997853466989,0.0,0.4,0.3646881416596746,4.087127566142189e-08,0.3999974946722117,"{'table_obstacle': {'pos': [0.3825981920028062, 0.37518922255766707, 0.1646257963690813], 'size': [0.049837904948193595, 0.0813235869879147, 0.05243307039854257]}, 'pillar_obstacle': {'pos': [0.39994824830915515, -0.3824307480766307, 0.23470116647765446], 'size': [0.033663755439403885, 0.20172185302840845, 0.0]}, 'small_block': {'pos': [0.6140097595303955, -0.3535133918987863, 0.1097032402875184], 'size': [0.04461973939918376, 0.0849493067344041, 0.09534921802665242]}}"
1.3989999999999567,0.3679997853466989,0.0,0.4,0.36473548845252807,3.6614335996738686e-08,0.3999975095059379,"{'table_obstacle': {'pos': [0.3825981920028062, 0.37518922255766707, 0.1646257963690813], 'size': [0.049837904948193595, 0.0813235869879147, 0.05243307039854257]}, 'pillar_obstacle': {'pos': [0.39994824830915515, -0.3824307480766307, 0.23470116647765446], 'size': [0.033663755439403885, 0.20172185302840845, 0.0]}, 'small_block': {'pos': [0.6140097595303955, -0.3535133918987863, 0.1097032402875184], 'size': [0.04461973939918376, 0.0849493067344041, 0.09534921802665242]}}"
1.3999999999999566,0.3679997853466989,0.0,0.4,0.364782159172045,3.246703203061012e-08,0.3999975249656296,"{'table_obstacle': {'pos': [0.3825981920028062, 0.37518922255766707, 0.1646257963690813], 'size': [0.049837904948193595, 0.0813235869879147, 0.05243307039854257]}, 'pillar_obstacle': {'pos': [0.39994824830915515, -0.3824307480766307, 0.23470116647765446], 'size': [0.033663755439403885, 0.20172185302840845, 0.0]}, 'small_block': {'pos': [0.6140097595303955, -0.3535133918987863, 0.1097032402875184], 'size': [0.04461973939918376, 0.0849493067344041, 0.09534921802665242]}}"
1.4009999999999565,0.3679997853466989,0.0,0.4,0.3648281633292137,2.8428326219781637e-08,0.39999754101373863,"{'table_obstacle': {'pos': [0.3825981920028062, 0.37518922255766707, 0.1646257963690813], 'size': [0.049837904948193595, 0.0813235869879147, 0.05243307039854257]}, 'pillar_obstacle': {'pos': [0.39994824830915515, -0.3824307480766307, 0.23470116647765446], 'size': [0.033663755439403885, 0.20172185302840845, 0.0]}, 'small_block': {'pos': [0.6140097595303955, -0.3535133918987863, 0.1097032402875184], 'size': [0.04461973939918376, 0.0849493067344041, 0.09534921802665242]}}"
1.4019999999999564,0.3679997853466989,0.0,0.4,0.36487351032799487,2.4496973816402772e-08,0.3999975576143188,"{'table_obstacle': {'pos': [0.3825981920028062, 0.37518922255766707, 0.1646257963690813], 'size': [0.049837904948193595, 0.0813235869879147, 0.05243307039854257]}, 'pillar_obstacle': {'pos': [0.39994824830915515, -0.3824307480766307, 0.23470116647765446], 'size': [0.033663755439403885, 0.20172185302840845, 0.0]}, 'small_block': {'pos': [0.6140097595303955, -0.3535133918987863, 0.1097032402875184], 'size': [0.04461973939918376, 0.0849493067344041, 0.09534921802665242]}}"
1.4029999999999563,0.3679997853466989,0.0,0.4,0.3649182094613499,2.0671564664339092e-08,0.399997574732943,"{'table_obstacle': {'pos': [0.3825981920028062, 0.37518922255766707, 0.1646257963690813], 'size': [0.049837904948193595, 0.0813235869879147, 0.05243307039854257]}, 'pillar_obstacle': {'pos': [0.39994824830915515, -0.3824307480766307, 0.23470116647765446], 'size': [0.033663755439403885, 0.20172185302840845, 0.0]}, 'small_block': {'pos': [0.6140097595303955, -0.3535133918987863, 0.1097032402875184], 'size': [0.04461973939918376, 0.0849493067344041, 0.09534921802665242]}}"
1.4039999999999562,0.3679997853466989,0.0,0.4,0.36496226990837377,1.6950560207669764e-08,0.39999759233662713,"{'table_obstacle': {'pos': [0.3825981920028062, 0.37518922255766707, 0.1646257963690813], 'size': [0.049837904948193595, 0.0813235869879147, 0.05243307039854257]}, 'pillar_obstacle': {'pos': [0.39994824830915515, -0.3824307480766307, 0.23470116647765446], 'size': [0.033663755439403885, 0.20172185302840845, 0.0]}, 'small_block': {'pos': [0.6140097595303955, -0.3535133918987863, 0.1097032402875184], 'size': [0.04461973939918376, 0.0849493067344041, 0.09534921802665242]}}"
1.404999999999956,0.3679997853466989,0.0,0.4,0.3650057007323171,1.3332321159720744e-08,0.39999761039376025,"{'table_obstacle': {'pos': [0.3825981920028062, 0.37518922255766707, 0.1646257963690813], 'size': [0.049837904948193595, 0.0813235869879147, 0.05243307039854257]}, 'pillar_obstacle': {'pos': [0.39994824830915515, -0.3824307480766307, 0.23470116647765446], 'size': [0.033663755439403885, 0.20172185302840845, 0.0]}, 'small_block': {'pos': [0.6140097595303955, -0.3535133918987863, 0.1097032402875184], 'size': [0.04461973939918376, 0.0849493067344041, 0.09534921802665242]}}"
1.405999999999956,0.3679997853466989,0.0,0.4,0.365048510879326,9.815132713240667e-09,0.39999762887404117,"{'table_obstacle': {'pos': [0.3825981920028062, 0.37518922255766707, 0.1646257963690813], 'size': [0.049837904948193595, 0.0813235869879147, 0.05243307039854257]}, 'pillar_obstacle': {'pos': [0.39994824830915515, -0.3824307480766307, 0.23470116647765446], 'size': [0.033663755439403885, 0.20172185302840845, 0.0]}, 'small_block': {'pos': [0.6140097595303955, -0.3535133918987863, 0.1097032402875184], 'size': [0.04461973939918376, 0.0849493067344041, 0.09534921802665242]}}"
1.4069999999999558,0.3679997853466989,0.0,0.4,0.3650907091777558,6.397224612531485e-09,0.39999764774841745,"{'table_obstacle': {'pos': [0.3825981920028062, 0.37518922255766707, 0.1646257963690813], 'size': [0.049837904948193595, 0.0813235869879147, 0.05243307039854257]}, 'pillar_obstacle': {'pos': [0.39994824830915515, -0.3824307480766307, 0.23470116647765446], 'size': [0.033663755439403885, 0.20172185302840845, 0.0]}, 'small_block': {'pos': [0.6140097595303955, -0.3535133918987863, 0.1097032402875184], 'size': [0.04461973939918376, 0.0849493067344041, 0.09534921802665242]}}"
1.4079999999999557,0.3679997853466989,0.0,0.4,0.3651323043379433,3.0767866503438894e-09,0.39999766698903194,"{'table_obstacle': {'pos': [0.3825981920028062, 0.37518922255766707, 0.1646257963690813], 'size': [0.049837904948193595, 0.0813235869879147, 0.05243307039854257]}, 'pillar_obstacle': {'pos': [0.39994824830915515, -0.3824307480766307, 0.23470116647765446], 'size': [0.033663755439403885, 0.20172185302840845, 0.0]}, 'small_block': {'pos': [0.6140097595303955, -0.3535133918987863, 0.1097032402875184], 'size': [0.04461973939918376, 0.0849493067344041, 0.09534921802665242]}}"
1.4089999999999556,0.3679997853466989,0.0,0.4,0.3651733049523478,-1.480167167938239e-10,0.399997686569169,"{'table_obstacle': {'pos': [0.3825981920028062, 0.37518922255766707, 0.1646257963690813], 'size': [0.049837904948193595, 0.0813235869879147, 0.05243307039854257]}, 'pillar_obstacle': {'pos': [0.39994824830915515, -0.3824307480766307, 0.23470116647765446], 'size': [0.033663755439403885, 0.20172185302840845, 0.0]}, 'small_block': {'pos': [0.6140097595303955, -0.3535133918987863, 0.1097032402875184], 'size': [0.04461973939918376, 0.0849493067344041, 0.09534921802665242]}}"
1.4099999999999555,0.3679997853466989,0.0,0.4,0.3652137194959837,-3.2790359159655675e-09,0.3999977064632089,"{'table_obstacle': {'pos': [0.3825981920028062, 0.37518922255766707, 0.1646257963690813], 'size': [0.049837904948193595, 0.0813235869879147, 0.05243307039854257]}, 'pillar_obstacle': {'pos': [0.39994824830915515, -0.3824307480766307, 0.23470116647765446], 'size': [0.033663755439403885, 0.20172185302840845, 0.0]}, 'small_block': {'pos': [0.6140097595303955, -0.3535133918987863, 0.1097032402875184], 'size': [0.04461973939918376, 0.0849493067344041, 0.09534921802665242]}}"
1.4109999999999554,0.3679997853466989,0.0,0.4,0.3652535563270862,-6.31812654824476e-09,0.3999977266465805,"{'table_obstacle': {'pos': [0.3825981920028062, 0.37518922255766707, 0.1646257963690813], 'size': [0.049837904948193595, 0.0813235869879147, 0.05243307039854257]}, 'pillar_obstacle': {'pos': [0.39994824830915515, -0.3824307480766307, 0.23470116647765446], 'size': [0.033663755439403885, 0.20172185302840845, 0.0]}, 'small_block': {'pos': [0.6140097595303955, -0.3535133918987863, 0.1097032402875184], 'size': [0.04461973939918376, 0.0849493067344041, 0.09534921802665242]}}"
1.4119999999999553,0.3679997853466989,0.0,0.4,0.3652928236879607,-9.267143009968084e-09,0.39999774709572095,"{'table_obstacle': {'pos': [0.3825981920028062, 0.37518922255766707, 0.1646257963690813], 'size': [0.049837904948193595, 0.0813235869879147, 0.05243307039854257]}, 'pillar_obstacle': {'pos': [0.39994824830915515, -0.3824307480766307, 0.23470116647765446], 'size': [0.033663755439403885, 0.20172185302840845, 0.0]}, 'small_block': {'pos': [0.6140097595303955, -0.3535133918987863, 0.1097032402875184], 'size': [0.04461973939918376, 0.0849493067344041, 0.09534921802665242]}}"
1.4129999999999552,0.3679997853466989,0.0,0.4,0.3653315297059736,-1.212793187351476e-08,0.39999776778803436,"{'table_obstacle': {'pos': [0.3825981920028062, 0.37518922255766707, 0.1646257963690813], 'size': [0.049837904948193595, 0.0813235869879147, 0.05243307039854257]}, 'pillar_obstacle': {'pos': [0.39994824830915515, -0.3824307480766307, 0.23470116647765446], 'size': [0.033663755439403885, 0.20172185302840845, 0.0]}, 'small_block': {'pos': [0.6140097595303955, -0.3535133918987863, 0.1097032402875184], 'size': [0.04461973939918376, 0.0849493067344041, 0.09534921802665242]}}"
1.413999999999955,0.3679997853466989,0.0,0.4,0.36536968239466017,-1.490232696436186e-08,0.399997788701855,"{'table_obstacle': {'pos': [0.3825981920028062, 0.37518922255766707, 0.1646257963690813], 'size': [0.049837904948193595, 0.0813235869879147, 0.05243307039854257]}, 'pillar_obstacle': {'pos': [0.39994824830915515, -0.3824307480766307, 0.23470116647765446], 'size': [0.033663755439403885, 0.20172185302840845, 0.0]}, 'small_block': {'pos': [0.6140097595303955, -0.3535133918987863, 0.1097032402875184], 'size': [0.04461973939918376, 0.0849493067344041, 0.09534921802665242]}}"
1.414999999999955,0.3679997853466989,0.0,0.4,0.3654072896549136,-1.7592145886564014e-08,0.39999780981641186,"{'table_obstacle': {'pos': [0.3825981920028062, 0.37518922255766707, 0.1646257963690813], 'size': [0.049837904948193595, 0.0813235869879147, 0.05243307039854257]}, 'pillar_obstacle': {'pos': [0.39994824830915515, -0.3824307480766307, 0.23470116647765446], 'size': [0.033663755439403885, 0.20172185302840845, 0.0]}, 'small_block': {'pos': [0.6140097595303955, -0.3535133918987863, 0.1097032402875184], 'size': [0.04461973939918376, 0.0849493067344041, 0.09534921802665242]}}"
1.4159999999999549,0.3679997853466989,0.0,0.4,0.365444359276243,-2.0199186574322306e-08,0.39999783111179377,"{'table_obstacle': {'pos': [0.3825981920028062, 0.37518922255766707, 0.1646257963690813], 'size': [0.049837904948193595, 0.0813235869879147, 0.05243307039854257]}, 'pillar_obstacle': {'pos': [0.39994824830915515, -0.3824307480766307, 0.23470116647765446], 'size': [0.033663755439403885, 0.20172185302840845, 0.0]}, 'small_block': {'pos': [0.6140097595303955, -0.3535133918987863, 0.1097032402875184], 'size': [0.04461973939918376, 0.0849493067344041, 0.09534921802665242]}}"
1.4169999999999547,0.3679997853466989,0.0,0.4,0.36548089893807967,-2.272522533313886e-08,0.3999978525689181,"{'table_obstacle': {'pos': [0.3825981920028062, 0.37518922255766707, 0.1646257963690813], 'size': [0.049837904948193595, 0.0813235869879147, 0.05243307039854257]}, 'pillar_obstacle': {'pos': [0.39994824830915515, -0.3824307480766307, 0.23470116647765446], 'size': [0.033663755439403885, 0.20172185302840845, 0.0]}, 'small_block': {'pos': [0.6140097595303955, -0.3535133918987863, 0.1097032402875184], 'size': [0.04461973939918376, 0.0849493067344041, 0.09534921802665242]}}"
1.4179999999999546,0.3679997853466989,0.0,0.4,0.3655169162111186,-2.5172014002756702e-08,0.39999787416950067,"{'table_obstacle': {'pos': [0.3825981920028062, 0.37518922255766707, 0.1646257963690813], 'size': [0.049837904948193595, 0.0813235869879147, 0.05243307039854257]}, 'pillar_obstacle': {'pos': [0.39994824830915515, -0.3824307480766307, 0.23470116647765446], 'size': [0.033663755439403885, 0.20172185302840845, 0.0]}, 'small_block': {'pos': [0.6140097595303955, -0.3535133918987863, 0.1097032402875184], 'size': [0.04461973939918376, 0.0849493067344041, 0.09534921802665242]}}"
1.4189999999999545,0.3679997853466989,0.0,0.4,0.36555241855868476,-2.7541279979031294e-08,0.3999978958960249,"{'table_obstacle': {'pos': [0.3825981920028062, 0.37518922255766707, 0.1646257963690813], 'size': [0.049837904948193595, 0.0813235869879147, 0.05243307039854257]}, 'pillar_obstacle': {'pos': [0.39994824830915515, -0.3824307480766307, 0.23470116647765446], 'size': [0.033663755439403885, 0.20172185302840845, 0.0]}, 'small_block': {'pos': [0.6140097595303955, -0.3535133918987863, 0.1097032402875184], 'size': [0.04461973939918376, 0.0849493067344041, 0.09534921802665242]}}"
1.4199999999999544,0.3679997853466989,0.0,0.4,0.3655874133381152,-2.983472366358119e-08,0.39999791773171545,"{'table_obstacle': {'pos': [0.3825981920028062, 0.37518922255766707, 0.1646257963690813], 'size': [0.049837904948193595, 0.0813235869879147, 0.05243307039854257]}, 'pillar_obstacle': {'pos': [0.39994824830915515, -0.3824307480766307, 0.23470116647765446], 'size': [0.033663755439403885, 0.20172185302840845, 0.0]}, 'small_block': {'pos': [0.6140097595303955, -0.3535133918987863, 0.1097032402875184], 'size': [0.04461973939918376, 0.0849493067344041, 0.09534921802665242]}}"
1.4209999999999543,0.3679997853466989,0.0,0.4,0.36562190780215087,-3.2054018135101725e-08,0.39999793966051017,"{'table_obstacle': {'pos': [0.3825981920028062, 0.37518922255766707, 0.1646257963690813], 'size': [0.049837904948193595, 0.0813235869879147, 0.05243307039854257]}, 'pillar_obstacle': {'pos': [0.39994824830915515, -0.3824307480766307, 0.23470116647765446], 'size': [0.033663755439403885, 0.20172185302840845, 0.0]}, 'small_block': {'pos': [0.6140097595303955, -0.3535133918987863, 0.1097032402875184], 'size': [0.04461973939918376, 0.0849493067344041, 0.09534921802665242]}}"
1.4219999999999542,0.3679997853466989,0.0,0.4,0.3656559091003309,-3.4200809325356054e-08,0.3999979616670355,"{'table_obstacle': {'pos': [0.3825981920028062, 0.37518922255766707, 0.1646257963690813], 'size': [0.049837904948193595, 0.0813235869879147, 0.05243307039854257]}, 'pillar_obstacle': {'pos': [0.39994824830915515, -0.3824307480766307, 0.23470116647765446], 'size': [0.033663755439403885, 0.20172185302840845, 0.0]}, 'small_block': {'pos': [0.6140097595303955, -0.3535133918987863, 0.1097032402875184], 'size': [0.04461973939918376, 0.0849493067344041, 0.09534921802665242]}}"
1.422999999999954,0.3679997853466989,0.0,0.4,0.3656894242803865,-3.627671470878154e-08,0.3999979837365811,"{'table_obstacle': {'pos': [0.3825981920028062, 0.37518922255766707, 0.1646257963690813], 'size': [0.049837904948193595, 0.0813235869879147, 0.05243307039854257]}, 'pillar_obstacle': {'pos': [0.39994824830915515, -0.3824307480766307, 0.23470116647765446], 'size': [0.033663755439403885, 0.20172185302840845, 0.0]}, 'small_block': {'pos': [0.6140097595303955, -0.3535133918987863, 0.1097032402875184], 'size': [0.04461973939918376, 0.0849493067344041, 0.09534921802665242]}}"
1.423999999999954,0.3679997853466989,0.0,0.4,0.36572246028962885,-3.8283323195979105e-08,0.39999800585507594,"{'table_obstacle': {'pos': [0.3825981920028062, 0.37518922255766707, 0.1646257963690813], 'size': [0.049837904948193595, 0.0813235869879147, 0.05243307039854257]}, 'pillar_obstacle': {'pos': [0.39994824830915515, -0.3824307480766307, 0.23470116647765446], 'size': [0.033663755439403885, 0.20172185302840845, 0.0]}, 'small_block': {'pos': [0.6140097595303955, -0.3535133918987863, 0.1097032402875184], 'size': [0.04461973939918376, 0.0849493067344041, 0.09534921802665242]}}"
1.4249999999999539,0.3679997853466989,0.0,0.4,0.3657550239763325,-4.0222195455701946e-08,0.39999802800906686,"{'table_obstacle': {'pos': [0.3825981920028062, 0.37518922255766707, 0.1646257963690813], 'size': [0.049837904948193595, 0.0813235869879147, 0.05243307039854257]}, 'pillar_obstacle': {'pos': [0.39994824830915515, -0.3824307480766307, 0.23470116647765446], 'size': [0.033663755439403885, 0.20172185302840845, 0.0]}, 'small_block': {'pos': [0.6140097595303955, -0.3535133918987863, 0.1097032402875184], 'size': [0.04461973939918376, 0.0849493067344041, 0.09534921802665242]}}"
1.4259999999999537,0.3679997853466989,0.0,0.4,0.36578712209110503,-4.209486393315431e-08,0.39999805018569545,"{'table_obstacle': {'pos': [0.3825981920028062, 0.37518922255766707, 0.1646257963690813], 'size': [0.049837904948193595, 0.0813235869879147, 0.05243307039854257]}, 'pillar_obstacle': {'pos': [0.39994824830915515, -0.3824307480766307, 0.23470116647765446], 'size': [0.033663755439403885, 0.20172185302840845, 0.0]}, 'small_block': {'pos': [0.6140097595303955, -0.3535133918987863, 0.1097032402875184], 'size': [0.04461973939918376, 0.0849493067344041, 0.09534921802665242]}}"
1.4269999999999536,0.3679997853466989,0.0,0.4,0.36581876128824786,-4.3902832875430844e-08,0.39999807237267637,"{'table_obstacle': {'pos': [0.3825981920028062, 0.37518922255766707, 0.1646257963690813], 'size': [0.049837904948193595, 0.0813235869879147, 0.05243307039854257]}, 'pillar_obstacle': {'pos': [0.39994824830915515, -0.3824307480766307, 0.23470116647765446], 'size': [0.033663755439403885, 0.20172185302840845, 0.0]}, 'small_block': {'pos': [0.6140097595303955, -0.3535133918987863, 0.1097032402875184], 'size': [0.04461973939918376, 0.0849493067344041, 0.09534921802665242]}}"
1.4279999999999535,0.3679997853466989,0.0,0.4,0.3658499481271045,-4.56475779236819e-08,0.39999809455827867,"{'table_obstacle': {'pos': [0.3825981920028062, 0.37518922255766707, 0.1646257963690813], 'size': [0.049837904948193595, 0.0813235869879147, 0.05243307039854257]}, 'pillar_obstacle': {'pos': [0.39994824830915515, -0.3824307480766307, 0.23470116647765446], 'size': [0.033663755439403885, 0.20172185302840845, 0.0]}, 'small_block': {'pos': [0.6140097595303955, -0.3535133918987863, 0.1097032402875184], 'size': [0.04461973939918376, 0.0849493067344041, 0.09534921802665242]}}"
1.4289999999999534,0.3679997853466989,0.0,0.4,0.36588068907339205,-4.733054740009689e-08,0.399998116731305,"{'table_obstacle': {'pos': [0.3825981920028062, 0.37518922255766707, 0.1646257963690813], 'size': [0.049837904948193595, 0.0813235869879147, 0.05243307039854257]}, 'pillar_obstacle': {'pos': [0.39994824830915515, -0.3824307480766307, 0.23470116647765446], 'size': [0.033663755439403885, 0.20172185302840845, 0.0]}, 'small_block': {'pos': [0.6140097595303955, -0.3535133918987863, 0.1097032402875184], 'size': [0.04461973939918376, 0.0849493067344041, 0.09534921802665242]}}"
1.4299999999999533,0.3679997853466989,0.0,0.4,0.3659109905005219,-4.895316197753334e-08,0.39999813888107283,"{'table_obstacle': {'pos': [0.3825981920028062, 0.37518922255766707, 0.1646257963690813], 'size': [0.049837904948193595, 0.0813235869879147, 0.05243307039854257]}, 'pillar_obstacle': {'pos': [0.39994824830915515, -0.3824307480766307, 0.23470116647765446], 'size': [0.033663755439403885, 0.20172185302840845, 0.0]}, 'small_block': {'pos': [0.6140097595303955, -0.3535133918987863, 0.1097032402875184], 'size': [0.04461973939918376, 0.0849493067344041, 0.09534921802665242]}}"
1.4309999999999532,0.3679997853466989,0.0,0.4,0.36594085869090087,-5.051681509505859e-08,0.3999981609973961,"{'table_obstacle': {'pos': [0.3825981920028062, 0.37518922255766707, 0.1646257963690813], 'size': [0.049837904948193595, 0.0813235869879147, 0.05243307039854257]}, 'pillar_obstacle': {'pos': [0.39994824830915515, -0.3824307480766307, 0.23470116647765446], 'size': [0.033663755439403885, 0.20172185302840845, 0.0]}, 'small_block': {'pos': [0.6140097595303955, -0.3535133918987863, 0.1097032402875184], 'size': [0.04461973939918376, 0.0849493067344041, 0.09534921802665242]}}"
1.431999999999953,0.3679997853466989,0.0,0.4,0.3659702998372203,-5.2022873197512325e-08,0.39999818307056806,"{'table_obstacle': {'pos': [0.3825981920028062, 0.37518922255766707, 0.1646257963690813], 'size': [0.049837904948193595, 0.0813235869879147, 0.05243307039854257]}, 'pillar_obstacle': {'pos': [0.39994824830915515, -0.3824307480766307, 0.23470116647765446], 'size': [0.033663755439403885, 0.20172185302840845, 0.0]}, 'small_block': {'pos': [0.6140097595303955, -0.3535133918987863, 0.1097032402875184], 'size': [0.04461973939918376, 0.0849493067344041, 0.09534921802665242]}}"
1.432999999999953,0.3719997711623628,0.0,0.4,0.36599932004372704,-5.347267629421008e-08,0.3999982050913435,"{'table_obstacle': {'pos': [0.3825981920028062, 0.37518922255766707, 0.1646257963690813], 'size': [0.049837904948193595, 0.0813235869879147, 0.05243307039854257]}, 'pillar_obstacle': {'pos': [0.39994824830915515, -0.3824307480766307, 0.23470116647765446], 'size': [0.033663755439403885, 0.20172185302840845, 0.0]}, 'small_block': {'pos': [0.6140097595303955, -0.3535133918987863, 0.1097032402875184], 'size': [0.04461973939918376, 0.0849493067344041, 0.09534921802665242]}}"
1.4339999999999529,0.3719997711623628,0.0,0.4,0.36603884170948514,-4.2320026179953664e-08,0.3999981952512595,"{'table_obstacle': {'pos': [0.3825981920028062, 0.37518922255766707, 0.1646257963690813], 'size': [0.049837904948193595, 0.0813235869879147, 0.05243307039854257]}, 'pillar_obstacle': {'pos': [0.39994824830915515, -0.3824307480766307, 0.23470116647765446], 'size': [0.033663755439403885, 0.20172185302840845, 0.0]}, 'small_block': {'pos': [0.6140097595303955, -0.3535133918987863, 0.1097032402875184], 'size': [0.04461973939918376, 0.0849493067344041, 0.09534921802665242]}}"
1.4349999999999528,0.3719997711623628,0.0,0.4,0.36608663073877457,-2.3819310221654913e-08,0.39999816426563983,"{'table_obstacle': {'pos': [0.3825981920028062, 0.37518922255766707, 0.1646257963690813], 'size': [0.049837904948193595, 0.0813235869879147, 0.05243307039854257]}, 'pillar_obstacle': {'pos': [0.39994824830915515, -0.3824307480766307, 0.23470116647765446], 'size': [0.033663755439403885, 0.20172185302840845, 0.0]}, 'small_block': {'pos': [0.6140097595303955, -0.3535133918987863, 0.1097032402875184], 'size': [0.04461973939918376, 0.0849493067344041, 0.09534921802665242]}}"
1.4359999999999526,0.3719997711623628,0.0,0.4,0.36614088276490064,-1.6453627442464806e-09,0.39999811971197946,"{'table_obstacle': {'pos': [0.3825981920028062, 0.37518922255766707, 0.1646257963690813], 'size': [0.049837904948193595, 0.0813235869879147, 0.05243307039854257]}, 'pillar_obstacle': {'pos': [0.39994824830915515, -0.3824307480766307, 0.23470116647765446], 'size': [0.033663755439403885, 0.20172185302840845, 0.0]}, 'small_block': {'pos': [0.6140097595303955, -0.3535133918987863, 0.1097032402875184], 'size': [0.04461973939918376, 0.0849493067344041, 0.09534921802665242]}}"
1.4369999999999525,0.3719997711623628,0.0,0.4,0.3662001411001996,2.1689784344283306e-08,0.3999980669560406,"{'table_obstacle': {'pos': [0.3825981920028062, 0.37518922255766707, 0.1646257963690813], 'size': [0.049837904948193595, 0.0813235869879147, 0.05243307039854257]}, 'pillar_obstacle': {'pos': [0.39994824830915515, -0.3824307480766307, 0.23470116647765446], 'size': [0.033663755439403885, 0.20172185302840845, 0.0]}, 'small_block': {'pos': [0.6140097595303955, -0.3535133918987863, 0.1097032402875184], 'size': [0.04461973939918376, 0.0849493067344041, 0.09534921802665242]}}"
1.4379999999999524,0.3719997711623628,0.0,0.4,0.36626323033402264,4.452280609640408e-08,0.39999800979362465,"{'table_obstacle': {'pos': [0.3825981920028062, 0.37518922255766707, 0.1646257963690813], 'size': [0.049837904948193595, 0.0813235869879147, 0.05243307039854257]}, 'pillar_obstacle': {'pos': [0.39994824830915515, -0.3824307480766307, 0.23470116647765446], 'size': [0.033663755439403885, 0.20172185302840845, 0.0]}, 'small_block': {'pos': [0.6140097595303955, -0.3535133918987863, 0.1097032402875184], 'size': [0.04461973939918376, 0.0849493067344041, 0.09534921802665242]}}"
1.4389999999999523,0.3719997711623628,0.0,0.4,0.36632920259821405,6.58033777722588e-08,0.39999795089902673,"{'table_obstacle': {'pos': [0.3825981920028062, 0.37518922255766707, 0.1646257963690813], 'size': [0.049837904948193595, 0.0813235869879147, 0.05243307039854257]}, 'pillar_obstacle': {'pos': [0.39994824830915515, -0.3824307480766307, 0.23470116647765446], 'size': [0.033663755439403885, 0.20172185302840845, 0.0]}, 'small_block': {'pos': [0.6140097595303955, -0.3535133918987863, 0.1097032402875184], 'size': [0.04461973939918376, 0.0849493067344041, 0.09534921802665242]}}"
1.4399999999999522,0.3719997711623628,0.0,0.4,0.366397294085966,8.491817803749394e-08,0.39999789214107373,"{'table_obstacle': {'pos': [0.3825981920028062, 0.37518922255766707, 0.1646257963690813], 'size': [0.049837904948193595, 0.0813235869879147, 0.05243307039854257]}, 'pillar_obstacle': {'pos': [0.39994824830915515, -0.3824307480766307, 0.23470116647765446], 'size': [0.033663755439403885, 0.20172185302840845, 0.0]}, 'small_block': {'pos': [0.6140097595303955, -0.3535133918987863, 0.1097032402875184], 'size': [0.04461973939918376, 0.0849493067344041, 0.09534921802665242]}}"
1.440999999999952,0.3719997711623628,0.0,0.4,0.36646688986916137,1.0156025195696204e-07,0.3999978348077201,"{'table_obstacle': {'pos': [0.3825981920028062, 0.37518922255766707, 0.1646257963690813], 'size': [0.049837904948193595, 0.0813235869879147, 0.05243307039854257]}, 'pillar_obstacle': {'pos': [0.39994824830915515, -0.3824307480766307, 0.23470116647765446], 'size': [0.033663755439403885, 0.20172185302840845, 0.0]}, 'small_block': {'pos': [0.6140097595303955, -0.3535133918987863, 0.1097032402875184], 'size': [0.04461973939918376, 0.0849493067344041, 0.09534921802665242]}}"
1.441999999999952,0.3719997711623628,0.0,0.4,0.3665374954314786,1.1563272025028096e-07,0.39999777976695117,"{'table_obstacle': {'pos': [0.3825981920028062, 0.37518922255766707, 0.1646257963690813], 'size': [0.049837904948193595, 0.0813235869879147, 0.05243307039854257]}, 'pillar_obstacle': {'pos': [0.39994824830915515, -0.3824307480766307, 0.23470116647765446], 'size': [0.033663755439403885, 0.20172185302840845, 0.0]}, 'small_block': {'pos': [0.6140097595303955, -0.3535133918987863, 0.1097032402875184], 'size': [0.04461973939918376, 0.0849493067344041, 0.09534921802665242]}}"
1.4429999999999519,0.3719997711623628,0.0,0.4,0.36660871363604747,1.2717839675866267e-07,0.3999977275829108,"{'table_obstacle': {'pos': [0.3825981920028062, 0.37518922255766707, 0.1646257963690813], 'size': [0.049837904948193595, 0.0813235869879147, 0.05243307039854257]}, 'pillar_obstacle': {'pos': [0.39994824830915515, -0.3824307480766307, 0.23470116647765446], 'size': [0.033663755439403885, 0.20172185302840845, 0.0]}, 'small_block': {'pos': [0.6140097595303955, -0.3535133918987863, 0.1097032402875184], 'size': [0.04461973939918376, 0.0849493067344041, 0.09534921802665242]}}"
1.4439999999999518,0.3719997711623628,0.0,0.4,0.3666802260906384,1.3632886844614186e-07,0.39999767860026425,"{'table_obstacle': {'pos': [0.3825981920028062, 0.37518922255766707, 0.1646257963690813], 'size': [0.049837904948193595, 0.0813235869879147, 0.05243307039854257]}, 'pillar_obstacle': {'pos': [0.39994824830915515, -0.3824307480766307, 0.23470116647765446], 'size': [0.033663755439403885, 0.20172185302840845, 0.0]}, 'small_block': {'pos': [0.6140097595303955, -0.3535133918987863, 0.1097032402875184], 'size': [0.04461973939918376, 0.0849493067344041, 0.09534921802665242]}}"
1.4449999999999517,0.3719997711623628,0.0,0.4,0.3667517780711118,1.4326812125589185e-07,0.39999763300581426,"{'table_obstacle': {'pos': [0.3825981920028062, 0.37518922255766707, 0.1646257963690813], 'size': [0.049837904948193595, 0.0813235869879147, 0.05243307039854257]}, 'pillar_obstacle': {'pos': [0.39994824830915515, -0.3824307480766307, 0.23470116647765446], 'size': [0.033663755439403885, 0.20172185302840845, 0.0]}, 'small_block': {'pos': [0.6140097595303955, -0.3535133918987863, 0.1097032402875184], 'size': [0.04461973939918376, 0.0849493067344041, 0.09534921802665242]}}"
1.4459999999999515,0.3719997711623628,0.0,0.4,0.36682316632393075,1.482069746431361e-07,0.399997590873687,"{'table_obstacle': {'pos': [0.3825981920028062, 0.37518922255766707, 0.1646257963690813], 'size': [0.049837904948193595, 0.0813235869879147, 0.05243307039854257]}, 'pillar_obstacle': {'pos': [0.39994824830915515, -0.3824307480766307, 0.23470116647765446], 'size': [0.033663755439403885, 0.20172185302840845, 0.0]}, 'small_block': {'pos': [0.6140097595303955, -0.3535133918987863, 0.1097032402875184], 'size': [0.04461973939918376, 0.0849493067344041, 0.09534921802665242]}}"
1.4469999999999514,0.3719997711623628,0.0,0.4,0.3668942291981321,1.5136549131142856e-07,0.39999755219855443,"{'table_obstacle': {'pos': [0.3825981920028062, 0.37518922255766707, 0.1646257963690813], 'size': [0.049837904948193595, 0.0813235869879147, 0.05243307039854257]}, 'pillar_obstacle': {'pos': [0.39994824830915515, -0.3824307480766307, 0.23470116647765446], 'size': [0.033663755439403885, 0.20172185302840845, 0.0]}, 'small_block': {'pos': [0.6140097595303955, -0.3535133918987863, 0.1097032402875184], 'size': [0.04461973939918376, 0.0849493067344041, 0.09534921802665242]}}"
1.4479999999999513,0.3719997711623628,0.0,0.4,0.3669648386620268,1.529612264583085e-07,0.39999751692007723,"{'table_obstacle': {'pos': [0.3825981920028062, 0.37518922255766707, 0.1646257963690813], 'size': [0.049837904948193595, 0.0813235869879147, 0.05243307039854257]}, 'pillar_obstacle': {'pos': [0.39994824830915515, -0.3824307480766307, 0.23470116647765446], 'size': [0.033663755439403885, 0.20172185302840845, 0.0]}, 'small_block': {'pos': [0.6140097595303955, -0.3535133918987863, 0.1097032402875184], 'size': [0.04461973939918376, 0.0849493067344041, 0.09534921802665242]}}"
1.4489999999999512,0.3719997711623628,0.0,0.4,0.36703489384478605,1.5320170696815023e-07,0.39999748494087395,"{'table_obstacle': {'pos': [0.3825981920028062, 0.37518922255766707, 0.1646257963690813], 'size': [0.049837904948193595, 0.0813235869879147, 0.05243307039854257]}, 'pillar_obstacle': {'pos': [0.39994824830915515, -0.3824307480766307, 0.23470116647765446], 'size': [0.033663755439403885, 0.20172185302840845, 0.0]}, 'small_block': {'pos': [0.6140097595303955, -0.3535133918987863, 0.1097032402875184], 'size': [0.04461973939918376, 0.0849493067344041, 0.09534921802665242]}}"
1.449999999999951,0.3719997711623628,0.0,0.4,0.36710431581175496,1.5227993795786988e-07,0.39999745613968163,"{'table_obstacle': {'pos': [0.3825981920028062, 0.37518922255766707, 0.1646257963690813], 'size': [0.049837904948193595, 0.0813235869879147, 0.05243307039854257]}, 'pillar_obstacle': {'pos': [0.39994824830915515, -0.3824307480766307, 0.23470116647765446], 'size': [0.033663755439403885, 0.20172185302840845, 0.0]}, 'small_block': {'pos': [0.6140097595303955, -0.3535133918987863, 0.1097032402875184], 'size': [0.04461973939918376, 0.0849493067344041, 0.09534921802665242]}}"
1.450999999999951,0.3719997711623628,0.0,0.4,0.36717304333792466,1.503720435349463e-07,0.39999743038094515,"{'table_obstacle': {'pos': [0.3825981920028062, 0.37518922255766707, 0.1646257963690813], 'size': [0.049837904948193595, 0.0813235869879147, 0.05243307039854257]}, 'pillar_obstacle': {'pos': [0.39994824830915515, -0.3824307480766307, 0.23470116647765446], 'size': [0.033663755439403885, 0.20172185302840845, 0.0]}, 'small_block': {'pos': [0.6140097595303955, -0.3535133918987863, 0.1097032402875184], 'size': [0.04461973939918376, 0.0849493067344041, 0.09534921802665242]}}"
1.4519999999999509,0.3719997711623628,0.0,0.4,0.3672410294889626,1.476363803174165e-07,0.39999740752173923,"{'table_obstacle': {'pos': [0.3825981920028062, 0.37518922255766707, 0.1646257963690813], 'size': [0.049837904948193595, 0.0813235869879147, 0.05243307039854257]}, 'pillar_obstacle': {'pos': [0.39994824830915515, -0.3824307480766307, 0.23470116647765446], 'size': [0.033663755439403885, 0.20172185302840845, 0.0]}, 'small_block': {'pos': [0.6140097595303955, -0.3535133918987863, 0.1097032402875184], 'size': [0.04461973939918376, 0.0849493067344041, 0.09534921802665242]}}"
1.4529999999999508,0.3719997711623628,0.0,0.4,0.3673082388555955,1.4421363889725706e-07,0.39999738741670104,"{'table_obstacle': {'pos': [0.3825981920028062, 0.37518922255766707, 0.1646257963690813], 'size': [0.049837904948193595, 0.0813235869879147, 0.05243307039854257]}, 'pillar_obstacle': {'pos': [0.39994824830915515, -0.3824307480766307, 0.23470116647765446], 'size': [0.033663755439403885, 0.20172185302840845, 0.0]}, 'small_block': {'pos': [0.6140097595303955, -0.3535133918987863, 0.1097032402875184], 'size': [0.04461973939918376, 0.0849493067344041, 0.09534921802665242]}}"
1.4539999999999507,0.3719997711623628,0.0,0.4,0.36737464531658376,1.4022758275641122e-07,0.3999973699214839,"{'table_obstacle': {'pos': [0.3825981920028062, 0.37518922255766707, 0.1646257963690813], 'size': [0.049837904948193595, 0.0813235869879147, 0.05243307039854257]}, 'pillar_obstacle': {'pos': [0.39994824830915515, -0.3824307480766307, 0.23470116647765446], 'size': [0.033663755439403885, 0.20172185302840845, 0.0]}, 'small_block': {'pos': [0.6140097595303955, -0.3535133918987863, 0.1097032402875184], 'size': [0.04461973939918376, 0.0849493067344041, 0.09534921802665242]}}"
1.4549999999999506,0.3719997711623628,0.0,0.4,0.36744023022934474,1.3578617168422322e-07,0.3999973548951087,"{'table_obstacle': {'pos': [0.3825981920028062, 0.37518922255766707, 0.1646257963690813], 'size': [0.049837904948193595, 0.0813235869879147, 0.05243307039854257]}, 'pillar_obstacle': {'pos': [0.39994824830915515, -0.3824307480766307, 0.23470116647765446], 'size': [0.033663755439403885, 0.20172185302840845, 0.0]}, 'small_block': {'pos': [0.6140097595303955, -0.3535133918987863, 0.1097032402875184], 'size': [0.04461973939918376, 0.0849493067344041, 0.09534921802665242]}}"
1.4559999999999504,0.3719997711623628,0.0,0.4,0.3675049809665642,1.30982892343676e-07,0.3999973422015034,"{'table_obstacle': {'pos': [0.3825981920028062, 0.37518922255766707, 0.1646257963690813], 'size': [0.049837904948193595, 0.0813235869879147, 0.05243307039854257]}, 'pillar_obstacle': {'pos': [0.39994824830915515, -0.3824307480766307, 0.23470116647765446], 'size': [0.033663755439403885, 0.20172185302840845, 0.0]}, 'small_block': {'pos': [0.6140097595303955, -0.3535133918987863, 0.1097032402875184], 'size': [0.04461973939918376, 0.0849493067344041, 0.09534921802665242]}}"
1.4569999999999503,0.3719997711623628,0.0,0.4,0.3675688897327183,1.258981725193744e-07,0.39999733171044777,"{'table_obstacle': {'pos': [0.3825981920028062, 0.37518922255766707, 0.1646257963690813], 'size': [0.049837904948193595, 0.0813235869879147, 0.05243307039854257]}, 'pillar_obstacle': {'pos': [0.39994824830915515, -0.3824307480766307, 0.23470116647765446], 'size': [0.033663755439403885, 0.20172185302840845, 0.0]}, 'small_block': {'pos': [0.6140097595303955, -0.3535133918987863, 0.1097032402875184], 'size': [0.04461973939918376, 0.0849493067344041, 0.09534921802665242]}}"
1.4579999999999502,0.3719997711623628,0.0,0.4,0.36763195260705783,1.2060079600978515e-07,0.3999973232980864,"{'table_obstacle': {'pos': [0.3825981920028062, 0.37518922255766707, 0.1646257963690813], 'size': [0.049837904948193595, 0.0813235869879147, 0.05243307039854257]}, 'pillar_obstacle': {'pos': [0.39994824830915515, -0.3824307480766307, 0.23470116647765446], 'size': [0.033663755439403885, 0.20172185302840845, 0.0]}, 'small_block': {'pos': [0.6140097595303955, -0.3535133918987863, 0.1097032402875184], 'size': [0.04461973939918376, 0.0849493067344041, 0.09534921802665242]}}"
1.4589999999999501,0.3719997711623628,0.0,0.4,0.3676941687698031,1.151492636514819e-07,0.3999973168471294,"{'table_obstacle': {'pos': [0.3825981920028062, 0.37518922255766707, 0.1646257963690813], 'size': [0.049837904948193595, 0.0813235869879147, 0.05243307039854257]}, 'pillar_obstacle': {'pos': [0.39994824830915515, -0.3824307480766307, 0.23470116647765446], 'size': [0.033663755439403885, 0.20172185302840845, 0.0]}, 'small_block': {'pos': [0.6140097595303955, -0.3535133918987863, 0.1097032402875184], 'size': [0.04461973939918376, 0.0849493067344041, 0.09534921802665242]}}"
1.45999999999995,0.3719997711623628,0.0,0.4,0.3677555398765607,1.0959306831223535e-07,0.3999973122468411,"{'table_obstacle': {'pos': [0.3825981920028062, 0.37518922255766707, 0.1646257963690813], 'size': [0.049837904948193595, 0.0813235869879147, 0.05243307039854257]}, 'pillar_obstacle': {'pos': [0.39994824830915515, -0.3824307480766307, 0.23470116647765446], 'size': [0.033663755439403885, 0.20172185302840845, 0.0]}, 'small_block': {'pos': [0.6140097595303955, -0.3535133918987863, 0.1097032402875184], 'size': [0.04461973939918376, 0.0849493067344041, 0.09534921802665242]}}"
1.46099999999995,0.3719997711623628,0.0,0.4,0.3678160695526563,1.0397386585095213e-07,0.3999973093928802,"{'table_obstacle': {'pos': [0.3825981920028062, 0.37518922255766707, 0.1646257963690813], 'size': [0.049837904948193595, 0.0813235869879147, 0.05243307039854257]}, 'pillar_obstacle': {'pos': [0.39994824830915515, -0.3824307480766307, 0.23470116647765446], 'size': [0.033663755439403885, 0.20172185302840845, 0.0]}, 'small_block': {'pos': [0.6140097595303955, -0.3535133918987863, 0.1097032402875184], 'size': [0.04461973939918376, 0.0849493067344041, 0.09534921802665242]}}"
1.4619999999999498,0.3719997711623628,0.0,0.4,0.3678757629844787,9.832653426549998e-08,0.3999973081870419,"{'table_obstacle': {'pos': [0.3825981920028062, 0.37518922255766707, 0.1646257963690813], 'size': [0.049837904948193595, 0.0813235869879147, 0.05243307039854257]}, 'pillar_obstacle': {'pos': [0.39994824830915515, -0.3824307480766307, 0.23470116647765446], 'size': [0.033663755439403885, 0.20172185302840845, 0.0]}, 'small_block': {'pos': [0.6140097595303955, -0.3535133918987863, 0.1097032402875184], 'size': [0.04461973939918376, 0.0849493067344041, 0.09534921802665242]}}"
1.4629999999999497,0.3719997711623628,0.0,0.4,0.36793462658930903,9.268011799524065e-08,0.39999730853694365,"{'table_obstacle': {'pos': [0.3825981920028062, 0.37518922255766707, 0.1646257963690813], 'size': [0.049837904948193595, 0.0813235869879147, 0.05243307039854257]}, 'pillar_obstacle': {'pos': [0.39994824830915515, -0.3824307480766307, 0.23470116647765446], 'size': [0.033663755439403885, 0.20172185302840845, 0.0]}, 'small_block': {'pos': [0.6140097595303955, -0.3535133918987863, 0.1097032402875184], 'size': [0.04461973939918376, 0.0849493067344041, 0.09534921802665242]}}"
1.4639999999999496,0.3719997711623628,0.0,0.4,0.36799266774863637,8.705866591896076e-08,0.3999973103556802,"{'table_obstacle': {'pos': [0.3825981920028062, 0.37518922255766707, 0.1646257963690813], 'size': [0.049837904948193595, 0.0813235869879147, 0.05243307039854257]}, 'pillar_obstacle': {'pos': [0.39994824830915515, -0.3824307480766307, 0.23470116647765446], 'size': [0.033663755439403885, 0.20172185302840845, 0.0]}, 'small_block': {'pos': [0.6140097595303955, -0.3535133918987863, 0.1097032402875184], 'size': [0.04461973939918376, 0.0849493067344041, 0.09534921802665242]}}"
1.4649999999999495,0.3719997711623628,0.0,0.4,0.36804989459284465,8.148196437957594e-08,0.3999973135614646,"{'table_obstacle': {'pos': [0.3825981920028062, 0.37518922255766707, 0.1646257963690813], 'size': [0.049837904948193595, 0.0813235869879147, 0.05243307039854257]}, 'pillar_obstacle': {'pos': [0.39994824830915515, -0.3824307480766307, 0.23470116647765446], 'size': [0.033663755439403885, 0.20172185302840845, 0.0]}, 'small_block': {'pos': [0.6140097595303955, -0.3535133918987863, 0.1097032402875184], 'size': [0.04461973939918376, 0.0849493067344041, 0.09534921802665242]}}"
1.4659999999999493,0.3719997711623628,0.0,0.4,0.36810631582744324,7.596617845953659e-08,0.39999731807727373,"{'table_obstacle': {'pos': [0.3825981920028062, 0.37518922255766707, 0.1646257963690813], 'size': [0.049837904948193595, 0.0813235869879147, 0.05243307039854257]}, 'pillar_obstacle': {'pos': [0.39994824830915515, -0.3824307480766307, 0.23470116647765446], 'size': [0.033663755439403885, 0.20172185302840845, 0.0]}, 'small_block': {'pos': [0.6140097595303955, -0.3535133918987863, 0.1097032402875184], 'size': [0.04461973939918376, 0.0849493067344041, 0.09534921802665242]}}"
1.4669999999999492,0.3719997711623628,0.0,0.4,0.36816194059291163,7.05244041063821e-08,0.3999973238305025,"{'table_obstacle': {'pos': [0.3825981920028062, 0.37518922255766707, 0.1646257963690813], 'size': [0.049837904948193595, 0.0813235869879147, 0.05243307039854257]}, 'pillar_obstacle': {'pos': [0.39994824830915515, -0.3824307480766307, 0.23470116647765446], 'size': [0.033663755439403885, 0.20172185302840845, 0.0]}, 'small_block': {'pos': [0.6140097595303955, -0.3535133918987863, 0.1097032402875184], 'size': [0.04461973939918376, 0.0849493067344041, 0.09534921802665242]}}"
1.4679999999999491,0.3719997711623628,0.0,0.4,0.3682167783517329,6.516714715272266e-08,0.399997330752638,"{'table_obstacle': {'pos': [0.3825981920028062, 0.37518922255766707, 0.1646257963690813], 'size': [0.049837904948193595, 0.0813235869879147, 0.05243307039854257]}, 'pillar_obstacle': {'pos': [0.39994824830915515, -0.3824307480766307, 0.23470116647765446], 'size': [0.033663755439403885, 0.20172185302840845, 0.0]}, 'small_block': {'pos': [0.6140097595303955, -0.3535133918987863, 0.1097032402875184], 'size': [0.04461973939918376, 0.0849493067344041, 0.09534921802665242]}}"
1.468999999999949,0.3719997711623628,0.0,0.4,0.36827083879741795,5.990273391309024e-08,0.3999973387789495,"{'table_obstacle': {'pos': [0.3825981920028062, 0.37518922255766707, 0.1646257963690813], 'size': [0.049837904948193595, 0.0813235869879147, 0.05243307039854257]}, 'pillar_obstacle': {'pos': [0.39994824830915515, -0.3824307480766307, 0.23470116647765446], 'size': [0.033663755439403885, 0.20172185302840845, 0.0]}, 'small_block': {'pos': [0.6140097595303955, -0.3535133918987863, 0.1097032402875184], 'size': [0.04461973939918376, 0.0849493067344041, 0.09534921802665242]}}"
1.469999999999949,0.3719997711623628,0.0,0.4,0.3683241317813173,5.473765994789573e-08,0.39999734784820606,"{'table_obstacle': {'pos': [0.3825981920028062, 0.37518922255766707, 0.1646257963690813], 'size': [0.049837904948193595, 0.0813235869879147, 0.05243307039854257]}, 'pillar_obstacle': {'pos': [0.39994824830915515, -0.3824307480766307, 0.23470116647765446], 'size': [0.033663755439403885, 0.20172185302840845, 0.0]}, 'small_block': {'pos': [0.6140097595303955, -0.3535133918987863, 0.1097032402875184], 'size': [0.04461973939918376, 0.0849493067344041, 0.09534921802665242]}}"
1.4709999999999488,0.3719997711623628,0.0,0.4,0.3683766672538188,4.967688973830311e-08,0.3999973579024128,"{'table_obstacle': {'pos': [0.3825981920028062, 0.37518922255766707, 0.1646257963690813], 'size': [0.049837904948193595, 0.0813235869879147, 0.05243307039854257]}, 'pillar_obstacle': {'pos': [0.39994824830915515, -0.3824307480766307, 0.23470116647765446], 'size': [0.033663755439403885, 0.20172185302840845, 0.0]}, 'small_block': {'pos': [0.6140097595303955, -0.3535133918987863, 0.1097032402875184], 'size': [0.04461973939918376, 0.0849493067344041, 0.09534921802665242]}}"
1.4719999999999487,0.3719997711623628,0.0,0.4,0.36842845521717754,4.4724110617557024e-08,0.399997368886571,"{'table_obstacle': {'pos': [0.3825981920028062, 0.37518922255766707, 0.1646257963690813], 'size': [0.049837904948193595, 0.0813235869879147, 0.05243307039854257]}, 'pillar_obstacle': {'pos': [0.39994824830915515, -0.3824307480766307, 0.23470116647765446], 'size': [0.033663755439403885, 0.20172185302840845, 0.0]}, 'small_block': {'pos': [0.6140097595303955, -0.3535133918987863, 0.1097032402875184], 'size': [0.04461973939918376, 0.0849493067344041, 0.09534921802665242]}}"
1.4729999999999486,0.3719997711623628,0.0,0.4,0.3684795056877537,3.9881946194558375e-08,0.39999738074845986,"{'table_obstacle': {'pos': [0.3825981920028062, 0.37518922255766707, 0.1646257963690813], 'size': [0.049837904948193595, 0.0813235869879147, 0.05243307039854257]}, 'pillar_obstacle': {'pos': [0.39994824830915515, -0.3824307480766307, 0.23470116647765446], 'size': [0.033663755439403885, 0.20172185302840845, 0.0]}, 'small_block': {'pos': [0.6140097595303955, -0.3535133918987863, 0.1097032402875184], 'size': [0.04461973939918376, 0.0849493067344041, 0.09534921802665242]}}"
1.4739999999999485,0.3719997711623628,0.0,0.4,0.3685298286658567,3.51521388610446e-08,0.3999973934384381,"{'table_obstacle': {'pos': [0.3825981920028062, 0.37518922255766707, 0.1646257963690813], 'size': [0.049837904948193595, 0.0813235869879147, 0.05243307039854257]}, 'pillar_obstacle': {'pos': [0.39994824830915515, -0.3824307480766307, 0.23470116647765446], 'size': [0.033663755439403885, 0.20172185302840845, 0.0]}, 'small_block': {'pos': [0.6140097595303955, -0.3535133918987863, 0.1097032402875184], 'size': [0.04461973939918376, 0.0849493067344041, 0.09534921802665242]}}"
1.4749999999999484,0.3719997711623628,0.0,0.4,0.36857943411173444,3.0535701520769425e-08,0.3999974069092644,"{'table_obstacle': {'pos': [0.3825981920028062, 0.37518922255766707, 0.1646257963690813], 'size': [0.049837904948193595, 0.0813235869879147, 0.05243307039854257]}, 'pillar_obstacle': {'pos': [0.39994824830915515, -0.3824307480766307, 0.23470116647765446], 'size': [0.033663755439403885, 0.20172185302840845, 0.0]}, 'small_block': {'pos': [0.6140097595303955, -0.3535133918987863, 0.1097032402875184], 'size': [0.04461973939918376, 0.0849493067344041, 0.09534921802665242]}}"
1.4759999999999482,0.3719997711623628,0.0,0.4,0.3686283319265343,2.6033047415354402e-08,0.3999974211159358,"{'table_obstacle': {'pos': [0.3825981920028062, 0.37518922255766707, 0.1646257963690813], 'size': [0.049837904948193595, 0.0813235869879147, 0.05243307039854257]}, 'pillar_obstacle': {'pos': [0.39994824830915515, -0.3824307480766307, 0.23470116647765446], 'size': [0.033663755439403885, 0.20172185302840845, 0.0]}, 'small_block': {'pos': [0.6140097595303955, -0.3535133918987863, 0.1097032402875184], 'size': [0.04461973939918376, 0.0849493067344041, 0.09534921802665242]}}"
1.4769999999999481,0.3719997711623628,0.0,0.4,0.36867653193727756,2.164409612446532e-08,0.3999974360155386,"{'table_obstacle': {'pos': [0.3825981920028062, 0.37518922255766707, 0.1646257963690813], 'size': [0.049837904948193595, 0.0813235869879147, 0.05243307039854257]}, 'pillar_obstacle': {'pos': [0.39994824830915515, -0.3824307480766307, 0.23470116647765446], 'size': [0.033663755439403885, 0.20172185302840845, 0.0]}, 'small_block': {'pos': [0.6140097595303955, -0.3535133918987863, 0.1097032402875184], 'size': [0.04461973939918376, 0.0849493067344041, 0.09534921802665242]}}"
1.477999999999948,0.3719997711623628,0.0,0.4,0.3687240438850769,1.736836550085724e-08,0.3999974515671195,"{'table_obstacle': {'pos': [0.3825981920028062, 0.37518922255766707, 0.1646257963690813], 'size': [0.049837904948193595, 0.0813235869879147, 0.05243307039854257]}, 'pillar_obstacle': {'pos': [0.39994824830915515, -0.3824307480766307, 0.23470116647765446], 'size': [0.033663755439403885, 0.20172185302840845, 0.0]}, 'small_block': {'pos': [0.6140097595303955, -0.3535133918987863, 0.1097032402875184], 'size': [0.04461973939918376, 0.0849493067344041, 0.09534921802665242]}}"
1.478999999999948,0.3719997711623628,0.0,0.4,0.36877087741597314,1.3205045616717247e-08,0.39999746773156314,"{'table_obstacle': {'pos': [0.3825981920028062, 0.37518922255766707, 0.1646257963690813], 'size': [0.049837904948193595, 0.0813235869879147, 0.05243307039854257]}, 'pillar_obstacle': {'pos': [0.39994824830915515, -0.3824307480766307, 0.23470116647765446], 'size': [0.033663755439403885, 0.20172185302840845, 0.0]}, 'small_block': {'pos': [0.6140097595303955, -0.3535133918987863, 0.1097032402875184], 'size': [0.04461973939918376, 0.0849493067344041, 0.09534921802665242]}}"
1.4799999999999478,0.3719997711623628,0.0,0.4,0.368817042073885,9.15306311864141e-09,0.39999748447148414,"{'table_obstacle': {'pos': [0.3825981920028062, 0.37518922255766707, 0.1646257963690813], 'size': [0.049837904948193595, 0.0813235869879147, 0.05243307039854257]}, 'pillar_obstacle': {'pos': [0.39994824830915515, -0.3824307480766307, 0.23470116647765446], 'size': [0.033663755439403885, 0.20172185302840845, 0.0]}, 'small_block': {'pos': [0.6140097595303955, -0.3535133918987863, 0.1097032402875184], 'size': [0.04461973939918376, 0.0849493067344041, 0.09534921802665242]}}"
1.4809999999999477,0.3719997711623628,0.0,0.4,0.3688625472952646,5.211132365702467e-09,0.39999750175112947,"{'table_obstacle': {'pos': [0.3825981920028062, 0.37518922255766707, 0.1646257963690813], 'size': [0.049837904948193595, 0.0813235869879147, 0.05243307039854257]}, 'pillar_obstacle': {'pos': [0.39994824830915515, -0.3824307480766307, 0.23470116647765446], 'size': [0.033663755439403885, 0.20172185302840845, 0.0]}, 'small_block': {'pos': [0.6140097595303955, -0.3535133918987863, 0.1097032402875184], 'size': [0.04461973939918376, 0.0849493067344041, 0.09534921802665242]}}"
1.4819999999999476,0.3719997711623628,0.0,0.4,0.3689074024051264,1.37779987341038e-09,0.39999751953628815,"{'table_obstacle': {'pos': [0.3825981920028062, 0.37518922255766707, 0.1646257963690813], 'size': [0.049837904948193595, 0.0813235869879147, 0.05243307039854257]}, 'pillar_obstacle': {'pos': [0.39994824830915515, -0.3824307480766307, 0.23470116647765446], 'size': [0.033663755439403885, 0.20172185302840845, 0.0]}, 'small_block': {'pos': [0.6140097595303955, -0.3535133918987863, 0.1097032402875184], 'size': [0.04461973939918376, 0.0849493067344041, 0.09534921802665242]}}"
1.4829999999999475,0.3719997711623628,0.0,0.4,0.3689516166141841,-2.3485197563498106e-09,0.39999753779421054,"{'table_obstacle': {'pos': [0.3825981920028062, 0.37518922255766707, 0.1646257963690813], 'size': [0.049837904948193595, 0.0813235869879147, 0.05243307039854257]}, 'pillar_obstacle': {'pos': [0.39994824830915515, -0.3824307480766307, 0.23470116647765446], 'size': [0.033663755439403885, 0.20172185302840845, 0.0]}, 'small_block': {'pos': [0.6140097595303955, -0.3535133918987863, 0.1097032402875184], 'size': [0.04461973939918376, 0.0849493067344041, 0.09534921802665242]}}"
1.4839999999999474,0.3719997711623628,0.0,0.4,0.3689951990168774,-5.969514610982643e-09,0.3999975564935332,"{'table_obstacle': {'pos': [0.3825981920028062, 0.37518922255766707, 0.1646257963690813], 'size': [0.049837904948193595, 0.0813235869879147, 0.05243307039854257]}, 'pillar_obstacle': {'pos': [0.39994824830915515, -0.3824307480766307, 0.23470116647765446], 'size': [0.033663755439403885, 0.20172185302840845, 0.0]}, 'small_block': {'pos': [0.6140097595303955, -0.3535133918987863, 0.1097032402875184], 'size': [0.04461973939918376, 0.0849493067344041, 0.09534921802665242]}}"
1.4849999999999473,0.3719997711623628,0.0,0.4,0.36903815859011646,-9.486949639727005e-09,0.3999975756042108,"{'table_obstacle': {'pos': [0.3825981920028062, 0.37518922255766707, 0.1646257963690813], 'size': [0.049837904948193595, 0.0813235869879147, 0.05243307039854257]}, 'pillar_obstacle': {'pos': [0.39994824830915515, -0.3824307480766307, 0.23470116647765446], 'size': [0.033663755439403885, 0.20172185302840845, 0.0]}, 'small_block': {'pos': [0.6140097595303955, -0.3535133918987863, 0.1097032402875184], 'size': [0.04461973939918376, 0.0849493067344041, 0.09534921802665242]}}"
1.4859999999999471,0.3719997711623628,0.0,0.4,0.3690805041925983,-1.290264648300713e-08,0.39999759509745403,"{'table_obstacle': {'pos': [0.3825981920028062, 0.37518922255766707, 0.1646257963690813], 'size': [0.049837904948193595, 0.0813235869879147, 0.05243307039854257]}, 'pillar_obstacle': {'pos': [0.39994824830915515, -0.3824307480766307, 0.23470116647765446], 'size': [0.033663755439403885, 0.20172185302840845, 0.0]}, 'small_block': {'pos': [0.6140097595303955, -0.3535133918987863, 0.1097032402875184], 'size': [0.04461973939918376, 0.0849493067344041, 0.09534921802665242]}}"
1.486999999999947,0.3719997711623628,0.0,0.4,0.3691222445645845,-1.621846708907129e-08,0.3999976149456714,"{'table_obstacle': {'pos': [0.3825981920028062, 0.37518922255766707, 0.1646257963690813], 'size': [0.049837904948193595, 0.0813235869879147, 0.05243307039854257]}, 'pillar_obstacle': {'pos': [0.39994824830915515, -0.3824307480766307, 0.23470116647765446], 'size': [0.033663755439403885, 0.20172185302840845, 0.0]}, 'small_block': {'pos': [0.6140097595303955, -0.3535133918987863, 0.1097032402875184], 'size': [0.04461973939918376, 0.0849493067344041, 0.09534921802665242]}}"
1.487999999999947,0.3719997711623628,0.0,0.4,0.3691633883280473,-1.9436299580453e-08,0.39999763512241476,"{'table_obstacle': {'pos': [0.3825981920028062, 0.37518922255766707, 0.1646257963690813], 'size': [0.049837904948193595, 0.0813235869879147, 0.05243307039854257]}, 'pillar_obstacle': {'pos': [0.39994824830915515, -0.3824307480766307, 0.23470116647765446], 'size': [0.033663755439403885, 0.20172185302840845, 0.0]}, 'small_block': {'pos': [0.6140097595303955, -0.3535133918987863, 0.1097032402875184], 'size': [0.04461973939918376, 0.0849493067344041, 0.09534921802665242]}}"
1.4889999999999468,0.3719997711623628,0.0,0.4,0.3692039439871066,-2.2558046709129846e-08,0.3999976556023306,"{'table_obstacle': {'pos': [0.3825981920028062, 0.37518922255766707, 0.1646257963690813], 'size': [0.049837904948193595, 0.0813235869879147, 0.05243307039854257]}, 'pillar_obstacle': {'pos': [0.39994824830915515, -0.3824307480766307, 0.23470116647765446], 'size': [0.033663755439403885, 0.20172185302840845, 0.0]}, 'small_block': {'pos': [0.6140097595303955, -0.3535133918987863, 0.1097032402875184], 'size': [0.04461973939918376, 0.0849493067344041, 0.09534921802665242]}}"
1.4899999999999467,0.3719997711623628,0.0,0.4,0.3692439199287004,-2.558561761069843e-08,0.39999767636111355,"{'table_obstacle': {'pos': [0.3825981920028062, 0.37518922255766707, 0.1646257963690813], 'size': [0.049837904948193595, 0.0813235869879147, 0.05243307039854257]}, 'pillar_obstacle': {'pos': [0.39994824830915515, -0.3824307480766307, 0.23470116647765446], 'size': [0.033663755439403885, 0.20172185302840845, 0.0]}, 'small_block': {'pos': [0.6140097595303955, -0.3535133918987863, 0.1097032402875184], 'size': [0.04461973939918376, 0.0849493067344041, 0.09534921802665242]}}"
1.4909999999999466,0.3719997711623628,0.0,0.4,0.36928332442343903,-2.8520918335631916e-08,0.39999769737546265,"{'table_obstacle': {'pos': [0.3825981920028062, 0.37518922255766707, 0.1646257963690813], 'size': [0.049837904948193595, 0.0813235869879147, 0.05243307039854257]}, 'pillar_obstacle': {'pos': [0.39994824830915515, -0.3824307480766307, 0.23470116647765446], 'size': [0.033663755439403885, 0.20172185302840845, 0.0]}, 'small_block': {'pos': [0.6140097595303955, -0.3535133918987863, 0.1097032402875184], 'size': [0.04461973939918376, 0.0849493067344041, 0.09534921802665242]}}"
1.4919999999999465,0.3719997711623628,0.0,0.4,0.36932216562660175,-3.1365847781554526e-08,0.39999771862304073,"{'table_obstacle': {'pos': [0.3825981920028062, 0.37518922255766707, 0.1646257963690813], 'size': [0.049837904948193595, 0.0813235869879147, 0.05243307039854257]}, 'pillar_obstacle': {'pos': [0.39994824830915515, -0.3824307480766307, 0.23470116647765446], 'size': [0.033663755439403885, 0.20172185302840845, 0.0]}, 'small_block': {'pos': [0.6140097595303955, -0.3535133918987863, 0.1097032402875184], 'size': [0.04461973939918376, 0.0849493067344041, 0.09534921802665242]}}"
1.4929999999999464,0.3719997711623628,0.0,0.4,0.36936045157924835,-3.412229132907e-08,0.3999977400824358,"{'table_obstacle': {'pos': [0.3825981920028062, 0.37518922255766707, 0.1646257963690813], 'size': [0.049837904948193595, 0.0813235869879147, 0.05243307039854257]}, 'pillar_obstacle': {'pos': [0.39994824830915515, -0.3824307480766307, 0.23470116647765446], 'size': [0.033663755439403885, 0.20172185302840845, 0.0]}, 'small_block': {'pos': [0.6140097595303955, -0.3535133918987863, 0.1097032402875184], 'size': [0.04461973939918376, 0.0849493067344041, 0.09534921802665242]}}"
1.4939999999999463,0.3719997711623628,0.0,0.4,0.3693981902094136,-3.6792118072254154e-08,0.39999776173312596,"{'table_obstacle': {'pos': [0.3825981920028062, 0.37518922255766707, 0.1646257963690813], 'size': [0.049837904948193595, 0.0813235869879147, 0.05243307039854257]}, 'pillar_obstacle': {'pos': [0.39994824830915515, -0.3824307480766307, 0.23470116647765446], 'size': [0.033663755439403885, 0.20172185302840845, 0.0]}, 'small_block': {'pos': [0.6140097595303955, -0.3535133918987863, 0.1097032402875184], 'size': [0.04461973939918376, 0.0849493067344041, 0.09534921802665242]}}"
1.4949999999999461,0.3719997711623628,0.0,0.4,0.36943538933337106,-3.937717602445841e-08,0.3999977835554446,"{'table_obstacle': {'pos': [0.3825981920028062, 0.37518922255766707, 0.1646257963690813], 'size': [0.049837904948193595, 0.0813235869879147, 0.05243307039854257]}, 'pillar_obstacle': {'pos': [0.39994824830915515, -0.3824307480766307, 0.23470116647765446], 'size': [0.033663755439403885, 0.20172185302840845, 0.0]}, 'small_block': {'pos': [0.6140097595303955, -0.3535133918987863, 0.1097032402875184], 'size': [0.04461973939918376, 0.0849493067344041, 0.09534921802665242]}}"
1.495999999999946,0.3719997711623628,0.0,0.4,0.3694720566569428,-4.1879291615648855e-08,0.3999978055305468,"{'table_obstacle': {'pos': [0.3825981920028062, 0.37518922255766707, 0.1646257963690813], 'size': [0.049837904948193595, 0.0813235869879147, 0.05243307039854257]}, 'pillar_obstacle': {'pos': [0.39994824830915515, -0.3824307480766307, 0.23470116647765446], 'size': [0.033663755439403885, 0.20172185302840845, 0.0]}, 'small_block': {'pos': [0.6140097595303955, -0.3535133918987863, 0.1097032402875184], 'size': [0.04461973939918376, 0.0849493067344041, 0.09534921802665242]}}"
1.496999999999946,0.3719997711623628,0.0,0.4,0.36950819977684685,-4.430026610930952e-08,0.3999978276403809,"{'table_obstacle': {'pos': [0.3825981920028062, 0.37518922255766707, 0.1646257963690813], 'size': [0.049837904948193595, 0.0813235869879147, 0.05243307039854257]}, 'pillar_obstacle': {'pos': [0.39994824830915515, -0.3824307480766307, 0.23470116647765446], 'size': [0.033663755439403885, 0.20172185302840845, 0.0]}, 'small_block': {'pos': [0.6140097595303955, -0.3535133918987863, 0.1097032402875184], 'size': [0.04461973939918376, 0.0849493067344041, 0.09534921802665242]}}"
1.4979999999999458,0.3719997711623628,0.0,0.4,0.36954382618206827,-4.6641874988829096e-08,0.39999784986765674,"{'table_obstacle': {'pos': [0.3825981920028062, 0.37518922255766707, 0.1646257963690813], 'size': [0.049837904948193595, 0.0813235869879147, 0.05243307039854257]}, 'pillar_obstacle': {'pos': [0.39994824830915515, -0.3824307480766307, 0.23470116647765446], 'size': [0.033663755439403885, 0.20172185302840845, 0.0]}, 'small_block': {'pos': [0.6140097595303955, -0.3535133918987863, 0.1097032402875184], 'size': [0.04461973939918376, 0.0849493067344041, 0.09534921802665242]}}"
1.4989999999999457,0.3719997711623628,0.0,0.4,0.36957894325524515,-4.890586660328359e-08,0.3999978721958195,"{'table_obstacle': {'pos': [0.3825981920028062, 0.37518922255766707, 0.1646257963690813], 'size': [0.049837904948193595, 0.0813235869879147, 0.05243307039854257]}, 'pillar_obstacle': {'pos': [0.39994824830915515, -0.3824307480766307, 0.23470116647765446], 'size': [0.033663755439403885, 0.20172185302840845, 0.0]}, 'small_block': {'pos': [0.6140097595303955, -0.3535133918987863, 0.1097032402875184], 'size': [0.04461973939918376, 0.0849493067344041, 0.09534921802665242]}}"
1.4999999999999456,0.3719997711623628,0.0,0.4,0.3696135582740667,-5.1093961280726966e-08,0.39999789460902185,"{'table_obstacle': {'pos': [0.3825981920028062, 0.37518922255766707, 0.1646257963690813], 'size': [0.049837904948193595, 0.0813235869879147, 0.05243307039854257]}, 'pillar_obstacle': {'pos': [0.39994824830915515, -0.3824307480766307, 0.23470116647765446], 'size': [0.033663755439403885, 0.20172185302840845, 0.0]}, 'small_block': {'pos': [0.6140097595303955, -0.3535133918987863, 0.1097032402875184], 'size': [0.04461973939918376, 0.0849493067344041, 0.09534921802665242]}}"
1.5009999999999455,0.3719997711623628,0.0,0.4,0.3696476784126714,-5.3207850635556535e-08,0.3999979170920988,"{'table_obstacle': {'pos': [0.3825981920028062, 0.37518922255766707, 0.1646257963690813], 'size': [0.049837904948193595, 0.0813235869879147, 0.05243307039854257]}, 'pillar_obstacle': {'pos': [0.39994824830915515, -0.3824307480766307, 0.23470116647765446], 'size': [0.033663755439403885, 0.20172185302840845, 0.0]}, 'small_block': {'pos': [0.6140097595303955, -0.3535133918987863, 0.1097032402875184], 'size': [0.04461973939918376, 0.0849493067344041, 0.09534921802665242]}}"
1.5019999999999454,0.3719997711623628,0.0,0.4,0.369681310743045,-5.52491975357738e-08,0.3999979396305423,"{'table_obstacle': {'pos': [0.3825981920028062, 0.37518922255766707, 0.1646257963690813], 'size': [0.049837904948193595, 0.0813235869879147, 0.05243307039854257]}, 'pillar_obstacle': {'pos': [0.39994824830915515, -0.3824307480766307, 0.23470116647765446], 'size': [0.033663755439403885, 0.20172185302840845, 0.0]}, 'small_block': {'pos': [0.6140097595303955, -0.3535133918987863, 0.1097032402875184], 'size': [0.04461973939918376, 0.0849493067344041, 0.09534921802665242]}}"
1.5029999999999453,0.3719997711623628,0.0,0.4,0.36971446223641513,-5.72196359679193e-08,0.3999979622104788,"{'table_obstacle': {'pos': [0.3825981920028062, 0.37518922255766707, 0.1646257963690813], 'size': [0.049837904948193595, 0.0813235869879147, 0.05243307039854257]}, 'pillar_obstacle': {'pos': [0.39994824830915515, -0.3824307480766307, 0.23470116647765446], 'size': [0.033663755439403885, 0.20172185302840845, 0.0]}, 'small_block': {'pos': [0.6140097595303955, -0.3535133918987863, 0.1097032402875184], 'size': [0.04461973939918376, 0.0849493067344041, 0.09534921802665242]}}"
1.5039999999999452,0.3719997711623628,0.0,0.4,0.36974713976463636,-5.912076988758213e-08,0.39999798481864557,"{'table_obstacle': {'pos': [0.3825981920028062, 0.37518922255766707, 0.1646257963690813], 'size': [0.049837904948193595, 0.0813235869879147, 0.05243307039854257]}, 'pillar_obstacle': {'pos': [0.39994824830915515, -0.3824307480766307, 0.23470116647765446], 'size': [0.033663755439403885, 0.20172185302840845, 0.0]}, 'small_block': {'pos': [0.6140097595303955, -0.3535133918987863, 0.1097032402875184], 'size': [0.04461973939918376, 0.0849493067344041, 0.09534921802665242]}}"
1.504999999999945,0.3719997711623628,0.0,0.4,0.369779350101567,-6.095417482560676e-08,0.39999800744236896,"{'table_obstacle': {'pos': [0.3825981920028062, 0.37518922255766707, 0.1646257963690813], 'size': [0.049837904948193595, 0.0813235869879147, 0.05243307039854257]}, 'pillar_obstacle': {'pos': [0.39994824830915515, -0.3824307480766307, 0.23470116647765446], 'size': [0.033663755439403885, 0.20172185302840845, 0.0]}, 'small_block': {'pos': [0.6140097595303955, -0.3535133918987863, 0.1097032402875184], 'size': [0.04461973939918376, 0.0849493067344041, 0.09534921802665242]}}"
1.505999999999945,0.3719997711623628,0.0,0.4,0.36981109992443384,-6.272139716644197e-08,0.3999980300695448,"{'table_obstacle': {'pos': [0.3825981920028062, 0.37518922255766707, 0.1646257963690813], 'size': [0.049837904948193595, 0.0813235869879147, 0.05243307039854257]}, 'pillar_obstacle': {'pos': [0.39994824830915515, -0.3824307480766307, 0.23470116647765446], 'size': [0.033663755439403885, 0.20172185302840845, 0.0]}, 'small_block': {'pos': [0.6140097595303955, -0.3535133918987863, 0.1097032402875184], 'size': [0.04461973939918376, 0.0849493067344041, 0.09534921802665242]}}"
1.5069999999999448,0.3719997711623628,0.0,0.4,0.3698423958151833,-6.442395439765501e-08,0.3999980526886156,"{'table_obstacle': {'pos': [0.3825981920028062, 0.37518922255766707, 0.1646257963690813], 'size': [0.049837904948193595, 0.0813235869879147, 0.05243307039854257]}, 'pillar_obstacle': {'pos': [0.39994824830915515, -0.3824307480766307, 0.23470116647765446], 'size': [0.033663755439403885, 0.20172185302840845, 0.0]}, 'small_block': {'pos': [0.6140097595303955, -0.3535133918987863, 0.1097032402875184], 'size': [0.04461973939918376, 0.0849493067344041, 0.09534921802665242]}}"
1.5079999999999447,0.3719997711623628,0.0,0.4,0.369873244261819,-6.606333499076566e-08,0.3999980752885531,"{'table_obstacle': {'pos': [0.3825981920028062, 0.37518922255766707, 0.1646257963690813], 'size': [0.049837904948193595, 0.0813235869879147, 0.05243307039854257]}, 'pillar_obstacle': {'pos': [0.39994824830915515, -0.3824307480766307, 0.23470116647765446], 'size': [0.033663755439403885, 0.20172185302840845, 0.0]}, 'small_block': {'pos': [0.6140097595303955, -0.3535133918987863, 0.1097032402875184], 'size': [0.04461973939918376, 0.0849493067344041, 0.09534921802665242]}}"
1.5089999999999446,0.3719997711623628,0.0,0.4,0.3699036516597263,-6.764099950308605e-08,0.399998097858839,"{'table_obstacle': {'pos': [0.3825981920028062, 0.37518922255766707, 0.1646257963690813], 'size': [0.049837904948193595, 0.0813235869879147, 0.05243307039854257]}, 'pillar_obstacle': {'pos': [0.39994824830915515, -0.3824307480766307, 0.23470116647765446], 'size': [0.033663755439403885, 0.20172185302840845, 0.0]}, 'small_block': {'pos': [0.6140097595303955, -0.3535133918987863, 0.1097032402875184], 'size': [0.04461973939918376, 0.0849493067344041, 0.09534921802665242]}}"
1.5099999999999445,0.3719997711623628,0.0,0.4,0.3699336243129777,-6.915838042700661e-08,0.3999981203894457,"{'table_obstacle': {'pos': [0.3825981920028062, 0.37518922255766707, 0.1646257963690813], 'size': [0.049837904948193595, 0.0813235869879147, 0.05243307039854257]}, 'pillar_obstacle': {'pos': [0.39994824830915515, -0.3824307480766307, 0.23470116647765446], 'size': [0.033663755439403885, 0.20172185302840845, 0.0]}, 'small_block': {'pos': [0.6140097595303955, -0.3535133918987863, 0.1097032402875184], 'size': [0.04461973939918376, 0.0849493067344041, 0.09534921802665242]}}"
1.5109999999999444,0.3719997711623628,0.0,0.4,0.3699631684356263,-7.061688272861786e-08,0.3999981428708206,"{'table_obstacle': {'pos': [0.3825981920028062, 0.37518922255766707, 0.1646257963690813], 'size': [0.049837904948193595, 0.0813235869879147, 0.05243307039854257]}, 'pillar_obstacle': {'pos': [0.39994824830915515, -0.3824307480766307, 0.23470116647765446], 'size': [0.033663755439403885, 0.20172185302840845, 0.0]}, 'small_block': {'pos': [0.6140097595303955, -0.3535133918987863, 0.1097032402875184], 'size': [0.04461973939918376, 0.0849493067344041, 0.09534921802665242]}}"
1.5119999999999443,0.3719997711623628,0.0,0.4,0.36999229015297985,-7.201788411007288e-08,0.39999816529386767,"{'table_obstacle': {'pos': [0.3825981920028062, 0.37518922255766707, 0.1646257963690813], 'size': [0.049837904948193595, 0.0813235869879147, 0.05243307039854257]}, 'pillar_obstacle': {'pos': [0.39994824830915515, -0.3824307480766307, 0.23470116647765446], 'size': [0.033663755439403885, 0.20172185302840845, 0.0]}, 'small_block': {'pos': [0.6140097595303955, -0.3535133918987863, 0.1097032402875184], 'size': [0.04461973939918376, 0.0849493067344041, 0.09534921802665242]}}"
1.5129999999999442,0.3759997567739372,0.0,0.4,0.3700209955028614,-7.336273490083606e-08,0.39999818764993134,"{'table_obstacle': {'pos': [0.3825981920028062, 0.37518922255766707, 0.1646257963690813], 'size': [0.049837904948193595, 0.0813235869879147, 0.05243307039854257]}, 'pillar_obstacle': {'pos': [0.39994824830915515, -0.3824307480766307, 0.23470116647765446], 'size': [0.033663755439403885, 0.20172185302840845, 0.0]}, 'small_block': {'pos': [0.6140097595303955, -0.3535133918987863, 0.1097032402875184], 'size': [0.04461973939918376, 0.0849493067344041, 0.09534921802665242]}}"
1.513999999999944,0.3759997567739372,0.0,0.4,0.3700602055702987,-6.188759376611746e-08,0.39999817642468716,"{'table_obstacle': {'pos': [0.3825981920028062, 0.37518922255766707, 0.1646257963690813], 'size': [0.049837904948193595, 0.0813235869879147, 0.05243307039854257]}, 'pillar_obstacle': {'pos': [0.39994824830915515, -0.3824307480766307, 0.23470116647765446], 'size': [0.033663755439403885, 0.20172185302840845, 0.0]}, 'small_block': {'pos': [0.6140097595303955, -0.3535133918987863, 0.1097032402875184], 'size': [0.04461973939918376, 0.0849493067344041, 0.09534921802665242]}}"
1.514999999999944,0.3759997567739372,0.0,0.4,0.3701076866518237,-4.293465138102536e-08,0.3999981430477592,"{'table_obstacle': {'pos': [0.3825981920028062, 0.37518922255766707, 0.1646257963690813], 'size': [0.049837904948193595, 0.0813235869879147, 0.05243307039854257]}, 'pillar_obstacle': {'pos': [0.39994824830915515, -0.3824307480766307, 0.23470116647765446], 'size': [0.033663755439403885, 0.20172185302840845, 0.0]}, 'small_block': {'pos': [0.6140097595303955, -0.3535133918987863, 0.1097032402875184], 'size': [0.04461973939918376, 0.0849493067344041, 0.09534921802665242]}}"
1.5159999999999438,0.3759997567739372,0.0,0.4,0.37016163464220186,-2.0241134791953603e-08,0.3999980956036314,"{'table_obstacle': {'pos': [0.3825981920028062, 0.37518922255766707, 0.1646257963690813], 'size': [0.049837904948193595, 0.0813235869879147, 0.05243307039854257]}, 'pillar_obstacle': {'pos': [0.39994824830915515, -0.3824307480766307, 0.23470116647765446], 'size': [0.033663755439403885, 0.20172185302840845, 0.0]}, 'small_block': {'pos': [0.6140097595303955, -0.3535133918987863, 0.1097032402875184], 'size': [0.04461973939918376, 0.0849493067344041, 0.09534921802665242]}}"
1.5169999999999437,0.3759997567739372,0.0,0.4,0.37022059301977556,3.6374913356711358e-09,0.39999803980886217,"{'table_obstacle': {'pos': [0.3825981920028062, 0.37518922255766707, 0.1646257963690813], 'size': [0.049837904948193595, 0.0813235869879147, 0.05243307039854257]}, 'pillar_obstacle': {'pos': [0.39994824830915515, -0.3824307480766307, 0.23470116647765446], 'size': [0.033663755439403885, 0.20172185302840845, 0.0]}, 'small_block': {'pos': [0.6140097595303955, -0.3535133918987863, 0.1097032402875184], 'size': [0.04461973939918376, 0.0849493067344041, 0.09534921802665242]}}"
1.5179999999999436,0.3759997567739372,0.0,0.4,0.3702833864704417,2.700850908113422e-08,0.3999979796937509,"{'table_obstacle': {'pos': [0.3825981920028062, 0.37518922255766707, 0.1646257963690813], 'size': [0.049837904948193595, 0.0813235869879147, 0.05243307039854257]}, 'pillar_obstacle': {'pos': [0.39994824830915515, -0.3824307480766307, 0.23470116647765446], 'size': [0.033663755439403885, 0.20172185302840845, 0.0]}, 'small_block': {'pos': [0.6140097595303955, -0.3535133918987863, 0.1097032402875184], 'size': [0.04461973939918376, 0.0849493067344041, 0.09534921802665242]}}"
1.5189999999999435,0.3759997567739372,0.0,0.4,0.37034906717228494,4.8802497944138914e-08,0.3999979180816295,"{'table_obstacle': {'pos': [0.3825981920028062, 0.37518922255766707, 0.1646257963690813], 'size': [0.049837904948193595, 0.0813235869879147, 0.05243307039854257]}, 'pillar_obstacle': {'pos': [0.39994824830915515, -0.3824307480766307, 0.23470116647765446], 'size': [0.033663755439403885, 0.20172185302840845, 0.0]}, 'small_block': {'pos': [0.6140097595303955, -0.3535133918987863, 0.1097032402875184], 'size': [0.04461973939918376, 0.0849493067344041, 0.09534921802665242]}}"
1.5199999999999434,0.3759997567739372,0.0,0.4,0.3704168713285702,6.839450916807438e-08,0.399997856928509,"{'table_obstacle': {'pos': [0.3825981920028062, 0.37518922255766707, 0.1646257963690813], 'size': [0.049837904948193595, 0.0813235869879147, 0.05243307039854257]}, 'pillar_obstacle': {'pos': [0.39994824830915515, -0.3824307480766307, 0.23470116647765446], 'size': [0.033663755439403885, 0.20172185302840845, 0.0]}, 'small_block': {'pos': [0.6140097595303955, -0.3535133918987863, 0.1097032402875184], 'size': [0.04461973939918376, 0.0849493067344041, 0.09534921802665242]}}"
1.5209999999999433,0.3759997567739372,0.0,0.4,0.3704861839955154,8.547129655782924e-08,0.3999977975655909,"{'table_obstacle': {'pos': [0.3825981920028062, 0.37518922255766707, 0.1646257963690813], 'size': [0.049837904948193595, 0.0813235869879147, 0.05243307039854257]}, 'pillar_obstacle': {'pos': [0.39994824830915515, -0.3824307480766307, 0.23470116647765446], 'size': [0.033663755439403885, 0.20172185302840845, 0.0]}, 'small_block': {'pos': [0.6140097595303955, -0.3535133918987863, 0.1097032402875184], 'size': [0.04461973939918376, 0.0849493067344041, 0.09534921802665242]}}"
1.5219999999999432,0.3759997567739372,0.0,0.4,0.370556510623085,9.99334318413216e-08,0.39999774087362483,"{'table_obstacle': {'pos': [0.3825981920028062, 0.37518922255766707, 0.1646257963690813], 'size': [0.049837904948193595, 0.0813235869879147, 0.05243307039854257]}, 'pillar_obstacle': {'pos': [0.39994824830915515, -0.3824307480766307, 0.23470116647765446], 'size': [0.033663755439403885, 0.20172185302840845, 0.0]}, 'small_block': {'pos': [0.6140097595303955, -0.3535133918987863, 0.1097032402875184], 'size': [0.04461973939918376, 0.0849493067344041, 0.09534921802665242]}}"
1.522999999999943,0.3759997567739372,0.0,0.4,0.3706274540282979,1.1182373782717624e-07,0.3999976874090409,"{'table_obstacle': {'pos': [0.3825981920028062, 0.37518922255766707, 0.1646257963690813], 'size': [0.049837904948193595, 0.0813235869879147, 0.05243307039854257]}, 'pillar_obstacle': {'pos': [0.39994824830915515, -0.3824307480766307, 0.23470116647765446], 'size': [0.033663755439403885, 0.20172185302840845, 0.0]}, 'small_block': {'pos': [0.6140097595303955, -0.3535133918987863, 0.1097032402875184], 'size': [0.04461973939918376, 0.0849493067344041, 0.09534921802665242]}}"
1.523999999999943,0.3759997567739372,0.0,0.4,0.3706986957645569,1.212754959997823e-07,0.3999976374956576,"{'table_obstacle': {'pos': [0.3825981920028062, 0.37518922255766707, 0.1646257963690813], 'size': [0.049837904948193595, 0.0813235869879147, 0.05243307039854257]}, 'pillar_obstacle': {'pos': [0.39994824830915515, -0.3824307480766307, 0.23470116647765446], 'size': [0.033663755439403885, 0.20172185302840845, 0.0]}, 'small_block': {'pos': [0.6140097595303955, -0.3535133918987863, 0.1097032402875184], 'size': [0.04461973939918376, 0.0849493067344041, 0.09534921802665242]}}"
1.5249999999999428,0.3759997567739372,0.0,0.4,0.3707699810481107,1.284754382177265e-07,0.3999975912916205,"{'table_obstacle': {'pos': [0.3825981920028062, 0.37518922255766707, 0.1646257963690813], 'size': [0.049837904948193595, 0.0813235869879147, 0.05243307039854257]}, 'pillar_obstacle': {'pos': [0.39994824830915515, -0.3824307480766307, 0.23470116647765446], 'size': [0.033663755439403885, 0.20172185302840845, 0.0]}, 'small_block': {'pos': [0.6140097595303955, -0.3535133918987863, 0.1097032402875184], 'size': [0.04461973939918376, 0.0849493067344041, 0.09534921802665242]}}"
1.5259999999999427,0.3759997567739372,0.0,0.4,0.3708411065627449,1.3363772455062486e-07,0.3999975488383762,"{'table_obstacle': {'pos': [0.3825981920028062, 0.37518922255766707, 0.1646257963690813], 'size': [0.049837904948193595, 0.0813235869879147, 0.05243307039854257]}, 'pillar_obstacle': {'pos': [0.39994824830915515, -0.3824307480766307, 0.23470116647765446], 'size': [0.033663755439403885, 0.20172185302840845, 0.0]}, 'small_block': {'pos': [0.6140097595303955, -0.3535133918987863, 0.1097032402875184], 'size': [0.04461973939918376, 0.0849493067344041, 0.09534921802665242]}}"
1.5269999999999426,0.3759997567739372,0.0,0.4,0.3709119105933083,1.369860308793898e-07,0.39999751009652995,"{'table_obstacle': {'pos': [0.3825981920028062, 0.37518922255766707, 0.1646257963690813], 'size': [0.049837904948193595, 0.0813235869879147, 0.05243307039854257]}, 'pillar_obstacle': {'pos': [0.39994824830915515, -0.3824307480766307, 0.23470116647765446], 'size': [0.033663755439403885, 0.20172185302840845, 0.0]}, 'small_block': {'pos': [0.6140097595303955, -0.3535133918987863, 0.1097032402875184], 'size': [0.04461973939918376, 0.0849493067344041, 0.09534921802665242]}}"
1.5279999999999425,0.3759997567739372,0.0,0.4,0.3709822650435086,1.3874157637750478e-07,0.3999974749720763,"{'table_obstacle': {'pos': [0.3825981920028062, 0.37518922255766707, 0.1646257963690813], 'size': [0.049837904948193595, 0.0813235869879147, 0.05243307039854257]}, 'pillar_obstacle': {'pos': [0.39994824830915515, -0.3824307480766307, 0.23470116647765446], 'size': [0.033663755439403885, 0.20172185302840845, 0.0]}, 'small_block': {'pos': [0.6140097595303955, -0.3535133918987863, 0.1097032402875184], 'size': [0.04461973939918376, 0.0849493067344041, 0.09534921802665242]}}"
1.5289999999999424,0.3759997567739372,0.0,0.4,0.371052068978256,1.3911545364638631e-07,0.399997443335521,"{'table_obstacle': {'pos': [0.3825981920028062, 0.37518922255766707, 0.1646257963690813], 'size': [0.049837904948193595, 0.0813235869879147, 0.05243307039854257]}, 'pillar_obstacle': {'pos': [0.39994824830915515, -0.3824307480766307, 0.23470116647765446], 'size': [0.033663755439403885, 0.20172185302840845, 0.0]}, 'small_block': {'pos': [0.6140097595303955, -0.3535133918987863, 0.1097032402875184], 'size': [0.04461973939918376, 0.0849493067344041, 0.09534921802665242]}}"
1.5299999999999423,0.3759997567739372,0.0,0.4,0.37112124339948477,1.3830404077303875e-07,0.3999974150357455,"{'table_obstacle': {'pos': [0.3825981920028062, 0.37518922255766707, 0.1646257963690813], 'size': [0.049837904948193595, 0.0813235869879147, 0.05243307039854257]}, 'pillar_obstacle': {'pos': [0.39994824830915515, -0.3824307480766307, 0.23470116647765446], 'size': [0.033663755439403885, 0.20172185302840845, 0.0]}, 'small_block': {'pos': [0.6140097595303955, -0.3535133918987863, 0.1097032402875184], 'size': [0.04461973939918376, 0.0849493067344041, 0.09534921802665242]}}"
1.5309999999999422,0.3759997567739372,0.0,0.4,0.3711897270199536,1.364865873657631e-07,0.39999738990997113,"{'table_obstacle': {'pos': [0.3825981920028062, 0.37518922255766707, 0.1646257963690813], 'size': [0.049837904948193595, 0.0813235869879147, 0.05243307039854257]}, 'pillar_obstacle': {'pos': [0.39994824830915515, -0.3824307480766307, 0.23470116647765446], 'size': [0.033663755439403885, 0.20172185302840845, 0.0]}, 'small_block': {'pos': [0.6140097595303955, -0.3535133918987863, 0.1097032402875184], 'size': [0.04461973939918376, 0.0849493067344041, 0.09534921802665242]}}"
1.531999999999942,0.3759997567739372,0.0,0.4,0.3712574728444708,1.3382429920176054e-07,0.3999973677908309,"{'table_obstacle': {'pos': [0.3825981920028062, 0.37518922255766707, 0.1646257963690813], 'size': [0.049837904948193595, 0.0813235869879147, 0.05243307039854257]}, 'pillar_obstacle': {'pos': [0.39994824830915515, -0.3824307480766307, 0.23470116647765446], 'size': [0.033663755439403885, 0.20172185302840845, 0.0]}, 'small_block': {'pos': [0.6140097595303955, -0.3535133918987863, 0.1097032402875184], 'size': [0.04461973939918376, 0.0849493067344041, 0.09534921802665242]}}"
1.532999999999942,0.3759997567739372,0.0,0.4,0.3713244454043835,1.304604315767925e-07,0.39999734851129853,"{'table_obstacle': {'pos': [0.3825981920028062, 0.37518922255766707, 0.1646257963690813], 'size': [0.049837904948193595, 0.0813235869879147, 0.05243307039854257]}, 'pillar_obstacle': {'pos': [0.39994824830915515, -0.3824307480766307, 0.23470116647765446], 'size': [0.033663755439403885, 0.20172185302840845, 0.0]}, 'small_block': {'pos': [0.6140097595303955, -0.3535133918987863, 0.1097032402875184], 'size': [0.04461973939918376, 0.0849493067344041, 0.09534921802665242]}}"
1.5339999999999419,0.3759997567739372,0.0,0.4,0.3713906185205891,1.2652103218608592e-07,0.3999973319080328,"{'table_obstacle': {'pos': [0.3825981920028062, 0.37518922255766707, 0.1646257963690813], 'size': [0.049837904948193595, 0.0813235869879147, 0.05243307039854257]}, 'pillar_obstacle': {'pos': [0.39994824830915515, -0.3824307480766307, 0.23470116647765446], 'size': [0.033663755439403885, 0.20172185302840845, 0.0]}, 'small_block': {'pos': [0.6140097595303955, -0.3535133918987863, 0.1097032402875184], 'size': [0.04461973939918376, 0.0849493067344041, 0.09534921802665242]}}"
1.5349999999999417,0.3759997567739372,0.0,0.4,0.37145597349415527,1.2211607761466322e-07,0.39999731782356296,"{'table_obstacle': {'pos': [0.3825981920028062, 0.37518922255766707, 0.1646257963690813], 'size': [0.049837904948193595, 0.0813235869879147, 0.05243307039854257]}, 'pillar_obstacle': {'pos': [0.39994824830915515, -0.3824307480766307, 0.23470116647765446], 'size': [0.033663755439403885, 0.20172185302840845, 0.0]}, 'small_block': {'pos': [0.6140097595303955, -0.3535133918987863, 0.1097032402875184], 'size': [0.04461973939918376, 0.0849493067344041, 0.09534921802665242]}}"
1.5359999999999416,0.3759997567739372,0.0,0.4,0.37152049764289546,1.1734082202707854e-07,0.3999973061076231,"{'table_obstacle': {'pos': [0.3825981920028062, 0.37518922255766707, 0.1646257963690813], 'size': [0.049837904948193595, 0.0813235869879147, 0.05243307039854257]}, 'pillar_obstacle': {'pos': [0.39994824830915515, -0.3824307480766307, 0.23470116647765446], 'size': [0.033663755439403885, 0.20172185302840845, 0.0]}, 'small_block': {'pos': [0.6140097595303955, -0.3535133918987863, 0.1097032402875184], 'size': [0.04461973939918376, 0.0849493067344041, 0.09534921802665242]}}"
1.5369999999999415,0.3759997567739372,0.0,0.4,0.3715841831178393,1.1227723139354531e-07,0.3999972966178776,"{'table_obstacle': {'pos': [0.3825981920028062, 0.37518922255766707, 0.1646257963690813], 'size': [0.049837904948193595, 0.0813235869879147, 0.05243307039854257]}, 'pillar_obstacle': {'pos': [0.39994824830915515, -0.3824307480766307, 0.23470116647765446], 'size': [0.033663755439403885, 0.20172185302840845, 0.0]}, 'small_block': {'pos': [0.6140097595303955, -0.3535133918987863, 0.1097032402875184], 'size': [0.04461973939918376, 0.0849493067344041, 0.09534921802665242]}}"
1.5379999999999414,0.3759997567739372,0.0,0.4,0.37164702594615273,1.0699542102496766e-07,0.39999728922021277,"{'table_obstacle': {'pos': [0.3825981920028062, 0.37518922255766707, 0.1646257963690813], 'size': [0.049837904948193595, 0.0813235869879147, 0.05243307039854257]}, 'pillar_obstacle': {'pos': [0.39994824830915515, -0.3824307480766307, 0.23470116647765446], 'size': [0.033663755439403885, 0.20172185302840845, 0.0]}, 'small_block': {'pos': [0.6140097595303955, -0.3535133918987863, 0.1097032402875184], 'size': [0.04461973939918376, 0.0849493067344041, 0.09534921802665242]}}"
1.5389999999999413,0.3759997567739372,0.0,0.4,0.3717090252572641,1.0155503752593455e-07,0.39999728378872496,"{'table_obstacle': {'pos': [0.3825981920028062, 0.37518922255766707, 0.1646257963690813], 'size': [0.049837904948193595, 0.0813235869879147, 0.05243307039854257]}, 'pillar_obstacle': {'pos': [0.39994824830915515, -0.3824307480766307, 0.23470116647765446], 'size': [0.033663755439403885, 0.20172185302840845, 0.0]}, 'small_block': {'pos': [0.6140097595303955, -0.3535133918987863, 0.1097032402875184], 'size': [0.04461973939918376, 0.0849493067344041, 0.09534921802665242]}}"
1.5399999999999412,0.3759997567739372,0.0,0.4,0.37177018265721284,9.600655511676141e-08,0.39999728020550573,"{'table_obstacle': {'pos': [0.3825981920028062, 0.37518922255766707, 0.1646257963690813], 'size': [0.049837904948193595, 0.0813235869879147, 0.05243307039854257]}, 'pillar_obstacle': {'pos': [0.39994824830915515, -0.3824307480766307, 0.23470116647765446], 'size': [0.033663755439403885, 0.20172185302840845, 0.0]}, 'small_block': {'pos': [0.6140097595303955, -0.3535133918987863, 0.1097032402875184], 'size': [0.04461973939918376, 0.0849493067344041, 0.09534921802665242]}}"
1.540999999999941,0.3759997567739372,0.0,0.4,0.3718305017229125,9.03924660892008e-08,0.3999972783602946,"{'table_obstacle': {'pos': [0.3825981920028062, 0.37518922255766707, 0.1646257963690813], 'size': [0.049837904948193595, 0.0813235869879147, 0.05243307039854257]}, 'pillar_obstacle': {'pos': [0.39994824830915515, -0.3824307480766307, 0.23470116647765446], 'size': [0.033663755439403885, 0.20172185302840845, 0.0]}, 'small_block': {'pos': [0.6140097595303955, -0.3535133918987863, 0.1097032402875184], 'size': [0.04461973939918376, 0.0849493067344041, 0.09534921802665242]}}"
1.541999999999941,0.3759997567739372,0.0,0.4,0.37188998759343117,8.474835783894336e-08,0.3999972781500538,"{'table_obstacle': {'pos': [0.3825981920028062, 0.37518922255766707, 0.1646257963690813], 'size': [0.049837904948193595, 0.0813235869879147, 0.05243307039854257]}, 'pillar_obstacle': {'pos': [0.39994824830915515, -0.3824307480766307, 0.23470116647765446], 'size': [0.033663755439403885, 0.20172185302840845, 0.0]}, 'small_block': {'pos': [0.6140097595303955, -0.3535133918987863, 0.1097032402875184], 'size': [0.04461973939918376, 0.0849493067344041, 0.09534921802665242]}}"
1.5429999999999409,0.3759997567739372,0.0,0.4,0.3719486466397566,7.910387423373531e-08,0.3999972794785007,"{'table_obstacle': {'pos': [0.3825981920028062, 0.37518922255766707, 0.1646257963690813], 'size': [0.049837904948193595, 0.0813235869879147, 0.05243307039854257]}, 'pillar_obstacle': {'pos': [0.39994824830915515, -0.3824307480766307, 0.23470116647765446], 'size': [0.033663755439403885, 0.20172185302840845, 0.0]}, 'small_block': {'pos': [0.6140097595303955, -0.3535133918987863, 0.1097032402875184], 'size': [0.04461973939918376, 0.0849493067344041, 0.09534921802665242]}}"
1.5439999999999408,0.3759997567739372,0.0,0.4,0.37200648619805937,7.348356803322978e-08,0.3999972822556266,"{'table_obstacle': {'pos': [0.3825981920028062, 0.37518922255766707, 0.1646257963690813], 'size': [0.049837904948193595, 0.0813235869879147, 0.05243307039854257]}, 'pillar_obstacle': {'pos': [0.39994824830915515, -0.3824307480766307, 0.23470116647765446], 'size': [0.033663755439403885, 0.20172185302840845, 0.0]}, 'small_block': {'pos': [0.6140097595303955, -0.3535133918987863, 0.1097032402875184], 'size': [0.04461973939918376, 0.0849493067344041, 0.09534921802665242]}}"
1.5449999999999406,0.3759997567739372,0.0,0.4,0.3720635143543236,6.790764697485352e-08,0.39999728639722104,"{'table_obstacle': {'pos': [0.3825981920028062, 0.37518922255766707, 0.1646257963690813], 'size': [0.049837904948193595, 0.0813235869879147, 0.05243307039854257]}, 'pillar_obstacle': {'pos': [0.39994824830915515, -0.3824307480766307, 0.23470116647765446], 'size': [0.033663755439403885, 0.20172185302840845, 0.0]}, 'small_block': {'pos': [0.6140097595303955, -0.3535133918987863, 0.1097032402875184], 'size': [0.04461973939918376, 0.0849493067344041, 0.09534921802665242]}}"
1.5459999999999405,0.3759997567739372,0.0,0.4,0.37211973977053164,6.239262627960122e-08,0.3999972918244103,"{'table_obstacle': {'pos': [0.3825981920028062, 0.37518922255766707, 0.1646257963690813], 'size': [0.049837904948193595, 0.0813235869879147, 0.05243307039854257]}, 'pillar_obstacle': {'pos': [0.39994824830915515, -0.3824307480766307, 0.23470116647765446], 'size': [0.033663755439403885, 0.20172185302840845, 0.0]}, 'small_block': {'pos': [0.6140097595303955, -0.3535133918987863, 0.1097032402875184], 'size': [0.04461973939918376, 0.0849493067344041, 0.09534921802665242]}}"
1.5469999999999404,0.3759997567739372,0.0,0.4,0.37217517154446605,5.6951891768870826e-08,0.3999972984632237,"{'table_obstacle': {'pos': [0.3825981920028062, 0.37518922255766707, 0.1646257963690813], 'size': [0.049837904948193595, 0.0813235869879147, 0.05243307039854257]}, 'pillar_obstacle': {'pos': [0.39994824830915515, -0.3824307480766307, 0.23470116647765446], 'size': [0.033663755439403885, 0.20172185302840845, 0.0]}, 'small_block': {'pos': [0.6140097595303955, -0.3535133918987863, 0.1097032402875184], 'size': [0.04461973939918376, 0.0849493067344041, 0.09534921802665242]}}"
1.5479999999999403,0.3759997567739372,0.0,0.4,0.372229819096704,5.15961880261401e-08,0.3999973062441868,"{'table_obstacle': {'pos': [0.3825981920028062, 0.37518922255766707, 0.1646257963690813], 'size': [0.049837904948193595, 0.0813235869879147, 0.05243307039854257]}, 'pillar_obstacle': {'pos': [0.39994824830915515, -0.3824307480766307, 0.23470116647765446], 'size': [0.033663755439403885, 0.20172185302840845, 0.0]}, 'small_block': {'pos': [0.6140097595303955, -0.3535133918987863, 0.1097032402875184], 'size': [0.04461973939918376, 0.0849493067344041, 0.09534921802665242]}}"
1.5489999999999402,0.3759997567739372,0.0,0.4,0.3722836920796052,4.633403512730899e-08,0.39999731510194664,"{'table_obstacle': {'pos': [0.3825981920028062, 0.37518922255766707, 0.1646257963690813], 'size': [0.049837904948193595, 0.0813235869879147, 0.05243307039854257]}, 'pillar_obstacle': {'pos': [0.39994824830915515, -0.3824307480766307, 0.23470116647765446], 'size': [0.033663755439403885, 0.20172185302840845, 0.0]}, 'small_block': {'pos': [0.6140097595303955, -0.3535133918987863, 0.1097032402875184], 'size': [0.04461973939918376, 0.0849493067344041, 0.09534921802665242]}}"
1.54999999999994,0.3759997567739372,0.0,0.4,0.37233680030409366,4.11720858499326e-08,0.39999732497492996,"{'table_obstacle': {'pos': [0.3825981920028062, 0.37518922255766707, 0.1646257963690813], 'size': [0.049837904948193595, 0.0813235869879147, 0.05243307039854257]}, 'pillar_obstacle': {'pos': [0.39994824830915515, -0.3824307480766307, 0.23470116647765446], 'size': [0.033663755439403885, 0.20172185302840845, 0.0]}, 'small_block': {'pos': [0.6140097595303955, -0.3535133918987863, 0.1097032402875184], 'size': [0.04461973939918376, 0.0849493067344041, 0.09534921802665242]}}"
1.55099999999994,0.3759997567739372,0.0,0.4,0.37238915368082615,3.611543060013603e-08,0.39999733580503066,"{'table_obstacle': {'pos': [0.3825981920028062, 0.37518922255766707, 0.1646257963690813], 'size': [0.049837904948193595, 0.0813235869879147, 0.05243307039854257]}, 'pillar_obstacle': {'pos': [0.39994824830915515, -0.3824307480766307, 0.23470116647765446], 'size': [0.033663755439403885, 0.20172185302840845, 0.0]}, 'small_block': {'pos': [0.6140097595303955, -0.3535133918987863, 0.1097032402875184], 'size': [0.04461973939918376, 0.0849493067344041, 0.09534921802665242]}}"
1.5519999999999399,0.3759997567739372,0.0,0.4,0.37244076217299593,3.11678549262978e-08,0.399997347537328,"{'table_obstacle': {'pos': [0.3825981920028062, 0.37518922255766707, 0.1646257963690813], 'size': [0.049837904948193595, 0.0813235869879147, 0.05243307039854257]}, 'pillar_obstacle': {'pos': [0.39994824830915515, -0.3824307480766307, 0.23470116647765446], 'size': [0.033663755439403885, 0.20172185302840845, 0.0]}, 'small_block': {'pos': [0.6140097595303955, -0.3535133918987863, 0.1097032402875184], 'size': [0.04461973939918376, 0.0849493067344041, 0.09534921802665242]}}"
1.5529999999999398,0.3759997567739372,0.0,0.4,0.37249163575854943,2.633205931569576e-08,0.39999736011983333,"{'table_obstacle': {'pos': [0.3825981920028062, 0.37518922255766707, 0.1646257963690813], 'size': [0.049837904948193595, 0.0813235869879147, 0.05243307039854257]}, 'pillar_obstacle': {'pos': [0.39994824830915515, -0.3824307480766307, 0.23470116647765446], 'size': [0.033663755439403885, 0.20172185302840845, 0.0]}, 'small_block': {'pos': [0.6140097595303955, -0.3535133918987863, 0.1097032402875184], 'size': [0.04461973939918376, 0.0849493067344041, 0.09534921802665242]}}"
1.5539999999999397,0.3759997567739372,0.0,0.4,0.37254178440000685,2.1609843807619607e-08,0.39999737350326114,"{'table_obstacle': {'pos': [0.3825981920028062, 0.37518922255766707, 0.1646257963690813], 'size': [0.049837904948193595, 0.0813235869879147, 0.05243307039854257]}, 'pillar_obstacle': {'pos': [0.39994824830915515, -0.3824307480766307, 0.23470116647765446], 'size': [0.033663755439403885, 0.20172185302840845, 0.0]}, 'small_block': {'pos': [0.6140097595303955, -0.3535133918987863, 0.1097032402875184], 'size': [0.04461973939918376, 0.0849493067344041, 0.09534921802665242]}}"
1.5549999999999395,0.3759997567739372,0.0,0.4,0.3725912180204342,1.700226354351776e-08,0.39999738764082504,"{'table_obstacle': {'pos': [0.3825981920028062, 0.37518922255766707, 0.1646257963690813], 'size': [0.049837904948193595, 0.0813235869879147, 0.05243307039854257]}, 'pillar_obstacle': {'pos': [0.39994824830915515, -0.3824307480766307, 0.23470116647765446], 'size': [0.033663755439403885, 0.20172185302840845, 0.0]}, 'small_block': {'pos': [0.6140097595303955, -0.3535133918987863, 0.1097032402875184], 'size': [0.04461973939918376, 0.0849493067344041, 0.09534921802665242]}}"
1.5559999999999394,0.3759997567739372,0.0,0.4,0.37263994648438636,1.2509760095825731e-08,0.3999974024880531,"{'table_obstacle': {'pos': [0.3825981920028062, 0.37518922255766707, 0.1646257963690813], 'size': [0.049837904948193595, 0.0813235869879147, 0.05243307039854257]}, 'pillar_obstacle': {'pos': [0.39994824830915515, -0.3824307480766307, 0.23470116647765446], 'size': [0.033663755439403885, 0.20172185302840845, 0.0]}, 'small_block': {'pos': [0.6140097595303955, -0.3535133918987863, 0.1097032402875184], 'size': [0.04461973939918376, 0.0849493067344041, 0.09534921802665242]}}"
1.5569999999999393,0.3759997567739372,0.0,0.4,0.37268797958286576,8.132271494971505e-09,0.3999974180026247,"{'table_obstacle': {'pos': [0.3825981920028062, 0.37518922255766707, 0.1646257963690813], 'size': [0.049837904948193595, 0.0813235869879147, 0.05243307039854257]}, 'pillar_obstacle': {'pos': [0.39994824830915515, -0.3824307480766307, 0.23470116647765446], 'size': [0.033663755439403885, 0.20172185302840845, 0.0]}, 'small_block': {'pos': [0.6140097595303955, -0.3535133918987863, 0.1097032402875184], 'size': [0.04461973939918376, 0.0849493067344041, 0.09534921802665242]}}"
1.5579999999999392,0.3759997567739372,0.0,0.4,0.3727353270215253,3.86932419618906e-09,0.39999743414422323,"{'table_obstacle': {'pos': [0.3825981920028062, 0.37518922255766707, 0.1646257963690813], 'size': [0.049837904948193595, 0.0813235869879147, 0.05243307039854257]}, 'pillar_obstacle': {'pos': [0.39994824830915515, -0.3824307480766307, 0.23470116647765446], 'size': [0.033663755439403885, 0.20172185302840845, 0.0]}, 'small_block': {'pos': [0.6140097595303955, -0.3535133918987863, 0.1097032402875184], 'size': [0.04461973939918376, 0.0849493067344041, 0.09534921802665242]}}"
1.558999999999939,0.3759997567739372,0.0,0.4,0.37278199841149146,-2.7988967159626164e-10,0.39999745087440314,"{'table_obstacle': {'pos': [0.3825981920028062, 0.37518922255766707, 0.1646257963690813], 'size': [0.049837904948193595, 0.0813235869879147, 0.05243307039854257]}, 'pillar_obstacle': {'pos': [0.39994824830915515, -0.3824307480766307, 0.23470116647765446], 'size': [0.033663755439403885, 0.20172185302840845, 0.0]}, 'small_block': {'pos': [0.6140097595303955, -0.3535133918987863, 0.1097032402875184], 'size': [0.04461973939918376, 0.0849493067344041, 0.09534921802665242]}}"
1.559999999999939,0.3759997567739372,0.0,0.4,0.37282800326230253,-4.316448633814599e-09,0.3999974681564722,"{'table_obstacle': {'pos': [0.3825981920028062, 0.37518922255766707, 0.1646257963690813], 'size': [0.049837904948193595, 0.0813235869879147, 0.05243307039854257]}, 'pillar_obstacle': {'pos': [0.39994824830915515, -0.3824307480766307, 0.23470116647765446], 'size': [0.033663755439403885, 0.20172185302840845, 0.0]}, 'small_block': {'pos': [0.6140097595303955, -0.3535133918987863, 0.1097032402875184], 'size': [0.04461973939918376, 0.0849493067344041, 0.09534921802665242]}}"
1.5609999999999389,0.3759997567739372,0.0,0.4,0.37287335097655094,-8.241647642484058e-09,0.39999748595538437,"{'table_obstacle': {'pos': [0.3825981920028062, 0.37518922255766707, 0.1646257963690813], 'size': [0.049837904948193595, 0.0813235869879147, 0.05243307039854257]}, 'pillar_obstacle': {'pos': [0.39994824830915515, -0.3824307480766307, 0.23470116647765446], 'size': [0.033663755439403885, 0.20172185302840845, 0.0]}, 'small_block': {'pos': [0.6140097595303955, -0.3535133918987863, 0.1097032402875184], 'size': [0.04461973939918376, 0.0849493067344041, 0.09534921802665242]}}"
1.5619999999999388,0.3759997567739372,0.0,0.4,0.372918050845903,-1.2056954357164388e-08,0.39999750423764385,"{'table_obstacle': {'pos': [0.3825981920028062, 0.37518922255766707, 0.1646257963690813], 'size': [0.049837904948193595, 0.0813235869879147, 0.05243307039854257]}, 'pillar_obstacle': {'pos': [0.39994824830915515, -0.3824307480766307, 0.23470116647765446], 'size': [0.033663755439403885, 0.20172185302840845, 0.0]}, 'small_block': {'pos': [0.6140097595303955, -0.3535133918987863, 0.1097032402875184], 'size': [0.04461973939918376, 0.0849493067344041, 0.09534921802665242]}}"
1.5629999999999387,0.3759997567739372,0.0,0.4,0.3729621120482246,-1.576397120606215e-08,0.39999752297121716,"{'table_obstacle': {'pos': [0.3825981920028062, 0.37518922255766707, 0.1646257963690813], 'size': [0.049837904948193595, 0.0813235869879147, 0.05243307039854257]}, 'pillar_obstacle': {'pos': [0.39994824830915515, -0.3824307480766307, 0.23470116647765446], 'size': [0.033663755439403885, 0.20172185302840845, 0.0]}, 'small_block': {'pos': [0.6140097595303955, -0.3535133918987863, 0.1097032402875184], 'size': [0.04461973939918376, 0.0849493067344041, 0.09534921802665242]}}"
1.5639999999999386,0.3759997567739372,0.0,0.4,0.3730055436455993,-1.9364405828758096e-08,0.3999975421254556,"{'table_obstacle': {'pos': [0.3825981920028062, 0.37518922255766707, 0.1646257963690813], 'size': [0.049837904948193595, 0.0813235869879147, 0.05243307039854257]}, 'pillar_obstacle': {'pos': [0.39994824830915515, -0.3824307480766307, 0.23470116647765446], 'size': [0.033663755439403885, 0.20172185302840845, 0.0]}, 'small_block': {'pos': [0.6140097595303955, -0.3535133918987863, 0.1097032402875184], 'size': [0.04461973939918376, 0.0849493067344041, 0.09534921802665242]}}"
1.5649999999999384,0.3759997567739372,0.0,0.4,0.3730483545830614,-2.2860044954262992e-08,0.39999756167102196,"{'table_obstacle': {'pos': [0.3825981920028062, 0.37518922255766707, 0.1646257963690813], 'size': [0.049837904948193595, 0.0813235869879147, 0.05243307039854257]}, 'pillar_obstacle': {'pos': [0.39994824830915515, -0.3824307480766307, 0.23470116647765446], 'size': [0.033663755439403885, 0.20172185302840845, 0.0]}, 'small_block': {'pos': [0.6140097595303955, -0.3535133918987863, 0.1097032402875184], 'size': [0.04461973939918376, 0.0849493067344041, 0.09534921802665242]}}"
1.5659999999999383,0.3759997567739372,0.0,0.4,0.373090553687907,-2.6252734072954135e-08,0.39999758157982557,"{'table_obstacle': {'pos': [0.3825981920028062, 0.37518922255766707, 0.1646257963690813], 'size': [0.049837904948193595, 0.0813235869879147, 0.05243307039854257]}, 'pillar_obstacle': {'pos': [0.39994824830915515, -0.3824307480766307, 0.23470116647765446], 'size': [0.033663755439403885, 0.20172185302840845, 0.0]}, 'small_block': {'pos': [0.6140097595303955, -0.3535133918987863, 0.1097032402875184], 'size': [0.04461973939918376, 0.0849493067344041, 0.09534921802665242]}}"
1.5669999999999382,0.3759997567739372,0.0,0.4,0.3731321496694604,-2.9544359812195e-08,0.39999760182496225,"{'table_obstacle': {'pos': [0.3825981920028062, 0.37518922255766707, 0.1646257963690813], 'size': [0.049837904948193595, 0.0813235869879147, 0.05243307039854257]}, 'pillar_obstacle': {'pos': [0.39994824830915515, -0.3824307480766307, 0.23470116647765446], 'size': [0.033663755439403885, 0.20172185302840845, 0.0]}, 'small_block': {'pos': [0.6140097595303955, -0.3535133918987863, 0.1097032402875184], 'size': [0.04461973939918376, 0.0849493067344041, 0.09534921802665242]}}"
1.567999999999938,0.3759997567739372,0.0,0.4,0.3731731511192141,-3.2736835981946536e-08,0.39999762238065867,"{'table_obstacle': {'pos': [0.3825981920028062, 0.37518922255766707, 0.1646257963690813], 'size': [0.049837904948193595, 0.0813235869879147, 0.05243307039854257]}, 'pillar_obstacle': {'pos': [0.39994824830915515, -0.3824307480766307, 0.23470116647765446], 'size': [0.033663755439403885, 0.20172185302840845, 0.0]}, 'small_block': {'pos': [0.6140097595303955, -0.3535133918987863, 0.1097032402875184], 'size': [0.04461973939918376, 0.0849493067344041, 0.09534921802665242]}}"
1.568999999999938,0.3759997567739372,0.0,0.4,0.37321356651125726,-3.583209212877996e-08,0.3999976432222208,"{'table_obstacle': {'pos': [0.3825981920028062, 0.37518922255766707, 0.1646257963690813], 'size': [0.049837904948193595, 0.0813235869879147, 0.05243307039854257]}, 'pillar_obstacle': {'pos': [0.39994824830915515, -0.3824307480766307, 0.23470116647765446], 'size': [0.033663755439403885, 0.20172185302840845, 0.0]}, 'small_block': {'pos': [0.6140097595303955, -0.3535133918987863, 0.1097032402875184], 'size': [0.04461973939918376, 0.0849493067344041, 0.09534921802665242]}}"
1.569999999999938,0.3759997567739372,0.0,0.4,0.37325340420293873,-3.883206371476146e-08,0.3999976643259877,"{'table_obstacle': {'pos': [0.3825981920028062, 0.37518922255766707, 0.1646257963690813], 'size': [0.049837904948193595, 0.0813235869879147, 0.05243307039854257]}, 'pillar_obstacle': {'pos': [0.39994824830915515, -0.3824307480766307, 0.23470116647765446], 'size': [0.033663755439403885, 0.20172185302840845, 0.0]}, 'small_block': {'pos': [0.6140097595303955, -0.3535133918987863, 0.1097032402875184], 'size': [0.04461973939918376, 0.0849493067344041, 0.09534921802665242]}}"
1.5709999999999378,0.3759997567739372,0.0,0.4,0.3732926724357138,-4.173868448616649e-08,0.39999768566928556,"{'table_obstacle': {'pos': [0.3825981920028062, 0.37518922255766707, 0.1646257963690813], 'size': [0.049837904948193595, 0.0813235869879147, 0.05243307039854257]}, 'pillar_obstacle': {'pos': [0.39994824830915515, -0.3824307480766307, 0.23470116647765446], 'size': [0.033663755439403885, 0.20172185302840845, 0.0]}, 'small_block': {'pos': [0.6140097595303955, -0.3535133918987863, 0.1097032402875184], 'size': [0.04461973939918376, 0.0849493067344041, 0.09534921802665242]}}"
1.5719999999999377,0.3759997567739372,0.0,0.4,0.37333137933613575,-4.4553880309102696e-08,0.39999770723038836,"{'table_obstacle': {'pos': [0.3825981920028062, 0.37518922255766707, 0.1646257963690813], 'size': [0.049837904948193595, 0.0813235869879147, 0.05243307039854257]}, 'pillar_obstacle': {'pos': [0.39994824830915515, -0.3824307480766307, 0.23470116647765446], 'size': [0.033663755439403885, 0.20172185302840845, 0.0]}, 'small_block': {'pos': [0.6140097595303955, -0.3535133918987863, 0.1097032402875184], 'size': [0.04461973939918376, 0.0849493067344041, 0.09534921802665242]}}"
1.5729999999999376,0.3759997567739372,0.0,0.4,0.3733695329169574,-4.727956446291938e-08,0.39999772898847846,"{'table_obstacle': {'pos': [0.3825981920028062, 0.37518922255766707, 0.1646257963690813], 'size': [0.049837904948193595, 0.0813235869879147, 0.05243307039854257]}, 'pillar_obstacle': {'pos': [0.39994824830915515, -0.3824307480766307, 0.23470116647765446], 'size': [0.033663755439403885, 0.20172185302840845, 0.0]}, 'small_block': {'pos': [0.6140097595303955, -0.3535133918987863, 0.1097032402875184], 'size': [0.04461973939918376, 0.0849493067344041, 0.09534921802665242]}}"
1.5739999999999374,0.3759997567739372,0.0,0.4,0.37340714107832235,-4.991763280418049e-08,0.3999977509236098,"{'table_obstacle': {'pos': [0.3825981920028062, 0.37518922255766707, 0.1646257963690813], 'size': [0.049837904948193595, 0.0813235869879147, 0.05243307039854257]}, 'pillar_obstacle': {'pos': [0.39994824830915515, -0.3824307480766307, 0.23470116647765446], 'size': [0.033663755439403885, 0.20172185302840845, 0.0]}, 'small_block': {'pos': [0.6140097595303955, -0.3535133918987863, 0.1097032402875184], 'size': [0.04461973939918376, 0.0849493067344041, 0.09534921802665242]}}"
1.5749999999999373,0.3759997567739372,0.0,0.4,0.3734442116090191,-5.246996119753489e-08,0.3999977730166742,"{'table_obstacle': {'pos': [0.3825981920028062, 0.37518922255766707, 0.1646257963690813], 'size': [0.049837904948193595, 0.0813235869879147, 0.05243307039854257]}, 'pillar_obstacle': {'pos': [0.39994824830915515, -0.3824307480766307, 0.23470116647765446], 'size': [0.033663755439403885, 0.20172185302840845, 0.0]}, 'small_block': {'pos': [0.6140097595303955, -0.3535133918987863, 0.1097032402875184], 'size': [0.04461973939918376, 0.0849493067344041, 0.09534921802665242]}}"
1.5759999999999372,0.3759997567739372,0.0,0.4,0.373480752187788,-5.493840266494339e-08,0.3999977952493699,"{'table_obstacle': {'pos': [0.3825981920028062, 0.37518922255766707, 0.1646257963690813], 'size': [0.049837904948193595, 0.0813235869879147, 0.05243307039854257]}, 'pillar_obstacle': {'pos': [0.39994824830915515, -0.3824307480766307, 0.23470116647765446], 'size': [0.033663755439403885, 0.20172185302840845, 0.0]}, 'small_block': {'pos': [0.6140097595303955, -0.3535133918987863, 0.1097032402875184], 'size': [0.04461973939918376, 0.0849493067344041, 0.09534921802665242]}}"
1.5769999999999371,0.3759997567739372,0.0,0.4,0.37351677038465886,-5.732478519513555e-08,0.399997817604169,"{'table_obstacle': {'pos': [0.3825981920028062, 0.37518922255766707, 0.1646257963690813], 'size': [0.049837904948193595, 0.0813235869879147, 0.05243307039854257]}, 'pillar_obstacle': {'pos': [0.39994824830915515, -0.3824307480766307, 0.23470116647765446], 'size': [0.033663755439403885, 0.20172185302840845, 0.0]}, 'small_block': {'pos': [0.6140097595303955, -0.3535133918987863, 0.1097032402875184], 'size': [0.04461973939918376, 0.0849493067344041, 0.09534921802665242]}}"
1.577999999999937,0.3759997567739372,0.0,0.4,0.3735522736623192,-5.963091069441826e-08,0.39999784006428935,"{'table_obstacle': {'pos': [0.3825981920028062, 0.37518922255766707, 0.1646257963690813], 'size': [0.049837904948193595, 0.0813235869879147, 0.05243307039854257]}, 'pillar_obstacle': {'pos': [0.39994824830915515, -0.3824307480766307, 0.23470116647765446], 'size': [0.033663755439403885, 0.20172185302840845, 0.0]}, 'small_block': {'pos': [0.6140097595303955, -0.3535133918987863, 0.1097032402875184], 'size': [0.04461973939918376, 0.0849493067344041, 0.09534921802665242]}}"
1.578999999999937,0.3759997567739372,0.0,0.4,0.37358726937749176,-6.185855374004341e-08,0.39999786261366793,"{'table_obstacle': {'pos': [0.3825981920028062, 0.37518922255766707, 0.1646257963690813], 'size': [0.049837904948193595, 0.0813235869879147, 0.05243307039854257]}, 'pillar_obstacle': {'pos': [0.39994824830915515, -0.3824307480766307, 0.23470116647765446], 'size': [0.033663755439403885, 0.20172185302840845, 0.0]}, 'small_block': {'pos': [0.6140097595303955, -0.3535133918987863, 0.1097032402875184], 'size': [0.04461973939918376, 0.0849493067344041, 0.09534921802665242]}}"
1.5799999999999368,0.3759997567739372,0.0,0.4,0.37362176478232945,-6.400945997274243e-08,0.3999978852369316,"{'table_obstacle': {'pos': [0.3825981920028062, 0.37518922255766707, 0.1646257963690813], 'size': [0.049837904948193595, 0.0813235869879147, 0.05243307039854257]}, 'pillar_obstacle': {'pos': [0.39994824830915515, -0.3824307480766307, 0.23470116647765446], 'size': [0.033663755439403885, 0.20172185302840845, 0.0]}, 'small_block': {'pos': [0.6140097595303955, -0.3535133918987863, 0.1097032402875184], 'size': [0.04461973939918376, 0.0849493067344041, 0.09534921802665242]}}"
1.5809999999999367,0.3759997567739372,0.0,0.4,0.3736557670258047,-6.608534655381828e-08,0.3999979079193742,"{'table_obstacle': {'pos': [0.3825981920028062, 0.37518922255766707, 0.1646257963690813], 'size': [0.049837904948193595, 0.0813235869879147, 0.05243307039854257]}, 'pillar_obstacle': {'pos': [0.39994824830915515, -0.3824307480766307, 0.23470116647765446], 'size': [0.033663755439403885, 0.20172185302840845, 0.0]}, 'small_block': {'pos': [0.6140097595303955, -0.3535133918987863, 0.1097032402875184], 'size': [0.04461973939918376, 0.0849493067344041, 0.09534921802665242]}}"
1.5819999999999366,0.3759997567739372,0.0,0.4,0.3736892831551047,-6.808790126542094e-08,0.3999979306469316,"{'table_obstacle': {'pos': [0.3825981920028062, 0.37518922255766707, 0.1646257963690813], 'size': [0.049837904948193595, 0.0813235869879147, 0.05243307039854257]}, 'pillar_obstacle': {'pos': [0.39994824830915515, -0.3824307480766307, 0.23470116647765446], 'size': [0.033663755439403885, 0.20172185302840845, 0.0]}, 'small_block': {'pos': [0.6140097595303955, -0.3535133918987863, 0.1097032402875184], 'size': [0.04461973939918376, 0.0849493067344041, 0.09534921802665242]}}"
1.5829999999999365,0.3759997567739372,0.0,0.4,0.37372232011701934,-7.001878228571483e-08,0.39999795340615796,"{'table_obstacle': {'pos': [0.3825981920028062, 0.37518922255766707, 0.1646257963690813], 'size': [0.049837904948193595, 0.0813235869879147, 0.05243307039854257]}, 'pillar_obstacle': {'pos': [0.39994824830915515, -0.3824307480766307, 0.23470116647765446], 'size': [0.033663755439403885, 0.20172185302840845, 0.0]}, 'small_block': {'pos': [0.6140097595303955, -0.3535133918987863, 0.1097032402875184], 'size': [0.04461973939918376, 0.0849493067344041, 0.09534921802665242]}}"
1.5839999999999363,0.3759997567739372,0.0,0.4,0.37375488475932045,-7.187961787003158e-08,0.3999979761842042,"{'table_obstacle': {'pos': [0.3825981920028062, 0.37518922255766707, 0.1646257963690813], 'size': [0.049837904948193595, 0.0813235869879147, 0.05243307039854257]}, 'pillar_obstacle': {'pos': [0.39994824830915515, -0.3824307480766307, 0.23470116647765446], 'size': [0.033663755439403885, 0.20172185302840845, 0.0]}, 'small_block': {'pos': [0.6140097595303955, -0.3535133918987863, 0.1097032402875184], 'size': [0.04461973939918376, 0.0849493067344041, 0.09534921802665242]}}"
1.5849999999999362,0.3759997567739372,0.0,0.4,0.3737869838321338,-7.367200722454123e-08,0.399997998968796,"{'table_obstacle': {'pos': [0.3825981920028062, 0.37518922255766707, 0.1646257963690813], 'size': [0.049837904948193595, 0.0813235869879147, 0.05243307039854257]}, 'pillar_obstacle': {'pos': [0.39994824830915515, -0.3824307480766307, 0.23470116647765446], 'size': [0.033663755439403885, 0.20172185302840845, 0.0]}, 'small_block': {'pos': [0.6140097595303955, -0.3535133918987863, 0.1097032402875184], 'size': [0.04461973939918376, 0.0849493067344041, 0.09534921802665242]}}"
1.5859999999999361,0.3759997567739372,0.0,0.4,0.37381862398929894,-7.53975197100944e-08,0.39999802174821275,"{'table_obstacle': {'pos': [0.3825981920028062, 0.37518922255766707, 0.1646257963690813], 'size': [0.049837904948193595, 0.0813235869879147, 0.05243307039854257]}, 'pillar_obstacle': {'pos': [0.39994824830915515, -0.3824307480766307, 0.23470116647765446], 'size': [0.033663755439403885, 0.20172185302840845, 0.0]}, 'small_block': {'pos': [0.6140097595303955, -0.3535133918987863, 0.1097032402875184], 'size': [0.04461973939918376, 0.0849493067344041, 0.09534921802665242]}}"
1.586999999999936,0.3759997567739372,0.0,0.4,0.37384981178971444,-7.705769549972049e-08,0.3999980445112695,"{'table_obstacle': {'pos': [0.3825981920028062, 0.37518922255766707, 0.1646257963690813], 'size': [0.049837904948193595, 0.0813235869879147, 0.05243307039854257]}, 'pillar_obstacle': {'pos': [0.39994824830915515, -0.3824307480766307, 0.23470116647765446], 'size': [0.033663755439403885, 0.20172185302840845, 0.0]}, 'small_block': {'pos': [0.6140097595303955, -0.3535133918987863, 0.1097032402875184], 'size': [0.04461973939918376, 0.0849493067344041, 0.09534921802665242]}}"
1.587999999999936,0.3759997567739372,0.0,0.4,0.3738805536986721,-7.865404550041504e-08,0.3999980672472959,"{'table_obstacle': {'pos': [0.3825981920028062, 0.37518922255766707, 0.1646257963690813], 'size': [0.049837904948193595, 0.0813235869879147, 0.05243307039854257]}, 'pillar_obstacle': {'pos': [0.39994824830915515, -0.3824307480766307, 0.23470116647765446], 'size': [0.033663755439403885, 0.20172185302840845, 0.0]}, 'small_block': {'pos': [0.6140097595303955, -0.3535133918987863, 0.1097032402875184], 'size': [0.04461973939918376, 0.0849493067344041, 0.09534921802665242]}}"
1.5889999999999358,0.3759997567739372,0.0,0.4,0.37391085608917374,-8.018805220790637e-08,0.39999808994611846,"{'table_obstacle': {'pos': [0.3825981920028062, 0.37518922255766707, 0.1646257963690813], 'size': [0.049837904948193595, 0.0813235869879147, 0.05243307039854257]}, 'pillar_obstacle': {'pos': [0.39994824830915515, -0.3824307480766307, 0.23470116647765446], 'size': [0.033663755439403885, 0.20172185302840845, 0.0]}, 'small_block': {'pos': [0.6140097595303955, -0.3535133918987863, 0.1097032402875184], 'size': [0.04461973939918376, 0.0849493067344041, 0.09534921802665242]}}"
1.5899999999999357,0.3759997567739372,0.0,0.4,0.3739407252432345,-8.166116960315801e-08,0.39999811259804313,"{'table_obstacle': {'pos': [0.3825981920028062, 0.37518922255766707, 0.1646257963690813], 'size': [0.049837904948193595, 0.0813235869879147, 0.05243307039854257]}, 'pillar_obstacle': {'pos': [0.39994824830915515, -0.3824307480766307, 0.23470116647765446], 'size': [0.033663755439403885, 0.20172185302840845, 0.0]}, 'small_block': {'pos': [0.6140097595303955, -0.3535133918987863, 0.1097032402875184], 'size': [0.04461973939918376, 0.0849493067344041, 0.09534921802665242]}}"
1.5909999999999356,0.3759997567739372,0.0,0.4,0.37397016735316935,-8.307482352919687e-08,0.3999981351938375,"{'table_obstacle': {'pos': [0.3825981920028062, 0.37518922255766707, 0.1646257963690813], 'size': [0.049837904948193595, 0.0813235869879147, 0.05243307039854257]}, 'pillar_obstacle': {'pos': [0.39994824830915515, -0.3824307480766307, 0.23470116647765446], 'size': [0.033663755439403885, 0.20172185302840845, 0.0]}, 'small_block': {'pos': [0.6140097595303955, -0.3535133918987863, 0.1097032402875184], 'size': [0.04461973939918376, 0.0849493067344041, 0.09534921802665242]}}"
1.5919999999999355,0.3799997421754633,0.0,0.4,0.37399918852286457,-8.443041208050244e-08,0.39999815772471503,"{'table_obstacle': {'pos': [0.3825981920028062, 0.37518922255766707, 0.1646257963690813], 'size': [0.049837904948193595, 0.0813235869879147, 0.05243307039854257]}, 'pillar_obstacle': {'pos': [0.39994824830915515, -0.3824307480766307, 0.23470116647765446], 'size': [0.033663755439403885, 0.20172185302840845, 0.0]}, 'small_block': {'pos': [0.6140097595303955, -0.3535133918987863, 0.1097032402875184], 'size': [0.04461973939918376, 0.0849493067344041, 0.09534921802665242]}}"
1.5929999999999354,0.3799997421754633,0.0,0.4,0.3740387086022583,-7.274412739856221e-08,0.3999981449641182,"{'table_obstacle': {'pos': [0.3825981920028062, 0.37518922255766707, 0.1646257963690813], 'size': [0.049837904948193595, 0.0813235869879147, 0.05243307039854257]}, 'pillar_obstacle': {'pos': [0.39994824830915515, -0.3824307480766307, 0.23470116647765446], 'size': [0.033663755439403885, 0.20172185302840845, 0.0]}, 'small_block': {'pos': [0.6140097595303955, -0.3535133918987863, 0.1097032402875184], 'size': [0.04461973939918376, 0.0849493067344041, 0.09534921802665242]}}"
1.5939999999999352,0.3799997421754633,0.0,0.4,0.37408649441877195,-5.344696785661576e-08,0.39999810902111377,"{'table_obstacle': {'pos': [0.3825981920028062, 0.37518922255766707, 0.1646257963690813], 'size': [0.049837904948193595, 0.0813235869879147, 0.05243307039854257]}, 'pillar_obstacle': {'pos': [0.39994824830915515, -0.3824307480766307, 0.23470116647765446], 'size': [0.033663755439403885, 0.20172185302840845, 0.0]}, 'small_block': {'pos': [0.6140097595303955, -0.3535133918987863, 0.1097032402875184], 'size': [0.04461973939918376, 0.0849493067344041, 0.09534921802665242]}}"
1.5949999999999351,0.3799997421754633,0.0,0.4,0.37414074226410776,-3.033927550845056e-08,0.39999805846738073,"{'table_obstacle': {'pos': [0.3825981920028062, 0.37518922255766707, 0.1646257963690813], 'size': [0.049837904948193595, 0.0813235869879147, 0.05243307039854257]}, 'pillar_obstacle': {'pos': [0.39994824830915515, -0.3824307480766307, 0.23470116647765446], 'size': [0.033663755439403885, 0.20172185302840845, 0.0]}, 'small_block': {'pos': [0.6140097595303955, -0.3535133918987863, 0.1097032402875184], 'size': [0.04461973939918376, 0.0849493067344041, 0.09534921802665242]}}"
1.595999999999935,0.3799997421754633,0.0,0.4,0.37419999591504155,-6.02045889410061e-09,0.3999979993609826,"{'table_obstacle': {'pos': [0.3825981920028062, 0.37518922255766707, 0.1646257963690813], 'size': [0.049837904948193595, 0.0813235869879147, 0.05243307039854257]}, 'pillar_obstacle': {'pos': [0.39994824830915515, -0.3824307480766307, 0.23470116647765446], 'size': [0.033663755439403885, 0.20172185302840845, 0.0]}, 'small_block': {'pos': [0.6140097595303955, -0.3535133918987863, 0.1097032402875184], 'size': [0.04461973939918376, 0.0849493067344041, 0.09534921802665242]}}"
1.596999999999935,0.3799997421754633,0.0,0.4,0.3742630802835316,1.7787014014255724e-08,0.39999793596454974,"{'table_obstacle': {'pos': [0.3825981920028062, 0.37518922255766707, 0.1646257963690813], 'size': [0.049837904948193595, 0.0813235869879147, 0.05243307039854257]}, 'pillar_obstacle': {'pos': [0.39994824830915515, -0.3824307480766307, 0.23470116647765446], 'size': [0.033663755439403885, 0.20172185302840845, 0.0]}, 'small_block': {'pos': [0.6140097595303955, -0.3535133918987863, 0.1097032402875184], 'size': [0.04461973939918376, 0.0849493067344041, 0.09534921802665242]}}"
1.5979999999999348,0.3799997421754633,0.0,0.4,0.3743290477206624,3.9994386355843376e-08,0.39999787125293196,"{'table_obstacle': {'pos': [0.3825981920028062, 0.37518922255766707, 0.1646257963690813], 'size': [0.049837904948193595, 0.0813235869879147, 0.05243307039854257]}, 'pillar_obstacle': {'pos': [0.39994824830915515, -0.3824307480766307, 0.23470116647765446], 'size': [0.033663755439403885, 0.20172185302840845, 0.0]}, 'small_block': {'pos': [0.6140097595303955, -0.3535133918987863, 0.1097032402875184], 'size': [0.04461973939918376, 0.0849493067344041, 0.09534921802665242]}}"
1.5989999999999347,0.3799997421754633,0.0,0.4,0.3743971345639233,5.996492359390869e-08,0.3999978072746692,"{'table_obstacle': {'pos': [0.3825981920028062, 0.37518922255766707, 0.1646257963690813], 'size': [0.049837904948193595, 0.0813235869879147, 0.05243307039854257]}, 'pillar_obstacle': {'pos': [0.39994824830915515, -0.3824307480766307, 0.23470116647765446], 'size': [0.033663755439403885, 0.20172185302840845, 0.0]}, 'small_block': {'pos': [0.6140097595303955, -0.3535133918987863, 0.1097032402875184], 'size': [0.04461973939918376, 0.0849493067344041, 0.09534921802665242]}}"
1.5999999999999346,0.3799997421754633,0.0,0.4,0.3744667259755587,7.73789903432118e-08,0.39999774541114475,"{'table_obstacle': {'pos': [0.3825981920028062, 0.37518922255766707, 0.1646257963690813], 'size': [0.049837904948193595, 0.0813235869879147, 0.05243307039854257]}, 'pillar_obstacle': {'pos': [0.39994824830915515, -0.3824307480766307, 0.23470116647765446], 'size': [0.033663755439403885, 0.20172185302840845, 0.0]}, 'small_block': {'pos': [0.6140097595303955, -0.3535133918987863, 0.1097032402875184], 'size': [0.04461973939918376, 0.0849493067344041, 0.09534921802665242]}}"
1.6009999999999345,0.3799997421754633,0.0,0.4,0.3745373274911831,9.213455226242556e-08,0.39999768656351486,"{'table_obstacle': {'pos': [0.3825981920028062, 0.37518922255766707, 0.1646257963690813], 'size': [0.049837904948193595, 0.0813235869879147, 0.05243307039854257]}, 'pillar_obstacle': {'pos': [0.39994824830915515, -0.3824307480766307, 0.23470116647765446], 'size': [0.033663755439403885, 0.20172185302840845, 0.0]}, 'small_block': {'pos': [0.6140097595303955, -0.3535133918987863, 0.1097032402875184], 'size': [0.04461973939918376, 0.0849493067344041, 0.09534921802665242]}}"
1.6019999999999344,0.3799997421754633,0.0,0.4,0.3746085419988653,1.0427441290363526e-07,0.39999763128824495,"{'table_obstacle': {'pos': [0.3825981920028062, 0.37518922255766707, 0.1646257963690813], 'size': [0.049837904948193595, 0.0813235869879147, 0.05243307039854257]}, 'pillar_obstacle': {'pos': [0.39994824830915515, -0.3824307480766307, 0.23470116647765446], 'size': [0.033663755439403885, 0.20172185302840845, 0.0]}, 'small_block': {'pos': [0.6140097595303955, -0.3535133918987863, 0.1097032402875184], 'size': [0.04461973939918376, 0.0849493067344041, 0.09534921802665242]}}"
1.6029999999999343,0.3799997421754633,0.0,0.4,0.3746800511127051,1.1393353995171868e-07,0.39999757989577295,"{'table_obstacle': {'pos': [0.3825981920028062, 0.37518922255766707, 0.1646257963690813], 'size': [0.049837904948193595, 0.0813235869879147, 0.05243307039854257]}, 'pillar_obstacle': {'pos': [0.39994824830915515, -0.3824307480766307, 0.23470116647765446], 'size': [0.033663755439403885, 0.20172185302840845, 0.0]}, 'small_block': {'pos': [0.6140097595303955, -0.3535133918987863, 0.1097032402875184], 'size': [0.04461973939918376, 0.0849493067344041, 0.09534921802665242]}}"
1.6039999999999341,0.3799997421754633,0.0,0.4,0.3747516001024089,1.2130141358287264e-07,0.3999975325225265,"{'table_obstacle': {'pos': [0.3825981920028062, 0.37518922255766707, 0.1646257963690813], 'size': [0.049837904948193595, 0.0813235869879147, 0.05243307039854257]}, 'pillar_obstacle': {'pos': [0.39994824830915515, -0.3824307480766307, 0.23470116647765446], 'size': [0.033663755439403885, 0.20172185302840845, 0.0]}, 'small_block': {'pos': [0.6140097595303955, -0.3535133918987863, 0.1097032402875184], 'size': [0.04461973939918376, 0.0849493067344041, 0.09534921802665242]}}"
1.604999999999934,0.3799997421754633,0.0,0.4,0.37482298570024375,1.2659554369332237e-07,0.3999974891835507,"{'table_obstacle': {'pos': [0.3825981920028062, 0.37518922255766707, 0.1646257963690813], 'size': [0.049837904948193595, 0.0813235869879147, 0.05243307039854257]}, 'pillar_obstacle': {'pos': [0.39994824830915515, -0.3824307480766307, 0.23470116647765446], 'size': [0.033663755439403885, 0.20172185302840845, 0.0]}, 'small_block': {'pos': [0.6140097595303955, -0.3535133918987863, 0.1097032402875184], 'size': [0.04461973939918376, 0.0849493067344041, 0.09534921802665242]}}"
1.605999999999934,0.3799997421754633,0.0,0.4,0.37489404623619654,1.3004323258822006e-07,0.39999744981094515,"{'table_obstacle': {'pos': [0.3825981920028062, 0.37518922255766707, 0.1646257963690813], 'size': [0.049837904948193595, 0.0813235869879147, 0.05243307039854257]}, 'pillar_obstacle': {'pos': [0.39994824830915515, -0.3824307480766307, 0.23470116647765446], 'size': [0.033663755439403885, 0.20172185302840845, 0.0]}, 'small_block': {'pos': [0.6140097595303955, -0.3535133918987863, 0.1097032402875184], 'size': [0.04461973939918376, 0.0849493067344041, 0.09534921802665242]}}"
1.6069999999999338,0.3799997421754633,0.0,0.4,0.37496465365693504,1.3186937655873018e-07,0.3999974142818662,"{'table_obstacle': {'pos': [0.3825981920028062, 0.37518922255766707, 0.1646257963690813], 'size': [0.049837904948193595, 0.0813235869879147, 0.05243307039854257]}, 'pillar_obstacle': {'pos': [0.39994824830915515, -0.3824307480766307, 0.23470116647765446], 'size': [0.033663755439403885, 0.20172185302840845, 0.0]}, 'small_block': {'pos': [0.6140097595303955, -0.3535133918987863, 0.1097032402875184], 'size': [0.04461973939918376, 0.0849493067344041, 0.09534921802665242]}}"
1.6079999999999337,0.3799997421754633,0.0,0.4,0.3750347070689682,1.3228864679390316e-07,0.39999738243883026,"{'table_obstacle': {'pos': [0.3825981920028062, 0.37518922255766707, 0.1646257963690813], 'size': [0.049837904948193595, 0.0813235869879147, 0.05243307039854257]}, 'pillar_obstacle': {'pos': [0.39994824830915515, -0.3824307480766307, 0.23470116647765446], 'size': [0.033663755439403885, 0.20172185302840845, 0.0]}, 'small_block': {'pos': [0.6140097595303955, -0.3535133918987863, 0.1097032402875184], 'size': [0.04461973939918376, 0.0849493067344041, 0.09534921802665242]}}"
1.6089999999999336,0.3799997421754633,0.0,0.4,0.3751041275150303,1.3150080580691851e-07,0.39999735410432347,"{'table_obstacle': {'pos': [0.3825981920028062, 0.37518922255766707, 0.1646257963690813], 'size': [0.049837904948193595, 0.0813235869879147, 0.05243307039854257]}, 'pillar_obstacle': {'pos': [0.39994824830915515, -0.3824307480766307, 0.23470116647765446], 'size': [0.033663755439403885, 0.20172185302840845, 0.0]}, 'small_block': {'pos': [0.6140097595303955, -0.3535133918987863, 0.1097032402875184], 'size': [0.04461973939918376, 0.0849493067344041, 0.09534921802665242]}}"
1.6099999999999335,0.3799997421754633,0.0,0.4,0.3751728537482568,1.2968823631618173e-07,0.3999973290911978,"{'table_obstacle': {'pos': [0.3825981920028062, 0.37518922255766707, 0.1646257963690813], 'size': [0.049837904948193595, 0.0813235869879147, 0.05243307039854257]}, 'pillar_obstacle': {'pos': [0.39994824830915515, -0.3824307480766307, 0.23470116647765446], 'size': [0.033663755439403885, 0.20172185302840845, 0.0]}, 'small_block': {'pos': [0.6140097595303955, -0.3535133918987863, 0.1097032402875184], 'size': [0.04461973939918376, 0.0849493067344041, 0.09534921802665242]}}"
1.6109999999999334,0.3799997421754633,0.0,0.4,0.3752408388136508,1.2701499951186847e-07,0.39999730720995236,"{'table_obstacle': {'pos': [0.3825981920028062, 0.37518922255766707, 0.1646257963690813], 'size': [0.049837904948193595, 0.0813235869879147, 0.05243307039854257]}, 'pillar_obstacle': {'pos': [0.39994824830915515, -0.3824307480766307, 0.23470116647765446], 'size': [0.033663755439403885, 0.20172185302840845, 0.0]}, 'small_block': {'pos': [0.6140097595303955, -0.3535133918987863, 0.1097032402875184], 'size': [0.04461973939918376, 0.0849493067344041, 0.09534921802665242]}}"
1.6119999999999333,0.3799997421754633,0.0,0.4,0.37530804728271366,1.2362691781583867e-07,0.39999728827371966,"{'table_obstacle': {'pos': [0.3825981920028062, 0.37518922255766707, 0.1646257963690813], 'size': [0.049837904948193595, 0.0813235869879147, 0.05243307039854257]}, 'pillar_obstacle': {'pos': [0.39994824830915515, -0.3824307480766307, 0.23470116647765446], 'size': [0.033663755439403885, 0.20172185302840845, 0.0]}, 'small_block': {'pos': [0.6140097595303955, -0.3535133918987863, 0.1097032402875184], 'size': [0.04461973939918376, 0.0849493067344041, 0.09534921802665242]}}"
1.6129999999999332,0.3799997421754633,0.0,0.4,0.3753744530165342,1.1965232351989876e-07,0.39999727210156344,"{'table_obstacle': {'pos': [0.3825981920028062, 0.37518922255766707, 0.1646257963690813], 'size': [0.049837904948193595, 0.0813235869879147, 0.05243307039854257]}, 'pillar_obstacle': {'pos': [0.39994824830915515, -0.3824307480766307, 0.23470116647765446], 'size': [0.033663755439403885, 0.20172185302840845, 0.0]}, 'small_block': {'pos': [0.6140097595303955, -0.3535133918987863, 0.1097032402875184], 'size': [0.04461973939918376, 0.0849493067344041, 0.09534921802665242]}}"
1.613999999999933,0.3799997421754633,0.0,0.4,0.3754400373564337,1.1520320759377853e-07,0.3999972585205517,"{'table_obstacle': {'pos': [0.3825981920028062, 0.37518922255766707, 0.1646257963690813], 'size': [0.049837904948193595, 0.0813235869879147, 0.05243307039854257]}, 'pillar_obstacle': {'pos': [0.39994824830915515, -0.3824307480766307, 0.23470116647765446], 'size': [0.033663755439403885, 0.20172185302840845, 0.0]}, 'small_block': {'pos': [0.6140097595303955, -0.3535133918987863, 0.1097032402875184], 'size': [0.04461973939918376, 0.0849493067344041, 0.09534921802665242]}}"
1.614999999999933,0.3799997421754633,0.0,0.4,0.37550478766053874,1.1037658673192336e-07,0.3999972473669391,"{'table_obstacle': {'pos': [0.3825981920028062, 0.37518922255766707, 0.1646257963690813], 'size': [0.049837904948193595, 0.0813235869879147, 0.05243307039854257]}, 'pillar_obstacle': {'pos': [0.39994824830915515, -0.3824307480766307, 0.23470116647765446], 'size': [0.033663755439403885, 0.20172185302840845, 0.0]}, 'small_block': {'pos': [0.6140097595303955, -0.3535133918987863, 0.1097032402875184], 'size': [0.04461973939918376, 0.0849493067344041, 0.09534921802665242]}}"
1.6159999999999328,0.3799997421754633,0.0,0.4,0.37556869612022653,1.052559585269244e-07,0.3999972384867216,"{'table_obstacle': {'pos': [0.3825981920028062, 0.37518922255766707, 0.1646257963690813], 'size': [0.049837904948193595, 0.0813235869879147, 0.05243307039854257]}, 'pillar_obstacle': {'pos': [0.39994824830915515, -0.3824307480766307, 0.23470116647765446], 'size': [0.033663755439403885, 0.20172185302840845, 0.0]}, 'small_block': {'pos': [0.6140097595303955, -0.3535133918987863, 0.1097032402875184], 'size': [0.04461973939918376, 0.0849493067344041, 0.09534921802665242]}}"
1.6169999999999327,0.3799997421754633,0.0,0.4,0.37563175880300703,9.991276022358407e-08,0.3999972317357469,"{'table_obstacle': {'pos': [0.3825981920028062, 0.37518922255766707, 0.1646257963690813], 'size': [0.049837904948193595, 0.0813235869879147, 0.05243307039854257]}, 'pillar_obstacle': {'pos': [0.39994824830915515, -0.3824307480766307, 0.23470116647765446], 'size': [0.033663755439403885, 0.20172185302840845, 0.0]}, 'small_block': {'pos': [0.6140097595303955, -0.3535133918987863, 0.1097032402875184], 'size': [0.04461973939918376, 0.0849493067344041, 0.09534921802665242]}}"
1.6179999999999326,0.3799997421754633,0.0,0.4,0.37569397487860795,9.440777415095893e-08,0.39999722697952617,"{'table_obstacle': {'pos': [0.3825981920028062, 0.37518922255766707, 0.1646257963690813], 'size': [0.049837904948193595, 0.0813235869879147, 0.05243307039854257]}, 'pillar_obstacle': {'pos': [0.39994824830915515, -0.3824307480766307, 0.23470116647765446], 'size': [0.033663755439403885, 0.20172185302840845, 0.0]}, 'small_block': {'pos': [0.6140097595303955, -0.3535133918987863, 0.1097032402875184], 'size': [0.04461973939918376, 0.0849493067344041, 0.09534921802665242]}}"
1.6189999999999325,0.3799997421754633,0.0,0.4,0.37575534599327287,8.879244370610677e-08,0.3999972240928512,"{'table_obstacle': {'pos': [0.3825981920028062, 0.37518922255766707, 0.1646257963690813], 'size': [0.049837904948193595, 0.0813235869879147, 0.05243307039854257]}, 'pillar_obstacle': {'pos': [0.39994824830915515, -0.3824307480766307, 0.23470116647765446], 'size': [0.033663755439403885, 0.20172185302840845, 0.0]}, 'small_block': {'pos': [0.6140097595303955, -0.3535133918987863, 0.1097032402875184], 'size': [0.04461973939918376, 0.0849493067344041, 0.09534921802665242]}}"
1.6199999999999324,0.3799997421754633,0.0,0.4,0.3758158757639835,8.311008485364827e-08,0.3999972229592866,"{'table_obstacle': {'pos': [0.3825981920028062, 0.37518922255766707, 0.1646257963690813], 'size': [0.049837904948193595, 0.0813235869879147, 0.05243307039854257]}, 'pillar_obstacle': {'pos': [0.39994824830915515, -0.3824307480766307, 0.23470116647765446], 'size': [0.033663755439403885, 0.20172185302840845, 0.0]}, 'small_block': {'pos': [0.6140097595303955, -0.3535133918987863, 0.1097032402875184], 'size': [0.04461973939918376, 0.0849493067344041, 0.09534921802665242]}}"
1.6209999999999323,0.3799997421754633,0.0,0.4,0.3758755693696921,7.739698012090111e-08,0.3999972234706002,"{'table_obstacle': {'pos': [0.3825981920028062, 0.37518922255766707, 0.1646257963690813], 'size': [0.049837904948193595, 0.0813235869879147, 0.05243307039854257]}, 'pillar_obstacle': {'pos': [0.39994824830915515, -0.3824307480766307, 0.23470116647765446], 'size': [0.033663755439403885, 0.20172185302840845, 0.0]}, 'small_block': {'pos': [0.6140097595303955, -0.3535133918987863, 0.1097032402875184], 'size': [0.04461973939918376, 0.0849493067344041, 0.09534921802665242]}}"
1.6219999999999322,0.3799997421754633,0.0,0.4,0.3759344332210474,7.168335800351254e-08,0.3999972255261636,"{'table_obstacle': {'pos': [0.3825981920028062, 0.37518922255766707, 0.1646257963690813], 'size': [0.049837904948193595, 0.0813235869879147, 0.05243307039854257]}, 'pillar_obstacle': {'pos': [0.39994824830915515, -0.3824307480766307, 0.23470116647765446], 'size': [0.033663755439403885, 0.20172185302840845, 0.0]}, 'small_block': {'pos': [0.6140097595303955, -0.3535133918987863, 0.1097032402875184], 'size': [0.04461973939918376, 0.0849493067344041, 0.09534921802665242]}}"
1.622999999999932,0.3799997421754633,0.0,0.4,0.3759924746936211,6.599425877269248e-08,0.3999972290323546,"{'table_obstacle': {'pos': [0.3825981920028062, 0.37518922255766707, 0.1646257963690813], 'size': [0.049837904948193595, 0.0813235869879147, 0.05243307039854257]}, 'pillar_obstacle': {'pos': [0.39994824830915515, -0.3824307480766307, 0.23470116647765446], 'size': [0.033663755439403885, 0.20172185302840845, 0.0]}, 'small_block': {'pos': [0.6140097595303955, -0.3535133918987863, 0.1097032402875184], 'size': [0.04461973939918376, 0.0849493067344041, 0.09534921802665242]}}"
1.623999999999932,0.3799997421754633,0.0,0.4,0.37604970191250353,6.035029583164639e-08,0.39999723390197556,"{'table_obstacle': {'pos': [0.3825981920028062, 0.37518922255766707, 0.1646257963690813], 'size': [0.049837904948193595, 0.0813235869879147, 0.05243307039854257]}, 'pillar_obstacle': {'pos': [0.39994824830915515, -0.3824307480766307, 0.23470116647765446], 'size': [0.033663755439403885, 0.20172185302840845, 0.0]}, 'small_block': {'pos': [0.6140097595303955, -0.3535133918987863, 0.1097032402875184], 'size': [0.04461973939918376, 0.0849493067344041, 0.09534921802665242]}}"
1.6249999999999318,0.3799997421754633,0.0,0.4,0.37610612357846185,5.4768318168990345e-08,0.399997240053702,"{'table_obstacle': {'pos': [0.3825981920028062, 0.37518922255766707, 0.1646257963690813], 'size': [0.049837904948193595, 0.0813235869879147, 0.05243307039854257]}, 'pillar_obstacle': {'pos': [0.39994824830915515, -0.3824307480766307, 0.23470116647765446], 'size': [0.033663755439403885, 0.20172185302840845, 0.0]}, 'small_block': {'pos': [0.6140097595303955, -0.3535133918987863, 0.1097032402875184], 'size': [0.04461973939918376, 0.0849493067344041, 0.09534921802665242]}}"
1.6259999999999317,0.3799997421754633,0.0,0.4,0.376161748827715,4.926198504094935e-08,0.3999972474115679,"{'table_obstacle': {'pos': [0.3825981920028062, 0.37518922255766707, 0.1646257963690813], 'size': [0.049837904948193595, 0.0813235869879147, 0.05243307039854257]}, 'pillar_obstacle': {'pos': [0.39994824830915515, -0.3824307480766307, 0.23470116647765446], 'size': [0.033663755439403885, 0.20172185302840845, 0.0]}, 'small_block': {'pos': [0.6140097595303955, -0.3535133918987863, 0.1097032402875184], 'size': [0.04461973939918376, 0.0849493067344041, 0.09534921802665242]}}"
1.6269999999999316,0.3799997421754633,0.0,0.4,0.37621658711890765,4.3842261947368775e-08,0.3999972559044896,"{'table_obstacle': {'pos': [0.3825981920028062, 0.37518922255766707, 0.1646257963690813], 'size': [0.049837904948193595, 0.0813235869879147, 0.05243307039854257]}, 'pillar_obstacle': {'pos': [0.39994824830915515, -0.3824307480766307, 0.23470116647765446], 'size': [0.033663755439403885, 0.20172185302840845, 0.0]}, 'small_block': {'pos': [0.6140097595303955, -0.3535133918987863, 0.1097032402875184], 'size': [0.04461973939918376, 0.0849493067344041, 0.09534921802665242]}}"
1.6279999999999315,0.3799997421754633,0.0,0.4,0.37627064814208,3.851784617378535e-08,0.3999972654658319,"{'table_obstacle': {'pos': [0.3825981920028062, 0.37518922255766707, 0.1646257963690813], 'size': [0.049837904948193595, 0.0813235869879147, 0.05243307039854257]}, 'pillar_obstacle': {'pos': [0.39994824830915515, -0.3824307480766307, 0.23470116647765446], 'size': [0.033663755439403885, 0.20172185302840845, 0.0]}, 'small_block': {'pos': [0.6140097595303955, -0.3535133918987863, 0.1097032402875184], 'size': [0.04461973939918376, 0.0849493067344041, 0.09534921802665242]}}"
1.6289999999999314,0.3799997421754633,0.0,0.4,0.37632394174543443,3.329553042767687e-08,0.3999972760330131,"{'table_obstacle': {'pos': [0.3825981920028062, 0.37518922255766707, 0.1646257963690813], 'size': [0.049837904948193595, 0.0813235869879147, 0.05243307039854257]}, 'pillar_obstacle': {'pos': [0.39994824830915515, -0.3824307480766307, 0.23470116647765446], 'size': [0.033663755439403885, 0.20172185302840845, 0.0]}, 'small_block': {'pos': [0.6140097595303955, -0.3535133918987863, 0.1097032402875184], 'size': [0.04461973939918376, 0.0849493067344041, 0.09534921802665242]}}"
1.6299999999999313,0.3799997421754633,0.0,0.4,0.37637647787649203,2.818051313965939e-08,0.39999728754714925,"{'table_obstacle': {'pos': [0.3825981920028062, 0.37518922255766707, 0.1646257963690813], 'size': [0.049837904948193595, 0.0813235869879147, 0.05243307039854257]}, 'pillar_obstacle': {'pos': [0.39994824830915515, -0.3824307480766307, 0.23470116647765446], 'size': [0.033663755439403885, 0.20172185302840845, 0.0]}, 'small_block': {'pos': [0.6140097595303955, -0.3535133918987863, 0.1097032402875184], 'size': [0.04461973939918376, 0.0849493067344041, 0.09534921802665242]}}"
1.6309999999999312,0.3799997421754633,0.0,0.4,0.3764282665348872,2.3176661919376255e-08,0.3999972999527341,"{'table_obstacle': {'pos': [0.3825981920028062, 0.37518922255766707, 0.1646257963690813], 'size': [0.049837904948193595, 0.0813235869879147, 0.05243307039854257]}, 'pillar_obstacle': {'pos': [0.39994824830915515, -0.3824307480766307, 0.23470116647765446], 'size': [0.033663755439403885, 0.20172185302840845, 0.0]}, 'small_block': {'pos': [0.6140097595303955, -0.3535133918987863, 0.1097032402875184], 'size': [0.04461973939918376, 0.0849493067344041, 0.09534921802665242]}}"
1.631999999999931,0.3799997421754633,0.0,0.4,0.3764793177345765,1.82867364198003e-08,0.3999973131973541,"{'table_obstacle': {'pos': [0.3825981920028062, 0.37518922255766707, 0.1646257963690813], 'size': [0.049837904948193595, 0.0813235869879147, 0.05243307039854257]}, 'pillar_obstacle': {'pos': [0.39994824830915515, -0.3824307480766307, 0.23470116647765446], 'size': [0.033663755439403885, 0.20172185302840845, 0.0]}, 'small_block': {'pos': [0.6140097595303955, -0.3535133918987863, 0.1097032402875184], 'size': [0.04461973939918376, 0.0849493067344041, 0.09534921802665242]}}"
1.632999999999931,0.3799997421754633,0.0,0.4,0.37652964147365353,1.3512577516051538e-08,0.3999973272314311,"{'table_obstacle': {'pos': [0.3825981920028062, 0.37518922255766707, 0.1646257963690813], 'size': [0.049837904948193595, 0.0813235869879147, 0.05243307039854257]}, 'pillar_obstacle': {'pos': [0.39994824830915515, -0.3824307480766307, 0.23470116647765446], 'size': [0.033663755439403885, 0.20172185302840845, 0.0]}, 'small_block': {'pos': [0.6140097595303955, -0.3535133918987863, 0.1097032402875184], 'size': [0.04461973939918376, 0.0849493067344041, 0.09534921802665242]}}"
1.6339999999999308,0.3799997421754633,0.0,0.4,0.37657924771031875,8.855265587524777e-09,0.39999734200799625,"{'table_obstacle': {'pos': [0.3825981920028062, 0.37518922255766707, 0.1646257963690813], 'size': [0.049837904948193595, 0.0813235869879147, 0.05243307039854257]}, 'pillar_obstacle': {'pos': [0.39994824830915515, -0.3824307480766307, 0.23470116647765446], 'size': [0.033663755439403885, 0.20172185302840845, 0.0]}, 'small_block': {'pos': [0.6140097595303955, -0.3535133918987863, 0.1097032402875184], 'size': [0.04461973939918376, 0.0849493067344041, 0.09534921802665242]}}"
1.6349999999999307,0.3799997421754633,0.0,0.4,0.37662814634381836,4.315254579236348e-09,0.39999735748248566,"{'table_obstacle': {'pos': [0.3825981920028062, 0.37518922255766707, 0.1646257963690813], 'size': [0.049837904948193595, 0.0813235869879147, 0.05243307039854257]}, 'pillar_obstacle': {'pos': [0.39994824830915515, -0.3824307480766307, 0.23470116647765446], 'size': [0.033663755439403885, 0.20172185302840845, 0.0]}, 'small_block': {'pos': [0.6140097595303955, -0.3535133918987863, 0.1097032402875184], 'size': [0.04461973939918376, 0.0849493067344041, 0.09534921802665242]}}"
1.6359999999999306,0.3799997421754633,0.0,0.4,0.3766763471994031,-1.0751578637132711e-10,0.3999973736125606,"{'table_obstacle': {'pos': [0.3825981920028062, 0.37518922255766707, 0.1646257963690813], 'size': [0.049837904948193595, 0.0813235869879147, 0.05243307039854257]}, 'pillar_obstacle': {'pos': [0.39994824830915515, -0.3824307480766307, 0.23470116647765446], 'size': [0.033663755439403885, 0.20172185302840845, 0.0]}, 'small_block': {'pos': [0.6140097595303955, -0.3535133918987863, 0.1097032402875184], 'size': [0.04461973939918376, 0.0849493067344041, 0.09534921802665242]}}"
1.6369999999999305,0.3799997421754633,0.0,0.4,0.3767238600165309,-4.413526576830926e-09,0.39999739035794546,"{'table_obstacle': {'pos': [0.3825981920028062, 0.37518922255766707, 0.1646257963690813], 'size': [0.049837904948193595, 0.0813235869879147, 0.05243307039854257]}, 'pillar_obstacle': {'pos': [0.39994824830915515, -0.3824307480766307, 0.23470116647765446], 'size': [0.033663755439403885, 0.20172185302840845, 0.0]}, 'small_block': {'pos': [0.6140097595303955, -0.3535133918987863, 0.1097032402875184], 'size': [0.04461973939918376, 0.0849493067344041, 0.09534921802665242]}}"
1.6379999999999304,0.3799997421754633,0.0,0.4,0.3767706944396909,-8.603600062879915e-09,0.399997407680285,"{'table_obstacle': {'pos': [0.3825981920028062, 0.37518922255766707, 0.1646257963690813], 'size': [0.049837904948193595, 0.0813235869879147, 0.05243307039854257]}, 'pillar_obstacle': {'pos': [0.39994824830915515, -0.3824307480766307, 0.23470116647765446], 'size': [0.033663755439403885, 0.20172185302840845, 0.0]}, 'small_block': {'pos': [0.6140097595303955, -0.3535133918987863, 0.1097032402875184], 'size': [0.04461973939918376, 0.0849493067344041, 0.09534921802665242]}}"
1.6389999999999303,0.3799997421754633,0.0,0.4,0.37681686001134324,-1.2678835233293197e-08,0.3999974255430156,"{'table_obstacle': {'pos': [0.3825981920028062, 0.37518922255766707, 0.1646257963690813], 'size': [0.049837904948193595, 0.0813235869879147, 0.05243307039854257]}, 'pillar_obstacle': {'pos': [0.39994824830915515, -0.3824307480766307, 0.23470116647765446], 'size': [0.033663755439403885, 0.20172185302840845, 0.0]}, 'small_block': {'pos': [0.6140097595303955, -0.3535133918987863, 0.1097032402875184], 'size': [0.04461973939918376, 0.0849493067344041, 0.09534921802665242]}}"
1.6399999999999302,0.3799997421754633,0.0,0.4,0.376862366166564,-1.6640552306780424e-08,0.3999974439112506,"{'table_obstacle': {'pos': [0.3825981920028062, 0.37518922255766707, 0.1646257963690813], 'size': [0.049837904948193595, 0.0813235869879147, 0.05243307039854257]}, 'pillar_obstacle': {'pos': [0.39994824830915515, -0.3824307480766307, 0.23470116647765446], 'size': [0.033663755439403885, 0.20172185302840845, 0.0]}, 'small_block': {'pos': [0.6140097595303955, -0.3535133918987863, 0.1097032402875184], 'size': [0.04461973939918376, 0.0849493067344041, 0.09534921802665242]}}"
1.64099999999993,0.3799997421754633,0.0,0.4,0.37690722222906786,-2.049024783085724e-08,0.39999746275167697,"{'table_obstacle': {'pos': [0.3825981920028062, 0.37518922255766707, 0.1646257963690813], 'size': [0.049837904948193595, 0.0813235869879147, 0.05243307039854257]}, 'pillar_obstacle': {'pos': [0.39994824830915515, -0.3824307480766307, 0.23470116647765446], 'size': [0.033663755439403885, 0.20172185302840845, 0.0]}, 'small_block': {'pos': [0.6140097595303955, -0.3535133918987863, 0.1097032402875184], 'size': [0.04461973939918376, 0.0849493067344041, 0.09534921802665242]}}"
1.64199999999993,0.3799997421754633,0.0,0.4,0.3769514374083363,-2.4229556666624237e-08,0.39999748203246355,"{'table_obstacle': {'pos': [0.3825981920028062, 0.37518922255766707, 0.1646257963690813], 'size': [0.049837904948193595, 0.0813235869879147, 0.05243307039854257]}, 'pillar_obstacle': {'pos': [0.39994824830915515, -0.3824307480766307, 0.23470116647765446], 'size': [0.033663755439403885, 0.20172185302840845, 0.0]}, 'small_block': {'pos': [0.6140097595303955, -0.3535133918987863, 0.1097032402875184], 'size': [0.04461973939918376, 0.0849493067344041, 0.09534921802665242]}}"
1.6429999999999298,0.3799997421754633,0.0,0.4,0.3769950207976399,-2.7860220934229424e-08,0.3999975017231764,"{'table_obstacle': {'pos': [0.3825981920028062, 0.37518922255766707, 0.1646257963690813], 'size': [0.049837904948193595, 0.0813235869879147, 0.05243307039854257]}, 'pillar_obstacle': {'pos': [0.39994824830915515, -0.3824307480766307, 0.23470116647765446], 'size': [0.033663755439403885, 0.20172185302840845, 0.0]}, 'small_block': {'pos': [0.6140097595303955, -0.3535133918987863, 0.1097032402875184], 'size': [0.04461973939918376, 0.0849493067344041, 0.09534921802665242]}}"
1.6439999999999297,0.3799997421754633,0.0,0.4,0.3770379813727767,-3.1384064005499784e-08,0.3999975217947033,"{'table_obstacle': {'pos': [0.3825981920028062, 0.37518922255766707, 0.1646257963690813], 'size': [0.049837904948193595, 0.0813235869879147, 0.05243307039854257]}, 'pillar_obstacle': {'pos': [0.39994824830915515, -0.3824307480766307, 0.23470116647765446], 'size': [0.033663755439403885, 0.20172185302840845, 0.0]}, 'small_block': {'pos': [0.6140097595303955, -0.3535133918987863, 0.1097032402875184], 'size': [0.04461973939918376, 0.0849493067344041, 0.09534921802665242]}}"
1.6449999999999296,0.3799997421754633,0.0,0.4,0.3770803279913843,-3.480296888069231e-08,0.399997542219186,"{'table_obstacle': {'pos': [0.3825981920028062, 0.37518922255766707, 0.1646257963690813], 'size': [0.049837904948193595, 0.0813235869879147, 0.05243307039854257]}, 'pillar_obstacle': {'pos': [0.39994824830915515, -0.3824307480766307, 0.23470116647765446], 'size': [0.033663755439403885, 0.20172185302840845, 0.0]}, 'small_block': {'pos': [0.6140097595303955, -0.3535133918987863, 0.1097032402875184], 'size': [0.04461973939918376, 0.0849493067344041, 0.09534921802665242]}}"
1.6459999999999295,0.3799997421754633,0.0,0.4,0.37712206939271425,-3.811886126016673e-08,0.39999756296995587,"{'table_obstacle': {'pos': [0.3825981920028062, 0.37518922255766707, 0.1646257963690813], 'size': [0.049837904948193595, 0.0813235869879147, 0.05243307039854257]}, 'pillar_obstacle': {'pos': [0.39994824830915515, -0.3824307480766307, 0.23470116647765446], 'size': [0.033663755439403885, 0.20172185302840845, 0.0]}, 'small_block': {'pos': [0.6140097595303955, -0.3535133918987863, 0.1097032402875184], 'size': [0.04461973939918376, 0.0849493067344041, 0.09534921802665242]}}"
1.6469999999999294,0.3799997421754633,0.0,0.4,0.3771632141977739,-4.133369459083507e-08,0.39999758402147817,"{'table_obstacle': {'pos': [0.3825981920028062, 0.37518922255766707, 0.1646257963690813], 'size': [0.049837904948193595, 0.0813235869879147, 0.05243307039854257]}, 'pillar_obstacle': {'pos': [0.39994824830915515, -0.3824307480766307, 0.23470116647765446], 'size': [0.033663755439403885, 0.20172185302840845, 0.0]}, 'small_block': {'pos': [0.6140097595303955, -0.3535133918987863, 0.1097032402875184], 'size': [0.04461973939918376, 0.0849493067344041, 0.09534921802665242]}}"
1.6479999999999293,0.3799997421754633,0.0,0.4,0.37720377090976065,-4.444943824237838e-08,0.399997605349297,"{'table_obstacle': {'pos': [0.3825981920028062, 0.37518922255766707, 0.1646257963690813], 'size': [0.049837904948193595, 0.0813235869879147, 0.05243307039854257]}, 'pillar_obstacle': {'pos': [0.39994824830915515, -0.3824307480766307, 0.23470116647765446], 'size': [0.033663755439403885, 0.20172185302840845, 0.0]}, 'small_block': {'pos': [0.6140097595303955, -0.3535133918987863, 0.1097032402875184], 'size': [0.04461973939918376, 0.0849493067344041, 0.09534921802665242]}}"
1.6489999999999292,0.3799997421754633,0.0,0.4,0.3772437479147304,-4.74680682854866e-08,0.3999976269299892,"{'table_obstacle': {'pos': [0.3825981920028062, 0.37518922255766707, 0.1646257963690813], 'size': [0.049837904948193595, 0.0813235869879147, 0.05243307039854257]}, 'pillar_obstacle': {'pos': [0.39994824830915515, -0.3824307480766307, 0.23470116647765446], 'size': [0.033663755439403885, 0.20172185302840845, 0.0]}, 'small_block': {'pos': [0.6140097595303955, -0.3535133918987863, 0.1097032402875184], 'size': [0.04461973939918376, 0.0849493067344041, 0.09534921802665242]}}"
1.649999999999929,0.3799997421754633,0.0,0.4,0.3772831534824478,-5.039155857947909e-08,0.39999764874111676,"{'table_obstacle': {'pos': [0.3825981920028062, 0.37518922255766707, 0.1646257963690813], 'size': [0.049837904948193595, 0.0813235869879147, 0.05243307039854257]}, 'pillar_obstacle': {'pos': [0.39994824830915515, -0.3824307480766307, 0.23470116647765446], 'size': [0.033663755439403885, 0.20172185302840845, 0.0]}, 'small_block': {'pos': [0.6140097595303955, -0.3535133918987863, 0.1097032402875184], 'size': [0.04461973939918376, 0.0849493067344041, 0.09534921802665242]}}"
1.650999999999929,0.3799997421754633,0.0,0.4,0.3773219957673832,-5.3221875765778296e-08,0.3999976707611858,"{'table_obstacle': {'pos': [0.3825981920028062, 0.37518922255766707, 0.1646257963690813], 'size': [0.049837904948193595, 0.0813235869879147, 0.05243307039854257]}, 'pillar_obstacle': {'pos': [0.39994824830915515, -0.3824307480766307, 0.23470116647765446], 'size': [0.033663755439403885, 0.20172185302840845, 0.0]}, 'small_block': {'pos': [0.6140097595303955, -0.3535133918987863, 0.1097032402875184], 'size': [0.04461973939918376, 0.0849493067344041, 0.09534921802665242]}}"
1.6519999999999289,0.3799997421754633,0.0,0.4,0.3773602828098195,-5.596097260478793e-08,0.39999769296960763,"{'table_obstacle': {'pos': [0.3825981920028062, 0.37518922255766707, 0.1646257963690813], 'size': [0.049837904948193595, 0.0813235869879147, 0.05243307039854257]}, 'pillar_obstacle': {'pos': [0.39994824830915515, -0.3824307480766307, 0.23470116647765446], 'size': [0.033663755439403885, 0.20172185302840845, 0.0]}, 'small_block': {'pos': [0.6140097595303955, -0.3535133918987863, 0.1097032402875184], 'size': [0.04461973939918376, 0.0849493067344041, 0.09534921802665242]}}"
1.6529999999999287,0.3799997421754633,0.0,0.4,0.37739802253704746,-5.861078506207605e-08,0.3999977153466613,"{'table_obstacle': {'pos': [0.3825981920028062, 0.37518922255766707, 0.1646257963690813], 'size': [0.049837904948193595, 0.0813235869879147, 0.05243307039854257]}, 'pillar_obstacle': {'pos': [0.39994824830915515, -0.3824307480766307, 0.23470116647765446], 'size': [0.033663755439403885, 0.20172185302840845, 0.0]}, 'small_block': {'pos': [0.6140097595303955, -0.3535133918987863, 0.1097032402875184], 'size': [0.04461973939918376, 0.0849493067344041, 0.09534921802665242]}}"
1.6539999999999286,0.3799997421754633,0.0,0.4,0.3774352227646264,-6.11732284179454e-08,0.3999977378734586,"{'table_obstacle': {'pos': [0.3825981920028062, 0.37518922255766707, 0.1646257963690813], 'size': [0.049837904948193595, 0.0813235869879147, 0.05243307039854257]}, 'pillar_obstacle': {'pos': [0.39994824830915515, -0.3824307480766307, 0.23470116647765446], 'size': [0.033663755439403885, 0.20172185302840845, 0.0]}, 'small_block': {'pos': [0.6140097595303955, -0.3535133918987863, 0.1097032402875184], 'size': [0.04461973939918376, 0.0849493067344041, 0.09534921802665242]}}"
1.6549999999999285,0.3799997421754633,0.0,0.4,0.3774718911976929,-6.365019430978595e-08,0.3999977605319129,"{'table_obstacle': {'pos': [0.3825981920028062, 0.37518922255766707, 0.1646257963690813], 'size': [0.049837904948193595, 0.0813235869879147, 0.05243307039854257]}, 'pillar_obstacle': {'pos': [0.39994824830915515, -0.3824307480766307, 0.23470116647765446], 'size': [0.033663755439403885, 0.20172185302840845, 0.0]}, 'small_block': {'pos': [0.6140097595303955, -0.3535133918987863, 0.1097032402875184], 'size': [0.04461973939918376, 0.0849493067344041, 0.09534921802665242]}}"
1.6559999999999284,0.3799997421754633,0.0,0.4,0.37750803543230754,-6.604354977955384e-08,0.399997783304707,"{'table_obstacle': {'pos': [0.3825981920028062, 0.37518922255766707, 0.1646257963690813], 'size': [0.049837904948193595, 0.0813235869879147, 0.05243307039854257]}, 'pillar_obstacle': {'pos': [0.39994824830915515, -0.3824307480766307, 0.23470116647765446], 'size': [0.033663755439403885, 0.20172185302840845, 0.0]}, 'small_block': {'pos': [0.6140097595303955, -0.3535133918987863, 0.1097032402875184], 'size': [0.04461973939918376, 0.0849493067344041, 0.09534921802665242]}}"
1.6569999999999283,0.3799997421754633,0.0,0.4,0.3775436629568231,-6.835513438210694e-08,0.3999978061752638,"{'table_obstacle': {'pos': [0.3825981920028062, 0.37518922255766707, 0.1646257963690813], 'size': [0.049837904948193595, 0.0813235869879147, 0.05243307039854257]}, 'pillar_obstacle': {'pos': [0.39994824830915515, -0.3824307480766307, 0.23470116647765446], 'size': [0.033663755439403885, 0.20172185302840845, 0.0]}, 'small_block': {'pos': [0.6140097595303955, -0.3535133918987863, 0.1097032402875184], 'size': [0.04461973939918376, 0.0849493067344041, 0.09534921802665242]}}"
1.6579999999999282,0.3799997421754633,0.0,0.4,0.3775787811532726,-7.058675998022387e-08,0.3999978291277193,"{'table_obstacle': {'pos': [0.3825981920028062, 0.37518922255766707, 0.1646257963690813], 'size': [0.049837904948193595, 0.0813235869879147, 0.05243307039854257]}, 'pillar_obstacle': {'pos': [0.39994824830915515, -0.3824307480766307, 0.23470116647765446], 'size': [0.033663755439403885, 0.20172185302840845, 0.0]}, 'small_block': {'pos': [0.6140097595303955, -0.3535133918987863, 0.1097032402875184], 'size': [0.04461973939918376, 0.0849493067344041, 0.09534921802665242]}}"
1.658999999999928,0.3799997421754633,0.0,0.4,0.3776133972987632,-7.2740209435685e-08,0.3999978521468952,"{'table_obstacle': {'pos': [0.3825981920028062, 0.37518922255766707, 0.1646257963690813], 'size': [0.049837904948193595, 0.0813235869879147, 0.05243307039854257]}, 'pillar_obstacle': {'pos': [0.39994824830915515, -0.3824307480766307, 0.23470116647765446], 'size': [0.033663755439403885, 0.20172185302840845, 0.0]}, 'small_block': {'pos': [0.6140097595303955, -0.3535133918987863, 0.1097032402875184], 'size': [0.04461973939918376, 0.0849493067344041, 0.09534921802665242]}}"
1.659999999999928,0.3799997421754633,0.0,0.4,0.3776475185668745,-7.48172358834206e-08,0.3999978752182749,"{'table_obstacle': {'pos': [0.3825981920028062, 0.37518922255766707, 0.1646257963690813], 'size': [0.049837904948193595, 0.0813235869879147, 0.05243307039854257]}, 'pillar_obstacle': {'pos': [0.39994824830915515, -0.3824307480766307, 0.23470116647765446], 'size': [0.033663755439403885, 0.20172185302840845, 0.0]}, 'small_block': {'pos': [0.6140097595303955, -0.3535133918987863, 0.1097032402875184], 'size': [0.04461973939918376, 0.0849493067344041, 0.09534921802665242]}}"
1.6609999999999279,0.3799997421754633,0.0,0.4,0.3776811520290566,-7.681956280104145e-08,0.3999978983279771,"{'table_obstacle': {'pos': [0.3825981920028062, 0.37518922255766707, 0.1646257963690813], 'size': [0.049837904948193595, 0.0813235869879147, 0.05243307039854257]}, 'pillar_obstacle': {'pos': [0.39994824830915515, -0.3824307480766307, 0.23470116647765446], 'size': [0.033663755439403885, 0.20172185302840845, 0.0]}, 'small_block': {'pos': [0.6140097595303955, -0.3535133918987863, 0.1097032402875184], 'size': [0.04461973939918376, 0.0849493067344041, 0.09534921802665242]}}"
1.6619999999999278,0.3799997421754633,0.0,0.4,0.3777143046560225,-7.874888313844084e-08,0.39999792146273516,"{'table_obstacle': {'pos': [0.3825981920028062, 0.37518922255766707, 0.1646257963690813], 'size': [0.049837904948193595, 0.0813235869879147, 0.05243307039854257]}, 'pillar_obstacle': {'pos': [0.39994824830915515, -0.3824307480766307, 0.23470116647765446], 'size': [0.033663755439403885, 0.20172185302840845, 0.0]}, 'small_block': {'pos': [0.6140097595303955, -0.3535133918987863, 0.1097032402875184], 'size': [0.04461973939918376, 0.0849493067344041, 0.09534921802665242]}}"
1.6629999999999276,0.3799997421754633,0.0,0.4,0.37774698331913326,-8.060686003582371e-08,0.3999979446098729,"{'table_obstacle': {'pos': [0.3825981920028062, 0.37518922255766707, 0.1646257963690813], 'size': [0.049837904948193595, 0.0813235869879147, 0.05243307039854257]}, 'pillar_obstacle': {'pos': [0.39994824830915515, -0.3824307480766307, 0.23470116647765446], 'size': [0.033663755439403885, 0.20172185302840845, 0.0]}, 'small_block': {'pos': [0.6140097595303955, -0.3535133918987863, 0.1097032402875184], 'size': [0.04461973939918376, 0.0849493067344041, 0.09534921802665242]}}"
1.6639999999999275,0.3799997421754633,0.0,0.4,0.3777791947917738,-8.239512637890233e-08,0.399997967757284,"{'table_obstacle': {'pos': [0.3825981920028062, 0.37518922255766707, 0.1646257963690813], 'size': [0.049837904948193595, 0.0813235869879147, 0.05243307039854257]}, 'pillar_obstacle': {'pos': [0.39994824830915515, -0.3824307480766307, 0.23470116647765446], 'size': [0.033663755439403885, 0.20172185302840845, 0.0]}, 'small_block': {'pos': [0.6140097595303955, -0.3535133918987863, 0.1097032402875184], 'size': [0.04461973939918376, 0.0849493067344041, 0.09534921802665242]}}"
1.6649999999999274,0.3799997421754633,0.0,0.4,0.3778109457507162,-8.411528423739203e-08,0.3999979908934119,"{'table_obstacle': {'pos': [0.3825981920028062, 0.37518922255766707, 0.1646257963690813], 'size': [0.049837904948193595, 0.0813235869879147, 0.05243307039854257]}, 'pillar_obstacle': {'pos': [0.39994824830915515, -0.3824307480766307, 0.23470116647765446], 'size': [0.033663755439403885, 0.20172185302840845, 0.0]}, 'small_block': {'pos': [0.6140097595303955, -0.3535133918987863, 0.1097032402875184], 'size': [0.04461973939918376, 0.0849493067344041, 0.09534921802665242]}}"
1.6659999999999273,0.3799997421754633,0.0,0.4,0.3778422427774716,-8.57689067618182e-08,0.3999980140072291,"{'table_obstacle': {'pos': [0.3825981920028062, 0.37518922255766707, 0.1646257963690813], 'size': [0.049837904948193595, 0.0813235869879147, 0.05243307039854257]}, 'pillar_obstacle': {'pos': [0.39994824830915515, -0.3824307480766307, 0.23470116647765446], 'size': [0.033663755439403885, 0.20172185302840845, 0.0]}, 'small_block': {'pos': [0.6140097595303955, -0.3535133918987863, 0.1097032402875184], 'size': [0.04461973939918376, 0.0849493067344041, 0.09534921802665242]}}"
1.6669999999999272,0.3799997421754633,0.0,0.4,0.3778730923596269,-8.735753673501688e-08,0.3999980370882192,"{'table_obstacle': {'pos': [0.3825981920028062, 0.37518922255766707, 0.1646257963690813], 'size': [0.049837904948193595, 0.0813235869879147, 0.05243307039854257]}, 'pillar_obstacle': {'pos': [0.39994824830915515, -0.3824307480766307, 0.23470116647765446], 'size': [0.033663755439403885, 0.20172185302840845, 0.0]}, 'small_block': {'pos': [0.6140097595303955, -0.3535133918987863, 0.1097032402875184], 'size': [0.04461973939918376, 0.0849493067344041, 0.09534921802665242]}}"
1.667999999999927,0.3799997421754633,0.0,0.4,0.37790350089216607,-8.888268802084079e-08,0.39999806012635747,"{'table_obstacle': {'pos': [0.3825981920028062, 0.37518922255766707, 0.1646257963690813], 'size': [0.049837904948193595, 0.0813235869879147, 0.05243307039854257]}, 'pillar_obstacle': {'pos': [0.39994824830915515, -0.3824307480766307, 0.23470116647765446], 'size': [0.033663755439403885, 0.20172185302840845, 0.0]}, 'small_block': {'pos': [0.6140097595303955, -0.3535133918987863, 0.1097032402875184], 'size': [0.04461973939918376, 0.0849493067344041, 0.09534921802665242]}}"
1.668999999999927,0.3799997421754633,0.0,0.4,0.3779334746787793,-9.034584493114011e-08,0.3999980831120942,"{'table_obstacle': {'pos': [0.3825981920028062, 0.37518922255766707, 0.1646257963690813], 'size': [0.049837904948193595, 0.0813235869879147, 0.05243307039854257]}, 'pillar_obstacle': {'pos': [0.39994824830915515, -0.3824307480766307, 0.23470116647765446], 'size': [0.033663755439403885, 0.20172185302840845, 0.0]}, 'small_block': {'pos': [0.6140097595303955, -0.3535133918987863, 0.1097032402875184], 'size': [0.04461973939918376, 0.0849493067344041, 0.09534921802665242]}}"
1.6699999999999269,0.3799997421754633,0.0,0.4,0.37796301993315234,-9.174846381826475e-08,0.39999810603633706,"{'table_obstacle': {'pos': [0.3825981920028062, 0.37518922255766707, 0.1646257963690813], 'size': [0.049837904948193595, 0.0813235869879147, 0.05243307039854257]}, 'pillar_obstacle': {'pos': [0.39994824830915515, -0.3824307480766307, 0.23470116647765446], 'size': [0.033663755439403885, 0.20172185302840845, 0.0]}, 'small_block': {'pos': [0.6140097595303955, -0.3535133918987863, 0.1097032402875184], 'size': [0.04461973939918376, 0.0849493067344041, 0.09534921802665242]}}"
1.6709999999999268,0.3799997421754633,0.0,0.4,0.37799214278024196,-9.309197215650582e-08,0.39999812889043485,"{'table_obstacle': {'pos': [0.3825981920028062, 0.37518922255766707, 0.1646257963690813], 'size': [0.049837904948193595, 0.0813235869879147, 0.05243307039854257]}, 'pillar_obstacle': {'pos': [0.39994824830915515, -0.3824307480766307, 0.23470116647765446], 'size': [0.033663755439403885, 0.20172185302840845, 0.0]}, 'small_block': {'pos': [0.6140097595303955, -0.3535133918987863, 0.1097032402875184], 'size': [0.04461973939918376, 0.0849493067344041, 0.09534921802665242]}}"
1.6719999999999267,0.38399972736071747,0.0,0.4,0.3780208492575347,-9.437777014681891e-08,0.3999981516661616,"{'table_obstacle': {'pos': [0.3825981920028062, 0.37518922255766707, 0.1646257963690813], 'size': [0.049837904948193595, 0.0813235869879147, 0.05243307039854257]}, 'pillar_obstacle': {'pos': [0.39994824830915515, -0.3824307480766307, 0.23470116647765446], 'size': [0.033663755439403885, 0.20172185302840845, 0.0]}, 'small_block': {'pos': [0.6140097595303955, -0.3535133918987863, 0.1097032402875184], 'size': [0.04461973939918376, 0.0849493067344041, 0.09534921802665242]}}"
1.6729999999999265,0.38399972736071747,0.0,0.4,0.37806005778665375,-8.239482756922435e-08,0.39999813744870644,"{'table_obstacle': {'pos': [0.3825981920028062, 0.37518922255766707, 0.1646257963690813], 'size': [0.049837904948193595, 0.0813235869879147, 0.05243307039854257]}, 'pillar_obstacle': {'pos': [0.39994824830915515, -0.3824307480766307, 0.23470116647765446], 'size': [0.033663755439403885, 0.20172185302840845, 0.0]}, 'small_block': {'pos': [0.6140097595303955, -0.3535133918987863, 0.1097032402875184], 'size': [0.04461973939918376, 0.0849493067344041, 0.09534921802665242]}}"
1.6739999999999264,0.38399972736071747,0.0,0.4,0.3781075356296215,-6.266591314646083e-08,0.39999809905343037,"{'table_obstacle': {'pos': [0.3825981920028062, 0.37518922255766707, 0.1646257963690813], 'size': [0.049837904948193595, 0.0813235869879147, 0.05243307039854257]}, 'pillar_obstacle': {'pos': [0.39994824830915515, -0.3824307480766307, 0.23470116647765446], 'size': [0.033663755439403885, 0.20172185302840845, 0.0]}, 'small_block': {'pos': [0.6140097595303955, -0.3535133918987863, 0.1097032402875184], 'size': [0.04461973939918376, 0.0849493067344041, 0.09534921802665242]}}"
1.6749999999999263,0.38399972736071747,0.0,0.4,0.3781614793700331,-3.905654054229578e-08,0.3999980455530897,"{'table_obstacle': {'pos': [0.3825981920028062, 0.37518922255766707, 0.1646257963690813], 'size': [0.049837904948193595, 0.0813235869879147, 0.05243307039854257]}, 'pillar_obstacle': {'pos': [0.39994824830915515, -0.3824307480766307, 0.23470116647765446], 'size': [0.033663755439403885, 0.20172185302840845, 0.0]}, 'small_block': {'pos': [0.6140097595303955, -0.3535133918987863, 0.1097032402875184], 'size': [0.04461973939918376, 0.0849493067344041, 0.09534921802665242]}}"
1.6759999999999262,0.38399972736071747,0.0,0.4,0.3782204329721872,-1.4211454315309118e-08,0.39999798335236403,"{'table_obstacle': {'pos': [0.3825981920028062, 0.37518922255766707, 0.1646257963690813], 'size': [0.049837904948193595, 0.0813235869879147, 0.05243307039854257]}, 'pillar_obstacle': {'pos': [0.39994824830915515, -0.3824307480766307, 0.23470116647765446], 'size': [0.033663755439403885, 0.20172185302840845, 0.0]}, 'small_block': {'pos': [0.6140097595303955, -0.3535133918987863, 0.1097032402875184], 'size': [0.04461973939918376, 0.0849493067344041, 0.09534921802665242]}}"
1.676999999999926,0.38399972736071747,0.0,0.4,0.3782832214594776,1.0116222254328628e-08,0.39999791694558223,"{'table_obstacle': {'pos': [0.3825981920028062, 0.37518922255766707, 0.1646257963690813], 'size': [0.049837904948193595, 0.0813235869879147, 0.05243307039854257]}, 'pillar_obstacle': {'pos': [0.39994824830915515, -0.3824307480766307, 0.23470116647765446], 'size': [0.033663755439403885, 0.20172185302840845, 0.0]}, 'small_block': {'pos': [0.6140097595303955, -0.3535133918987863, 0.1097032402875184], 'size': [0.04461973939918376, 0.0849493067344041, 0.09534921802665242]}}"
1.677999999999926,0.38399972736071747,0.0,0.4,0.378348897239235,3.28178390955881e-08,0.3999978494548941,"{'table_obstacle': {'pos': [0.3825981920028062, 0.37518922255766707, 0.1646257963690813], 'size': [0.049837904948193595, 0.0813235869879147, 0.05243307039854257]}, 'pillar_obstacle': {'pos': [0.39994824830915515, -0.3824307480766307, 0.23470116647765446], 'size': [0.033663755439403885, 0.20172185302840845, 0.0]}, 'small_block': {'pos': [0.6140097595303955, -0.3535133918987863, 0.1097032402875184], 'size': [0.04461973939918376, 0.0849493067344041, 0.09534921802665242]}}"
1.6789999999999259,0.38399972736071747,0.0,0.4,0.37841669666546124,5.324456745931249e-08,0.39999778301508604,"{'table_obstacle': {'pos': [0.3825981920028062, 0.37518922255766707, 0.1646257963690813], 'size': [0.049837904948193595, 0.0813235869879147, 0.05243307039854257]}, 'pillar_obstacle': {'pos': [0.39994824830915515, -0.3824307480766307, 0.23470116647765446], 'size': [0.033663755439403885, 0.20172185302840845, 0.0]}, 'small_block': {'pos': [0.6140097595303955, -0.3535133918987863, 0.1097032402875184], 'size': [0.04461973939918376, 0.0849493067344041, 0.09534921802665242]}}"
1.6799999999999258,0.38399972736071747,0.0,0.4,0.37848600488860495,7.107024781777247e-08,0.39999771905042886,"{'table_obstacle': {'pos': [0.3825981920028062, 0.37518922255766707, 0.1646257963690813], 'size': [0.049837904948193595, 0.0813235869879147, 0.05243307039854257]}, 'pillar_obstacle': {'pos': [0.39994824830915515, -0.3824307480766307, 0.23470116647765446], 'size': [0.033663755439403885, 0.20172185302840845, 0.0]}, 'small_block': {'pos': [0.6140097595303955, -0.3535133918987863, 0.1097032402875184], 'size': [0.04461973939918376, 0.0849493067344041, 0.09534921802665242]}}"
1.6809999999999257,0.38399972736071747,0.0,0.4,0.3785563274126109,8.619022412128986e-08,0.3999976584748912,"{'table_obstacle': {'pos': [0.3825981920028062, 0.37518922255766707, 0.1646257963690813], 'size': [0.049837904948193595, 0.0813235869879147, 0.05243307039854257]}, 'pillar_obstacle': {'pos': [0.39994824830915515, -0.3824307480766307, 0.23470116647765446], 'size': [0.033663755439403885, 0.20172185302840845, 0.0]}, 'small_block': {'pos': [0.6140097595303955, -0.3535133918987863, 0.1097032402875184], 'size': [0.04461973939918376, 0.0849493067344041, 0.09534921802665242]}}"
1.6819999999999256,0.38399972736071747,0.0,0.4,0.37862726708020916,9.864734291470776e-08,0.3999976018375432,"{'table_obstacle': {'pos': [0.3825981920028062, 0.37518922255766707, 0.1646257963690813], 'size': [0.049837904948193595, 0.0813235869879147, 0.05243307039854257]}, 'pillar_obstacle': {'pos': [0.39994824830915515, -0.3824307480766307, 0.23470116647765446], 'size': [0.033663755439403885, 0.20172185302840845, 0.0]}, 'small_block': {'pos': [0.6140097595303955, -0.3535133918987863, 0.1097032402875184], 'size': [0.04461973939918376, 0.0849493067344041, 0.09534921802665242]}}"
1.6829999999999254,0.38399972736071747,0.0,0.4,0.37869850545104333,1.0857836909298669e-07,0.39999754942846516,"{'table_obstacle': {'pos': [0.3825981920028062, 0.37518922255766707, 0.1646257963690813], 'size': [0.049837904948193595, 0.0813235869879147, 0.05243307039854257]}, 'pillar_obstacle': {'pos': [0.39994824830915515, -0.3824307480766307, 0.23470116647765446], 'size': [0.033663755439403885, 0.20172185302840845, 0.0]}, 'small_block': {'pos': [0.6140097595303955, -0.3535133918987863, 0.1097032402875184], 'size': [0.04461973939918376, 0.0849493067344041, 0.09534921802665242]}}"
1.6839999999999253,0.38399972736071747,0.0,0.4,0.37876978773455744,1.1617567197652875e-07,0.39999750135601153,"{'table_obstacle': {'pos': [0.3825981920028062, 0.37518922255766707, 0.1646257963690813], 'size': [0.049837904948193595, 0.0813235869879147, 0.05243307039854257]}, 'pillar_obstacle': {'pos': [0.39994824830915515, -0.3824307480766307, 0.23470116647765446], 'size': [0.033663755439403885, 0.20172185302840845, 0.0]}, 'small_block': {'pos': [0.6140097595303955, -0.3535133918987863, 0.1097032402875184], 'size': [0.04461973939918376, 0.0849493067344041, 0.09534921802665242]}}"
1.6849999999999252,0.38399972736071747,0.0,0.4,0.37884091059934505,1.2166026620226512e-07,0.39999745760317024,"{'table_obstacle': {'pos': [0.3825981920028062, 0.37518922255766707, 0.1646257963690813], 'size': [0.049837904948193595, 0.0813235869879147, 0.05243307039854257]}, 'pillar_obstacle': {'pos': [0.39994824830915515, -0.3824307480766307, 0.23470116647765446], 'size': [0.033663755439403885, 0.20172185302840845, 0.0]}, 'small_block': {'pos': [0.6140097595303955, -0.3535133918987863, 0.1097032402875184], 'size': [0.04461973939918376, 0.0849493067344041, 0.09534921802665242]}}"
1.6859999999999251,0.38399972736071747,0.0,0.4,0.3789117123100193,1.2526323981202057e-07,0.39999741806859984,"{'table_obstacle': {'pos': [0.3825981920028062, 0.37518922255766707, 0.1646257963690813], 'size': [0.049837904948193595, 0.0813235869879147, 0.05243307039854257]}, 'pillar_obstacle': {'pos': [0.39994824830915515, -0.3824307480766307, 0.23470116647765446], 'size': [0.033663755439403885, 0.20172185302840845, 0.0]}, 'small_block': {'pos': [0.6140097595303955, -0.3535133918987863, 0.1097032402875184], 'size': [0.04461973939918376, 0.0849493067344041, 0.09534921802665242]}}"
1.686999999999925,0.38399972736071747,0.0,0.4,0.3789820647473766,1.2721332348344646e-07,0.39999738259639145,"{'table_obstacle': {'pos': [0.3825981920028062, 0.37518922255766707, 0.1646257963690813], 'size': [0.049837904948193595, 0.0813235869879147, 0.05243307039854257]}, 'pillar_obstacle': {'pos': [0.39994824830915515, -0.3824307480766307, 0.23470116647765446], 'size': [0.033663755439403885, 0.20172185302840845, 0.0]}, 'small_block': {'pos': [0.6140097595303955, -0.3535133918987863, 0.1097032402875184], 'size': [0.04461973939918376, 0.0849493067344041, 0.09534921802665242]}}"
1.687999999999925,0.38399972736071747,0.0,0.4,0.37905186695238907,1.277289176327275e-07,0.39999735099750955,"{'table_obstacle': {'pos': [0.3825981920028062, 0.37518922255766707, 0.1646257963690813], 'size': [0.049837904948193595, 0.0813235869879147, 0.05243307039854257]}, 'pillar_obstacle': {'pos': [0.39994824830915515, -0.3824307480766307, 0.23470116647765446], 'size': [0.033663755439403885, 0.20172185302840845, 0.0]}, 'small_block': {'pos': [0.6140097595303955, -0.3535133918987863, 0.1097032402875184], 'size': [0.04461973939918376, 0.0849493067344041, 0.09534921802665242]}}"
1.6889999999999248,0.38399972736071747,0.0,0.4,0.37912103990314505,1.2701331081509987e-07,0.3999973230650949,"{'table_obstacle': {'pos': [0.3825981920028062, 0.37518922255766707, 0.1646257963690813], 'size': [0.049837904948193595, 0.0813235869879147, 0.05243307039854257]}, 'pillar_obstacle': {'pos': [0.39994824830915515, -0.3824307480766307, 0.23470116647765446], 'size': [0.033663755439403885, 0.20172185302840845, 0.0]}, 'small_block': {'pos': [0.6140097595303955, -0.3535133918987863, 0.1097032402875184], 'size': [0.04461973939918376, 0.0849493067344041, 0.09534921802665242]}}"
1.6899999999999247,0.38399972736071747,0.0,0.4,0.3791895222893823,1.2525215169510733e-07,0.39999729858523225,"{'table_obstacle': {'pos': [0.3825981920028062, 0.37518922255766707, 0.1646257963690813], 'size': [0.049837904948193595, 0.0813235869879147, 0.05243307039854257]}, 'pillar_obstacle': {'pos': [0.39994824830915515, -0.3824307480766307, 0.23470116647765446], 'size': [0.033663755439403885, 0.20172185302840845, 0.0]}, 'small_block': {'pos': [0.6140097595303955, -0.3535133918987863, 0.1097032402875184], 'size': [0.04461973939918376, 0.0849493067344041, 0.09534921802665242]}}"
1.6909999999999246,0.38399972736071747,0.0,0.4,0.37925726709416985,1.2261247697664552e-07,0.3999972773443816,"{'table_obstacle': {'pos': [0.3825981920028062, 0.37518922255766707, 0.1646257963690813], 'size': [0.049837904948193595, 0.0813235869879147, 0.05243307039854257]}, 'pillar_obstacle': {'pos': [0.39994824830915515, -0.3824307480766307, 0.23470116647765446], 'size': [0.033663755439403885, 0.20172185302840845, 0.0]}, 'small_block': {'pos': [0.6140097595303955, -0.3535133918987863, 0.1097032402875184], 'size': [0.04461973939918376, 0.0849493067344041, 0.09534921802665242]}}"
1.6919999999999245,0.38399972736071747,0.0,0.4,0.37932423882864996,1.192427876478149e-07,0.3999972591343578,"{'table_obstacle': {'pos': [0.3825981920028062, 0.37518922255766707, 0.1646257963690813], 'size': [0.049837904948193595, 0.0813235869879147, 0.05243307039854257]}, 'pillar_obstacle': {'pos': [0.39994824830915515, -0.3824307480766307, 0.23470116647765446], 'size': [0.033663755439403885, 0.20172185302840845, 0.0]}, 'small_block': {'pos': [0.6140097595303955, -0.3535133918987863, 0.1097032402875184], 'size': [0.04461973939918376, 0.0849493067344041, 0.09534921802665242]}}"
1.6929999999999243,0.38399972736071747,0.0,0.4,0.37939041129516843,1.152738008113975e-07,0.39999724375552803,"{'table_obstacle': {'pos': [0.3825981920028062, 0.37518922255766707, 0.1646257963690813], 'size': [0.049837904948193595, 0.0813235869879147, 0.05243307039854257]}, 'pillar_obstacle': {'pos': [0.39994824830915515, -0.3824307480766307, 0.23470116647765446], 'size': [0.033663755439403885, 0.20172185302840845, 0.0]}, 'small_block': {'pos': [0.6140097595303955, -0.3535133918987863, 0.1097032402875184], 'size': [0.04461973939918376, 0.0849493067344041, 0.09534921802665242]}}"
1.6939999999999242,0.38399972736071747,0.0,0.4,0.3794557657779126,1.1081961323568102e-07,0.39999723101871715,"{'table_obstacle': {'pos': [0.3825981920028062, 0.37518922255766707, 0.1646257963690813], 'size': [0.049837904948193595, 0.0813235869879147, 0.05243307039854257]}, 'pillar_obstacle': {'pos': [0.39994824830915515, -0.3824307480766307, 0.23470116647765446], 'size': [0.033663755439403885, 0.20172185302840845, 0.0]}, 'small_block': {'pos': [0.6140097595303955, -0.3535133918987863, 0.1097032402875184], 'size': [0.04461973939918376, 0.0849493067344041, 0.09534921802665242]}}"
1.6949999999999241,0.38399972736071747,0.0,0.4,0.37952028957944395,1.0597908668561306e-07,0.39999722074619265,"{'table_obstacle': {'pos': [0.3825981920028062, 0.37518922255766707, 0.1646257963690813], 'size': [0.049837904948193595, 0.0813235869879147, 0.05243307039854257]}, 'pillar_obstacle': {'pos': [0.39994824830915515, -0.3824307480766307, 0.23470116647765446], 'size': [0.033663755439403885, 0.20172185302840845, 0.0]}, 'small_block': {'pos': [0.6140097595303955, -0.3535133918987863, 0.1097032402875184], 'size': [0.04461973939918376, 0.0849493067344041, 0.09534921802665242]}}"
1.695999999999924,0.38399972736071747,0.0,0.4,0.37958397483708495,1.0083732495505545e-07,0.39999721277200334,"{'table_obstacle': {'pos': [0.3825981920028062, 0.37518922255766707, 0.1646257963690813], 'size': [0.049837904948193595, 0.0813235869879147, 0.05243307039854257]}, 'pillar_obstacle': {'pos': [0.39994824830915515, -0.3824307480766307, 0.23470116647765446], 'size': [0.033663755439403885, 0.20172185302840845, 0.0]}, 'small_block': {'pos': [0.6140097595303955, -0.3535133918987863, 0.1097032402875184], 'size': [0.04461973939918376, 0.0849493067344041, 0.09534921802665242]}}"
1.696999999999924,0.38399972736071747,0.0,0.4,0.37964681756572993,9.546715572348435e-08,0.3999972069418736,"{'table_obstacle': {'pos': [0.3825981920028062, 0.37518922255766707, 0.1646257963690813], 'size': [0.049837904948193595, 0.0813235869879147, 0.05243307039854257]}, 'pillar_obstacle': {'pos': [0.39994824830915515, -0.3824307480766307, 0.23470116647765446], 'size': [0.033663755439403885, 0.20172185302840845, 0.0]}, 'small_block': {'pos': [0.6140097595303955, -0.3535133918987863, 0.1097032402875184], 'size': [0.04461973939918376, 0.0849493067344041, 0.09534921802665242]}}"
1.6979999999999238,0.38399972736071747,0.0,0.4,0.37970881688385316,8.993055754275588e-08,0.3999972031128054,"{'table_obstacle': {'pos': [0.3825981920028062, 0.37518922255766707, 0.1646257963690813], 'size': [0.049837904948193595, 0.0813235869879147, 0.05243307039854257]}, 'pillar_obstacle': {'pos': [0.39994824830915515, -0.3824307480766307, 0.23470116647765446], 'size': [0.033663755439403885, 0.20172185302840845, 0.0]}, 'small_block': {'pos': [0.6140097595303955, -0.3535133918987863, 0.1097032402875184], 'size': [0.04461973939918376, 0.0849493067344041, 0.09534921802665242]}}"
1.6989999999999237,0.38399972736071747,0.0,0.4,0.37976997438773297,8.427999994189106e-08,0.39999720115249626,"{'table_obstacle': {'pos': [0.3825981920028062, 0.37518922255766707, 0.1646257963690813], 'size': [0.049837904948193595, 0.0813235869879147, 0.05243307039854257]}, 'pillar_obstacle': {'pos': [0.39994824830915515, -0.3824307480766307, 0.23470116647765446], 'size': [0.033663755439403885, 0.20172185302840845, 0.0]}, 'small_block': {'pos': [0.6140097595303955, -0.3535133918987863, 0.1097032402875184], 'size': [0.04461973939918376, 0.0849493067344041, 0.09534921802665242]}}"
1.6999999999999236,0.38399972736071747,0.0,0.4,0.3798302936455945,7.855967295762173e-08,0.39999720093864916,"{'table_obstacle': {'pos': [0.3825981920028062, 0.37518922255766707, 0.1646257963690813], 'size': [0.049837904948193595, 0.0813235869879147, 0.05243307039854257]}, 'pillar_obstacle': {'pos': [0.39994824830915515, -0.3824307480766307, 0.23470116647765446], 'size': [0.033663755439403885, 0.20172185302840845, 0.0]}, 'small_block': {'pos': [0.6140097595303955, -0.3535133918987863, 0.1097032402875184], 'size': [0.04461973939918376, 0.0849493067344041, 0.09534921802665242]}}"
1.7009999999999235,0.38399972736071747,0.0,0.4,0.3798897797887726,7.28066012143317e-08,0.39999720235823577,"{'table_obstacle': {'pos': [0.3825981920028062, 0.37518922255766707, 0.1646257963690813], 'size': [0.049837904948193595, 0.0813235869879147, 0.05243307039854257]}, 'pillar_obstacle': {'pos': [0.39994824830915515, -0.3824307480766307, 0.23470116647765446], 'size': [0.033663755439403885, 0.20172185302840845, 0.0]}, 'small_block': {'pos': [0.6140097595303955, -0.3535133918987863, 0.1097032402875184], 'size': [0.04461973939918376, 0.0849493067344041, 0.09534921802665242]}}"
1.7019999999999234,0.38399972736071747,0.0,0.4,0.3799484391813709,6.705164106749561e-08,0.39999720530674987,"{'table_obstacle': {'pos': [0.3825981920028062, 0.37518922255766707, 0.1646257963690813], 'size': [0.049837904948193595, 0.0813235869879147, 0.05243307039854257]}, 'pillar_obstacle': {'pos': [0.39994824830915515, -0.3824307480766307, 0.23470116647765446], 'size': [0.033663755439403885, 0.20172185302840845, 0.0]}, 'small_block': {'pos': [0.6140097595303955, -0.3535133918987863, 0.1097032402875184], 'size': [0.04461973939918376, 0.0849493067344041, 0.09534921802665242]}}"
1.7029999999999232,0.38399972736071747,0.0,0.4,0.38000627915342383,6.132036069871227e-08,0.3999972096874743,"{'table_obstacle': {'pos': [0.3825981920028062, 0.37518922255766707, 0.1646257963690813], 'size': [0.049837904948193595, 0.0813235869879147, 0.05243307039854257]}, 'pillar_obstacle': {'pos': [0.39994824830915515, -0.3824307480766307, 0.23470116647765446], 'size': [0.033663755439403885, 0.20172185302840845, 0.0]}, 'small_block': {'pos': [0.6140097595303955, -0.3535133918987863, 0.1097032402875184], 'size': [0.04461973939918376, 0.0849493067344041, 0.09534921802665242]}}"
1.7039999999999231,0.38399972736071747,0.0,0.4,0.3800633077854374,5.563381574741149e-08,0.39999721541078403,"{'table_obstacle': {'pos': [0.3825981920028062, 0.37518922255766707, 0.1646257963690813], 'size': [0.049837904948193595, 0.0813235869879147, 0.05243307039854257]}, 'pillar_obstacle': {'pos': [0.39994824830915515, -0.3824307480766307, 0.23470116647765446], 'size': [0.033663755439403885, 0.20172185302840845, 0.0]}, 'small_block': {'pos': [0.6140097595303955, -0.3535133918987863, 0.1097032402875184], 'size': [0.04461973939918376, 0.0849493067344041, 0.09534921802665242]}}"
1.704999999999923,0.38399972736071747,0.0,0.4,0.3801195337344937,5.00092234607846e-08,0.3999972223934925,"{'table_obstacle': {'pos': [0.3825981920028062, 0.37518922255766707, 0.1646257963690813], 'size': [0.049837904948193595, 0.0813235869879147, 0.05243307039854257]}, 'pillar_obstacle': {'pos': [0.39994824830915515, -0.3824307480766307, 0.23470116647765446], 'size': [0.033663755439403885, 0.20172185302840845, 0.0]}, 'small_block': {'pos': [0.6140097595303955, -0.3535133918987863, 0.1097032402875184], 'size': [0.04461973939918376, 0.0849493067344041, 0.09534921802665242]}}"
1.705999999999923,0.38399972736071747,0.0,0.4,0.38017496609398005,4.446054889733009e-08,0.39999723055824765,"{'table_obstacle': {'pos': [0.3825981920028062, 0.37518922255766707, 0.1646257963690813], 'size': [0.049837904948193595, 0.0813235869879147, 0.05243307039854257]}, 'pillar_obstacle': {'pos': [0.39994824830915515, -0.3824307480766307, 0.23470116647765446], 'size': [0.033663755439403885, 0.20172185302840845, 0.0]}, 'small_block': {'pos': [0.6140097595303955, -0.3535133918987863, 0.1097032402875184], 'size': [0.04461973939918376, 0.0849493067344041, 0.09534921802665242]}}"
1.7069999999999228,0.38399972736071747,0.0,0.4,0.3802296142805198,3.899900941749503e-08,0.3999972398329788,"{'table_obstacle': {'pos': [0.3825981920028062, 0.37518922255766707, 0.1646257963690813], 'size': [0.049837904948193595, 0.0813235869879147, 0.05243307039854257]}, 'pillar_obstacle': {'pos': [0.39994824830915515, -0.3824307480766307, 0.23470116647765446], 'size': [0.033663755439403885, 0.20172185302840845, 0.0]}, 'small_block': {'pos': [0.6140097595303955, -0.3535133918987863, 0.1097032402875184], 'size': [0.04461973939918376, 0.0849493067344041, 0.09534921802665242]}}"
1.7079999999999227,0.38399972736071747,0.0,0.4,0.38028348794290534,3.363350830569726e-08,0.3999972501503978,"{'table_obstacle': {'pos': [0.3825981920028062, 0.37518922255766707, 0.1646257963690813], 'size': [0.049837904948193595, 0.0813235869879147, 0.05243307039854257]}, 'pillar_obstacle': {'pos': [0.39994824830915515, -0.3824307480766307, 0.23470116647765446], 'size': [0.033663755439403885, 0.20172185302840845, 0.0]}, 'small_block': {'pos': [0.6140097595303955, -0.3535133918987863, 0.1097032402875184], 'size': [0.04461973939918376, 0.0849493067344041, 0.09534921802665242]}}"
1.7089999999999226,0.38399972736071747,0.0,0.4,0.3803365968888292,2.837100546938211e-08,0.39999726144754505,"{'table_obstacle': {'pos': [0.3825981920028062, 0.37518922255766707, 0.1646257963690813], 'size': [0.049837904948193595, 0.0813235869879147, 0.05243307039854257]}, 'pillar_obstacle': {'pos': [0.39994824830915515, -0.3824307480766307, 0.23470116647765446], 'size': [0.033663755439403885, 0.20172185302840845, 0.0]}, 'small_block': {'pos': [0.6140097595303955, -0.3535133918987863, 0.1097032402875184], 'size': [0.04461973939918376, 0.0849493067344041, 0.09534921802665242]}}"
1.7099999999999225,0.38399972736071747,0.0,0.4,0.3803889510260104,2.3216833829661164e-08,0.39999727366538823,"{'table_obstacle': {'pos': [0.3825981920028062, 0.37518922255766707, 0.1646257963690813], 'size': [0.049837904948193595, 0.0813235869879147, 0.05243307039854257]}, 'pillar_obstacle': {'pos': [0.39994824830915515, -0.3824307480766307, 0.23470116647765446], 'size': [0.033663755439403885, 0.20172185302840845, 0.0]}, 'small_block': {'pos': [0.6140097595303955, -0.3535133918987863, 0.1097032402875184], 'size': [0.04461973939918376, 0.0849493067344041, 0.09534921802665242]}}"
1.7109999999999224,0.38399972736071747,0.0,0.4,0.38044056031496254,1.817496767092328e-08,0.3999972867484591,"{'table_obstacle': {'pos': [0.3825981920028062, 0.37518922255766707, 0.1646257963690813], 'size': [0.049837904948193595, 0.0813235869879147, 0.05243307039854257]}, 'pillar_obstacle': {'pos': [0.39994824830915515, -0.3824307480766307, 0.23470116647765446], 'size': [0.033663755439403885, 0.20172185302840845, 0.0]}, 'small_block': {'pos': [0.6140097595303955, -0.3535133918987863, 0.1097032402875184], 'size': [0.04461973939918376, 0.0849493067344041, 0.09534921802665242]}}"
1.7119999999999223,0.38399972736071747,0.0,0.4,0.3804914347311759,1.3248250191143664e-08,0.39999730064453504,"{'table_obstacle': {'pos': [0.3825981920028062, 0.37518922255766707, 0.1646257963690813], 'size': [0.049837904948193595, 0.0813235869879147, 0.05243307039854257]}, 'pillar_obstacle': {'pos': [0.39994824830915515, -0.3824307480766307, 0.23470116647765446], 'size': [0.033663755439403885, 0.20172185302840845, 0.0]}, 'small_block': {'pos': [0.6140097595303955, -0.3535133918987863, 0.1097032402875184], 'size': [0.04461973939918376, 0.0849493067344041, 0.09534921802665242]}}"
1.7129999999999221,0.38399972736071747,0.0,0.4,0.3805415842349119,8.43858611585044e-09,0.39999731530435134,"{'table_obstacle': {'pos': [0.3825981920028062, 0.37518922255766707, 0.1646257963690813], 'size': [0.049837904948193595, 0.0813235869879147, 0.05243307039854257]}, 'pillar_obstacle': {'pos': [0.39994824830915515, -0.3824307480766307, 0.23470116647765446], 'size': [0.033663755439403885, 0.20172185302840845, 0.0]}, 'small_block': {'pos': [0.6140097595303955, -0.3535133918987863, 0.1097032402875184], 'size': [0.04461973939918376, 0.0849493067344041, 0.09534921802665242]}}"
1.713999999999922,0.38399972736071747,0.0,0.4,0.38059101874715184,3.747103509898427e-09,0.39999733068135057,"{'table_obstacle': {'pos': [0.3825981920028062, 0.37518922255766707, 0.1646257963690813], 'size': [0.049837904948193595, 0.0813235869879147, 0.05243307039854257]}, 'pillar_obstacle': {'pos': [0.39994824830915515, -0.3824307480766307, 0.23470116647765446], 'size': [0.033663755439403885, 0.20172185302840845, 0.0]}, 'small_block': {'pos': [0.6140097595303955, -0.3535133918987863, 0.1097032402875184], 'size': [0.04461973939918376, 0.0849493067344041, 0.09534921802665242]}}"
1.714999999999922,0.38399972736071747,0.0,0.4,0.3806397481305173,-8.257100302760086e-10,0.3999973467314575,"{'table_obstacle': {'pos': [0.3825981920028062, 0.37518922255766707, 0.1646257963690813], 'size': [0.049837904948193595, 0.0813235869879147, 0.05243307039854257]}, 'pillar_obstacle': {'pos': [0.39994824830915515, -0.3824307480766307, 0.23470116647765446], 'size': [0.033663755439403885, 0.20172185302840845, 0.0]}, 'small_block': {'pos': [0.6140097595303955, -0.3535133918987863, 0.1097032402875184], 'size': [0.04461973939918376, 0.0849493067344041, 0.09534921802665242]}}"
1.7159999999999218,0.38399972736071747,0.0,0.4,0.3806877821742124,-5.279892216196475e-09,0.3999973634128827,"{'table_obstacle': {'pos': [0.3825981920028062, 0.37518922255766707, 0.1646257963690813], 'size': [0.049837904948193595, 0.0813235869879147, 0.05243307039854257]}, 'pillar_obstacle': {'pos': [0.39994824830915515, -0.3824307480766307, 0.23470116647765446], 'size': [0.033663755439403885, 0.20172185302840845, 0.0]}, 'small_block': {'pos': [0.6140097595303955, -0.3535133918987863, 0.1097032402875184], 'size': [0.04461973939918376, 0.0849493067344041, 0.09534921802665242]}}"
1.7169999999999217,0.38399972736071747,0.0,0.4,0.38073513058221226,-9.615911054420253e-09,0.39999738068594487,"{'table_obstacle': {'pos': [0.3825981920028062, 0.37518922255766707, 0.1646257963690813], 'size': [0.049837904948193595, 0.0813235869879147, 0.05243307039854257]}, 'pillar_obstacle': {'pos': [0.39994824830915515, -0.3824307480766307, 0.23470116647765446], 'size': [0.033663755439403885, 0.20172185302840845, 0.0]}, 'small_block': {'pos': [0.6140097595303955, -0.3535133918987863, 0.1097032402875184], 'size': [0.04461973939918376, 0.0849493067344041, 0.09534921802665242]}}"
1.7179999999999216,0.38399972736071747,0.0,0.4,0.38078180296407144,-1.383458382065175e-08,0.39999739851291627,"{'table_obstacle': {'pos': [0.3825981920028062, 0.37518922255766707, 0.1646257963690813], 'size': [0.049837904948193595, 0.0813235869879147, 0.05243307039854257]}, 'pillar_obstacle': {'pos': [0.39994824830915515, -0.3824307480766307, 0.23470116647765446], 'size': [0.033663755439403885, 0.20172185302840845, 0.0]}, 'small_block': {'pos': [0.6140097595303955, -0.3535133918987863, 0.1097032402875184], 'size': [0.04461973939918376, 0.0849493067344041, 0.09534921802665242]}}"
1.7189999999999215,0.38399972736071747,0.0,0.4,0.3808278088278515,-1.79370103960072e-08,0.39999741685788465,"{'table_obstacle': {'pos': [0.3825981920028062, 0.37518922255766707, 0.1646257963690813], 'size': [0.049837904948193595, 0.0813235869879147, 0.05243307039854257]}, 'pillar_obstacle': {'pos': [0.39994824830915515, -0.3824307480766307, 0.23470116647765446], 'size': [0.033663755439403885, 0.20172185302840845, 0.0]}, 'small_block': {'pos': [0.6140097595303955, -0.3535133918987863, 0.1097032402875184], 'size': [0.04461973939918376, 0.0849493067344041, 0.09534921802665242]}}"
1.7199999999999214,0.38399972736071747,0.0,0.4,0.38087315757475426,-2.1924517779198662e-08,0.3999974356866298,"{'table_obstacle': {'pos': [0.3825981920028062, 0.37518922255766707, 0.1646257963690813], 'size': [0.049837904948193595, 0.0813235869879147, 0.05243307039854257]}, 'pillar_obstacle': {'pos': [0.39994824830915515, -0.3824307480766307, 0.23470116647765446], 'size': [0.033663755439403885, 0.20172185302840845, 0.0]}, 'small_block': {'pos': [0.6140097595303955, -0.3535133918987863, 0.1097032402875184], 'size': [0.04461973939918376, 0.0849493067344041, 0.09534921802665242]}}"
1.7209999999999213,0.38399972736071747,0.0,0.4,0.38091785849513193,-2.579861329347209e-08,0.39999745496651395,"{'table_obstacle': {'pos': [0.3825981920028062, 0.37518922255766707, 0.1646257963690813], 'size': [0.049837904948193595, 0.0813235869879147, 0.05243307039854257]}, 'pillar_obstacle': {'pos': [0.39994824830915515, -0.3824307480766307, 0.23470116647765446], 'size': [0.033663755439403885, 0.20172185302840845, 0.0]}, 'small_block': {'pos': [0.6140097595303955, -0.3535133918987863, 0.1097032402875184], 'size': [0.04461973939918376, 0.0849493067344041, 0.09534921802665242]}}"
1.7219999999999211,0.38399972736071747,0.0,0.4,0.380961920765607,-2.9560946344145998e-08,0.39999747466638363,"{'table_obstacle': {'pos': [0.3825981920028062, 0.37518922255766707, 0.1646257963690813], 'size': [0.049837904948193595, 0.0813235869879147, 0.05243307039854257]}, 'pillar_obstacle': {'pos': [0.39994824830915515, -0.3824307480766307, 0.23470116647765446], 'size': [0.033663755439403885, 0.20172185302840845, 0.0]}, 'small_block': {'pos': [0.6140097595303955, -0.3535133918987863, 0.1097032402875184], 'size': [0.04461973939918376, 0.0849493067344041, 0.09534921802665242]}}"
1.722999999999921,0.38399972736071747,0.0,0.4,0.38100535344708336,-3.321327590951215e-08,0.39999749475648066,"{'table_obstacle': {'pos': [0.3825981920028062, 0.37518922255766707, 0.1646257963690813], 'size': [0.049837904948193595, 0.0813235869879147, 0.05243307039854257]}, 'pillar_obstacle': {'pos': [0.39994824830915515, -0.3824307480766307, 0.23470116647765446], 'size': [0.033663755439403885, 0.20172185302840845, 0.0]}, 'small_block': {'pos': [0.6140097595303955, -0.3535133918987863, 0.1097032402875184], 'size': [0.04461973939918376, 0.0849493067344041, 0.09534921802665242]}}"
1.723999999999921,0.38399972736071747,0.0,0.4,0.3810481654834743,-3.675744478950239e-08,0.399997515208365,"{'table_obstacle': {'pos': [0.3825981920028062, 0.37518922255766707, 0.1646257963690813], 'size': [0.049837904948193595, 0.0813235869879147, 0.05243307039854257]}, 'pillar_obstacle': {'pos': [0.39994824830915515, -0.3824307480766307, 0.23470116647765446], 'size': [0.033663755439403885, 0.20172185302840845, 0.0]}, 'small_block': {'pos': [0.6140097595303955, -0.3535133918987863, 0.1097032402875184], 'size': [0.04461973939918376, 0.0849493067344041, 0.09534921802665242]}}"
1.7249999999999208,0.38399972736071747,0.0,0.4,0.38109036570100807,-4.0195357671758545e-08,0.3999975359948413,"{'table_obstacle': {'pos': [0.3825981920028062, 0.37518922255766707, 0.1646257963690813], 'size': [0.049837904948193595, 0.0813235869879147, 0.05243307039854257]}, 'pillar_obstacle': {'pos': [0.39994824830915515, -0.3824307480766307, 0.23470116647765446], 'size': [0.033663755439403885, 0.20172185302840845, 0.0]}, 'small_block': {'pos': [0.6140097595303955, -0.3535133918987863, 0.1097032402875184], 'size': [0.04461973939918376, 0.0849493067344041, 0.09534921802665242]}}"
1.7259999999999207,0.38399972736071747,0.0,0.4,0.38113196280799233,-4.3528962387926796e-08,0.3999975570898936,"{'table_obstacle': {'pos': [0.3825981920028062, 0.37518922255766707, 0.1646257963690813], 'size': [0.049837904948193595, 0.0813235869879147, 0.05243307039854257]}, 'pillar_obstacle': {'pos': [0.39994824830915515, -0.3824307480766307, 0.23470116647765446], 'size': [0.033663755439403885, 0.20172185302840845, 0.0]}, 'small_block': {'pos': [0.6140097595303955, -0.3535133918987863, 0.1097032402875184], 'size': [0.04461973939918376, 0.0849493067344041, 0.09534921802665242]}}"
1.7269999999999206,0.38399972736071747,0.0,0.4,0.3811729653949471,-4.6760236505464396e-08,0.3999975784686281,"{'table_obstacle': {'pos': [0.3825981920028062, 0.37518922255766707, 0.1646257963690813], 'size': [0.049837904948193595, 0.0813235869879147, 0.05243307039854257]}, 'pillar_obstacle': {'pos': [0.39994824830915515, -0.3824307480766307, 0.23470116647765446], 'size': [0.033663755439403885, 0.20172185302840845, 0.0]}, 'small_block': {'pos': [0.6140097595303955, -0.3535133918987863, 0.1097032402875184], 'size': [0.04461973939918376, 0.0849493067344041, 0.09534921802665242]}}"
1.7279999999999205,0.38399972736071747,0.0,0.4,0.38121338193503407,-4.989117347322564e-08,0.3999976001072162,"{'table_obstacle': {'pos': [0.3825981920028062, 0.37518922255766707, 0.1646257963690813], 'size': [0.049837904948193595, 0.0813235869879147, 0.05243307039854257]}, 'pillar_obstacle': {'pos': [0.39994824830915515, -0.3824307480766307, 0.23470116647765446], 'size': [0.033663755439403885, 0.20172185302840845, 0.0]}, 'small_block': {'pos': [0.6140097595303955, -0.3535133918987863, 0.1097032402875184], 'size': [0.04461973939918376, 0.0849493067344041, 0.09534921802665242]}}"
1.7289999999999204,0.38399972736071747,0.0,0.4,0.3812532207847137,-5.292377459749179e-08,0.3999976219828473,"{'table_obstacle': {'pos': [0.3825981920028062, 0.37518922255766707, 0.1646257963690813], 'size': [0.049837904948193595, 0.0813235869879147, 0.05243307039854257]}, 'pillar_obstacle': {'pos': [0.39994824830915515, -0.3824307480766307, 0.23470116647765446], 'size': [0.033663755439403885, 0.20172185302840845, 0.0]}, 'small_block': {'pos': [0.6140097595303955, -0.3535133918987863, 0.1097032402875184], 'size': [0.04461973939918376, 0.0849493067344041, 0.09534921802665242]}}"
1.7299999999999203,0.38399972736071747,0.0,0.4,0.38129249018459205,-5.586003922520718e-08,0.3999976440736808,"{'table_obstacle': {'pos': [0.3825981920028062, 0.37518922255766707, 0.1646257963690813], 'size': [0.049837904948193595, 0.0813235869879147, 0.05243307039854257]}, 'pillar_obstacle': {'pos': [0.39994824830915515, -0.3824307480766307, 0.23470116647765446], 'size': [0.033663755439403885, 0.20172185302840845, 0.0]}, 'small_block': {'pos': [0.6140097595303955, -0.3535133918987863, 0.1097032402875184], 'size': [0.04461973939918376, 0.0849493067344041, 0.09534921802665242]}}"
1.7309999999999202,0.38399972736071747,0.0,0.4,0.38133119826040757,-5.870195935735629e-08,0.39999766635880507,"{'table_obstacle': {'pos': [0.3825981920028062, 0.37518922255766707, 0.1646257963690813], 'size': [0.049837904948193595, 0.0813235869879147, 0.05243307039854257]}, 'pillar_obstacle': {'pos': [0.39994824830915515, -0.3824307480766307, 0.23470116647765446], 'size': [0.033663755439403885, 0.20172185302840845, 0.0]}, 'small_block': {'pos': [0.6140097595303955, -0.3535133918987863, 0.1097032402875184], 'size': [0.04461973939918376, 0.0849493067344041, 0.09534921802665242]}}"
1.73199999999992,0.38399972736071747,0.0,0.4,0.38136935302413294,-6.145151384205907e-08,0.3999976888181966,"{'table_obstacle': {'pos': [0.3825981920028062, 0.37518922255766707, 0.1646257963690813], 'size': [0.049837904948193595, 0.0813235869879147, 0.05243307039854257]}, 'pillar_obstacle': {'pos': [0.39994824830915515, -0.3824307480766307, 0.23470116647765446], 'size': [0.033663755439403885, 0.20172185302840845, 0.0]}, 'small_block': {'pos': [0.6140097595303955, -0.3535133918987863, 0.1097032402875184], 'size': [0.04461973939918376, 0.0849493067344041, 0.09534921802665242]}}"
1.73299999999992,0.38399972736071747,0.0,0.4,0.3814069623751637,-6.411066421745481e-08,0.3999977114326834,"{'table_obstacle': {'pos': [0.3825981920028062, 0.37518922255766707, 0.1646257963690813], 'size': [0.049837904948193595, 0.0813235869879147, 0.05243307039854257]}, 'pillar_obstacle': {'pos': [0.39994824830915515, -0.3824307480766307, 0.23470116647765446], 'size': [0.033663755439403885, 0.20172185302840845, 0.0]}, 'small_block': {'pos': [0.6140097595303955, -0.3535133918987863, 0.1097032402875184], 'size': [0.04461973939918376, 0.0849493067344041, 0.09534921802665242]}}"
1.7339999999999198,0.38399972736071747,0.0,0.4,0.3814440341015709,-6.668135141627765e-08,0.3999977341839108,"{'table_obstacle': {'pos': [0.3825981920028062, 0.37518922255766707, 0.1646257963690813], 'size': [0.049837904948193595, 0.0813235869879147, 0.05243307039854257]}, 'pillar_obstacle': {'pos': [0.39994824830915515, -0.3824307480766307, 0.23470116647765446], 'size': [0.033663755439403885, 0.20172185302840845, 0.0]}, 'small_block': {'pos': [0.6140097595303955, -0.3535133918987863, 0.1097032402875184], 'size': [0.04461973939918376, 0.0849493067344041, 0.09534921802665242]}}"
1.7349999999999197,0.38399972736071747,0.0,0.4,0.38148057588140555,-6.916549255175836e-08,0.3999977570543083,"{'table_obstacle': {'pos': [0.3825981920028062, 0.37518922255766707, 0.1646257963690813], 'size': [0.049837904948193595, 0.0813235869879147, 0.05243307039854257]}, 'pillar_obstacle': {'pos': [0.39994824830915515, -0.3824307480766307, 0.23470116647765446], 'size': [0.033663755439403885, 0.20172185302840845, 0.0]}, 'small_block': {'pos': [0.6140097595303955, -0.3535133918987863, 0.1097032402875184], 'size': [0.04461973939918376, 0.0849493067344041, 0.09534921802665242]}}"
1.7359999999999196,0.38399972736071747,0.0,0.4,0.3815165952840381,-7.156498001579912e-08,0.39999778002705916,"{'table_obstacle': {'pos': [0.3825981920028062, 0.37518922255766707, 0.1646257963690813], 'size': [0.049837904948193595, 0.0813235869879147, 0.05243307039854257]}, 'pillar_obstacle': {'pos': [0.39994824830915515, -0.3824307480766307, 0.23470116647765446], 'size': [0.033663755439403885, 0.20172185302840845, 0.0]}, 'small_block': {'pos': [0.6140097595303955, -0.3535133918987863, 0.1097032402875184], 'size': [0.04461973939918376, 0.0849493067344041, 0.09534921802665242]}}"
1.7369999999999195,0.38399972736071747,0.0,0.4,0.38155209977152005,-7.388167834206446e-08,0.3999978030860707,"{'table_obstacle': {'pos': [0.3825981920028062, 0.37518922255766707, 0.1646257963690813], 'size': [0.049837904948193595, 0.0813235869879147, 0.05243307039854257]}, 'pillar_obstacle': {'pos': [0.39994824830915515, -0.3824307480766307, 0.23470116647765446], 'size': [0.033663755439403885, 0.20172185302840845, 0.0]}, 'small_block': {'pos': [0.6140097595303955, -0.3535133918987863, 0.1097032402875184], 'size': [0.04461973939918376, 0.0849493067344041, 0.09534921802665242]}}"
1.7379999999999194,0.38399972736071747,0.0,0.4,0.3815870966999674,-7.611742391038821e-08,0.3999978262159476,"{'table_obstacle': {'pos': [0.3825981920028062, 0.37518922255766707, 0.1646257963690813], 'size': [0.049837904948193595, 0.0813235869879147, 0.05243307039854257]}, 'pillar_obstacle': {'pos': [0.39994824830915515, -0.3824307480766307, 0.23470116647765446], 'size': [0.033663755439403885, 0.20172185302840845, 0.0]}, 'small_block': {'pos': [0.6140097595303955, -0.3535133918987863, 0.1097032402875184], 'size': [0.04461973939918376, 0.0849493067344041, 0.09534921802665242]}}"
1.7389999999999193,0.38399972736071747,0.0,0.4,0.38162159332094764,-7.827402415989881e-08,0.3999978494019651,"{'table_obstacle': {'pos': [0.3825981920028062, 0.37518922255766707, 0.1646257963690813], 'size': [0.049837904948193595, 0.0813235869879147, 0.05243307039854257]}, 'pillar_obstacle': {'pos': [0.39994824830915515, -0.3824307480766307, 0.23470116647765446], 'size': [0.033663755439403885, 0.20172185302840845, 0.0]}, 'small_block': {'pos': [0.6140097595303955, -0.3535133918987863, 0.1097032402875184], 'size': [0.04461973939918376, 0.0849493067344041, 0.09534921802665242]}}"
1.7399999999999192,0.38399972736071747,0.0,0.4,0.38165559678287286,-8.035325643339867e-08,0.39999787263004477,"{'table_obstacle': {'pos': [0.3825981920028062, 0.37518922255766707, 0.1646257963690813], 'size': [0.049837904948193595, 0.0813235869879147, 0.05243307039854257]}, 'pillar_obstacle': {'pos': [0.39994824830915515, -0.3824307480766307, 0.23470116647765446], 'size': [0.033663755439403885, 0.20172185302840845, 0.0]}, 'small_block': {'pos': [0.6140097595303955, -0.3535133918987863, 0.1097032402875184], 'size': [0.04461973939918376, 0.0849493067344041, 0.09534921802665242]}}"
1.740999999999919,0.38399972736071747,0.0,0.4,0.38168911413239237,-8.235686768491118e-08,0.39999789588672824,"{'table_obstacle': {'pos': [0.3825981920028062, 0.37518922255766707, 0.1646257963690813], 'size': [0.049837904948193595, 0.0813235869879147, 0.05243307039854257]}, 'pillar_obstacle': {'pos': [0.39994824830915515, -0.3824307480766307, 0.23470116647765446], 'size': [0.033663755439403885, 0.20172185302840845, 0.0]}, 'small_block': {'pos': [0.6140097595303955, -0.3535133918987863, 0.1097032402875184], 'size': [0.04461973939918376, 0.0849493067344041, 0.09534921802665242]}}"
1.741999999999919,0.38399972736071747,0.0,0.4,0.3817221523157792,-8.428657423753307e-08,0.3999979191591578,"{'table_obstacle': {'pos': [0.3825981920028062, 0.37518922255766707, 0.1646257963690813], 'size': [0.049837904948193595, 0.0813235869879147, 0.05243307039854257]}, 'pillar_obstacle': {'pos': [0.39994824830915515, -0.3824307480766307, 0.23470116647765446], 'size': [0.033663755439403885, 0.20172185302840845, 0.0]}, 'small_block': {'pos': [0.6140097595303955, -0.3535133918987863, 0.1097032402875184], 'size': [0.04461973939918376, 0.0849493067344041, 0.09534921802665242]}}"
1.7429999999999188,0.38399972736071747,0.0,0.4,0.3817547181803103,-8.614406235753006e-08,0.3999979424350528,"{'table_obstacle': {'pos': [0.3825981920028062, 0.37518922255766707, 0.1646257963690813], 'size': [0.049837904948193595, 0.0813235869879147, 0.05243307039854257]}, 'pillar_obstacle': {'pos': [0.39994824830915515, -0.3824307480766307, 0.23470116647765446], 'size': [0.033663755439403885, 0.20172185302840845, 0.0]}, 'small_block': {'pos': [0.6140097595303955, -0.3535133918987863, 0.1097032402875184], 'size': [0.04461973939918376, 0.0849493067344041, 0.09534921802665242]}}"
1.7439999999999187,0.38399972736071747,0.0,0.4,0.38178681847563656,-8.793098672835344e-08,0.3999979657026877,"{'table_obstacle': {'pos': [0.3825981920028062, 0.37518922255766707, 0.1646257963690813], 'size': [0.049837904948193595, 0.0813235869879147, 0.05243307039854257]}, 'pillar_obstacle': {'pos': [0.39994824830915515, -0.3824307480766307, 0.23470116647765446], 'size': [0.033663755439403885, 0.20172185302840845, 0.0]}, 'small_block': {'pos': [0.6140097595303955, -0.3535133918987863, 0.1097032402875184], 'size': [0.04461973939918376, 0.0849493067344041, 0.09534921802665242]}}"
1.7449999999999186,0.38399972736071747,0.0,0.4,0.38181845985514123,-8.964897262278755e-08,0.3999979889508736,"{'table_obstacle': {'pos': [0.3825981920028062, 0.37518922255766707, 0.1646257963690813], 'size': [0.049837904948193595, 0.0813235869879147, 0.05243307039854257]}, 'pillar_obstacle': {'pos': [0.39994824830915515, -0.3824307480766307, 0.23470116647765446], 'size': [0.033663755439403885, 0.20172185302840845, 0.0]}, 'small_block': {'pos': [0.6140097595303955, -0.3535133918987863, 0.1097032402875184], 'size': [0.04461973939918376, 0.0849493067344041, 0.09534921802665242]}}"
1.7459999999999185,0.38399972736071747,0.0,0.4,0.38184964887728656,-9.129961399859802e-08,0.39999801216893865,"{'table_obstacle': {'pos': [0.3825981920028062, 0.37518922255766707, 0.1646257963690813], 'size': [0.049837904948193595, 0.0813235869879147, 0.05243307039854257]}, 'pillar_obstacle': {'pos': [0.39994824830915515, -0.3824307480766307, 0.23470116647765446], 'size': [0.033663755439403885, 0.20172185302840845, 0.0]}, 'small_block': {'pos': [0.6140097595303955, -0.3535133918987863, 0.1097032402875184], 'size': [0.04461973939918376, 0.0849493067344041, 0.09534921802665242]}}"
1.7469999999999184,0.38399972736071747,0.0,0.4,0.3818803920069454,-9.288447553009326e-08,0.39999803534670797,"{'table_obstacle': {'pos': [0.3825981920028062, 0.37518922255766707, 0.1646257963690813], 'size': [0.049837904948193595, 0.0813235869879147, 0.05243307039854257]}, 'pillar_obstacle': {'pos': [0.39994824830915515, -0.3824307480766307, 0.23470116647765446], 'size': [0.033663755439403885, 0.20172185302840845, 0.0]}, 'small_block': {'pos': [0.6140097595303955, -0.3535133918987863, 0.1097032402875184], 'size': [0.04461973939918376, 0.0849493067344041, 0.09534921802665242]}}"
1.7479999999999183,0.38399972736071747,0.0,0.4,0.38191069561671837,-9.440509199717874e-08,0.3999980584744878,"{'table_obstacle': {'pos': [0.3825981920028062, 0.37518922255766707, 0.1646257963690813], 'size': [0.049837904948193595, 0.0813235869879147, 0.05243307039854257]}, 'pillar_obstacle': {'pos': [0.39994824830915515, -0.3824307480766307, 0.23470116647765446], 'size': [0.033663755439403885, 0.20172185302840845, 0.0]}, 'small_block': {'pos': [0.6140097595303955, -0.3535133918987863, 0.1097032402875184], 'size': [0.04461973939918376, 0.0849493067344041, 0.09534921802665242]}}"
1.7489999999999182,0.38399972736071747,0.0,0.4,0.38194056598823645,-9.586296813399699e-08,0.3999980815430468,"{'table_obstacle': {'pos': [0.3825981920028062, 0.37518922255766707, 0.1646257963690813], 'size': [0.049837904948193595, 0.0813235869879147, 0.05243307039854257]}, 'pillar_obstacle': {'pos': [0.39994824830915515, -0.3824307480766307, 0.23470116647765446], 'size': [0.033663755439403885, 0.20172185302840845, 0.0]}, 'small_block': {'pos': [0.6140097595303955, -0.3535133918987863, 0.1097032402875184], 'size': [0.04461973939918376, 0.0849493067344041, 0.09534921802665242]}}"
1.749999999999918,0.38399972736071747,0.0,0.4,0.38197000931344716,-9.725958049671343e-08,0.3999981045435994,"{'table_obstacle': {'pos': [0.3825981920028062, 0.37518922255766707, 0.1646257963690813], 'size': [0.049837904948193595, 0.0813235869879147, 0.05243307039854257]}, 'pillar_obstacle': {'pos': [0.39994824830915515, -0.3824307480766307, 0.23470116647765446], 'size': [0.033663755439403885, 0.20172185302840845, 0.0]}, 'small_block': {'pos': [0.6140097595303955, -0.3535133918987863, 0.1097032402875184], 'size': [0.04461973939918376, 0.0849493067344041, 0.09534921802665242]}}"
1.750999999999918,0.38399972736071747,0.0,0.4,0.3819990316958842,-9.859637635845302e-08,0.39999812746779034,"{'table_obstacle': {'pos': [0.3825981920028062, 0.37518922255766707, 0.1646257963690813], 'size': [0.049837904948193595, 0.0813235869879147, 0.05243307039854257]}, 'pillar_obstacle': {'pos': [0.39994824830915515, -0.3824307480766307, 0.23470116647765446], 'size': [0.033663755439403885, 0.20172185302840845, 0.0]}, 'small_block': {'pos': [0.6140097595303955, -0.3535133918987863, 0.1097032402875184], 'size': [0.04461973939918376, 0.0849493067344041, 0.09534921802665242]}}"
1.7519999999999178,0.3879997123231954,0.0,0.4,0.38202763915192234,-9.987477525349938e-08,0.3999981503076787,"{'table_obstacle': {'pos': [0.3825981920028062, 0.37518922255766707, 0.1646257963690813], 'size': [0.049837904948193595, 0.0813235869879147, 0.05243307039854257]}, 'pillar_obstacle': {'pos': [0.39994824830915515, -0.3824307480766307, 0.23470116647765446], 'size': [0.033663755439403885, 0.20172185302840845, 0.0]}, 'small_block': {'pos': [0.6140097595303955, -0.3535133918987863, 0.1097032402875184], 'size': [0.04461973939918376, 0.0849493067344041, 0.09534921802665242]}}"
1.7529999999999177,0.3879997123231954,0.0,0.4,0.38206674866339385,-8.765247226330861e-08,0.39999813446148735,"{'table_obstacle': {'pos': [0.3825981920028062, 0.37518922255766707, 0.1646257963690813], 'size': [0.049837904948193595, 0.0813235869879147, 0.05243307039854257]}, 'pillar_obstacle': {'pos': [0.39994824830915515, -0.3824307480766307, 0.23470116647765446], 'size': [0.033663755439403885, 0.20172185302840845, 0.0]}, 'small_block': {'pos': [0.6140097595303955, -0.3535133918987863, 0.1097032402875184], 'size': [0.04461973939918376, 0.0849493067344041, 0.09534921802665242]}}"
1.7539999999999176,0.3879997123231954,0.0,0.4,0.3821141279883446,-6.754571058881528e-08,0.3999980934375302,"{'table_obstacle': {'pos': [0.3825981920028062, 0.37518922255766707, 0.1646257963690813], 'size': [0.049837904948193595, 0.0813235869879147, 0.05243307039854257]}, 'pillar_obstacle': {'pos': [0.39994824830915515, -0.3824307480766307, 0.23470116647765446], 'size': [0.033663755439403885, 0.20172185302840845, 0.0]}, 'small_block': {'pos': [0.6140097595303955, -0.3535133918987863, 0.1097032402875184], 'size': [0.04461973939918376, 0.0849493067344041, 0.09534921802665242]}}"
1.7549999999999175,0.3879997123231954,0.0,0.4,0.3821679740586808,-4.3486379588370296e-08,0.3999980368017515,"{'table_obstacle': {'pos': [0.3825981920028062, 0.37518922255766707, 0.1646257963690813], 'size': [0.049837904948193595, 0.0813235869879147, 0.05243307039854257]}, 'pillar_obstacle': {'pos': [0.39994824830915515, -0.3824307480766307, 0.23470116647765446], 'size': [0.033663755439403885, 0.20172185302840845, 0.0]}, 'small_block': {'pos': [0.6140097595303955, -0.3535133918987863, 0.1097032402875184], 'size': [0.04461973939918376, 0.0849493067344041, 0.09534921802665242]}}"
1.7559999999999174,0.3879997123231954,0.0,0.4,0.38222683107866295,-1.8165392508842318e-08,0.3999979713014299,"{'table_obstacle': {'pos': [0.3825981920028062, 0.37518922255766707, 0.1646257963690813], 'size': [0.049837904948193595, 0.0813235869879147, 0.05243307039854257]}, 'pillar_obstacle': {'pos': [0.39994824830915515, -0.3824307480766307, 0.23470116647765446], 'size': [0.033663755439403885, 0.20172185302840845, 0.0]}, 'small_block': {'pos': [0.6140097595303955, -0.3535133918987863, 0.1097032402875184], 'size': [0.04461973939918376, 0.0849493067344041, 0.09534921802665242]}}"
1.7569999999999173,0.3879997123231954,0.0,0.4,0.38228952423238,6.6329111095944484e-09,0.399997901661252,"{'table_obstacle': {'pos': [0.3825981920028062, 0.37518922255766707, 0.1646257963690813], 'size': [0.049837904948193595, 0.0813235869879147, 0.05243307039854257]}, 'pillar_obstacle': {'pos': [0.39994824830915515, -0.3824307480766307, 0.23470116647765446], 'size': [0.033663755439403885, 0.20172185302840845, 0.0]}, 'small_block': {'pos': [0.6140097595303955, -0.3535133918987863, 0.1097032402875184], 'size': [0.04461973939918376, 0.0849493067344041, 0.09534921802665242]}}"
1.7579999999999172,0.3879997123231954,0.0,0.4,0.3823551060301147,2.977962463753556e-08,0.3999978311511154,"{'table_obstacle': {'pos': [0.3825981920028062, 0.37518922255766707, 0.1646257963690813], 'size': [0.049837904948193595, 0.0813235869879147, 0.05243307039854257]}, 'pillar_obstacle': {'pos': [0.39994824830915515, -0.3824307480766307, 0.23470116647765446], 'size': [0.033663755439403885, 0.20172185302840845, 0.0]}, 'small_block': {'pos': [0.6140097595303955, -0.3535133918987863, 0.1097032402875184], 'size': [0.04461973939918376, 0.0849493067344041, 0.09534921802665242]}}"
1.758999999999917,0.3879997123231954,0.0,0.4,0.3824228128870185,5.061360444938465e-08,0.3999977619936351,"{'table_obstacle': {'pos': [0.3825981920028062, 0.37518922255766707, 0.1646257963690813], 'size': [0.049837904948193595, 0.0813235869879147, 0.05243307039854257]}, 'pillar_obstacle': {'pos': [0.39994824830915515, -0.3824307480766307, 0.23470116647765446], 'size': [0.033663755439403885, 0.20172185302840845, 0.0]}, 'small_block': {'pos': [0.6140097595303955, -0.3535133918987863, 0.1097032402875184], 'size': [0.04461973939918376, 0.0849493067344041, 0.09534921802665242]}}"
1.759999999999917,0.3879997123231954,0.0,0.4,0.3824920299846881,6.88020455945915e-08,0.3999976956582124,"{'table_obstacle': {'pos': [0.3825981920028062, 0.37518922255766707, 0.1646257963690813], 'size': [0.049837904948193595, 0.0813235869879147, 0.05243307039854257]}, 'pillar_obstacle': {'pos': [0.39994824830915515, -0.3824307480766307, 0.23470116647765446], 'size': [0.033663755439403885, 0.20172185302840845, 0.0]}, 'small_block': {'pos': [0.6140097595303955, -0.3535133918987863, 0.1097032402875184], 'size': [0.04461973939918376, 0.0849493067344041, 0.09534921802665242]}}"
1.7609999999999169,0.3879997123231954,0.0,0.4,0.3825622628369379,8.423761895278647e-08,0.39999763307419806,"{'table_obstacle': {'pos': [0.3825981920028062, 0.37518922255766707, 0.1646257963690813], 'size': [0.049837904948193595, 0.0813235869879147, 0.05243307039854257]}, 'pillar_obstacle': {'pos': [0.39994824830915515, -0.3824307480766307, 0.23470116647765446], 'size': [0.033663755439403885, 0.20172185302840845, 0.0]}, 'small_block': {'pos': [0.6140097595303955, -0.3535133918987863, 0.1097032402875184], 'size': [0.04461973939918376, 0.0849493067344041, 0.09534921802665242]}}"
1.7619999999999167,0.3879997123231954,0.0,0.4,0.3826331142815221,9.696320919818678e-08,0.39999757478593273,"{'table_obstacle': {'pos': [0.3825981920028062, 0.37518922255766707, 0.1646257963690813], 'size': [0.049837904948193595, 0.0813235869879147, 0.05243307039854257]}, 'pillar_obstacle': {'pos': [0.39994824830915515, -0.3824307480766307, 0.23470116647765446], 'size': [0.033663755439403885, 0.20172185302840845, 0.0]}, 'small_block': {'pos': [0.6140097595303955, -0.3535133918987863, 0.1097032402875184], 'size': [0.04461973939918376, 0.0849493067344041, 0.09534921802665242]}}"
1.7629999999999166,0.3879997123231954,0.0,0.4,0.38270426586298306,1.071174038299693e-07,0.3999975210657487,"{'table_obstacle': {'pos': [0.3825981920028062, 0.37518922255766707, 0.1646257963690813], 'size': [0.049837904948193595, 0.0813235869879147, 0.05243307039854257]}, 'pillar_obstacle': {'pos': [0.39994824830915515, -0.3824307480766307, 0.23470116647765446], 'size': [0.033663755439403885, 0.20172185302840845, 0.0]}, 'small_block': {'pos': [0.6140097595303955, -0.3535133918987863, 0.1097032402875184], 'size': [0.04461973939918376, 0.0849493067344041, 0.09534921802665242]}}"
1.7639999999999165,0.3879997123231954,0.0,0.4,0.38277546276898483,1.1489550460466829e-07,0.3999974719963781,"{'table_obstacle': {'pos': [0.3825981920028062, 0.37518922255766707, 0.1646257963690813], 'size': [0.049837904948193595, 0.0813235869879147, 0.05243307039854257]}, 'pillar_obstacle': {'pos': [0.39994824830915515, -0.3824307480766307, 0.23470116647765446], 'size': [0.033663755439403885, 0.20172185302840845, 0.0]}, 'small_block': {'pos': [0.6140097595303955, -0.3535133918987863, 0.1097032402875184], 'size': [0.04461973939918376, 0.0849493067344041, 0.09534921802665242]}}"
1.7649999999999164,0.3879997123231954,0.0,0.4,0.38284650164215717,1.2052208456397803e-07,0.3999974275309909,"{'table_obstacle': {'pos': [0.3825981920028062, 0.37518922255766707, 0.1646257963690813], 'size': [0.049837904948193595, 0.0813235869879147, 0.05243307039854257]}, 'pillar_obstacle': {'pos': [0.39994824830915515, -0.3824307480766307, 0.23470116647765446], 'size': [0.033663755439403885, 0.20172185302840845, 0.0]}, 'small_block': {'pos': [0.6140097595303955, -0.3535133918987863, 0.1097032402875184], 'size': [0.04461973939918376, 0.0849493067344041, 0.09534921802665242]}}"
1.7659999999999163,0.3879997123231954,0.0,0.4,0.38291722071875345,1.2423207382409407e-07,0.3999973875368009,"{'table_obstacle': {'pos': [0.3825981920028062, 0.37518922255766707, 0.1646257963690813], 'size': [0.049837904948193595, 0.0813235869879147, 0.05243307039854257]}, 'pillar_obstacle': {'pos': [0.39994824830915515, -0.3824307480766307, 0.23470116647765446], 'size': [0.033663755439403885, 0.20172185302840845, 0.0]}, 'small_block': {'pos': [0.6140097595303955, -0.3535133918987863, 0.1097032402875184], 'size': [0.04461973939918376, 0.0849493067344041, 0.09534921802665242]}}"
1.7669999999999162,0.3879997123231954,0.0,0.4,0.38298749185007896,1.262580947555367e-07,0.39999735182657703,"{'table_obstacle': {'pos': [0.3825981920028062, 0.37518922255766707, 0.1646257963690813], 'size': [0.049837904948193595, 0.0813235869879147, 0.05243307039854257]}, 'pillar_obstacle': {'pos': [0.39994824830915515, -0.3824307480766307, 0.23470116647765446], 'size': [0.033663755439403885, 0.20172185302840845, 0.0]}, 'small_block': {'pos': [0.6140097595303955, -0.3535133918987863, 0.1097032402875184], 'size': [0.04461973939918376, 0.0849493067344041, 0.09534921802665242]}}"
1.767999999999916,0.3879997123231954,0.0,0.4,0.3830572140473589,1.2682233128472785e-07,0.39999732018123035,"{'table_obstacle': {'pos': [0.3825981920028062, 0.37518922255766707, 0.1646257963690813], 'size': [0.049837904948193595, 0.0813235869879147, 0.05243307039854257]}, 'pillar_obstacle': {'pos': [0.39994824830915515, -0.3824307480766307, 0.23470116647765446], 'size': [0.033663755439403885, 0.20172185302840845, 0.0]}, 'small_block': {'pos': [0.6140097595303955, -0.3535133918987863, 0.1097032402875184], 'size': [0.04461973939918376, 0.0849493067344041, 0.09534921802665242]}}"
1.768999999999916,0.3879997123231954,0.0,0.4,0.38312630825927163,1.2613164824593964e-07,0.3999972923658182,"{'table_obstacle': {'pos': [0.3825981920028062, 0.37518922255766707, 0.1646257963690813], 'size': [0.049837904948193595, 0.0813235869879147, 0.05243307039854257]}, 'pillar_obstacle': {'pos': [0.39994824830915515, -0.3824307480766307, 0.23470116647765446], 'size': [0.033663755439403885, 0.20172185302840845, 0.0]}, 'small_block': {'pos': [0.6140097595303955, -0.3535133918987863, 0.1097032402875184], 'size': [0.04461973939918376, 0.0849493067344041, 0.09534921802665242]}}"
1.7699999999999159,0.3879997123231954,0.0,0.4,0.38319471314686643,1.2437500500652516e-07,0.3999972681407049,"{'table_obstacle': {'pos': [0.3825981920028062, 0.37518922255766707, 0.1646257963690813], 'size': [0.049837904948193595, 0.0813235869879147, 0.05243307039854257]}, 'pillar_obstacle': {'pos': [0.39994824830915515, -0.3824307480766307, 0.23470116647765446], 'size': [0.033663755439403885, 0.20172185302840845, 0.0]}, 'small_block': {'pos': [0.6140097595303955, -0.3535133918987863, 0.1097032402875184], 'size': [0.04461973939918376, 0.0849493067344041, 0.09534921802665242]}}"
1.7709999999999158,0.3879997123231954,0.0,0.4,0.38326238166548005,1.2172245380336785e-07,0.3999972472691592,"{'table_obstacle': {'pos': [0.3825981920028062, 0.37518922255766707, 0.1646257963690813], 'size': [0.049837904948193595, 0.0813235869879147, 0.05243307039854257]}, 'pillar_obstacle': {'pos': [0.39994824830915515, -0.3824307480766307, 0.23470116647765446], 'size': [0.033663755439403885, 0.20172185302840845, 0.0]}, 'small_block': {'pos': [0.6140097595303955, -0.3535133918987863, 0.1097032402875184], 'size': [0.04461973939918376, 0.0849493067344041, 0.09534921802665242]}}"
1.7719999999999156,0.3879997123231954,0.0,0.4,0.3833292782996091,1.1832520848031584e-07,0.39999722952235245,"{'table_obstacle': {'pos': [0.3825981920028062, 0.37518922255766707, 0.1646257963690813], 'size': [0.049837904948193595, 0.0813235869879147, 0.05243307039854257]}, 'pillar_obstacle': {'pos': [0.39994824830915515, -0.3824307480766307, 0.23470116647765446], 'size': [0.033663755439403885, 0.20172185302840845, 0.0]}, 'small_block': {'pos': [0.6140097595303955, -0.3535133918987863, 0.1097032402875184], 'size': [0.04461973939918376, 0.0849493067344041, 0.09534921802665242]}}"
1.7729999999999155,0.3879997123231954,0.0,0.4,0.3833953768260926,1.1431639984635063e-07,0.3999972146824737,"{'table_obstacle': {'pos': [0.3825981920028062, 0.37518922255766707, 0.1646257963690813], 'size': [0.049837904948193595, 0.0813235869879147, 0.05243307039854257]}, 'pillar_obstacle': {'pos': [0.39994824830915515, -0.3824307480766307, 0.23470116647765446], 'size': [0.033663755439403885, 0.20172185302840845, 0.0]}, 'small_block': {'pos': [0.6140097595303955, -0.3535133918987863, 0.1097032402875184], 'size': [0.04461973939918376, 0.0849493067344041, 0.09534921802665242]}}"
1.7739999999999154,0.3879997123231954,0.0,0.4,0.3834606585047552,1.0981225474765534e-07,0.3999972025444894,"{'table_obstacle': {'pos': [0.3825981920028062, 0.37518922255766707, 0.1646257963690813], 'size': [0.049837904948193595, 0.0813235869879147, 0.05243307039854257]}, 'pillar_obstacle': {'pos': [0.39994824830915515, -0.3824307480766307, 0.23470116647765446], 'size': [0.033663755439403885, 0.20172185302840845, 0.0]}, 'small_block': {'pos': [0.6140097595303955, -0.3535133918987863, 0.1097032402875184], 'size': [0.04461973939918376, 0.0849493067344041, 0.09534921802665242]}}"
1.7749999999999153,0.3879997123231954,0.0,0.4,0.3835251106149079,1.0491349903575071e-07,0.3999971929169483,"{'table_obstacle': {'pos': [0.3825981920028062, 0.37518922255766707, 0.1646257963690813], 'size': [0.049837904948193595, 0.0813235869879147, 0.05243307039854257]}, 'pillar_obstacle': {'pos': [0.39994824830915515, -0.3824307480766307, 0.23470116647765446], 'size': [0.033663755439403885, 0.20172185302840845, 0.0]}, 'small_block': {'pos': [0.6140097595303955, -0.3535133918987863, 0.1097032402875184], 'size': [0.04461973939918376, 0.0849493067344041, 0.09534921802665242]}}"
1.7759999999999152,0.3879997123231954,0.0,0.4,0.38358872527168336,9.970685857239139e-08,0.39999718562212033,"{'table_obstacle': {'pos': [0.3825981920028062, 0.37518922255766707, 0.1646257963690813], 'size': [0.049837904948193595, 0.0813235869879147, 0.05243307039854257]}, 'pillar_obstacle': {'pos': [0.39994824830915515, -0.3824307480766307, 0.23470116647765446], 'size': [0.033663755439403885, 0.20172185302840845, 0.0]}, 'small_block': {'pos': [0.6140097595303955, -0.3535133918987863, 0.1097032402875184], 'size': [0.04461973939918376, 0.0849493067344041, 0.09534921802665242]}}"
1.776999999999915,0.3879997123231954,0.0,0.4,0.383651498468784,9.426656272573241e-08,0.3999971804956926,"{'table_obstacle': {'pos': [0.3825981920028062, 0.37518922255766707, 0.1646257963690813], 'size': [0.049837904948193595, 0.0813235869879147, 0.05243307039854257]}, 'pillar_obstacle': {'pos': [0.39994824830915515, -0.3824307480766307, 0.23470116647765446], 'size': [0.033663755439403885, 0.20172185302840845, 0.0]}, 'small_block': {'pos': [0.6140097595303955, -0.3535133918987863, 0.1097032402875184], 'size': [0.04461973939918376, 0.0849493067344041, 0.09534921802665242]}}"
1.777999999999915,0.3879997123231954,0.0,0.4,0.3837134293044191,8.865579579694955e-08,0.39999717738617124,"{'table_obstacle': {'pos': [0.3825981920028062, 0.37518922255766707, 0.1646257963690813], 'size': [0.049837904948193595, 0.0813235869879147, 0.05243307039854257]}, 'pillar_obstacle': {'pos': [0.39994824830915515, -0.3824307480766307, 0.23470116647765446], 'size': [0.033663755439403885, 0.20172185302840845, 0.0]}, 'small_block': {'pos': [0.6140097595303955, -0.3535133918987863, 0.1097032402875184], 'size': [0.04461973939918376, 0.0849493067344041, 0.09534921802665242]}}"
1.7789999999999149,0.3879997123231954,0.0,0.4,0.3837745193554576,8.29280580936832e-08,0.39999717615411556,"{'table_obstacle': {'pos': [0.3825981920028062, 0.37518922255766707, 0.1646257963690813], 'size': [0.049837904948193595, 0.0813235869879147, 0.05243307039854257]}, 'pillar_obstacle': {'pos': [0.39994824830915515, -0.3824307480766307, 0.23470116647765446], 'size': [0.033663755439403885, 0.20172185302840845, 0.0]}, 'small_block': {'pos': [0.6140097595303955, -0.3535133918987863, 0.1097032402875184], 'size': [0.04461973939918376, 0.0849493067344041, 0.09534921802665242]}}"
1.7799999999999148,0.3879997123231954,0.0,0.4,0.38383477217150064,7.712841736606935e-08,0.3999971766712743,"{'table_obstacle': {'pos': [0.3825981920028062, 0.37518922255766707, 0.1646257963690813], 'size': [0.049837904948193595, 0.0813235869879147, 0.05243307039854257]}, 'pillar_obstacle': {'pos': [0.39994824830915515, -0.3824307480766307, 0.23470116647765446], 'size': [0.033663755439403885, 0.20172185302840845, 0.0]}, 'small_block': {'pos': [0.6140097595303955, -0.3535133918987863, 0.1097032402875184], 'size': [0.04461973939918376, 0.0849493067344041, 0.09534921802665242]}}"
1.7809999999999147,0.3879997123231954,0.0,0.4,0.3838941928659797,7.129464235991531e-08,0.3999971788196926,"{'table_obstacle': {'pos': [0.3825981920028062, 0.37518922255766707, 0.1646257963690813], 'size': [0.049837904948193595, 0.0813235869879147, 0.05243307039854257]}, 'pillar_obstacle': {'pos': [0.39994824830915515, -0.3824307480766307, 0.23470116647765446], 'size': [0.033663755439403885, 0.20172185302840845, 0.0]}, 'small_block': {'pos': [0.6140097595303955, -0.3535133918987863, 0.1097032402875184], 'size': [0.04461973939918376, 0.0849493067344041, 0.09534921802665242]}}"
1.7819999999999145,0.3879997123231954,0.0,0.4,0.3839527877857493,6.54582159041372e-08,0.3999971824908207,"{'table_obstacle': {'pos': [0.3825981920028062, 0.37518922255766707, 0.1646257963690813], 'size': [0.049837904948193595, 0.0813235869879147, 0.05243307039854257]}, 'pillar_obstacle': {'pos': [0.39994824830915515, -0.3824307480766307, 0.23470116647765446], 'size': [0.033663755439403885, 0.20172185302840845, 0.0]}, 'small_block': {'pos': [0.6140097595303955, -0.3535133918987863, 0.1097032402875184], 'size': [0.04461973939918376, 0.0849493067344041, 0.09534921802665242]}}"
1.7829999999999144,0.3879997123231954,0.0,0.4,0.384010564244196,5.964523232893606e-08,0.3999971875846593,"{'table_obstacle': {'pos': [0.3825981920028062, 0.37518922255766707, 0.1646257963690813], 'size': [0.049837904948193595, 0.0813235869879147, 0.05243307039854257]}, 'pillar_obstacle': {'pos': [0.39994824830915515, -0.3824307480766307, 0.23470116647765446], 'size': [0.033663755439403885, 0.20172185302840845, 0.0]}, 'small_block': {'pos': [0.6140097595303955, -0.3535133918987863, 0.1097032402875184], 'size': [0.04461973939918376, 0.0849493067344041, 0.09534921802665242]}}"
1.7839999999999143,0.3879997123231954,0.0,0.4,0.38406753030572455,5.387718615003369e-08,0.39999719400894745,"{'table_obstacle': {'pos': [0.3825981920028062, 0.37518922255766707, 0.1646257963690813], 'size': [0.049837904948193595, 0.0813235869879147, 0.05243307039854257]}, 'pillar_obstacle': {'pos': [0.39994824830915515, -0.3824307480766307, 0.23470116647765446], 'size': [0.033663755439403885, 0.20172185302840845, 0.0]}, 'small_block': {'pos': [0.6140097595303955, -0.3535133918987863, 0.1097032402875184], 'size': [0.04461973939918376, 0.0849493067344041, 0.09534921802665242]}}"
1.7849999999999142,0.3879997123231954,0.0,0.4,0.3841236946118158,4.817165896060614e-08,0.3999972016784134,"{'table_obstacle': {'pos': [0.3825981920028062, 0.37518922255766707, 0.1646257963690813], 'size': [0.049837904948193595, 0.0813235869879147, 0.05243307039854257]}, 'pillar_obstacle': {'pos': [0.39994824830915515, -0.3824307480766307, 0.23470116647765446], 'size': [0.033663755439403885, 0.20172185302840845, 0.0]}, 'small_block': {'pos': [0.6140097595303955, -0.3535133918987863, 0.1097032402875184], 'size': [0.04461973939918376, 0.0849493067344041, 0.09534921802665242]}}"
1.785999999999914,0.3879997123231954,0.0,0.4,0.38417906624071424,4.2542915898464743e-08,0.39999721051408493,"{'table_obstacle': {'pos': [0.3825981920028062, 0.37518922255766707, 0.1646257963690813], 'size': [0.049837904948193595, 0.0813235869879147, 0.05243307039854257]}, 'pillar_obstacle': {'pos': [0.39994824830915515, -0.3824307480766307, 0.23470116647765446], 'size': [0.033663755439403885, 0.20172185302840845, 0.0]}, 'small_block': {'pos': [0.6140097595303955, -0.3535133918987863, 0.1097032402875184], 'size': [0.04461973939918376, 0.0849493067344041, 0.09534921802665242]}}"
1.786999999999914,0.3879997123231954,0.0,0.4,0.38423365459432135,3.7002420291264155e-08,0.39999722044266356,"{'table_obstacle': {'pos': [0.3825981920028062, 0.37518922255766707, 0.1646257963690813], 'size': [0.049837904948193595, 0.0813235869879147, 0.05243307039854257]}, 'pillar_obstacle': {'pos': [0.39994824830915515, -0.3824307480766307, 0.23470116647765446], 'size': [0.033663755439403885, 0.20172185302840845, 0.0]}, 'small_block': {'pos': [0.6140097595303955, -0.3535133918987863, 0.1097032402875184], 'size': [0.04461973939918376, 0.0849493067344041, 0.09534921802665242]}}"
1.7879999999999139,0.3879997123231954,0.0,0.4,0.3842874693070949,3.155927500613137e-08,0.39999723139596066,"{'table_obstacle': {'pos': [0.3825981920028062, 0.37518922255766707, 0.1646257963690813], 'size': [0.049837904948193595, 0.0813235869879147, 0.05243307039854257]}, 'pillar_obstacle': {'pos': [0.39994824830915515, -0.3824307480766307, 0.23470116647765446], 'size': [0.033663755439403885, 0.20172185302840845, 0.0]}, 'small_block': {'pos': [0.6140097595303955, -0.3535133918987863, 0.1097032402875184], 'size': [0.04461973939918376, 0.0849493067344041, 0.09534921802665242]}}"
1.7889999999999138,0.3879997123231954,0.0,0.4,0.38434052017275183,2.62205999861309e-08,0.39999724331039094,"{'table_obstacle': {'pos': [0.3825981920028062, 0.37518922255766707, 0.1646257963690813], 'size': [0.049837904948193595, 0.0813235869879147, 0.05243307039854257]}, 'pillar_obstacle': {'pos': [0.39994824830915515, -0.3824307480766307, 0.23470116647765446], 'size': [0.033663755439403885, 0.20172185302840845, 0.0]}, 'small_block': {'pos': [0.6140097595303955, -0.3535133918987863, 0.1097032402875184], 'size': [0.04461973939918376, 0.0849493067344041, 0.09534921802665242]}}"
1.7899999999999137,0.3879997123231954,0.0,0.4,0.3843928170853679,2.099185549902047e-08,0.399997256126524,"{'table_obstacle': {'pos': [0.3825981920028062, 0.37518922255766707, 0.1646257963690813], 'size': [0.049837904948193595, 0.0813235869879147, 0.05243307039854257]}, 'pillar_obstacle': {'pos': [0.39994824830915515, -0.3824307480766307, 0.23470116647765446], 'size': [0.033663755439403885, 0.20172185302840845, 0.0]}, 'small_block': {'pos': [0.6140097595303955, -0.3535133918987863, 0.1097032402875184], 'size': [0.04461973939918376, 0.0849493067344041, 0.09534921802665242]}}"
1.7909999999999136,0.3879997123231954,0.0,0.4,0.3844443699921235,1.5877114872246852e-08,0.3999972697886811,"{'table_obstacle': {'pos': [0.3825981920028062, 0.37518922255766707, 0.1646257963690813], 'size': [0.049837904948193595, 0.0813235869879147, 0.05243307039854257]}, 'pillar_obstacle': {'pos': [0.39994824830915515, -0.3824307480766307, 0.23470116647765446], 'size': [0.033663755439403885, 0.20172185302840845, 0.0]}, 'small_block': {'pos': [0.6140097595303955, -0.3535133918987863, 0.1097032402875184], 'size': [0.04461973939918376, 0.0849493067344041, 0.09534921802665242]}}"
1.7919999999999134,0.3879997123231954,0.0,0.4,0.38449518885546663,1.0879297000292502e-08,0.39999728424458314,"{'table_obstacle': {'pos': [0.3825981920028062, 0.37518922255766707, 0.1646257963690813], 'size': [0.049837904948193595, 0.0813235869879147, 0.05243307039854257]}, 'pillar_obstacle': {'pos': [0.39994824830915515, -0.3824307480766307, 0.23470116647765446], 'size': [0.033663755439403885, 0.20172185302840845, 0.0]}, 'small_block': {'pos': [0.6140097595303955, -0.3535133918987863, 0.1097032402875184], 'size': [0.04461973939918376, 0.0849493067344041, 0.09534921802665242]}}"
1.7929999999999133,0.3879997123231954,0.0,0.4,0.3845452836228884,6.0003621499569e-09,0.39999729944503587,"{'table_obstacle': {'pos': [0.3825981920028062, 0.37518922255766707, 0.1646257963690813], 'size': [0.049837904948193595, 0.0813235869879147, 0.05243307039854257]}, 'pillar_obstacle': {'pos': [0.39994824830915515, -0.3824307480766307, 0.23470116647765446], 'size': [0.033663755439403885, 0.20172185302840845, 0.0]}, 'small_block': {'pos': [0.6140097595303955, -0.3535133918987863, 0.1097032402875184], 'size': [0.04461973939918376, 0.0849493067344041, 0.09534921802665242]}}"
1.7939999999999132,0.3879997123231954,0.0,0.4,0.38459466420285765,1.2414781847651045e-09,0.39999731534365357,"{'table_obstacle': {'pos': [0.3825981920028062, 0.37518922255766707, 0.1646257963690813], 'size': [0.049837904948193595, 0.0813235869879147, 0.05243307039854257]}, 'pillar_obstacle': {'pos': [0.39994824830915515, -0.3824307480766307, 0.23470116647765446], 'size': [0.033663755439403885, 0.20172185302840845, 0.0]}, 'small_block': {'pos': [0.6140097595303955, -0.3535133918987863, 0.1097032402875184], 'size': [0.04461973939918376, 0.0849493067344041, 0.09534921802665242]}}"
1.794999999999913,0.3879997123231954,0.0,0.4,0.3846433404457278,-3.3968417681835315e-09,0.3999973318966155,"{'table_obstacle': {'pos': [0.3825981920028062, 0.37518922255766707, 0.1646257963690813], 'size': [0.049837904948193595, 0.0813235869879147, 0.05243307039854257]}, 'pillar_obstacle': {'pos': [0.39994824830915515, -0.3824307480766307, 0.23470116647765446], 'size': [0.033663755439403885, 0.20172185302840845, 0.0]}, 'small_block': {'pos': [0.6140097595303955, -0.3535133918987863, 0.1097032402875184], 'size': [0.04461973939918376, 0.0849493067344041, 0.09534921802665242]}}"
1.795999999999913,0.3879997123231954,0.0,0.4,0.38469132212866664,-7.91462137000427e-09,0.39999734906244994,"{'table_obstacle': {'pos': [0.3825981920028062, 0.37518922255766707, 0.1646257963690813], 'size': [0.049837904948193595, 0.0813235869879147, 0.05243307039854257]}, 'pillar_obstacle': {'pos': [0.39994824830915515, -0.3824307480766307, 0.23470116647765446], 'size': [0.033663755439403885, 0.20172185302840845, 0.0]}, 'small_block': {'pos': [0.6140097595303955, -0.3535133918987863, 0.1097032402875184], 'size': [0.04461973939918376, 0.0849493067344041, 0.09534921802665242]}}"
1.796999999999913,0.3879997123231954,0.0,0.4,0.3847386189438344,-1.2312323415291225e-08,0.399997366801846,"{'table_obstacle': {'pos': [0.3825981920028062, 0.37518922255766707, 0.1646257963690813], 'size': [0.049837904948193595, 0.0813235869879147, 0.05243307039854257]}, 'pillar_obstacle': {'pos': [0.39994824830915515, -0.3824307480766307, 0.23470116647765446], 'size': [0.033663755439403885, 0.20172185302840845, 0.0]}, 'small_block': {'pos': [0.6140097595303955, -0.3535133918987863, 0.1097032402875184], 'size': [0.04461973939918376, 0.0849493067344041, 0.09534921802665242]}}"
1.7979999999999128,0.3879997123231954,0.0,0.4,0.38478524048918294,-1.659076841922426e-08,0.39999738507748434,"{'table_obstacle': {'pos': [0.3825981920028062, 0.37518922255766707, 0.1646257963690813], 'size': [0.049837904948193595, 0.0813235869879147, 0.05243307039854257]}, 'pillar_obstacle': {'pos': [0.39994824830915515, -0.3824307480766307, 0.23470116647765446], 'size': [0.033663755439403885, 0.20172185302840845, 0.0]}, 'small_block': {'pos': [0.6140097595303955, -0.3535133918987863, 0.1097032402875184], 'size': [0.04461973939918376, 0.0849493067344041, 0.09534921802665242]}}"
1.7989999999999127,0.3879997123231954,0.0,0.4,0.38483119626137563,-2.0751065841928362e-08,0.39999740385389077,"{'table_obstacle': {'pos': [0.3825981920028062, 0.37518922255766707, 0.1646257963690813], 'size': [0.049837904948193595, 0.0813235869879147, 0.05243307039854257]}, 'pillar_obstacle': {'pos': [0.39994824830915515, -0.3824307480766307, 0.23470116647765446], 'size': [0.033663755439403885, 0.20172185302840845, 0.0]}, 'small_block': {'pos': [0.6140097595303955, -0.3535133918987863, 0.1097032402875184], 'size': [0.04461973939918376, 0.0849493067344041, 0.09534921802665242]}}"
1.7999999999999126,0.3879997123231954,0.0,0.4,0.3848764956504126,-2.4794556848984474e-08,0.3999974230973038,"{'table_obstacle': {'pos': [0.3825981920028062, 0.37518922255766707, 0.1646257963690813], 'size': [0.049837904948193595, 0.0813235869879147, 0.05243307039854257]}, 'pillar_obstacle': {'pos': [0.39994824830915515, -0.3824307480766307, 0.23470116647765446], 'size': [0.033663755439403885, 0.20172185302840845, 0.0]}, 'small_block': {'pos': [0.6140097595303955, -0.3535133918987863, 0.1097032402875184], 'size': [0.04461973939918376, 0.0849493067344041, 0.09534921802665242]}}"
1.8009999999999124,0.3879997123231954,0.0,0.4,0.38492114793563437,-2.8722768159432582e-08,0.39999744277555904,"{'table_obstacle': {'pos': [0.3825981920028062, 0.37518922255766707, 0.1646257963690813], 'size': [0.049837904948193595, 0.0813235869879147, 0.05243307039854257]}, 'pillar_obstacle': {'pos': [0.39994824830915515, -0.3824307480766307, 0.23470116647765446], 'size': [0.033663755439403885, 0.20172185302840845, 0.0]}, 'small_block': {'pos': [0.6140097595303955, -0.3535133918987863, 0.1097032402875184], 'size': [0.04461973939918376, 0.0849493067344041, 0.09534921802665242]}}"
1.8019999999999123,0.3879997123231954,0.0,0.4,0.38496516228283534,-3.2537371136330765e-08,0.39999746285798526,"{'table_obstacle': {'pos': [0.3825981920028062, 0.37518922255766707, 0.1646257963690813], 'size': [0.049837904948193595, 0.0813235869879147, 0.05243307039854257]}, 'pillar_obstacle': {'pos': [0.39994824830915515, -0.3824307480766307, 0.23470116647765446], 'size': [0.033663755439403885, 0.20172185302840845, 0.0]}, 'small_block': {'pos': [0.6140097595303955, -0.3535133918987863, 0.1097032402875184], 'size': [0.04461973939918376, 0.0849493067344041, 0.09534921802665242]}}"
1.8029999999999122,0.3879997123231954,0.0,0.4,0.3850085477422701,-3.6240149857787404e-08,0.3999974833153117,"{'table_obstacle': {'pos': [0.3825981920028062, 0.37518922255766707, 0.1646257963690813], 'size': [0.049837904948193595, 0.0813235869879147, 0.05243307039854257]}, 'pillar_obstacle': {'pos': [0.39994824830915515, -0.3824307480766307, 0.23470116647765446], 'size': [0.033663755439403885, 0.20172185302840845, 0.0]}, 'small_block': {'pos': [0.6140097595303955, -0.3535133918987863, 0.1097032402875184], 'size': [0.04461973939918376, 0.0849493067344041, 0.09534921802665242]}}"
1.8039999999999121,0.3879997123231954,0.0,0.4,0.38505131324737707,-3.983297456354501e-08,0.399997504119585,"{'table_obstacle': {'pos': [0.3825981920028062, 0.37518922255766707, 0.1646257963690813], 'size': [0.049837904948193595, 0.0813235869879147, 0.05243307039854257]}, 'pillar_obstacle': {'pos': [0.39994824830915515, -0.3824307480766307, 0.23470116647765446], 'size': [0.033663755439403885, 0.20172185302840845, 0.0]}, 'small_block': {'pos': [0.6140097595303955, -0.3535133918987863, 0.1097032402875184], 'size': [0.04461973939918376, 0.0849493067344041, 0.09534921802665242]}}"
1.804999999999912,0.3879997123231954,0.0,0.4,0.38509346761407776,-4.331777848667242e-08,0.39999752524409554,"{'table_obstacle': {'pos': [0.3825981920028062, 0.37518922255766707, 0.1646257963690813], 'size': [0.049837904948193595, 0.0813235869879147, 0.05243307039854257]}, 'pillar_obstacle': {'pos': [0.39994824830915515, -0.3824307480766307, 0.23470116647765446], 'size': [0.033663755439403885, 0.20172185302840845, 0.0]}, 'small_block': {'pos': [0.6140097595303955, -0.3535133918987863, 0.1097032402875184], 'size': [0.04461973939918376, 0.0849493067344041, 0.09534921802665242]}}"
1.805999999999912,0.3879997123231954,0.0,0.4,0.38513501954053814,-4.669654005500534e-08,0.3999975466633081,"{'table_obstacle': {'pos': [0.3825981920028062, 0.37518922255766707, 0.1646257963690813], 'size': [0.049837904948193595, 0.0813235869879147, 0.05243307039854257]}, 'pillar_obstacle': {'pos': [0.39994824830915515, -0.3824307480766307, 0.23470116647765446], 'size': [0.033663755439403885, 0.20172185302840845, 0.0]}, 'small_block': {'pos': [0.6140097595303955, -0.3535133918987863, 0.1097032402875184], 'size': [0.04461973939918376, 0.0849493067344041, 0.09534921802665242]}}"
1.8069999999999118,0.3879997123231954,0.0,0.4,0.38517597760729855,-4.997126742875131e-08,0.399997568352803,"{'table_obstacle': {'pos': [0.3825981920028062, 0.37518922255766707, 0.1646257963690813], 'size': [0.049837904948193595, 0.0813235869879147, 0.05243307039854257]}, 'pillar_obstacle': {'pos': [0.39994824830915515, -0.3824307480766307, 0.23470116647765446], 'size': [0.033663755439403885, 0.20172185302840845, 0.0]}, 'small_block': {'pos': [0.6140097595303955, -0.3535133918987863, 0.1097032402875184], 'size': [0.04461973939918376, 0.0849493067344041, 0.09534921802665242]}}"
1.8079999999999117,0.3879997123231954,0.0,0.4,0.3852163502776974,-5.314398657717336e-08,0.39999759028921816,"{'table_obstacle': {'pos': [0.3825981920028062, 0.37518922255766707, 0.1646257963690813], 'size': [0.049837904948193595, 0.0813235869879147, 0.05243307039854257]}, 'pillar_obstacle': {'pos': [0.39994824830915515, -0.3824307480766307, 0.23470116647765446], 'size': [0.033663755439403885, 0.20172185302840845, 0.0]}, 'small_block': {'pos': [0.6140097595303955, -0.3535133918987863, 0.1097032402875184], 'size': [0.04461973939918376, 0.0849493067344041, 0.09534921802665242]}}"
1.8089999999999116,0.3879997123231954,0.0,0.4,0.38525614589852686,-5.621673028420132e-08,0.3999976124501999,"{'table_obstacle': {'pos': [0.3825981920028062, 0.37518922255766707, 0.1646257963690813], 'size': [0.049837904948193595, 0.0813235869879147, 0.05243307039854257]}, 'pillar_obstacle': {'pos': [0.39994824830915515, -0.3824307480766307, 0.23470116647765446], 'size': [0.033663755439403885, 0.20172185302840845, 0.0]}, 'small_block': {'pos': [0.6140097595303955, -0.3535133918987863, 0.1097032402875184], 'size': [0.04461973939918376, 0.0849493067344041, 0.09534921802665242]}}"
1.8099999999999115,0.3879997123231954,0.0,0.4,0.38529537270087544,-5.919153117568629e-08,0.3999976348143549,"{'table_obstacle': {'pos': [0.3825981920028062, 0.37518922255766707, 0.1646257963690813], 'size': [0.049837904948193595, 0.0813235869879147, 0.05243307039854257]}, 'pillar_obstacle': {'pos': [0.39994824830915515, -0.3824307480766307, 0.23470116647765446], 'size': [0.033663755439403885, 0.20172185302840845, 0.0]}, 'small_block': {'pos': [0.6140097595303955, -0.3535133918987863, 0.1097032402875184], 'size': [0.04461973939918376, 0.0849493067344041, 0.09534921802665242]}}"
1.8109999999999113,0.3879997123231954,0.0,0.4,0.3853340388011116,-6.207041352174199e-08,0.3999976573612076,"{'table_obstacle': {'pos': [0.3825981920028062, 0.37518922255766707, 0.1646257963690813], 'size': [0.049837904948193595, 0.0813235869879147, 0.05243307039854257]}, 'pillar_obstacle': {'pos': [0.39994824830915515, -0.3824307480766307, 0.23470116647765446], 'size': [0.033663755439403885, 0.20172185302840845, 0.0]}, 'small_block': {'pos': [0.6140097595303955, -0.3535133918987863, 0.1097032402875184], 'size': [0.04461973939918376, 0.0849493067344041, 0.09534921802665242]}}"
1.8119999999999112,0.3879997123231954,0.0,0.4,0.3853721522019838,-6.485538878336922e-08,0.39999768007115977,"{'table_obstacle': {'pos': [0.3825981920028062, 0.37518922255766707, 0.1646257963690813], 'size': [0.049837904948193595, 0.0813235869879147, 0.05243307039854257]}, 'pillar_obstacle': {'pos': [0.39994824830915515, -0.3824307480766307, 0.23470116647765446], 'size': [0.033663755439403885, 0.20172185302840845, 0.0]}, 'small_block': {'pos': [0.6140097595303955, -0.3535133918987863, 0.1097032402875184], 'size': [0.04461973939918376, 0.0849493067344041, 0.09534921802665242]}}"
1.8129999999999111,0.3879997123231954,0.0,0.4,0.38540972079380476,-6.754845129431855e-08,0.39999770292545384,"{'table_obstacle': {'pos': [0.3825981920028062, 0.37518922255766707, 0.1646257963690813], 'size': [0.049837904948193595, 0.0813235869879147, 0.05243307039854257]}, 'pillar_obstacle': {'pos': [0.39994824830915515, -0.3824307480766307, 0.23470116647765446], 'size': [0.033663755439403885, 0.20172185302840845, 0.0]}, 'small_block': {'pos': [0.6140097595303955, -0.3535133918987863, 0.1097032402875184], 'size': [0.04461973939918376, 0.0849493067344041, 0.09534921802665242]}}"
1.813999999999911,0.3879997123231954,0.0,0.4,0.38544675235570364,-7.015157376561224e-08,0.3999977259061369,"{'table_obstacle': {'pos': [0.3825981920028062, 0.37518922255766707, 0.1646257963690813], 'size': [0.049837904948193595, 0.0813235869879147, 0.05243307039854257]}, 'pillar_obstacle': {'pos': [0.39994824830915515, -0.3824307480766307, 0.23470116647765446], 'size': [0.033663755439403885, 0.20172185302840845, 0.0]}, 'small_block': {'pos': [0.6140097595303955, -0.3535133918987863, 0.1097032402875184], 'size': [0.04461973939918376, 0.0849493067344041, 0.09534921802665242]}}"
1.814999999999911,0.3879997123231954,0.0,0.4,0.38548325455692606,-7.266670605164956e-08,0.39999774899602913,"{'table_obstacle': {'pos': [0.3825981920028062, 0.37518922255766707, 0.1646257963690813], 'size': [0.049837904948193595, 0.0813235869879147, 0.05243307039854257]}, 'pillar_obstacle': {'pos': [0.39994824830915515, -0.3824307480766307, 0.23470116647765446], 'size': [0.033663755439403885, 0.20172185302840845, 0.0]}, 'small_block': {'pos': [0.6140097595303955, -0.3535133918987863, 0.1097032402875184], 'size': [0.04461973939918376, 0.0849493067344041, 0.09534921802665242]}}"
1.8159999999999108,0.3879997123231954,0.0,0.4,0.3855192349581714,-7.509577166141738e-08,0.39999777217869226,"{'table_obstacle': {'pos': [0.3825981920028062, 0.37518922255766707, 0.1646257963690813], 'size': [0.049837904948193595, 0.0813235869879147, 0.05243307039854257]}, 'pillar_obstacle': {'pos': [0.39994824830915515, -0.3824307480766307, 0.23470116647765446], 'size': [0.033663755439403885, 0.20172185302840845, 0.0]}, 'small_block': {'pos': [0.6140097595303955, -0.3535133918987863, 0.1097032402875184], 'size': [0.04461973939918376, 0.0849493067344041, 0.09534921802665242]}}"
1.8169999999999107,0.3879997123231954,0.0,0.4,0.3855547010129546,-7.744066670025527e-08,0.39999779543840114,"{'table_obstacle': {'pos': [0.3825981920028062, 0.37518922255766707, 0.1646257963690813], 'size': [0.049837904948193595, 0.0813235869879147, 0.05243307039854257]}, 'pillar_obstacle': {'pos': [0.39994824830915515, -0.3824307480766307, 0.23470116647765446], 'size': [0.033663755439403885, 0.20172185302840845, 0.0]}, 'small_block': {'pos': [0.6140097595303955, -0.3535133918987863, 0.1097032402875184], 'size': [0.04461973939918376, 0.0849493067344041, 0.09534921802665242]}}"
1.8179999999999106,0.3879997123231954,0.0,0.4,0.38558966006898293,-7.970325895531354e-08,0.3999978187601161,"{'table_obstacle': {'pos': [0.3825981920028062, 0.37518922255766707, 0.1646257963690813], 'size': [0.049837904948193595, 0.0813235869879147, 0.05243307039854257]}, 'pillar_obstacle': {'pos': [0.39994824830915515, -0.3824307480766307, 0.23470116647765446], 'size': [0.033663755439403885, 0.20172185302840845, 0.0]}, 'small_block': {'pos': [0.6140097595303955, -0.3535133918987863, 0.1097032402875184], 'size': [0.04461973939918376, 0.0849493067344041, 0.09534921802665242]}}"
1.8189999999999105,0.3879997123231954,0.0,0.4,0.3856241193695446,-8.188538575488798e-08,0.3999978421294561,"{'table_obstacle': {'pos': [0.3825981920028062, 0.37518922255766707, 0.1646257963690813], 'size': [0.049837904948193595, 0.0813235869879147, 0.05243307039854257]}, 'pillar_obstacle': {'pos': [0.39994824830915515, -0.3824307480766307, 0.23470116647765446], 'size': [0.033663755439403885, 0.20172185302840845, 0.0]}, 'small_block': {'pos': [0.6140097595303955, -0.3535133918987863, 0.1097032402875184], 'size': [0.04461973939918376, 0.0849493067344041, 0.09534921802665242]}}"
1.8199999999999104,0.3879997123231954,0.0,0.4,0.38565808605489826,-8.398885494341301e-08,0.3999978655326757,"{'table_obstacle': {'pos': [0.3825981920028062, 0.37518922255766707, 0.1646257963690813], 'size': [0.049837904948193595, 0.0813235869879147, 0.05243307039854257]}, 'pillar_obstacle': {'pos': [0.39994824830915515, -0.3824307480766307, 0.23470116647765446], 'size': [0.033663755439403885, 0.20172185302840845, 0.0]}, 'small_block': {'pos': [0.6140097595303955, -0.3535133918987863, 0.1097032402875184], 'size': [0.04461973939918376, 0.0849493067344041, 0.09534921802665242]}}"
1.8209999999999102,0.3879997123231954,0.0,0.4,0.38569156716366265,-8.60154427222821e-08,0.3999978889566395,"{'table_obstacle': {'pos': [0.3825981920028062, 0.37518922255766707, 0.1646257963690813], 'size': [0.049837904948193595, 0.0813235869879147, 0.05243307039854257]}, 'pillar_obstacle': {'pos': [0.39994824830915515, -0.3824307480766307, 0.23470116647765446], 'size': [0.033663755439403885, 0.20172185302840845, 0.0]}, 'small_block': {'pos': [0.6140097595303955, -0.3535133918987863, 0.1097032402875184], 'size': [0.04461973939918376, 0.0849493067344041, 0.09534921802665242]}}"
1.8219999999999101,0.3879997123231954,0.0,0.4,0.38572456963420343,-8.796689487674201e-08,0.39999791238880045,"{'table_obstacle': {'pos': [0.3825981920028062, 0.37518922255766707, 0.1646257963690813], 'size': [0.049837904948193595, 0.0813235869879147, 0.05243307039854257]}, 'pillar_obstacle': {'pos': [0.39994824830915515, -0.3824307480766307, 0.23470116647765446], 'size': [0.033663755439403885, 0.20172185302840845, 0.0]}, 'small_block': {'pos': [0.6140097595303955, -0.3535133918987863, 0.1097032402875184], 'size': [0.04461973939918376, 0.0849493067344041, 0.09534921802665242]}}"
1.82299999999991,0.3879997123231954,0.0,0.4,0.3857571003060085,-8.984492603190305e-08,0.3999979358171787,"{'table_obstacle': {'pos': [0.3825981920028062, 0.37518922255766707, 0.1646257963690813], 'size': [0.049837904948193595, 0.0813235869879147, 0.05243307039854257]}, 'pillar_obstacle': {'pos': [0.39994824830915515, -0.3824307480766307, 0.23470116647765446], 'size': [0.033663755439403885, 0.20172185302840845, 0.0]}, 'small_block': {'pos': [0.6140097595303955, -0.3535133918987863, 0.1097032402875184], 'size': [0.04461973939918376, 0.0849493067344041, 0.09534921802665242]}}"
1.82399999999991,0.3879997123231954,0.0,0.4,0.38578916592105855,-9.165121957769859e-08,0.3999979592303391,"{'table_obstacle': {'pos': [0.3825981920028062, 0.37518922255766707, 0.1646257963690813], 'size': [0.049837904948193595, 0.0813235869879147, 0.05243307039854257]}, 'pillar_obstacle': {'pos': [0.39994824830915515, -0.3824307480766307, 0.23470116647765446], 'size': [0.033663755439403885, 0.20172185302840845, 0.0]}, 'small_block': {'pos': [0.6140097595303955, -0.3535133918987863, 0.1097032402875184], 'size': [0.04461973939918376, 0.0849493067344041, 0.09534921802665242]}}"
1.8249999999999098,0.3879997123231954,0.0,0.4,0.3858207731251821,-9.338742779742347e-08,0.39999798261737396,"{'table_obstacle': {'pos': [0.3825981920028062, 0.37518922255766707, 0.1646257963690813], 'size': [0.049837904948193595, 0.0813235869879147, 0.05243307039854257]}, 'pillar_obstacle': {'pos': [0.39994824830915515, -0.3824307480766307, 0.23470116647765446], 'size': [0.033663755439403885, 0.20172185302840845, 0.0]}, 'small_block': {'pos': [0.6140097595303955, -0.3535133918987863, 0.1097032402875184], 'size': [0.04461973939918376, 0.0849493067344041, 0.09534921802665242]}}"
1.8259999999999097,0.3879997123231954,0.0,0.4,0.385851928469401,-9.505517238311296e-08,0.3999980059678819,"{'table_obstacle': {'pos': [0.3825981920028062, 0.37518922255766707, 0.1646257963690813], 'size': [0.049837904948193595, 0.0813235869879147, 0.05243307039854257]}, 'pillar_obstacle': {'pos': [0.39994824830915515, -0.3824307480766307, 0.23470116647765446], 'size': [0.033663755439403885, 0.20172185302840845, 0.0]}, 'small_block': {'pos': [0.6140097595303955, -0.3535133918987863, 0.1097032402875184], 'size': [0.04461973939918376, 0.0849493067344041, 0.09534921802665242]}}"
1.8269999999999096,0.3879997123231954,0.0,0.4,0.3858826384112602,-9.665604436206645e-08,0.3999980292719502,"{'table_obstacle': {'pos': [0.3825981920028062, 0.37518922255766707, 0.1646257963690813], 'size': [0.049837904948193595, 0.0813235869879147, 0.05243307039854257]}, 'pillar_obstacle': {'pos': [0.39994824830915515, -0.3824307480766307, 0.23470116647765446], 'size': [0.033663755439403885, 0.20172185302840845, 0.0]}, 'small_block': {'pos': [0.6140097595303955, -0.3535133918987863, 0.1097032402875184], 'size': [0.04461973939918376, 0.0849493067344041, 0.09534921802665242]}}"
1.8279999999999095,0.3879997123231954,0.0,0.4,0.3859129093161423,-9.819160459629876e-08,0.39999805252013704,"{'table_obstacle': {'pos': [0.3825981920028062, 0.37518922255766707, 0.1646257963690813], 'size': [0.049837904948193595, 0.0813235869879147, 0.05243307039854257]}, 'pillar_obstacle': {'pos': [0.39994824830915515, -0.3824307480766307, 0.23470116647765446], 'size': [0.033663755439403885, 0.20172185302840845, 0.0]}, 'small_block': {'pos': [0.6140097595303955, -0.3535133918987863, 0.1097032402875184], 'size': [0.04461973939918376, 0.0849493067344041, 0.09534921802665242]}}"
1.8289999999999094,0.3879997123231954,0.0,0.4,0.38594274745856927,-9.966338397112041e-08,0.39999807570345475,"{'table_obstacle': {'pos': [0.3825981920028062, 0.37518922255766707, 0.1646257963690813], 'size': [0.049837904948193595, 0.0813235869879147, 0.05243307039854257]}, 'pillar_obstacle': {'pos': [0.39994824830915515, -0.3824307480766307, 0.23470116647765446], 'size': [0.033663755439403885, 0.20172185302840845, 0.0]}, 'small_block': {'pos': [0.6140097595303955, -0.3535133918987863, 0.1097032402875184], 'size': [0.04461973939918376, 0.0849493067344041, 0.09534921802665242]}}"
1.8299999999999093,0.3879997123231954,0.0,0.4,0.3859721590234867,-1.0107288400850274e-07,0.39999809881335235,"{'table_obstacle': {'pos': [0.3825981920028062, 0.37518922255766707, 0.1646257963690813], 'size': [0.049837904948193595, 0.0813235869879147, 0.05243307039854257]}, 'pillar_obstacle': {'pos': [0.39994824830915515, -0.3824307480766307, 0.23470116647765446], 'size': [0.033663755439403885, 0.20172185302840845, 0.0]}, 'small_block': {'pos': [0.6140097595303955, -0.3535133918987863, 0.1097032402875184], 'size': [0.04461973939918376, 0.0849493067344041, 0.09534921802665242]}}"
1.8309999999999091,0.3919996970560949,0.0,0.4,0.38600115010753183,-1.0242157689392153e-07,0.3999981218417019,"{'table_obstacle': {'pos': [0.3825981920028062, 0.37518922255766707, 0.1646257963690813], 'size': [0.049837904948193595, 0.0813235869879147, 0.05243307039854257]}, 'pillar_obstacle': {'pos': [0.39994824830915515, -0.3824307480766307, 0.23470116647765446], 'size': [0.033663755439403885, 0.20172185302840845, 0.0]}, 'small_block': {'pos': [0.6140097595303955, -0.3535133918987863, 0.1097032402875184], 'size': [0.04461973939918376, 0.0849493067344041, 0.09534921802665242]}}"
1.831999999999909,0.3919996970560949,0.0,0.4,0.3860406362983879,-9.00328844762259e-08,0.39999810449399326,"{'table_obstacle': {'pos': [0.3825981920028062, 0.37518922255766707, 0.1646257963690813], 'size': [0.049837904948193595, 0.0813235869879147, 0.05243307039854257]}, 'pillar_obstacle': {'pos': [0.39994824830915515, -0.3824307480766307, 0.23470116647765446], 'size': [0.033663755439403885, 0.20172185302840845, 0.0]}, 'small_block': {'pos': [0.6140097595303955, -0.3535133918987863, 0.1097032402875184], 'size': [0.04461973939918376, 0.0849493067344041, 0.09534921802665242]}}"
1.832999999999909,0.3919996970560949,0.0,0.4,0.38608838596010264,-6.9617800243513e-08,0.3999980609468686,"{'table_obstacle': {'pos': [0.3825981920028062, 0.37518922255766707, 0.1646257963690813], 'size': [0.049837904948193595, 0.0813235869879147, 0.05243307039854257]}, 'pillar_obstacle': {'pos': [0.39994824830915515, -0.3824307480766307, 0.23470116647765446], 'size': [0.033663755439403885, 0.20172185302840845, 0.0]}, 'small_block': {'pos': [0.6140097595303955, -0.3535133918987863, 0.1097032402875184], 'size': [0.04461973939918376, 0.0849493067344041, 0.09534921802665242]}}"
1.8339999999999088,0.3919996970560949,0.0,0.4,0.3861425964795764,-4.5175501752103e-08,0.3999980012455425,"{'table_obstacle': {'pos': [0.3825981920028062, 0.37518922255766707, 0.1646257963690813], 'size': [0.049837904948193595, 0.0813235869879147, 0.05243307039854257]}, 'pillar_obstacle': {'pos': [0.39994824830915515, -0.3824307480766307, 0.23470116647765446], 'size': [0.033663755439403885, 0.20172185302840845, 0.0]}, 'small_block': {'pos': [0.6140097595303955, -0.3535133918987863, 0.1097032402875184], 'size': [0.04461973939918376, 0.0849493067344041, 0.09534921802665242]}}"
1.8349999999999087,0.3919996970560949,0.0,0.4,0.38620181240469664,-1.944371282392166e-08,0.39999793247344434,"{'table_obstacle': {'pos': [0.3825981920028062, 0.37518922255766707, 0.1646257963690813], 'size': [0.049837904948193595, 0.0813235869879147, 0.05243307039854257]}, 'pillar_obstacle': {'pos': [0.39994824830915515, -0.3824307480766307, 0.23470116647765446], 'size': [0.033663755439403885, 0.20172185302840845, 0.0]}, 'small_block': {'pos': [0.6140097595303955, -0.3535133918987863, 0.1097032402875184], 'size': [0.04461973939918376, 0.0849493067344041, 0.09534921802665242]}}"
1.8359999999999086,0.3919996970560949,0.0,0.4,0.38626485918115033,5.761568234626218e-09,0.3999978595842403,"{'table_obstacle': {'pos': [0.3825981920028062, 0.37518922255766707, 0.1646257963690813], 'size': [0.049837904948193595, 0.0813235869879147, 0.05243307039854257]}, 'pillar_obstacle': {'pos': [0.39994824830915515, -0.3824307480766307, 0.23470116647765446], 'size': [0.033663755439403885, 0.20172185302840845, 0.0]}, 'small_block': {'pos': [0.6140097595303955, -0.3535133918987863, 0.1097032402875184], 'size': [0.04461973939918376, 0.0849493067344041, 0.09534921802665242]}}"
1.8369999999999085,0.3919996970560949,0.0,0.4,0.3863307895205461,2.9290883479764054e-08,0.39999778599750185,"{'table_obstacle': {'pos': [0.3825981920028062, 0.37518922255766707, 0.1646257963690813], 'size': [0.049837904948193595, 0.0813235869879147, 0.05243307039854257]}, 'pillar_obstacle': {'pos': [0.39994824830915515, -0.3824307480766307, 0.23470116647765446], 'size': [0.033663755439403885, 0.20172185302840845, 0.0]}, 'small_block': {'pos': [0.6140097595303955, -0.3535133918987863, 0.1097032402875184], 'size': [0.04461973939918376, 0.0849493067344041, 0.09534921802665242]}}"
1.8379999999999084,0.3919996970560949,0.0,0.4,0.386398839995237,5.04705851640463e-08,0.399997714027632,"{'table_obstacle': {'pos': [0.3825981920028062, 0.37518922255766707, 0.1646257963690813], 'size': [0.049837904948193595, 0.0813235869879147, 0.05243307039854257]}, 'pillar_obstacle': {'pos': [0.39994824830915515, -0.3824307480766307, 0.23470116647765446], 'size': [0.033663755439403885, 0.20172185302840845, 0.0]}, 'small_block': {'pos': [0.6140097595303955, -0.3535133918987863, 0.1097032402875184], 'size': [0.04461973939918376, 0.0849493067344041, 0.09534921802665242]}}"
1.8389999999999083,0.3919996970560949,0.0,0.4,0.38646839591187976,6.896111031229408e-08,0.39999764519424824,"{'table_obstacle': {'pos': [0.3825981920028062, 0.37518922255766707, 0.1646257963690813], 'size': [0.049837904948193595, 0.0813235869879147, 0.05243307039854257]}, 'pillar_obstacle': {'pos': [0.39994824830915515, -0.3824307480766307, 0.23470116647765446], 'size': [0.033663755439403885, 0.20172185302840845, 0.0]}, 'small_block': {'pos': [0.6140097595303955, -0.3535133918987863, 0.1097032402875184], 'size': [0.04461973939918376, 0.0849493067344041, 0.09534921802665242]}}"
1.8399999999999082,0.3919996970560949,0.0,0.4,0.3865389628860922,8.465239619418213e-08,0.39999758044766354,"{'table_obstacle': {'pos': [0.3825981920028062, 0.37518922255766707, 0.1646257963690813], 'size': [0.049837904948193595, 0.0813235869879147, 0.05243307039854257]}, 'pillar_obstacle': {'pos': [0.39994824830915515, -0.3824307480766307, 0.23470116647765446], 'size': [0.033663755439403885, 0.20172185302840845, 0.0]}, 'small_block': {'pos': [0.6140097595303955, -0.3535133918987863, 0.1097032402875184], 'size': [0.04461973939918376, 0.0849493067344041, 0.09534921802665242]}}"
1.840999999999908,0.3919996970560949,0.0,0.4,0.3866101438407424,9.758734172471667e-08,0.3999975203331368,"{'table_obstacle': {'pos': [0.3825981920028062, 0.37518922255766707, 0.1646257963690813], 'size': [0.049837904948193595, 0.0813235869879147, 0.05243307039854257]}, 'pillar_obstacle': {'pos': [0.39994824830915515, -0.3824307480766307, 0.23470116647765446], 'size': [0.033663755439403885, 0.20172185302840845, 0.0]}, 'small_block': {'pos': [0.6140097595303955, -0.3535133918987863, 0.1097032402875184], 'size': [0.04461973939918376, 0.0849493067344041, 0.09534921802665242]}}"
1.841999999999908,0.3919996970560949,0.0,0.4,0.386681620393638,1.0790635687940422e-07,0.39999746511068496,"{'table_obstacle': {'pos': [0.3825981920028062, 0.37518922255766707, 0.1646257963690813], 'size': [0.049837904948193595, 0.0813235869879147, 0.05243307039854257]}, 'pillar_obstacle': {'pos': [0.39994824830915515, -0.3824307480766307, 0.23470116647765446], 'size': [0.033663755439403885, 0.20172185302840845, 0.0]}, 'small_block': {'pos': [0.6140097595303955, -0.3535133918987863, 0.1097032402875184], 'size': [0.04461973939918376, 0.0849493067344041, 0.09534921802665242]}}"
1.8429999999999078,0.3919996970560949,0.0,0.4,0.38675313779740805,1.1580769049956551e-07,0.3999974148424679,"{'table_obstacle': {'pos': [0.3825981920028062, 0.37518922255766707, 0.1646257963690813], 'size': [0.049837904948193595, 0.0813235869879147, 0.05243307039854257]}, 'pillar_obstacle': {'pos': [0.39994824830915515, -0.3824307480766307, 0.23470116647765446], 'size': [0.033663755439403885, 0.20172185302840845, 0.0]}, 'small_block': {'pos': [0.6140097595303955, -0.3535133918987863, 0.1097032402875184], 'size': [0.04461973939918376, 0.0849493067344041, 0.09534921802665242]}}"
1.8439999999999077,0.3919996970560949,0.0,0.4,0.3868244927539304,1.2151949675706404e-07,0.3999973694564053,"{'table_obstacle': {'pos': [0.3825981920028062, 0.37518922255766707, 0.1646257963690813], 'size': [0.049837904948193595, 0.0813235869879147, 0.05243307039854257]}, 'pillar_obstacle': {'pos': [0.39994824830915515, -0.3824307480766307, 0.23470116647765446], 'size': [0.033663755439403885, 0.20172185302840845, 0.0]}, 'small_block': {'pos': [0.6140097595303955, -0.3535133918987863, 0.1097032402875184], 'size': [0.04461973939918376, 0.0849493067344041, 0.09534921802665242]}}"
1.8449999999999076,0.3919996970560949,0.0,0.4,0.3868955235548534,1.2528057513231326e-07,0.3999973287923128,"{'table_obstacle': {'pos': [0.3825981920028062, 0.37518922255766707, 0.1646257963690813], 'size': [0.049837904948193595, 0.0813235869879147, 0.05243307039854257]}, 'pillar_obstacle': {'pos': [0.39994824830915515, -0.3824307480766307, 0.23470116647765446], 'size': [0.033663755439403885, 0.20172185302840845, 0.0]}, 'small_block': {'pos': [0.6140097595303955, -0.3535133918987863, 0.1097032402875184], 'size': [0.04461973939918376, 0.0849493067344041, 0.09534921802665242]}}"
1.8459999999999075,0.3919996970560949,0.0,0.4,0.38696610210435417,1.2732746713866468e-07,0.39999729263515565,"{'table_obstacle': {'pos': [0.3825981920028062, 0.37518922255766707, 0.1646257963690813], 'size': [0.049837904948193595, 0.0813235869879147, 0.05243307039854257]}, 'pillar_obstacle': {'pos': [0.39994824830915515, -0.3824307480766307, 0.23470116647765446], 'size': [0.033663755439403885, 0.20172185302840845, 0.0]}, 'small_block': {'pos': [0.6140097595303955, -0.3535133918987863, 0.1097032402875184], 'size': [0.04461973939918376, 0.0849493067344041, 0.09534921802665242]}}"
1.8469999999999074,0.3919996970560949,0.0,0.4,0.3870361274649387,1.2788616627229484e-07,0.3999972607387958,"{'table_obstacle': {'pos': [0.3825981920028062, 0.37518922255766707, 0.1646257963690813], 'size': [0.049837904948193595, 0.0813235869879147, 0.05243307039854257]}, 'pillar_obstacle': {'pos': [0.39994824830915515, -0.3824307480766307, 0.23470116647765446], 'size': [0.033663755439403885, 0.20172185302840845, 0.0]}, 'small_block': {'pos': [0.6140097595303955, -0.3535133918987863, 0.1097032402875184], 'size': [0.04461973939918376, 0.0849493067344041, 0.09534921802665242]}}"
1.8479999999999073,0.3919996970560949,0.0,0.4,0.3871055206356183,1.27167137911573e-07,0.39999723284273614,"{'table_obstacle': {'pos': [0.3825981920028062, 0.37518922255766707, 0.1646257963690813], 'size': [0.049837904948193595, 0.0813235869879147, 0.05243307039854257]}, 'pillar_obstacle': {'pos': [0.39994824830915515, -0.3824307480766307, 0.23470116647765446], 'size': [0.033663755439403885, 0.20172185302840845, 0.0]}, 'small_block': {'pos': [0.6140097595303955, -0.3535133918987863, 0.1097032402875184], 'size': [0.04461973939918376, 0.0849493067344041, 0.09534921802665242]}}"
1.8489999999999072,0.3919996970560949,0.0,0.4,0.3871742203272531,1.253626720453399e-07,0.3999972086837072,"{'table_obstacle': {'pos': [0.3825981920028062, 0.37518922255766707, 0.1646257963690813], 'size': [0.049837904948193595, 0.0813235869879147, 0.05243307039854257]}, 'pillar_obstacle': {'pos': [0.39994824830915515, -0.3824307480766307, 0.23470116647765446], 'size': [0.033663755439403885, 0.20172185302840845, 0.0]}, 'small_block': {'pos': [0.6140097595303955, -0.3535133918987863, 0.1097032402875184], 'size': [0.04461973939918376, 0.0849493067344041, 0.09534921802665242]}}"
1.849999999999907,0.3919996970560949,0.0,0.4,0.3872421795447443,1.2264585411355498e-07,0.39999718800348083,"{'table_obstacle': {'pos': [0.3825981920028062, 0.37518922255766707, 0.1646257963690813], 'size': [0.049837904948193595, 0.0813235869879147, 0.05243307039854257]}, 'pillar_obstacle': {'pos': [0.39994824830915515, -0.3824307480766307, 0.23470116647765446], 'size': [0.033663755439403885, 0.20172185302840845, 0.0]}, 'small_block': {'pos': [0.6140097595303955, -0.3535133918987863, 0.1097032402875184], 'size': [0.04461973939918376, 0.0849493067344041, 0.09534921802665242]}}"
1.850999999999907,0.3919996970560949,0.0,0.4,0.38730936282206746,1.1917062269236318e-07,0.3999971705539288,"{'table_obstacle': {'pos': [0.3825981920028062, 0.37518922255766707, 0.1646257963690813], 'size': [0.049837904948193595, 0.0813235869879147, 0.05243307039854257]}, 'pillar_obstacle': {'pos': [0.39994824830915515, -0.3824307480766307, 0.23470116647765446], 'size': [0.033663755439403885, 0.20172185302840845, 0.0]}, 'small_block': {'pos': [0.6140097595303955, -0.3535133918987863, 0.1097032402875184], 'size': [0.04461973939918376, 0.0849493067344041, 0.09534921802665242]}}"
1.8519999999999068,0.3919996970560949,0.0,0.4,0.387375743985541,1.1507253243592782e-07,0.39999715610009867,"{'table_obstacle': {'pos': [0.3825981920028062, 0.37518922255766707, 0.1646257963690813], 'size': [0.049837904948193595, 0.0813235869879147, 0.05243307039854257]}, 'pillar_obstacle': {'pos': [0.39994824830915515, -0.3824307480766307, 0.23470116647765446], 'size': [0.033663755439403885, 0.20172185302840845, 0.0]}, 'small_block': {'pos': [0.6140097595303955, -0.3535133918987863, 0.1097032402875184], 'size': [0.04461973939918376, 0.0849493067344041, 0.09534921802665242]}}"
1.8529999999999067,0.3919996970560949,0.0,0.4,0.38744130434449897,1.1046994555642465e-07,0.39999714442186973,"{'table_obstacle': {'pos': [0.3825981920028062, 0.37518922255766707, 0.1646257963690813], 'size': [0.049837904948193595, 0.0813235869879147, 0.05243307039854257]}, 'pillar_obstacle': {'pos': [0.39994824830915515, -0.3824307480766307, 0.23470116647765446], 'size': [0.033663755439403885, 0.20172185302840845, 0.0]}, 'small_block': {'pos': [0.6140097595303955, -0.3535133918987863, 0.1097032402875184], 'size': [0.04461973939918376, 0.0849493067344041, 0.09534921802665242]}}"
1.8539999999999066,0.3919996970560949,0.0,0.4,0.3875060312277864,1.0546545552209746e-07,0.3999971353146145,"{'table_obstacle': {'pos': [0.3825981920028062, 0.37518922255766707, 0.1646257963690813], 'size': [0.049837904948193595, 0.0813235869879147, 0.05243307039854257]}, 'pillar_obstacle': {'pos': [0.39994824830915515, -0.3824307480766307, 0.23470116647765446], 'size': [0.033663755439403885, 0.20172185302840845, 0.0]}, 'small_block': {'pos': [0.6140097595303955, -0.3535133918987863, 0.1097032402875184], 'size': [0.04461973939918376, 0.0849493067344041, 0.09534921802665242]}}"
1.8549999999999065,0.3919996970560949,0.0,0.4,0.387569916800066,1.0014740953660074e-07,0.399997128589174,"{'table_obstacle': {'pos': [0.3825981920028062, 0.37518922255766707, 0.1646257963690813], 'size': [0.049837904948193595, 0.0813235869879147, 0.05243307039854257]}, 'pillar_obstacle': {'pos': [0.39994824830915515, -0.3824307480766307, 0.23470116647765446], 'size': [0.033663755439403885, 0.20172185302840845, 0.0]}, 'small_block': {'pos': [0.6140097595303955, -0.3535133918987863, 0.1097032402875184], 'size': [0.04461973939918376, 0.0849493067344041, 0.09534921802665242]}}"
1.8559999999999064,0.3919996970560949,0.0,0.4,0.3876329571045225,9.459143634745699e-08,0.399997124071382,"{'table_obstacle': {'pos': [0.3825981920028062, 0.37518922255766707, 0.1646257963690813], 'size': [0.049837904948193595, 0.0813235869879147, 0.05243307039854257]}, 'pillar_obstacle': {'pos': [0.39994824830915515, -0.3824307480766307, 0.23470116647765446], 'size': [0.033663755439403885, 0.20172185302840845, 0.0]}, 'small_block': {'pos': [0.6140097595303955, -0.3535133918987863, 0.1097032402875184], 'size': [0.04461973939918376, 0.0849493067344041, 0.09534921802665242]}}"
1.8569999999999063,0.3919996970560949,0.0,0.4,0.3876951512887493,8.886192073153841e-08,0.3999971216012979,"{'table_obstacle': {'pos': [0.3825981920028062, 0.37518922255766707, 0.1646257963690813], 'size': [0.049837904948193595, 0.0813235869879147, 0.05243307039854257]}, 'pillar_obstacle': {'pos': [0.39994824830915515, -0.3824307480766307, 0.23470116647765446], 'size': [0.033663755439403885, 0.20172185302840845, 0.0]}, 'small_block': {'pos': [0.6140097595303955, -0.3535133918987863, 0.1097032402875184], 'size': [0.04461973939918376, 0.0849493067344041, 0.09534921802665242]}}"
1.8579999999999062,0.3919996970560949,0.0,0.4,0.3877565009788498,8.301338719121436e-08,0.39999712103227697,"{'table_obstacle': {'pos': [0.3825981920028062, 0.37518922255766707, 0.1646257963690813], 'size': [0.049837904948193595, 0.0813235869879147, 0.05243307039854257]}, 'pillar_obstacle': {'pos': [0.39994824830915515, -0.3824307480766307, 0.23470116647765446], 'size': [0.033663755439403885, 0.20172185302840845, 0.0]}, 'small_block': {'pos': [0.6140097595303955, -0.3535133918987863, 0.1097032402875184], 'size': [0.04461973939918376, 0.0849493067344041, 0.09534921802665242]}}"
1.858999999999906,0.3919996970560949,0.0,0.4,0.3878170097734558,7.709177275542159e-08,0.3999971222299559,"{'table_obstacle': {'pos': [0.3825981920028062, 0.37518922255766707, 0.1646257963690813], 'size': [0.049837904948193595, 0.0813235869879147, 0.05243307039854257]}, 'pillar_obstacle': {'pos': [0.39994824830915515, -0.3824307480766307, 0.23470116647765446], 'size': [0.033663755439403885, 0.20172185302840845, 0.0]}, 'small_block': {'pos': [0.6140097595303955, -0.3535133918987863, 0.1097032402875184], 'size': [0.04461973939918376, 0.0849493067344041, 0.09534921802665242]}}"
1.859999999999906,0.3919996970560949,0.0,0.4,0.3878766828347748,7.113557963565708e-08,0.39999712507121676,"{'table_obstacle': {'pos': [0.3825981920028062, 0.37518922255766707, 0.1646257963690813], 'size': [0.049837904948193595, 0.0813235869879147, 0.05243307039854257]}, 'pillar_obstacle': {'pos': [0.39994824830915515, -0.3824307480766307, 0.23470116647765446], 'size': [0.033663755439403885, 0.20172185302840845, 0.0]}, 'small_block': {'pos': [0.6140097595303955, -0.3535133918987863, 0.1097032402875184], 'size': [0.04461973939918376, 0.0849493067344041, 0.09534921802665242]}}"
1.8609999999999058,0.3919996970560949,0.0,0.4,0.387935526558139,6.517690675683169e-08,0.39999712944317417,"{'table_obstacle': {'pos': [0.3825981920028062, 0.37518922255766707, 0.1646257963690813], 'size': [0.049837904948193595, 0.0813235869879147, 0.05243307039854257]}, 'pillar_obstacle': {'pos': [0.39994824830915515, -0.3824307480766307, 0.23470116647765446], 'size': [0.033663755439403885, 0.20172185302840845, 0.0]}, 'small_block': {'pos': [0.6140097595303955, -0.3535133918987863, 0.1097032402875184], 'size': [0.04461973939918376, 0.0849493067344041, 0.09534921802665242]}}"
1.8619999999999057,0.3919996970560949,0.0,0.4,0.3879935483050683,5.924236203402261e-08,0.3999971352422014,"{'table_obstacle': {'pos': [0.3825981920028062, 0.37518922255766707, 0.1646257963690813], 'size': [0.049837904948193595, 0.0813235869879147, 0.05243307039854257]}, 'pillar_obstacle': {'pos': [0.39994824830915515, -0.3824307480766307, 0.23470116647765446], 'size': [0.033663755439403885, 0.20172185302840845, 0.0]}, 'small_block': {'pos': [0.6140097595303955, -0.3535133918987863, 0.1097032402875184], 'size': [0.04461973939918376, 0.0849493067344041, 0.09534921802665242]}}"
1.8629999999999056,0.3919996970560949,0.0,0.4,0.3880507561877218,5.335386609409062e-08,0.3999971423730226,"{'table_obstacle': {'pos': [0.3825981920028062, 0.37518922255766707, 0.1646257963690813], 'size': [0.049837904948193595, 0.0813235869879147, 0.05243307039854257]}, 'pillar_obstacle': {'pos': [0.39994824830915515, -0.3824307480766307, 0.23470116647765446], 'size': [0.033663755439403885, 0.20172185302840845, 0.0]}, 'small_block': {'pos': [0.6140097595303955, -0.3535133918987863, 0.1097032402875184], 'size': [0.04461973939918376, 0.0849493067344041, 0.09534921802665242]}}"
1.8639999999999055,0.3919996970560949,0.0,0.4,0.388107158894922,4.752935125189162e-08,0.3999971507478723,"{'table_obstacle': {'pos': [0.3825981920028062, 0.37518922255766707, 0.1646257963690813], 'size': [0.049837904948193595, 0.0813235869879147, 0.05243307039854257]}, 'pillar_obstacle': {'pos': [0.39994824830915515, -0.3824307480766307, 0.23470116647765446], 'size': [0.033663755439403885, 0.20172185302840845, 0.0]}, 'small_block': {'pos': [0.6140097595303955, -0.3535133918987863, 0.1097032402875184], 'size': [0.04461973939918376, 0.0849493067344041, 0.09534921802665242]}}"
1.8649999999999054,0.3919996970560949,0.0,0.4,0.3881627655518132,4.178336885174633e-08,0.39999716028572996,"{'table_obstacle': {'pos': [0.3825981920028062, 0.37518922255766707, 0.1646257963690813], 'size': [0.049837904948193595, 0.0813235869879147, 0.05243307039854257]}, 'pillar_obstacle': {'pos': [0.39994824830915515, -0.3824307480766307, 0.23470116647765446], 'size': [0.033663755439403885, 0.20172185302840845, 0.0]}, 'small_block': {'pos': [0.6140097595303955, -0.3535133918987863, 0.1097032402875184], 'size': [0.04461973939918376, 0.0849493067344041, 0.09534921802665242]}}"
1.8659999999999053,0.3919996970560949,0.0,0.4,0.38821758560673225,3.612761397008357e-08,0.39999717091162607,"{'table_obstacle': {'pos': [0.3825981920028062, 0.37518922255766707, 0.1646257963690813], 'size': [0.049837904948193595, 0.0813235869879147, 0.05243307039854257]}, 'pillar_obstacle': {'pos': [0.39994824830915515, -0.3824307480766307, 0.23470116647765446], 'size': [0.033663755439403885, 0.20172185302840845, 0.0]}, 'small_block': {'pos': [0.6140097595303955, -0.3535133918987863, 0.1097032402875184], 'size': [0.04461973939918376, 0.0849493067344041, 0.09534921802665242]}}"
1.8669999999999052,0.3919996970560949,0.0,0.4,0.3882716287400868,3.0571373545000096e-08,0.39999718255602046,"{'table_obstacle': {'pos': [0.3825981920028062, 0.37518922255766707, 0.1646257963690813], 'size': [0.049837904948193595, 0.0813235869879147, 0.05243307039854257]}, 'pillar_obstacle': {'pos': [0.39994824830915515, -0.3824307480766307, 0.23470116647765446], 'size': [0.033663755439403885, 0.20172185302840845, 0.0]}, 'small_block': {'pos': [0.6140097595303955, -0.3535133918987863, 0.1097032402875184], 'size': [0.04461973939918376, 0.0849493067344041, 0.09534921802665242]}}"
1.867999999999905,0.3919996970560949,0.0,0.4,0.388324904791042,2.512191343426194e-08,0.3999971951542467,"{'table_obstacle': {'pos': [0.3825981920028062, 0.37518922255766707, 0.1646257963690813], 'size': [0.049837904948193595, 0.0813235869879147, 0.05243307039854257]}, 'pillar_obstacle': {'pos': [0.39994824830915515, -0.3824307480766307, 0.23470116647765446], 'size': [0.033663755439403885, 0.20172185302840845, 0.0]}, 'small_block': {'pos': [0.6140097595303955, -0.3535133918987863, 0.1097032402875184], 'size': [0.04461973939918376, 0.0849493067344041, 0.09534921802665242]}}"
1.868999999999905,0.3919996970560949,0.0,0.4,0.38837742369860706,1.9784805652282654e-08,0.3999972086460191,"{'table_obstacle': {'pos': [0.3825981920028062, 0.37518922255766707, 0.1646257963690813], 'size': [0.049837904948193595, 0.0813235869879147, 0.05243307039854257]}, 'pillar_obstacle': {'pos': [0.39994824830915515, -0.3824307480766307, 0.23470116647765446], 'size': [0.033663755439403885, 0.20172185302840845, 0.0]}, 'small_block': {'pos': [0.6140097595303955, -0.3535133918987863, 0.1097032402875184], 'size': [0.04461973939918376, 0.0849493067344041, 0.09534921802665242]}}"
1.8699999999999048,0.3919996970560949,0.0,0.4,0.38842919545437143,1.4564207742861118e-08,0.39999722297499396,"{'table_obstacle': {'pos': [0.3825981920028062, 0.37518922255766707, 0.1646257963690813], 'size': [0.049837904948193595, 0.0813235869879147, 0.05243307039854257]}, 'pillar_obstacle': {'pos': [0.39994824830915515, -0.3824307480766307, 0.23470116647765446], 'size': [0.033663755439403885, 0.20172185302840845, 0.0]}, 'small_block': {'pos': [0.6140097595303955, -0.3535133918987863, 0.1097032402875184], 'size': [0.04461973939918376, 0.0849493067344041, 0.09534921802665242]}}"
1.8709999999999047,0.3919996970560949,0.0,0.4,0.38848023006465765,9.463099140059269e-09,0.3999972380883863,"{'table_obstacle': {'pos': [0.3825981920028062, 0.37518922255766707, 0.1646257963690813], 'size': [0.049837904948193595, 0.0813235869879147, 0.05243307039854257]}, 'pillar_obstacle': {'pos': [0.39994824830915515, -0.3824307480766307, 0.23470116647765446], 'size': [0.033663755439403885, 0.20172185302840845, 0.0]}, 'small_block': {'pos': [0.6140097595303955, -0.3535133918987863, 0.1097032402875184], 'size': [0.04461973939918376, 0.0849493067344041, 0.09534921802665242]}}"
1.8719999999999046,0.3919996970560949,0.0,0.4,0.3885305375202944,4.4834811429930836e-09,0.39999725393662766,"{'table_obstacle': {'pos': [0.3825981920028062, 0.37518922255766707, 0.1646257963690813], 'size': [0.049837904948193595, 0.0813235869879147, 0.05243307039854257]}, 'pillar_obstacle': {'pos': [0.39994824830915515, -0.3824307480766307, 0.23470116647765446], 'size': [0.033663755439403885, 0.20172185302840845, 0.0]}, 'small_block': {'pos': [0.6140097595303955, -0.3535133918987863, 0.1097032402875184], 'size': [0.04461973939918376, 0.0849493067344041, 0.09534921802665242]}}"
1.8729999999999045,0.3919996970560949,0.0,0.4,0.38858012777254436,-3.734546001541075e-10,0.39999727047306854,"{'table_obstacle': {'pos': [0.3825981920028062, 0.37518922255766707, 0.1646257963690813], 'size': [0.049837904948193595, 0.0813235869879147, 0.05243307039854257]}, 'pillar_obstacle': {'pos': [0.39994824830915515, -0.3824307480766307, 0.23470116647765446], 'size': [0.033663755439403885, 0.20172185302840845, 0.0]}, 'small_block': {'pos': [0.6140097595303955, -0.3535133918987863, 0.1097032402875184], 'size': [0.04461973939918376, 0.0849493067344041, 0.09534921802665242]}}"
1.8739999999999044,0.3919996970560949,0.0,0.4,0.3886290107140117,-5.107183470688304e-09,0.3999972876537143,"{'table_obstacle': {'pos': [0.3825981920028062, 0.37518922255766707, 0.1646257963690813], 'size': [0.049837904948193595, 0.0813235869879147, 0.05243307039854257]}, 'pillar_obstacle': {'pos': [0.39994824830915515, -0.3824307480766307, 0.23470116647765446], 'size': [0.033663755439403885, 0.20172185302840845, 0.0]}, 'small_block': {'pos': [0.6140097595303955, -0.3535133918987863, 0.1097032402875184], 'size': [0.04461973939918376, 0.0849493067344041, 0.09534921802665242]}}"
1.8749999999999043,0.3919996970560949,0.0,0.4,0.3886771961635693,-9.71772982361675e-09,0.399997305436995,"{'table_obstacle': {'pos': [0.3825981920028062, 0.37518922255766707, 0.1646257963690813], 'size': [0.049837904948193595, 0.0813235869879147, 0.05243307039854257]}, 'pillar_obstacle': {'pos': [0.39994824830915515, -0.3824307480766307, 0.23470116647765446], 'size': [0.033663755439403885, 0.20172185302840845, 0.0]}, 'small_block': {'pos': [0.6140097595303955, -0.3535133918987863, 0.1097032402875184], 'size': [0.04461973939918376, 0.0849493067344041, 0.09534921802665242]}}"
1.8759999999999042,0.3919996970560949,0.0,0.4,0.3887246938545383,-1.4205566383464498e-08,0.39999732378356256,"{'table_obstacle': {'pos': [0.3825981920028062, 0.37518922255766707, 0.1646257963690813], 'size': [0.049837904948193595, 0.0813235869879147, 0.05243307039854257]}, 'pillar_obstacle': {'pos': [0.39994824830915515, -0.3824307480766307, 0.23470116647765446], 'size': [0.033663755439403885, 0.20172185302840845, 0.0]}, 'small_block': {'pos': [0.6140097595303955, -0.3535133918987863, 0.1097032402875184], 'size': [0.04461973939918376, 0.0849493067344041, 0.09534921802665242]}}"
1.876999999999904,0.3919996970560949,0.0,0.4,0.38877151342548893,-1.8571530656235237e-08,0.3999973426561098,"{'table_obstacle': {'pos': [0.3825981920028062, 0.37518922255766707, 0.1646257963690813], 'size': [0.049837904948193595, 0.0813235869879147, 0.05243307039854257]}, 'pillar_obstacle': {'pos': [0.39994824830915515, -0.3824307480766307, 0.23470116647765446], 'size': [0.033663755439403885, 0.20172185302840845, 0.0]}, 'small_block': {'pos': [0.6140097595303955, -0.3535133918987863, 0.1097032402875184], 'size': [0.04461973939918376, 0.0849493067344041, 0.09534921802665242]}}"
1.877999999999904,0.3919996970560949,0.0,0.4,0.3888176644131623,-2.2816755935837208e-08,0.3999973620192156,"{'table_obstacle': {'pos': [0.3825981920028062, 0.37518922255766707, 0.1646257963690813], 'size': [0.049837904948193595, 0.0813235869879147, 0.05243307039854257]}, 'pillar_obstacle': {'pos': [0.39994824830915515, -0.3824307480766307, 0.23470116647765446], 'size': [0.033663755439403885, 0.20172185302840845, 0.0]}, 'small_block': {'pos': [0.6140097595303955, -0.3535133918987863, 0.1097032402875184], 'size': [0.04461973939918376, 0.0849493067344041, 0.09534921802665242]}}"
1.8789999999999039,0.3919996970560949,0.0,0.4,0.38886315624709916,-2.6942612134580205e-08,0.3999973818392046,"{'table_obstacle': {'pos': [0.3825981920028062, 0.37518922255766707, 0.1646257963690813], 'size': [0.049837904948193595, 0.0813235869879147, 0.05243307039854257]}, 'pillar_obstacle': {'pos': [0.39994824830915515, -0.3824307480766307, 0.23470116647765446], 'size': [0.033663755439403885, 0.20172185302840845, 0.0]}, 'small_block': {'pos': [0.6140097595303955, -0.3535133918987863, 0.1097032402875184], 'size': [0.04461973939918376, 0.0849493067344041, 0.09534921802665242]}}"
1.8799999999999037,0.3919996970560949,0.0,0.4,0.3889079982456479,-3.0950658423476445e-08,0.3999974020840234,"{'table_obstacle': {'pos': [0.3825981920028062, 0.37518922255766707, 0.1646257963690813], 'size': [0.049837904948193595, 0.0813235869879147, 0.05243307039854257]}, 'pillar_obstacle': {'pos': [0.39994824830915515, -0.3824307480766307, 0.23470116647765446], 'size': [0.033663755439403885, 0.20172185302840845, 0.0]}, 'small_block': {'pos': [0.6140097595303955, -0.3535133918987863, 0.1097032402875184], 'size': [0.04461973939918376, 0.0849493067344041, 0.09534921802665242]}}"
1.8809999999999036,0.3919996970560949,0.0,0.4,0.38895219961308186,-3.484260194217519e-08,0.399997422723133,"{'table_obstacle': {'pos': [0.3825981920028062, 0.37518922255766707, 0.1646257963690813], 'size': [0.049837904948193595, 0.0813235869879147, 0.05243307039854257]}, 'pillar_obstacle': {'pos': [0.39994824830915515, -0.3824307480766307, 0.23470116647765446], 'size': [0.033663755439403885, 0.20172185302840845, 0.0]}, 'small_block': {'pos': [0.6140097595303955, -0.3535133918987863, 0.1097032402875184], 'size': [0.04461973939918376, 0.0849493067344041, 0.09534921802665242]}}"
1.8819999999999035,0.3919996970560949,0.0,0.4,0.3889957694376103,-3.862026578679318e-08,0.39999744372741114,"{'table_obstacle': {'pos': [0.3825981920028062, 0.37518922255766707, 0.1646257963690813], 'size': [0.049837904948193595, 0.0813235869879147, 0.05243307039854257]}, 'pillar_obstacle': {'pos': [0.39994824830915515, -0.3824307480766307, 0.23470116647765446], 'size': [0.033663755439403885, 0.20172185302840845, 0.0]}, 'small_block': {'pos': [0.6140097595303955, -0.3535133918987863, 0.1097032402875184], 'size': [0.04461973939918376, 0.0849493067344041, 0.09534921802665242]}}"
1.8829999999999034,0.3919996970560949,0.0,0.4,0.3890387166901061,-4.22855598728947e-08,0.3999974650690639,"{'table_obstacle': {'pos': [0.3825981920028062, 0.37518922255766707, 0.1646257963690813], 'size': [0.049837904948193595, 0.0813235869879147, 0.05243307039854257]}, 'pillar_obstacle': {'pos': [0.39994824830915515, -0.3824307480766307, 0.23470116647765446], 'size': [0.033663755439403885, 0.20172185302840845, 0.0]}, 'small_block': {'pos': [0.6140097595303955, -0.3535133918987863, 0.1097032402875184], 'size': [0.04461973939918376, 0.0849493067344041, 0.09534921802665242]}}"
1.8839999999999033,0.3919996970560949,0.0,0.4,0.38908105022341327,-4.584045964849188e-08,0.39999748672155083,"{'table_obstacle': {'pos': [0.3825981920028062, 0.37518922255766707, 0.1646257963690813], 'size': [0.049837904948193595, 0.0813235869879147, 0.05243307039854257]}, 'pillar_obstacle': {'pos': [0.39994824830915515, -0.3824307480766307, 0.23470116647765446], 'size': [0.033663755439403885, 0.20172185302840845, 0.0]}, 'small_block': {'pos': [0.6140097595303955, -0.3535133918987863, 0.1097032402875184], 'size': [0.04461973939918376, 0.0849493067344041, 0.09534921802665242]}}"
1.8849999999999032,0.3919996970560949,0.0,0.4,0.389122778772111,-4.9286986338097216e-08,0.39999750865951234,"{'table_obstacle': {'pos': [0.3825981920028062, 0.37518922255766707, 0.1646257963690813], 'size': [0.049837904948193595, 0.0813235869879147, 0.05243307039854257]}, 'pillar_obstacle': {'pos': [0.39994824830915515, -0.3824307480766307, 0.23470116647765446], 'size': [0.033663755439403885, 0.20172185302840845, 0.0]}, 'small_block': {'pos': [0.6140097595303955, -0.3535133918987863, 0.1097032402875184], 'size': [0.04461973939918376, 0.0849493067344041, 0.09534921802665242]}}"
1.885999999999903,0.3919996970560949,0.0,0.4,0.3891639109526501,-5.262719174442559e-08,0.3999975308587087,"{'table_obstacle': {'pos': [0.3825981920028062, 0.37518922255766707, 0.1646257963690813], 'size': [0.049837904948193595, 0.0813235869879147, 0.05243307039854257]}, 'pillar_obstacle': {'pos': [0.39994824830915515, -0.3824307480766307, 0.23470116647765446], 'size': [0.033663755439403885, 0.20172185302840845, 0.0]}, 'small_block': {'pos': [0.6140097595303955, -0.3535133918987863, 0.1097032402875184], 'size': [0.04461973939918376, 0.0849493067344041, 0.09534921802665242]}}"
1.886999999999903,0.3919996970560949,0.0,0.4,0.3892044552637834,-5.5863146045324656e-08,0.39999755329595993,"{'table_obstacle': {'pos': [0.3825981920028062, 0.37518922255766707, 0.1646257963690813], 'size': [0.049837904948193595, 0.0813235869879147, 0.05243307039854257]}, 'pillar_obstacle': {'pos': [0.39994824830915515, -0.3824307480766307, 0.23470116647765446], 'size': [0.033663755439403885, 0.20172185302840845, 0.0]}, 'small_block': {'pos': [0.6140097595303955, -0.3535133918987863, 0.1097032402875184], 'size': [0.04461973939918376, 0.0849493067344041, 0.09534921802665242]}}"
1.8879999999999029,0.3919996970560949,0.0,0.4,0.38924442008722626,-5.89969261467462e-08,0.3999975759490957,"{'table_obstacle': {'pos': [0.3825981920028062, 0.37518922255766707, 0.1646257963690813], 'size': [0.049837904948193595, 0.0813235869879147, 0.05243307039854257]}, 'pillar_obstacle': {'pos': [0.39994824830915515, -0.3824307480766307, 0.23470116647765446], 'size': [0.033663755439403885, 0.20172185302840845, 0.0]}, 'small_block': {'pos': [0.6140097595303955, -0.3535133918987863, 0.1097032402875184], 'size': [0.04461973939918376, 0.0849493067344041, 0.09534921802665242]}}"
1.8889999999999028,0.3919996970560949,0.0,0.4,0.3892838136885057,-6.203060926680939e-08,0.39999759879690683,"{'table_obstacle': {'pos': [0.3825981920028062, 0.37518922255766707, 0.1646257963690813], 'size': [0.049837904948193595, 0.0813235869879147, 0.05243307039854257]}, 'pillar_obstacle': {'pos': [0.39994824830915515, -0.3824307480766307, 0.23470116647765446], 'size': [0.033663755439403885, 0.20172185302840845, 0.0]}, 'small_block': {'pos': [0.6140097595303955, -0.3535133918987863, 0.1097032402875184], 'size': [0.04461973939918376, 0.0849493067344041, 0.09534921802665242]}}"
1.8899999999999026,0.3919996970560949,0.0,0.4,0.38932264421795015,-6.496626370806021e-08,0.3999976218191003,"{'table_obstacle': {'pos': [0.3825981920028062, 0.37518922255766707, 0.1646257963690813], 'size': [0.049837904948193595, 0.0813235869879147, 0.05243307039854257]}, 'pillar_obstacle': {'pos': [0.39994824830915515, -0.3824307480766307, 0.23470116647765446], 'size': [0.033663755439403885, 0.20172185302840845, 0.0]}, 'small_block': {'pos': [0.6140097595303955, -0.3535133918987863, 0.1097032402875184], 'size': [0.04461973939918376, 0.0849493067344041, 0.09534921802665242]}}"
1.8909999999999025,0.3919996970560949,0.0,0.4,0.389360919711795,-6.780594518842837e-08,0.39999764499625906,"{'table_obstacle': {'pos': [0.3825981920028062, 0.37518922255766707, 0.1646257963690813], 'size': [0.049837904948193595, 0.0813235869879147, 0.05243307039854257]}, 'pillar_obstacle': {'pos': [0.39994824830915515, -0.3824307480766307, 0.23470116647765446], 'size': [0.033663755439403885, 0.20172185302840845, 0.0]}, 'small_block': {'pos': [0.6140097595303955, -0.3535133918987863, 0.1097032402875184], 'size': [0.04461973939918376, 0.0849493067344041, 0.09534921802665242]}}"
1.8919999999999024,0.3919996970560949,0.0,0.4,0.3893986480933739,-7.055169151260474e-08,0.39999766830980443,"{'table_obstacle': {'pos': [0.3825981920028062, 0.37518922255766707, 0.1646257963690813], 'size': [0.049837904948193595, 0.0813235869879147, 0.05243307039854257]}, 'pillar_obstacle': {'pos': [0.39994824830915515, -0.3824307480766307, 0.23470116647765446], 'size': [0.033663755439403885, 0.20172185302840845, 0.0]}, 'small_block': {'pos': [0.6140097595303955, -0.3535133918987863, 0.1097032402875184], 'size': [0.04461973939918376, 0.0849493067344041, 0.09534921802665242]}}"
1.8929999999999023,0.3919996970560949,0.0,0.4,0.3894358371743754,-7.32055191437055e-08,0.3999976917419598,"{'table_obstacle': {'pos': [0.3825981920028062, 0.37518922255766707, 0.1646257963690813], 'size': [0.049837904948193595, 0.0813235869879147, 0.05243307039854257]}, 'pillar_obstacle': {'pos': [0.39994824830915515, -0.3824307480766307, 0.23470116647765446], 'size': [0.033663755439403885, 0.20172185302840845, 0.0]}, 'small_block': {'pos': [0.6140097595303955, -0.3535133918987863, 0.1097032402875184], 'size': [0.04461973939918376, 0.0849493067344041, 0.09534921802665242]}}"
1.8939999999999022,0.3919996970560949,0.0,0.4,0.38947249465615075,-7.57694204204795e-08,0.3999977152757188,"{'table_obstacle': {'pos': [0.3825981920028062, 0.37518922255766707, 0.1646257963690813], 'size': [0.049837904948193595, 0.0813235869879147, 0.05243307039854257]}, 'pillar_obstacle': {'pos': [0.39994824830915515, -0.3824307480766307, 0.23470116647765446], 'size': [0.033663755439403885, 0.20172185302840845, 0.0]}, 'small_block': {'pos': [0.6140097595303955, -0.3535133918987863, 0.1097032402875184], 'size': [0.04461973939918376, 0.0849493067344041, 0.09534921802665242]}}"
1.894999999999902,0.3919996970560949,0.0,0.4,0.3895086281310566,-7.824536134539821e-08,0.39999773889481327,"{'table_obstacle': {'pos': [0.3825981920028062, 0.37518922255766707, 0.1646257963690813], 'size': [0.049837904948193595, 0.0813235869879147, 0.05243307039854257]}, 'pillar_obstacle': {'pos': [0.39994824830915515, -0.3824307480766307, 0.23470116647765446], 'size': [0.033663755439403885, 0.20172185302840845, 0.0]}, 'small_block': {'pos': [0.6140097595303955, -0.3535133918987863, 0.1097032402875184], 'size': [0.04461973939918376, 0.0849493067344041, 0.09534921802665242]}}"
1.895999999999902,0.3919996970560949,0.0,0.4,0.38954424508382146,-8.063527983728898e-08,0.3999977625836842,"{'table_obstacle': {'pos': [0.3825981920028062, 0.37518922255766707, 0.1646257963690813], 'size': [0.049837904948193595, 0.0813235869879147, 0.05243307039854257]}, 'pillar_obstacle': {'pos': [0.39994824830915515, -0.3824307480766307, 0.23470116647765446], 'size': [0.033663755439403885, 0.20172185302840845, 0.0]}, 'small_block': {'pos': [0.6140097595303955, -0.3535133918987863, 0.1097032402875184], 'size': [0.04461973939918376, 0.0849493067344041, 0.09534921802665242]}}"
1.8969999999999019,0.3919996970560949,0.0,0.4,0.3895793528929309,-8.294108448807731e-08,0.39999778632745514,"{'table_obstacle': {'pos': [0.3825981920028062, 0.37518922255766707, 0.1646257963690813], 'size': [0.049837904948193595, 0.0813235869879147, 0.05243307039854257]}, 'pillar_obstacle': {'pos': [0.39994824830915515, -0.3824307480766307, 0.23470116647765446], 'size': [0.033663755439403885, 0.20172185302840845, 0.0]}, 'small_block': {'pos': [0.6140097595303955, -0.3535133918987863, 0.1097032402875184], 'size': [0.04461973939918376, 0.0849493067344041, 0.09534921802665242]}}"
1.8979999999999018,0.3919996970560949,0.0,0.4,0.3896139588320195,-8.516465370208596e-08,0.39999781011190494,"{'table_obstacle': {'pos': [0.3825981920028062, 0.37518922255766707, 0.1646257963690813], 'size': [0.049837904948193595, 0.0813235869879147, 0.05243307039854257]}, 'pillar_obstacle': {'pos': [0.39994824830915515, -0.3824307480766307, 0.23470116647765446], 'size': [0.033663755439403885, 0.20172185302840845, 0.0]}, 'small_block': {'pos': [0.6140097595303955, -0.3535133918987863, 0.1097032402875184], 'size': [0.04461973939918376, 0.0849493067344041, 0.09534921802665242]}}"
1.8989999999999017,0.3919996970560949,0.0,0.4,0.3896480700712677,-8.730783449828407e-08,0.399997833923443,"{'table_obstacle': {'pos': [0.3825981920028062, 0.37518922255766707, 0.1646257963690813], 'size': [0.049837904948193595, 0.0813235869879147, 0.05243307039854257]}, 'pillar_obstacle': {'pos': [0.39994824830915515, -0.3824307480766307, 0.23470116647765446], 'size': [0.033663755439403885, 0.20172185302840845, 0.0]}, 'small_block': {'pos': [0.6140097595303955, -0.3535133918987863, 0.1097032402875184], 'size': [0.04461973939918376, 0.0849493067344041, 0.09534921802665242]}}"
1.8999999999999015,0.3919996970560949,0.0,0.4,0.3896816936787978,-8.93724430319076e-08,0.3999978577490856,"{'table_obstacle': {'pos': [0.3825981920028062, 0.37518922255766707, 0.1646257963690813], 'size': [0.049837904948193595, 0.0813235869879147, 0.05243307039854257]}, 'pillar_obstacle': {'pos': [0.39994824830915515, -0.3824307480766307, 0.23470116647765446], 'size': [0.033663755439403885, 0.20172185302840845, 0.0]}, 'small_block': {'pos': [0.6140097595303955, -0.3535133918987863, 0.1097032402875184], 'size': [0.04461973939918376, 0.0849493067344041, 0.09534921802665242]}}"
1.9009999999999014,0.3919996970560949,0.0,0.4,0.38971483662206335,-9.136026328963309e-08,0.3999978815764342,"{'table_obstacle': {'pos': [0.3825981920028062, 0.37518922255766707, 0.1646257963690813], 'size': [0.049837904948193595, 0.0813235869879147, 0.05243307039854257]}, 'pillar_obstacle': {'pos': [0.39994824830915515, -0.3824307480766307, 0.23470116647765446], 'size': [0.033663755439403885, 0.20172185302840845, 0.0]}, 'small_block': {'pos': [0.6140097595303955, -0.3535133918987863, 0.1097032402875184], 'size': [0.04461973939918376, 0.0849493067344041, 0.09534921802665242]}}"
1.9019999999999013,0.3919996970560949,0.0,0.4,0.3897475057692344,-9.327304792492546e-08,0.39999790539365265,"{'table_obstacle': {'pos': [0.3825981920028062, 0.37518922255766707, 0.1646257963690813], 'size': [0.049837904948193595, 0.0813235869879147, 0.05243307039854257]}, 'pillar_obstacle': {'pos': [0.39994824830915515, -0.3824307480766307, 0.23470116647765446], 'size': [0.033663755439403885, 0.20172185302840845, 0.0]}, 'small_block': {'pos': [0.6140097595303955, -0.3535133918987863, 0.1097032402875184], 'size': [0.04461973939918376, 0.0849493067344041, 0.09534921802665242]}}"
1.9029999999999012,0.3919996970560949,0.0,0.4,0.3897797078905697,-9.511251723195837e-08,0.3999979291894475,"{'table_obstacle': {'pos': [0.3825981920028062, 0.37518922255766707, 0.1646257963690813], 'size': [0.049837904948193595, 0.0813235869879147, 0.05243307039854257]}, 'pillar_obstacle': {'pos': [0.39994824830915515, -0.3824307480766307, 0.23470116647765446], 'size': [0.033663755439403885, 0.20172185302840845, 0.0]}, 'small_block': {'pos': [0.6140097595303955, -0.3535133918987863, 0.1097032402875184], 'size': [0.04461973939918376, 0.0849493067344041, 0.09534921802665242]}}"
1.903999999999901,0.3919996970560949,0.0,0.4,0.38981144965978076,-9.68803608322679e-08,0.3999979529530467,"{'table_obstacle': {'pos': [0.3825981920028062, 0.37518922255766707, 0.1646257963690813], 'size': [0.049837904948193595, 0.0813235869879147, 0.05243307039854257]}, 'pillar_obstacle': {'pos': [0.39994824830915515, -0.3824307480766307, 0.23470116647765446], 'size': [0.033663755439403885, 0.20172185302840845, 0.0]}, 'small_block': {'pos': [0.6140097595303955, -0.3535133918987863, 0.1097032402875184], 'size': [0.04461973939918376, 0.0849493067344041, 0.09534921802665242]}}"
1.904999999999901,0.3919996970560949,0.0,0.4,0.38984273765537963,-9.857823571686965e-08,0.39999797667418285,"{'table_obstacle': {'pos': [0.3825981920028062, 0.37518922255766707, 0.1646257963690813], 'size': [0.049837904948193595, 0.0813235869879147, 0.05243307039854257]}, 'pillar_obstacle': {'pos': [0.39994824830915515, -0.3824307480766307, 0.23470116647765446], 'size': [0.033663755439403885, 0.20172185302840845, 0.0]}, 'small_block': {'pos': [0.6140097595303955, -0.3535133918987863, 0.1097032402875184], 'size': [0.04461973939918376, 0.0849493067344041, 0.09534921802665242]}}"
1.9059999999999009,0.3919996970560949,0.0,0.4,0.38987357836201597,-1.002077682895274e-07,0.39999800034307265,"{'table_obstacle': {'pos': [0.3825981920028062, 0.37518922255766707, 0.1646257963690813], 'size': [0.049837904948193595, 0.0813235869879147, 0.05243307039854257]}, 'pillar_obstacle': {'pos': [0.39994824830915515, -0.3824307480766307, 0.23470116647765446], 'size': [0.033663755439403885, 0.20172185302840845, 0.0]}, 'small_block': {'pos': [0.6140097595303955, -0.3535133918987863, 0.1097032402875184], 'size': [0.04461973939918376, 0.0849493067344041, 0.09534921802665242]}}"
1.9069999999999008,0.3919996970560949,0.0,0.4,0.3899039781717967,-1.0177055424696858e-07,0.399998023950401,"{'table_obstacle': {'pos': [0.3825981920028062, 0.37518922255766707, 0.1646257963690813], 'size': [0.049837904948193595, 0.0813235869879147, 0.05243307039854257]}, 'pillar_obstacle': {'pos': [0.39994824830915515, -0.3824307480766307, 0.23470116647765446], 'size': [0.033663755439403885, 0.20172185302840845, 0.0]}, 'small_block': {'pos': [0.6140097595303955, -0.3535133918987863, 0.1097032402875184], 'size': [0.04461973939918376, 0.0849493067344041, 0.09534921802665242]}}"
1.9079999999999007,0.3919996970560949,0.0,0.4,0.3899339433855919,-1.0326815831302281e-07,0.39999804748730244,"{'table_obstacle': {'pos': [0.3825981920028062, 0.37518922255766707, 0.1646257963690813], 'size': [0.049837904948193595, 0.0813235869879147, 0.05243307039854257]}, 'pillar_obstacle': {'pos': [0.39994824830915515, -0.3824307480766307, 0.23470116647765446], 'size': [0.033663755439403885, 0.20172185302840845, 0.0]}, 'small_block': {'pos': [0.6140097595303955, -0.3535133918987863, 0.1097032402875184], 'size': [0.04461973939918376, 0.0849493067344041, 0.09534921802665242]}}"
1.9089999999999006,0.3919996970560949,0.0,0.4,0.3899634802143259,-1.0470211507988848e-07,0.39999807094534645,"{'table_obstacle': {'pos': [0.3825981920028062, 0.37518922255766707, 0.1646257963690813], 'size': [0.049837904948193595, 0.0813235869879147, 0.05243307039854257]}, 'pillar_obstacle': {'pos': [0.39994824830915515, -0.3824307480766307, 0.23470116647765446], 'size': [0.033663755439403885, 0.20172185302840845, 0.0]}, 'small_block': {'pos': [0.6140097595303955, -0.3535133918987863, 0.1097032402875184], 'size': [0.04461973939918376, 0.0849493067344041, 0.09534921802665242]}}"
1.9099999999999004,0.3919996970560949,0.0,0.4,0.38999259478024895,-1.0607392968948303e-07,0.3999980943165209,"{'table_obstacle': {'pos': [0.3825981920028062, 0.37518922255766707, 0.1646257963690813], 'size': [0.049837904948193595, 0.0813235869879147, 0.05243307039854257]}, 'pillar_obstacle': {'pos': [0.39994824830915515, -0.3824307480766307, 0.23470116647765446], 'size': [0.033663755439403885, 0.20172185302840845, 0.0]}, 'small_block': {'pos': [0.6140097595303955, -0.3535133918987863, 0.1097032402875184], 'size': [0.04461973939918376, 0.0849493067344041, 0.09534921802665242]}}"
1.9109999999999003,0.3959996815522972,0.0,0.4,0.39002129311819544,-1.0738507772455865e-07,0.3999981175932166,"{'table_obstacle': {'pos': [0.3825981920028062, 0.37518922255766707, 0.1646257963690813], 'size': [0.049837904948193595, 0.0813235869879147, 0.05243307039854257]}, 'pillar_obstacle': {'pos': [0.39994824830915515, -0.3824307480766307, 0.23470116647765446], 'size': [0.033663755439403885, 0.20172185302840845, 0.0]}, 'small_block': {'pos': [0.6140097595303955, -0.3535133918987863, 0.1097032402875184], 'size': [0.04461973939918376, 0.0849493067344041, 0.09534921802665242]}}"
1.9119999999999002,0.3959996815522972,0.0,0.4,0.3900604892161315,-9.471678089825471e-08,0.39999809880731463,"{'table_obstacle': {'pos': [0.3825981920028062, 0.37518922255766707, 0.1646257963690813], 'size': [0.049837904948193595, 0.0813235869879147, 0.05243307039854257]}, 'pillar_obstacle': {'pos': [0.39994824830915515, -0.3824307480766307, 0.23470116647765446], 'size': [0.033663755439403885, 0.20172185302840845, 0.0]}, 'small_block': {'pos': [0.6140097595303955, -0.3535133918987863, 0.1097032402875184], 'size': [0.04461973939918376, 0.0849493067344041, 0.09534921802665242]}}"
1.9129999999999001,0.3959996815522972,0.0,0.4,0.39010795194181186,-7.387801657028044e-08,0.3999980528335868,"{'table_obstacle': {'pos': [0.3825981920028062, 0.37518922255766707, 0.1646257963690813], 'size': [0.049837904948193595, 0.0813235869879147, 0.05243307039854257]}, 'pillar_obstacle': {'pos': [0.39994824830915515, -0.3824307480766307, 0.23470116647765446], 'size': [0.033663755439403885, 0.20172185302840845, 0.0]}, 'small_block': {'pos': [0.6140097595303955, -0.3535133918987863, 0.1097032402875184], 'size': [0.04461973939918376, 0.0849493067344041, 0.09534921802665242]}}"
1.9139999999999,0.3959996815522972,0.0,0.4,0.3901618790249137,-4.893749815006986e-08,0.39999799021236304,"{'table_obstacle': {'pos': [0.3825981920028062, 0.37518922255766707, 0.1646257963690813], 'size': [0.049837904948193595, 0.0813235869879147, 0.05243307039854257]}, 'pillar_obstacle': {'pos': [0.39994824830915515, -0.3824307480766307, 0.23470116647765446], 'size': [0.033663755439403885, 0.20172185302840845, 0.0]}, 'small_block': {'pos': [0.6140097595303955, -0.3535133918987863, 0.1097032402875184], 'size': [0.04461973939918376, 0.0849493067344041, 0.09534921802665242]}}"
1.9149999999999,0.3959996815522972,0.0,0.4,0.39022081523809105,-2.2681281502856597e-08,0.3999979183695803,"{'table_obstacle': {'pos': [0.3825981920028062, 0.37518922255766707, 0.1646257963690813], 'size': [0.049837904948193595, 0.0813235869879147, 0.05243307039854257]}, 'pillar_obstacle': {'pos': [0.39994824830915515, -0.3824307480766307, 0.23470116647765446], 'size': [0.033663755439403885, 0.20172185302840845, 0.0]}, 'small_block': {'pos': [0.6140097595303955, -0.3535133918987863, 0.1097032402875184], 'size': [0.04461973939918376, 0.0849493067344041, 0.09534921802665242]}}"
1.9159999999998998,0.3959996815522972,0.0,0.4,0.39028358616555797,3.0419842990649546e-09,0.3999978424879804,"{'table_obstacle': {'pos': [0.3825981920028062, 0.37518922255766707, 0.1646257963690813], 'size': [0.049837904948193595, 0.0813235869879147, 0.05243307039854257]}, 'pillar_obstacle': {'pos': [0.39994824830915515, -0.3824307480766307, 0.23470116647765446], 'size': [0.033663755439403885, 0.20172185302840845, 0.0]}, 'small_block': {'pos': [0.6140097595303955, -0.3535133918987863, 0.1097032402875184], 'size': [0.04461973939918376, 0.0849493067344041, 0.09534921802665242]}}"
1.9169999999998997,0.3959996815522972,0.0,0.4,0.3903492445947639,2.7061679375784732e-08,0.39999776613295934,"{'table_obstacle': {'pos': [0.3825981920028062, 0.37518922255766707, 0.1646257963690813], 'size': [0.049837904948193595, 0.0813235869879147, 0.05243307039854257]}, 'pillar_obstacle': {'pos': [0.39994824830915515, -0.3824307480766307, 0.23470116647765446], 'size': [0.033663755439403885, 0.20172185302840845, 0.0]}, 'small_block': {'pos': [0.6140097595303955, -0.3535133918987863, 0.1097032402875184], 'size': [0.04461973939918376, 0.0849493067344041, 0.09534921802665242]}}"
1.9179999999998996,0.3959996815522972,0.0,0.4,0.39041702712867604,4.8691312616873465e-08,0.39999769170454413,"{'table_obstacle': {'pos': [0.3825981920028062, 0.37518922255766707, 0.1646257963690813], 'size': [0.049837904948193595, 0.0813235869879147, 0.05243307039854257]}, 'pillar_obstacle': {'pos': [0.39994824830915515, -0.3824307480766307, 0.23470116647765446], 'size': [0.033663755439403885, 0.20172185302840845, 0.0]}, 'small_block': {'pos': [0.6140097595303955, -0.3535133918987863, 0.1097032402875184], 'size': [0.04461973939918376, 0.0849493067344041, 0.09534921802665242]}}"
1.9189999999998995,0.3959996815522972,0.0,0.4,0.3904863190722778,6.75844136207288e-08,0.3999976207652268,"{'table_obstacle': {'pos': [0.3825981920028062, 0.37518922255766707, 0.1646257963690813], 'size': [0.049837904948193595, 0.0813235869879147, 0.05243307039854257]}, 'pillar_obstacle': {'pos': [0.39994824830915515, -0.3824307480766307, 0.23470116647765446], 'size': [0.033663755439403885, 0.20172185302840845, 0.0]}, 'small_block': {'pos': [0.6140097595303955, -0.3535133918987863, 0.1097032402875184], 'size': [0.04461973939918376, 0.0849493067344041, 0.09534921802665242]}}"
1.9199999999998993,0.3959996815522972,0.0,0.4,0.3905566260167891,8.36281673767706e-08,0.39999755427853534,"{'table_obstacle': {'pos': [0.3825981920028062, 0.37518922255766707, 0.1646257963690813], 'size': [0.049837904948193595, 0.0813235869879147, 0.05243307039854257]}, 'pillar_obstacle': {'pos': [0.39994824830915515, -0.3824307480766307, 0.23470116647765446], 'size': [0.033663755439403885, 0.20172185302840845, 0.0]}, 'small_block': {'pos': [0.6140097595303955, -0.3535133918987863, 0.1097032402875184], 'size': [0.04461973939918376, 0.0849493067344041, 0.09534921802665242]}}"
1.9209999999998992,0.3959996815522972,0.0,0.4,0.3906275508450078,9.686555392893547e-08,0.399997492783003,"{'table_obstacle': {'pos': [0.3825981920028062, 0.37518922255766707, 0.1646257963690813], 'size': [0.049837904948193595, 0.0813235869879147, 0.05243307039854257]}, 'pillar_obstacle': {'pos': [0.39994824830915515, -0.3824307480766307, 0.23470116647765446], 'size': [0.033663755439403885, 0.20172185302840845, 0.0]}, 'small_block': {'pos': [0.6140097595303955, -0.3535133918987863, 0.1097032402875184], 'size': [0.04461973939918376, 0.0849493067344041, 0.09534921802665242]}}"
1.9219999999998991,0.3959996815522972,0.0,0.4,0.39069877512416984,1.0743892707941315e-07,0.3999974365191106,"{'table_obstacle': {'pos': [0.3825981920028062, 0.37518922255766707, 0.1646257963690813], 'size': [0.049837904948193595, 0.0813235869879147, 0.05243307039854257]}, 'pillar_obstacle': {'pos': [0.39994824830915515, -0.3824307480766307, 0.23470116647765446], 'size': [0.033663755439403885, 0.20172185302840845, 0.0]}, 'small_block': {'pos': [0.6140097595303955, -0.3535133918987863, 0.1097032402875184], 'size': [0.04461973939918376, 0.0849493067344041, 0.09534921802665242]}}"
1.922999999999899,0.3959996815522972,0.0,0.4,0.39077004404960275,1.1554963654728575e-07,0.3999973855218359,"{'table_obstacle': {'pos': [0.3825981920028062, 0.37518922255766707, 0.1646257963690813], 'size': [0.049837904948193595, 0.0813235869879147, 0.05243307039854257]}, 'pillar_obstacle': {'pos': [0.39994824830915515, -0.3824307480766307, 0.23470116647765446], 'size': [0.033663755439403885, 0.20172185302840845, 0.0]}, 'small_block': {'pos': [0.6140097595303955, -0.3535133918987863, 0.1097032402875184], 'size': [0.04461973939918376, 0.0849493067344041, 0.09534921802665242]}}"
1.923999999999899,0.3959996815522972,0.0,0.4,0.3908411542618762,1.2142958672142294e-07,0.39999733968794327,"{'table_obstacle': {'pos': [0.3825981920028062, 0.37518922255766707, 0.1646257963690813], 'size': [0.049837904948193595, 0.0813235869879147, 0.05243307039854257]}, 'pillar_obstacle': {'pos': [0.39994824830915515, -0.3824307480766307, 0.23470116647765446], 'size': [0.033663755439403885, 0.20172185302840845, 0.0]}, 'small_block': {'pos': [0.6140097595303955, -0.3535133918987863, 0.1097032402875184], 'size': [0.04461973939918376, 0.0849493067344041, 0.09534921802665242]}}"
1.9249999999998988,0.3959996815522972,0.0,0.4,0.390911943989273,1.25321620548019e-07,0.3999972988246799,"{'table_obstacle': {'pos': [0.3825981920028062, 0.37518922255766707, 0.1646257963690813], 'size': [0.049837904948193595, 0.0813235869879147, 0.05243307039854257]}, 'pillar_obstacle': {'pos': [0.39994824830915515, -0.3824307480766307, 0.23470116647765446], 'size': [0.033663755439403885, 0.20172185302840845, 0.0]}, 'small_block': {'pos': [0.6140097595303955, -0.3535133918987863, 0.1097032402875184], 'size': [0.04461973939918376, 0.0849493067344041, 0.09534921802665242]}}"
1.9259999999998987,0.3959996815522972,0.0,0.4,0.39098228507191585,1.2746637104007565e-07,0.3999972626847614,"{'table_obstacle': {'pos': [0.3825981920028062, 0.37518922255766707, 0.1646257963690813], 'size': [0.049837904948193595, 0.0813235869879147, 0.05243307039854257]}, 'pillar_obstacle': {'pos': [0.39994824830915515, -0.3824307480766307, 0.23470116647765446], 'size': [0.033663755439403885, 0.20172185302840845, 0.0]}, 'small_block': {'pos': [0.6140097595303955, -0.3535133918987863, 0.1097032402875184], 'size': [0.04461973939918376, 0.0849493067344041, 0.09534921802665242]}}"
1.9269999999998986,0.3959996815522972,0.0,0.4,0.3910520765085145,1.2809380729028478e-07,0.39999723099124396,"{'table_obstacle': {'pos': [0.3825981920028062, 0.37518922255766707, 0.1646257963690813], 'size': [0.049837904948193595, 0.0813235869879147, 0.05243307039854257]}, 'pillar_obstacle': {'pos': [0.39994824830915515, -0.3824307480766307, 0.23470116647765446], 'size': [0.033663755439403885, 0.20172185302840845, 0.0]}, 'small_block': {'pos': [0.6140097595303955, -0.3535133918987863, 0.1097032402875184], 'size': [0.04461973939918376, 0.0849493067344041, 0.09534921802665242]}}"
1.9279999999998985,0.3959996815522972,0.0,0.4,0.39112123923517317,1.2741815049307966e-07,0.39999720345495215,"{'table_obstacle': {'pos': [0.3825981920028062, 0.37518922255766707, 0.1646257963690813], 'size': [0.049837904948193595, 0.0813235869879147, 0.05243307039854257]}, 'pillar_obstacle': {'pos': [0.39994824830915515, -0.3824307480766307, 0.23470116647765446], 'size': [0.033663755439403885, 0.20172185302840845, 0.0]}, 'small_block': {'pos': [0.6140097595303955, -0.3535133918987863, 0.1097032402875184], 'size': [0.04461973939918376, 0.0849493067344041, 0.09534921802665242]}}"
1.9289999999998984,0.3959996815522972,0.0,0.4,0.3911897119011428,1.2563516626319116e-07,0.3999971797864358,"{'table_obstacle': {'pos': [0.3825981920028062, 0.37518922255766707, 0.1646257963690813], 'size': [0.049837904948193595, 0.0813235869879147, 0.05243307039854257]}, 'pillar_obstacle': {'pos': [0.39994824830915515, -0.3824307480766307, 0.23470116647765446], 'size': [0.033663755439403885, 0.20172185302840845, 0.0]}, 'small_block': {'pos': [0.6140097595303955, -0.3535133918987863, 0.1097032402875184], 'size': [0.04461973939918376, 0.0849493067344041, 0.09534921802665242]}}"
1.9299999999998982,0.3959996815522972,0.0,0.4,0.39125744745125357,1.2292110565345323e-07,0.39999715970393274,"{'table_obstacle': {'pos': [0.3825981920028062, 0.37518922255766707, 0.1646257963690813], 'size': [0.049837904948193595, 0.0813235869879147, 0.05243307039854257]}, 'pillar_obstacle': {'pos': [0.39994824830915515, -0.3824307480766307, 0.23470116647765446], 'size': [0.033663755439403885, 0.20172185302840845, 0.0]}, 'small_block': {'pos': [0.6140097595303955, -0.3535133918987863, 0.1097032402875184], 'size': [0.04461973939918376, 0.0849493067344041, 0.09534921802665242]}}"
1.9309999999998981,0.3959996815522972,0.0,0.4,0.3913244103610767,1.1943275468037304e-07,0.3999971429384306,"{'table_obstacle': {'pos': [0.3825981920028062, 0.37518922255766707, 0.1646257963690813], 'size': [0.049837904948193595, 0.0813235869879147, 0.05243307039854257]}, 'pillar_obstacle': {'pos': [0.39994824830915515, -0.3824307480766307, 0.23470116647765446], 'size': [0.033663755439403885, 0.20172185302840845, 0.0]}, 'small_block': {'pos': [0.6140097595303955, -0.3535133918987863, 0.1097032402875184], 'size': [0.04461973939918376, 0.0849493067344041, 0.09534921802665242]}}"
1.931999999999898,0.3959996815522972,0.0,0.4,0.3913905744002363,1.1530820205966967e-07,0.39999712923664016,"{'table_obstacle': {'pos': [0.3825981920028062, 0.37518922255766707, 0.1646257963690813], 'size': [0.049837904948193595, 0.0813235869879147, 0.05243307039854257]}, 'pillar_obstacle': {'pos': [0.39994824830915515, -0.3824307480766307, 0.23470116647765446], 'size': [0.033663755439403885, 0.20172185302840845, 0.0]}, 'small_block': {'pos': [0.6140097595303955, -0.3535133918987863, 0.1097032402875184], 'size': [0.04461973939918376, 0.0849493067344041, 0.09534921802665242]}}"
1.932999999999898,0.3959996815522972,0.0,0.4,0.39145592082307534,1.1066804600192343e-07,0.3999971183624971,"{'table_obstacle': {'pos': [0.3825981920028062, 0.37518922255766707, 0.1646257963690813], 'size': [0.049837904948193595, 0.0813235869879147, 0.05243307039854257]}, 'pillar_obstacle': {'pos': [0.39994824830915515, -0.3824307480766307, 0.23470116647765446], 'size': [0.033663755439403885, 0.20172185302840845, 0.0]}, 'small_block': {'pos': [0.6140097595303955, -0.3535133918987863, 0.1097032402875184], 'size': [0.04461973939918376, 0.0849493067344041, 0.09534921802665242]}}"
1.9339999999998978,0.3959996815522972,0.0,0.4,0.39152043690510324,1.0561683786413277e-07,0.39999711009762684,"{'table_obstacle': {'pos': [0.3825981920028062, 0.37518922255766707, 0.1646257963690813], 'size': [0.049837904948193595, 0.0813235869879147, 0.05243307039854257]}, 'pillar_obstacle': {'pos': [0.39994824830915515, -0.3824307480766307, 0.23470116647765446], 'size': [0.033663755439403885, 0.20172185302840845, 0.0]}, 'small_block': {'pos': [0.6140097595303955, -0.3535133918987863, 0.1097032402875184], 'size': [0.04461973939918376, 0.0849493067344041, 0.09534921802665242]}}"
1.9349999999998977,0.3959996815522972,0.0,0.4,0.3915841147592356,1.002446288902098e-07,0.39999710424111484,"{'table_obstacle': {'pos': [0.3825981920028062, 0.37518922255766707, 0.1646257963690813], 'size': [0.049837904948193595, 0.0813235869879147, 0.05243307039854257]}, 'pillar_obstacle': {'pos': [0.39994824830915515, -0.3824307480766307, 0.23470116647765446], 'size': [0.033663755439403885, 0.20172185302840845, 0.0]}, 'small_block': {'pos': [0.6140097595303955, -0.3535133918987863, 0.1097032402875184], 'size': [0.04461973939918376, 0.0849493067344041, 0.09534921802665242]}}"
1.9359999999998976,0.3959996815522972,0.0,0.4,0.3916469503784175,9.46285212570914e-08,0.3999971006088178,"{'table_obstacle': {'pos': [0.3825981920028062, 0.37518922255766707, 0.1646257963690813], 'size': [0.049837904948193595, 0.0813235869879147, 0.05243307039854257]}, 'pillar_obstacle': {'pos': [0.39994824830915515, -0.3824307480766307, 0.23470116647765446], 'size': [0.033663755439403885, 0.20172185302840845, 0.0]}, 'small_block': {'pos': [0.6140097595303955, -0.3535133918987863, 0.1097032402875184], 'size': [0.04461973939918376, 0.0849493067344041, 0.09534921802665242]}}"
1.9369999999998975,0.3959996815522972,0.0,0.4,0.3917089428614246,8.883416814568375e-08,0.3999970990323948,"{'table_obstacle': {'pos': [0.3825981920028062, 0.37518922255766707, 0.1646257963690813], 'size': [0.049837904948193595, 0.0813235869879147, 0.05243307039854257]}, 'pillar_obstacle': {'pos': [0.39994824830915515, -0.3824307480766307, 0.23470116647765446], 'size': [0.033663755439403885, 0.20172185302840845, 0.0]}, 'small_block': {'pos': [0.6140097595303955, -0.3535133918987863, 0.1097032402875184], 'size': [0.04461973939918376, 0.0849493067344041, 0.09534921802665242]}}"
1.9379999999998974,0.3959996815522972,0.0,0.4,0.39177009378687533,8.291717981370613e-08,0.39999709935818195,"{'table_obstacle': {'pos': [0.3825981920028062, 0.37518922255766707, 0.1646257963690813], 'size': [0.049837904948193595, 0.0813235869879147, 0.05243307039854257]}, 'pillar_obstacle': {'pos': [0.39994824830915515, -0.3824307480766307, 0.23470116647765446], 'size': [0.033663755439403885, 0.20172185302840845, 0.0]}, 'small_block': {'pos': [0.6140097595303955, -0.3535133918987863, 0.1097032402875184], 'size': [0.04461973939918376, 0.0849493067344041, 0.09534921802665242]}}"
1.9389999999998973,0.3959996815522972,0.0,0.4,0.3918304067071654,7.692441837018714e-08,0.3999971014460015,"{'table_obstacle': {'pos': [0.3825981920028062, 0.37518922255766707, 0.1646257963690813], 'size': [0.049837904948193595, 0.0813235869879147, 0.05243307039854257]}, 'pillar_obstacle': {'pos': [0.39994824830915515, -0.3824307480766307, 0.23470116647765446], 'size': [0.033663755439403885, 0.20172185302840845, 0.0]}, 'small_block': {'pos': [0.6140097595303955, -0.3535133918987863, 0.1097032402875184], 'size': [0.04461973939918376, 0.0849493067344041, 0.09534921802665242]}}"
1.9399999999998971,0.3959996815522972,0.0,0.4,0.39188988673943403,7.089517155809933e-08,0.3999971051679652,"{'table_obstacle': {'pos': [0.3825981920028062, 0.37518922255766707, 0.1646257963690813], 'size': [0.049837904948193595, 0.0813235869879147, 0.05243307039854257]}, 'pillar_obstacle': {'pos': [0.39994824830915515, -0.3824307480766307, 0.23470116647765446], 'size': [0.033663755439403885, 0.20172185302840845, 0.0]}, 'small_block': {'pos': [0.6140097595303955, -0.3535133918987863, 0.1097032402875184], 'size': [0.04461973939918376, 0.0849493067344041, 0.09534921802665242]}}"
1.940999999999897,0.3959996815522972,0.0,0.4,0.39194854023503617,6.486220087201105e-08,0.39999711040731223,"{'table_obstacle': {'pos': [0.3825981920028062, 0.37518922255766707, 0.1646257963690813], 'size': [0.049837904948193595, 0.0813235869879147, 0.05243307039854257]}, 'pillar_obstacle': {'pos': [0.39994824830915515, -0.3824307480766307, 0.23470116647765446], 'size': [0.033663755439403885, 0.20172185302840845, 0.0]}, 'small_block': {'pos': [0.6140097595303955, -0.3535133918987863, 0.1097032402875184], 'size': [0.04461973939918376, 0.0849493067344041, 0.09534921802665242]}}"
1.941999999999897,0.3959996815522972,0.0,0.4,0.3920063745125367,5.885267219024961e-08,0.39999711705730984,"{'table_obstacle': {'pos': [0.3825981920028062, 0.37518922255766707, 0.1646257963690813], 'size': [0.049837904948193595, 0.0813235869879147, 0.05243307039854257]}, 'pillar_obstacle': {'pos': [0.39994824830915515, -0.3824307480766307, 0.23470116647765446], 'size': [0.033663755439403885, 0.20172185302840845, 0.0]}, 'small_block': {'pos': [0.6140097595303955, -0.3535133918987863, 0.1097032402875184], 'size': [0.04461973939918376, 0.0849493067344041, 0.09534921802665242]}}"
1.9429999999998968,0.3959996815522972,0.0,0.4,0.39206339764209674,5.2888972662348156e-08,0.3999971250202289,"{'table_obstacle': {'pos': [0.3825981920028062, 0.37518922255766707, 0.1646257963690813], 'size': [0.049837904948193595, 0.0813235869879147, 0.05243307039854257]}, 'pillar_obstacle': {'pos': [0.39994824830915515, -0.3824307480766307, 0.23470116647765446], 'size': [0.033663755439403885, 0.20172185302840845, 0.0]}, 'small_block': {'pos': [0.6140097595303955, -0.3535133918987863, 0.1097032402875184], 'size': [0.04461973939918376, 0.0849493067344041, 0.09534921802665242]}}"
1.9439999999998967,0.3959996815522972,0.0,0.4,0.3921196182714408,4.698942325591499e-08,0.3999971342064056,"{'table_obstacle': {'pos': [0.3825981920028062, 0.37518922255766707, 0.1646257963690813], 'size': [0.049837904948193595, 0.0813235869879147, 0.05243307039854257]}, 'pillar_obstacle': {'pos': [0.39994824830915515, -0.3824307480766307, 0.23470116647765446], 'size': [0.033663755439403885, 0.20172185302840845, 0.0]}, 'small_block': {'pos': [0.6140097595303955, -0.3535133918987863, 0.1097032402875184], 'size': [0.04461973939918376, 0.0849493067344041, 0.09534921802665242]}}"
1.9449999999998966,0.3959996815522972,0.0,0.4,0.3921750454854643,4.1168896756613705e-08,0.39999714453338764,"{'table_obstacle': {'pos': [0.3825981920028062, 0.37518922255766707, 0.1646257963690813], 'size': [0.049837904948193595, 0.0813235869879147, 0.05243307039854257]}, 'pillar_obstacle': {'pos': [0.39994824830915515, -0.3824307480766307, 0.23470116647765446], 'size': [0.033663755439403885, 0.20172185302840845, 0.0]}, 'small_block': {'pos': [0.6140097595303955, -0.3535133918987863, 0.1097032402875184], 'size': [0.04461973939918376, 0.0849493067344041, 0.09534921802665242]}}"
1.9459999999998965,0.3959996815522972,0.0,0.4,0.39222968869305463,3.543935287564582e-08,0.39999715592516705,"{'table_obstacle': {'pos': [0.3825981920028062, 0.37518922255766707, 0.1646257963690813], 'size': [0.049837904948193595, 0.0813235869879147, 0.05243307039854257]}, 'pillar_obstacle': {'pos': [0.39994824830915515, -0.3824307480766307, 0.23470116647765446], 'size': [0.033663755439403885, 0.20172185302840845, 0.0]}, 'small_block': {'pos': [0.6140097595303955, -0.3535133918987863, 0.1097032402875184], 'size': [0.04461973939918376, 0.0849493067344041, 0.09534921802665242]}}"
1.9469999999998964,0.3959996815522972,0.0,0.4,0.39228355753593075,2.981029539095036e-08,0.39999716831149285,"{'table_obstacle': {'pos': [0.3825981920028062, 0.37518922255766707, 0.1646257963690813], 'size': [0.049837904948193595, 0.0813235869879147, 0.05243307039854257]}, 'pillar_obstacle': {'pos': [0.39994824830915515, -0.3824307480766307, 0.23470116647765446], 'size': [0.033663755439403885, 0.20172185302840845, 0.0]}, 'small_block': {'pos': [0.6140097595303955, -0.3535133918987863, 0.1097032402875184], 'size': [0.04461973939918376, 0.0849493067344041, 0.09534921802665242]}}"
1.9479999999998963,0.3959996815522972,0.0,0.4,0.39233666181529,2.428916553454841e-08,0.3999971816272599,"{'table_obstacle': {'pos': [0.3825981920028062, 0.37518922255766707, 0.1646257963690813], 'size': [0.049837904948193595, 0.0813235869879147, 0.05243307039854257]}, 'pillar_obstacle': {'pos': [0.39994824830915515, -0.3824307480766307, 0.23470116647765446], 'size': [0.033663755439403885, 0.20172185302840845, 0.0]}, 'small_block': {'pos': [0.6140097595303955, -0.3535133918987863, 0.1097032402875184], 'size': [0.04461973939918376, 0.0849493067344041, 0.09534921802665242]}}"
1.9489999999998961,0.3959996815522972,0.0,0.4,0.39238901143286287,1.8881675637342833e-08,0.3999971958119693,"{'table_obstacle': {'pos': [0.3825981920028062, 0.37518922255766707, 0.1646257963690813], 'size': [0.049837904948193595, 0.0813235869879147, 0.05243307039854257]}, 'pillar_obstacle': {'pos': [0.39994824830915515, -0.3824307480766307, 0.23470116647765446], 'size': [0.033663755439403885, 0.20172185302840845, 0.0]}, 'small_block': {'pos': [0.6140097595303955, -0.3535133918987863, 0.1097032402875184], 'size': [0.04461973939918376, 0.0849493067344041, 0.09534921802665242]}}"
1.949999999999896,0.3959996815522972,0.0,0.4,0.39244061634361843,1.3592094751420831e-08,0.39999721080925027,"{'table_obstacle': {'pos': [0.3825981920028062, 0.37518922255766707, 0.1646257963690813], 'size': [0.049837904948193595, 0.0813235869879147, 0.05243307039854257]}, 'pillar_obstacle': {'pos': [0.39994824830915515, -0.3824307480766307, 0.23470116647765446], 'size': [0.033663755439403885, 0.20172185302840845, 0.0]}, 'small_block': {'pos': [0.6140097595303955, -0.3535133918987863, 0.1097032402875184], 'size': [0.04461973939918376, 0.0849493067344041, 0.09534921802665242]}}"
1.950999999999896,0.3959996815522972,0.0,0.4,0.3924914865178919,8.423488840429983e-09,0.3999972265664409,"{'table_obstacle': {'pos': [0.3825981920028062, 0.37518922255766707, 0.1646257963690813], 'size': [0.049837904948193595, 0.0813235869879147, 0.05243307039854257]}, 'pillar_obstacle': {'pos': [0.39994824830915515, -0.3824307480766307, 0.23470116647765446], 'size': [0.033663755439403885, 0.20172185302840845, 0.0]}, 'small_block': {'pos': [0.6140097595303955, -0.3535133918987863, 0.1097032402875184], 'size': [0.04461973939918376, 0.0849493067344041, 0.09534921802665242]}}"
1.9519999999998958,0.3959996815522972,0.0,0.4,0.392541631911132,3.377925266037916e-09,0.3999972430342182,"{'table_obstacle': {'pos': [0.3825981920028062, 0.37518922255766707, 0.1646257963690813], 'size': [0.049837904948193595, 0.0813235869879147, 0.05243307039854257]}, 'pillar_obstacle': {'pos': [0.39994824830915515, -0.3824307480766307, 0.23470116647765446], 'size': [0.033663755439403885, 0.20172185302840845, 0.0]}, 'small_block': {'pos': [0.6140097595303955, -0.3535133918987863, 0.1097032402875184], 'size': [0.04461973939918376, 0.0849493067344041, 0.09534921802665242]}}"
1.9529999999998957,0.3959996815522972,0.0,0.4,0.3925910624398087,-1.5433553644832519e-09,0.39999726016627724,"{'table_obstacle': {'pos': [0.3825981920028062, 0.37518922255766707, 0.1646257963690813], 'size': [0.049837904948193595, 0.0813235869879147, 0.05243307039854257]}, 'pillar_obstacle': {'pos': [0.39994824830915515, -0.3824307480766307, 0.23470116647765446], 'size': [0.033663755439403885, 0.20172185302840845, 0.0]}, 'small_block': {'pos': [0.6140097595303955, -0.3535133918987863, 0.1097032402875184], 'size': [0.04461973939918376, 0.0849493067344041, 0.09534921802665242]}}"
1.9539999999998956,0.3959996815522972,0.0,0.4,0.3926397879623009,-6.339794193612163e-09,0.399997277919045,"{'table_obstacle': {'pos': [0.3825981920028062, 0.37518922255766707, 0.1646257963690813], 'size': [0.049837904948193595, 0.0813235869879147, 0.05243307039854257]}, 'pillar_obstacle': {'pos': [0.39994824830915515, -0.3824307480766307, 0.23470116647765446], 'size': [0.033663755439403885, 0.20172185302840845, 0.0]}, 'small_block': {'pos': [0.6140097595303955, -0.3535133918987863, 0.1097032402875184], 'size': [0.04461973939918376, 0.0849493067344041, 0.09534921802665242]}}"
1.9549999999998955,0.3959996815522972,0.0,0.4,0.39268781826380694,-1.1011393350607826e-08,0.3999972962514341,"{'table_obstacle': {'pos': [0.3825981920028062, 0.37518922255766707, 0.1646257963690813], 'size': [0.049837904948193595, 0.0813235869879147, 0.05243307039854257]}, 'pillar_obstacle': {'pos': [0.39994824830915515, -0.3824307480766307, 0.23470116647765446], 'size': [0.033663755439403885, 0.20172185302840845, 0.0]}, 'small_block': {'pos': [0.6140097595303955, -0.3535133918987863, 0.1097032402875184], 'size': [0.04461973939918376, 0.0849493067344041, 0.09534921802665242]}}"
1.9559999999998954,0.3959996815522972,0.0,0.4,0.3927351630445073,-1.5558612939490133e-08,0.39999731512462544,"{'table_obstacle': {'pos': [0.3825981920028062, 0.37518922255766707, 0.1646257963690813], 'size': [0.049837904948193595, 0.0813235869879147, 0.05243307039854257]}, 'pillar_obstacle': {'pos': [0.39994824830915515, -0.3824307480766307, 0.23470116647765446], 'size': [0.033663755439403885, 0.20172185302840845, 0.0]}, 'small_block': {'pos': [0.6140097595303955, -0.3535133918987863, 0.1097032402875184], 'size': [0.04461973939918376, 0.0849493067344041, 0.09534921802665242]}}"
1.9569999999998953,0.3959996815522972,0.0,0.4,0.3927818319103516,-1.9982286833279602e-08,0.3999973345018764,"{'table_obstacle': {'pos': [0.3825981920028062, 0.37518922255766707, 0.1646257963690813], 'size': [0.049837904948193595, 0.0813235869879147, 0.05243307039854257]}, 'pillar_obstacle': {'pos': [0.39994824830915515, -0.3824307480766307, 0.23470116647765446], 'size': [0.033663755439403885, 0.20172185302840845, 0.0]}, 'small_block': {'pos': [0.6140097595303955, -0.3535133918987863, 0.1097032402875184], 'size': [0.04461973939918376, 0.0849493067344041, 0.09534921802665242]}}"
1.9579999999998952,0.3959996815522972,0.0,0.4,0.3928278343659672,-2.4283550536764524e-08,0.39999735434835465,"{'table_obstacle': {'pos': [0.3825981920028062, 0.37518922255766707, 0.1646257963690813], 'size': [0.049837904948193595, 0.0813235869879147, 0.05243307039854257]}, 'pillar_obstacle': {'pos': [0.39994824830915515, -0.3824307480766307, 0.23470116647765446], 'size': [0.033663755439403885, 0.20172185302840845, 0.0]}, 'small_block': {'pos': [0.6140097595303955, -0.3535133918987863, 0.1097032402875184], 'size': [0.04461973939918376, 0.0849493067344041, 0.09534921802665242]}}"
1.958999999999895,0.3959996815522972,0.0,0.4,0.3928731798092757,-2.8463782609425163e-08,0.39999737463099044,"{'table_obstacle': {'pos': [0.3825981920028062, 0.37518922255766707, 0.1646257963690813], 'size': [0.049837904948193595, 0.0813235869879147, 0.05243307039854257]}, 'pillar_obstacle': {'pos': [0.39994824830915515, -0.3824307480766307, 0.23470116647765446], 'size': [0.033663755439403885, 0.20172185302840845, 0.0]}, 'small_block': {'pos': [0.6140097595303955, -0.3535133918987863, 0.1097032402875184], 'size': [0.04461973939918376, 0.0849493067344041, 0.09534921802665242]}}"
1.959999999999895,0.3959996815522972,0.0,0.4,0.3929178775274894,-3.252455448328695e-08,0.39999739531834677,"{'table_obstacle': {'pos': [0.3825981920028062, 0.37518922255766707, 0.1646257963690813], 'size': [0.049837904948193595, 0.0813235869879147, 0.05243307039854257]}, 'pillar_obstacle': {'pos': [0.39994824830915515, -0.3824307480766307, 0.23470116647765446], 'size': [0.033663755439403885, 0.20172185302840845, 0.0]}, 'small_block': {'pos': [0.6140097595303955, -0.3535133918987863, 0.1097032402875184], 'size': [0.04461973939918376, 0.0849493067344041, 0.09534921802665242]}}"
1.9609999999998948,0.3959996815522972,0.0,0.4,0.39296193669421875,-3.646759036516098e-08,0.39999741638050507,"{'table_obstacle': {'pos': [0.3825981920028062, 0.37518922255766707, 0.1646257963690813], 'size': [0.049837904948193595, 0.0813235869879147, 0.05243307039854257]}, 'pillar_obstacle': {'pos': [0.39994824830915515, -0.3824307480766307, 0.23470116647765446], 'size': [0.033663755439403885, 0.20172185302840845, 0.0]}, 'small_block': {'pos': [0.6140097595303955, -0.3535133918987863, 0.1097032402875184], 'size': [0.04461973939918376, 0.0849493067344041, 0.09534921802665242]}}"
1.9619999999998947,0.3959996815522972,0.0,0.4,0.39300536636747224,-4.0294732283274795e-08,0.3999974377889641,"{'table_obstacle': {'pos': [0.3825981920028062, 0.37518922255766707, 0.1646257963690813], 'size': [0.049837904948193595, 0.0813235869879147, 0.05243307039854257]}, 'pillar_obstacle': {'pos': [0.39994824830915515, -0.3824307480766307, 0.23470116647765446], 'size': [0.033663755439403885, 0.20172185302840845, 0.0]}, 'small_block': {'pos': [0.6140097595303955, -0.3535133918987863, 0.1097032402875184], 'size': [0.04461973939918376, 0.0849493067344041, 0.09534921802665242]}}"
1.9629999999998946,0.3959996815522972,0.0,0.4,0.3930481754883778,-4.4007912477613634e-08,0.3999974595165487,"{'table_obstacle': {'pos': [0.3825981920028062, 0.37518922255766707, 0.1646257963690813], 'size': [0.049837904948193595, 0.0813235869879147, 0.05243307039854257]}, 'pillar_obstacle': {'pos': [0.39994824830915515, -0.3824307480766307, 0.23470116647765446], 'size': [0.033663755439403885, 0.20172185302840845, 0.0]}, 'small_block': {'pos': [0.6140097595303955, -0.3535133918987863, 0.1097032402875184], 'size': [0.04461973939918376, 0.0849493067344041, 0.09534921802665242]}}"
1.9639999999998945,0.3959996815522972,0.0,0.4,0.39309037288047705,-4.7609129618078053e-08,0.39999748153732917,"{'table_obstacle': {'pos': [0.3825981920028062, 0.37518922255766707, 0.1646257963690813], 'size': [0.049837904948193595, 0.0813235869879147, 0.05243307039854257]}, 'pillar_obstacle': {'pos': [0.39994824830915515, -0.3824307480766307, 0.23470116647765446], 'size': [0.033663755439403885, 0.20172185302840845, 0.0]}, 'small_block': {'pos': [0.6140097595303955, -0.3535133918987863, 0.1097032402875184], 'size': [0.04461973939918376, 0.0849493067344041, 0.09534921802665242]}}"
1.9649999999998944,0.3959996815522972,0.0,0.4,0.39313196724948535,-5.1100430399990874e-08,0.3999975038265493,"{'table_obstacle': {'pos': [0.3825981920028062, 0.37518922255766707, 0.1646257963690813], 'size': [0.049837904948193595, 0.0813235869879147, 0.05243307039854257]}, 'pillar_obstacle': {'pos': [0.39994824830915515, -0.3824307480766307, 0.23470116647765446], 'size': [0.033663755439403885, 0.20172185302840845, 0.0]}, 'small_block': {'pos': [0.6140097595303955, -0.3535133918987863, 0.1097032402875184], 'size': [0.04461973939918376, 0.0849493067344041, 0.09534921802665242]}}"
1.9659999999998943,0.3959996815522972,0.0,0.4,0.3931729671834183,-5.4483892639806646e-08,0.39999752636056235,"{'table_obstacle': {'pos': [0.3825981920028062, 0.37518922255766707, 0.1646257963690813], 'size': [0.049837904948193595, 0.0813235869879147, 0.05243307039854257]}, 'pillar_obstacle': {'pos': [0.39994824830915515, -0.3824307480766307, 0.23470116647765446], 'size': [0.033663755439403885, 0.20172185302840845, 0.0]}, 'small_block': {'pos': [0.6140097595303955, -0.3535133918987863, 0.1097032402875184], 'size': [0.04461973939918376, 0.0849493067344041, 0.09534921802665242]}}"
1.9669999999998942,0.3959996815522972,0.0,0.4,0.39321338115301424,-5.776161367251914e-08,0.3999975491167699,"{'table_obstacle': {'pos': [0.3825981920028062, 0.37518922255766707, 0.1646257963690813], 'size': [0.049837904948193595, 0.0813235869879147, 0.05243307039854257]}, 'pillar_obstacle': {'pos': [0.39994824830915515, -0.3824307480766307, 0.23470116647765446], 'size': [0.033663755439403885, 0.20172185302840845, 0.0]}, 'small_block': {'pos': [0.6140097595303955, -0.3535133918987863, 0.1097032402875184], 'size': [0.04461973939918376, 0.0849493067344041, 0.09534921802665242]}}"
1.967999999999894,0.3959996815522972,0.0,0.4,0.3932532175123897,-6.093569820109767e-08,0.3999975720735701,"{'table_obstacle': {'pos': [0.3825981920028062, 0.37518922255766707, 0.1646257963690813], 'size': [0.049837904948193595, 0.0813235869879147, 0.05243307039854257]}, 'pillar_obstacle': {'pos': [0.39994824830915515, -0.3824307480766307, 0.23470116647765446], 'size': [0.033663755439403885, 0.20172185302840845, 0.0]}, 'small_block': {'pos': [0.6140097595303955, -0.3535133918987863, 0.1097032402875184], 'size': [0.04461973939918376, 0.0849493067344041, 0.09534921802665242]}}"
1.968999999999894,0.3959996815522972,0.0,0.4,0.39329248449987836,-6.400825124378783e-08,0.39999759521030886,"{'table_obstacle': {'pos': [0.3825981920028062, 0.37518922255766707, 0.1646257963690813], 'size': [0.049837904948193595, 0.0813235869879147, 0.05243307039854257]}, 'pillar_obstacle': {'pos': [0.39994824830915515, -0.3824307480766307, 0.23470116647765446], 'size': [0.033663755439403885, 0.20172185302840845, 0.0]}, 'small_block': {'pos': [0.6140097595303955, -0.3535133918987863, 0.1097032402875184], 'size': [0.04461973939918376, 0.0849493067344041, 0.09534921802665242]}}"
1.9699999999998938,0.3959996815522972,0.0,0.4,0.3933311902390174,-6.698136942524274e-08,0.39999761850723425,"{'table_obstacle': {'pos': [0.3825981920028062, 0.37518922255766707, 0.1646257963690813], 'size': [0.049837904948193595, 0.0813235869879147, 0.05243307039854257]}, 'pillar_obstacle': {'pos': [0.39994824830915515, -0.3824307480766307, 0.23470116647765446], 'size': [0.033663755439403885, 0.20172185302840845, 0.0]}, 'small_block': {'pos': [0.6140097595303955, -0.3535133918987863, 0.1097032402875184], 'size': [0.04461973939918376, 0.0849493067344041, 0.09534921802665242]}}"
1.9709999999998937,0.3959996815522972,0.0,0.4,0.3933693427396441,-6.985713716947357e-08,0.3999976419454556,"{'table_obstacle': {'pos': [0.3825981920028062, 0.37518922255766707, 0.1646257963690813], 'size': [0.049837904948193595, 0.0813235869879147, 0.05243307039854257]}, 'pillar_obstacle': {'pos': [0.39994824830915515, -0.3824307480766307, 0.23470116647765446], 'size': [0.033663755439403885, 0.20172185302840845, 0.0]}, 'small_block': {'pos': [0.6140097595303955, -0.3535133918987863, 0.1097032402875184], 'size': [0.04461973939918376, 0.0849493067344041, 0.09534921802665242]}}"
1.9719999999998936,0.3959996815522972,0.0,0.4,0.39340694989908204,-7.263762010216503e-08,0.3999976655069058,"{'table_obstacle': {'pos': [0.3825981920028062, 0.37518922255766707, 0.1646257963690813], 'size': [0.049837904948193595, 0.0813235869879147, 0.05243307039854257]}, 'pillar_obstacle': {'pos': [0.39994824830915515, -0.3824307480766307, 0.23470116647765446], 'size': [0.033663755439403885, 0.20172185302840845, 0.0]}, 'small_block': {'pos': [0.6140097595303955, -0.3535133918987863, 0.1097032402875184], 'size': [0.04461973939918376, 0.0849493067344041, 0.09534921802665242]}}"
1.9729999999998935,0.3959996815522972,0.0,0.4,0.3934440195033912,-7.532486344884795e-08,0.39999768917430617,"{'table_obstacle': {'pos': [0.3825981920028062, 0.37518922255766707, 0.1646257963690813], 'size': [0.049837904948193595, 0.0813235869879147, 0.05243307039854257]}, 'pillar_obstacle': {'pos': [0.39994824830915515, -0.3824307480766307, 0.23470116647765446], 'size': [0.033663755439403885, 0.20172185302840845, 0.0]}, 'small_block': {'pos': [0.6140097595303955, -0.3535133918987863, 0.1097032402875184], 'size': [0.04461973939918376, 0.0849493067344041, 0.09534921802665242]}}"
1.9739999999998934,0.3959996815522972,0.0,0.4,0.39348055922867,-7.792088698595584e-08,0.39999771293113207,"{'table_obstacle': {'pos': [0.3825981920028062, 0.37518922255766707, 0.1646257963690813], 'size': [0.049837904948193595, 0.0813235869879147, 0.05243307039854257]}, 'pillar_obstacle': {'pos': [0.39994824830915515, -0.3824307480766307, 0.23470116647765446], 'size': [0.033663755439403885, 0.20172185302840845, 0.0]}, 'small_block': {'pos': [0.6140097595303955, -0.3535133918987863, 0.1097032402875184], 'size': [0.04461973939918376, 0.0849493067344041, 0.09534921802665242]}}"
1.9749999999998933,0.3959996815522972,0.0,0.4,0.3935165766423916,-8.042768503149e-08,0.39999773676158323,"{'table_obstacle': {'pos': [0.3825981920028062, 0.37518922255766707, 0.1646257963690813], 'size': [0.049837904948193595, 0.0813235869879147, 0.05243307039854257]}, 'pillar_obstacle': {'pos': [0.39994824830915515, -0.3824307480766307, 0.23470116647765446], 'size': [0.033663755439403885, 0.20172185302840845, 0.0]}, 'small_block': {'pos': [0.6140097595303955, -0.3535133918987863, 0.1097032402875184], 'size': [0.04461973939918376, 0.0849493067344041, 0.09534921802665242]}}"
1.9759999999998932,0.3959996815522972,0.0,0.4,0.3935520792047656,-8.284722284765391e-08,0.39999776065055415,"{'table_obstacle': {'pos': [0.3825981920028062, 0.37518922255766707, 0.1646257963690813], 'size': [0.049837904948193595, 0.0813235869879147, 0.05243307039854257]}, 'pillar_obstacle': {'pos': [0.39994824830915515, -0.3824307480766307, 0.23470116647765446], 'size': [0.033663755439403885, 0.20172185302840845, 0.0]}, 'small_block': {'pos': [0.6140097595303955, -0.3535133918987863, 0.1097032402875184], 'size': [0.04461973939918376, 0.0849493067344041, 0.09534921802665242]}}"
1.976999999999893,0.3959996815522972,0.0,0.4,0.3935870742701169,-8.51814363874747e-08,0.39999778458360696,"{'table_obstacle': {'pos': [0.3825981920028062, 0.37518922255766707, 0.1646257963690813], 'size': [0.049837904948193595, 0.0813235869879147, 0.05243307039854257]}, 'pillar_obstacle': {'pos': [0.39994824830915515, -0.3824307480766307, 0.23470116647765446], 'size': [0.033663755439403885, 0.20172185302840845, 0.0]}, 'small_block': {'pos': [0.6140097595303955, -0.3535133918987863, 0.1097032402875184], 'size': [0.04461973939918376, 0.0849493067344041, 0.09534921802665242]}}"
1.977999999999893,0.3959996815522972,0.0,0.4,0.3936215690882725,-8.743223056001184e-08,0.399997808546945,"{'table_obstacle': {'pos': [0.3825981920028062, 0.37518922255766707, 0.1646257963690813], 'size': [0.049837904948193595, 0.0813235869879147, 0.05243307039854257]}, 'pillar_obstacle': {'pos': [0.39994824830915515, -0.3824307480766307, 0.23470116647765446], 'size': [0.033663755439403885, 0.20172185302840845, 0.0]}, 'small_block': {'pos': [0.6140097595303955, -0.3535133918987863, 0.1097032402875184], 'size': [0.04461973939918376, 0.0849493067344041, 0.09534921802665242]}}"
1.9789999999998928,0.3959996815522972,0.0,0.4,0.3936555708059525,-8.960147924213676e-08,0.39999783252738885,"{'table_obstacle': {'pos': [0.3825981920028062, 0.37518922255766707, 0.1646257963690813], 'size': [0.049837904948193595, 0.0813235869879147, 0.05243307039854257]}, 'pillar_obstacle': {'pos': [0.39994824830915515, -0.3824307480766307, 0.23470116647765446], 'size': [0.033663755439403885, 0.20172185302840845, 0.0]}, 'small_block': {'pos': [0.6140097595303955, -0.3535133918987863, 0.1097032402875184], 'size': [0.04461973939918376, 0.0849493067344041, 0.09534921802665242]}}"
1.9799999999998927,0.3959996815522972,0.0,0.4,0.393689086468161,-9.169102456816995e-08,0.3999978565123528,"{'table_obstacle': {'pos': [0.3825981920028062, 0.37518922255766707, 0.1646257963690813], 'size': [0.049837904948193595, 0.0813235869879147, 0.05243307039854257]}, 'pillar_obstacle': {'pos': [0.39994824830915515, -0.3824307480766307, 0.23470116647765446], 'size': [0.033663755439403885, 0.20172185302840845, 0.0]}, 'small_block': {'pos': [0.6140097595303955, -0.3535133918987863, 0.1097032402875184], 'size': [0.04461973939918376, 0.0849493067344041, 0.09534921802665242]}}"
1.9809999999998926,0.3959996815522972,0.0,0.4,0.39372212301957243,-9.370267630771568e-08,0.39999788048982216,"{'table_obstacle': {'pos': [0.3825981920028062, 0.37518922255766707, 0.1646257963690813], 'size': [0.049837904948193595, 0.0813235869879147, 0.05243307039854257]}, 'pillar_obstacle': {'pos': [0.39994824830915515, -0.3824307480766307, 0.23470116647765446], 'size': [0.033663755439403885, 0.20172185302840845, 0.0]}, 'small_block': {'pos': [0.6140097595303955, -0.3535133918987863, 0.1097032402875184], 'size': [0.04461973939918376, 0.0849493067344041, 0.09534921802665242]}}"
1.9819999999998925,0.3959996815522972,0.0,0.4,0.39375468730590774,-9.563821212346917e-08,0.3999979044483322,"{'table_obstacle': {'pos': [0.3825981920028062, 0.37518922255766707, 0.1646257963690813], 'size': [0.049837904948193595, 0.0813235869879147, 0.05243307039854257]}, 'pillar_obstacle': {'pos': [0.39994824830915515, -0.3824307480766307, 0.23470116647765446], 'size': [0.033663755439403885, 0.20172185302840845, 0.0]}, 'small_block': {'pos': [0.6140097595303955, -0.3535133918987863, 0.1097032402875184], 'size': [0.04461973939918376, 0.0849493067344041, 0.09534921802665242]}}"
1.9829999999998924,0.3959996815522972,0.0,0.4,0.3937867860753052,-9.749937776788196e-08,0.3999979283769482,"{'table_obstacle': {'pos': [0.3825981920028062, 0.37518922255766707, 0.1646257963690813], 'size': [0.049837904948193595, 0.0813235869879147, 0.05243307039854257]}, 'pillar_obstacle': {'pos': [0.39994824830915515, -0.3824307480766307, 0.23470116647765446], 'size': [0.033663755439403885, 0.20172185302840845, 0.0]}, 'small_block': {'pos': [0.6140097595303955, -0.3535133918987863, 0.1097032402875184], 'size': [0.04461973939918376, 0.0849493067344041, 0.09534921802665242]}}"
1.9839999999998923,0.3959996815522972,0.0,0.4,0.3938184259796768,-9.928788651143385e-08,0.3999979522652452,"{'table_obstacle': {'pos': [0.3825981920028062, 0.37518922255766707, 0.1646257963690813], 'size': [0.049837904948193595, 0.0813235869879147, 0.05243307039854257]}, 'pillar_obstacle': {'pos': [0.39994824830915515, -0.3824307480766307, 0.23470116647765446], 'size': [0.033663755439403885, 0.20172185302840845, 0.0]}, 'small_block': {'pos': [0.6140097595303955, -0.3535133918987863, 0.1097032402875184], 'size': [0.04461973939918376, 0.0849493067344041, 0.09534921802665242]}}"
1.9849999999998922,0.3959996815522972,0.0,0.4,0.3938496135760543,-1.01005419802269e-07,0.3999979761032905,"{'table_obstacle': {'pos': [0.3825981920028062, 0.37518922255766707, 0.1646257963690813], 'size': [0.049837904948193595, 0.0813235869879147, 0.05243307039854257]}, 'pillar_obstacle': {'pos': [0.39994824830915515, -0.3824307480766307, 0.23470116647765446], 'size': [0.033663755439403885, 0.20172185302840845, 0.0]}, 'small_block': {'pos': [0.6140097595303955, -0.3535133918987863, 0.1097032402875184], 'size': [0.04461973939918376, 0.0849493067344041, 0.09534921802665242]}}"
1.985999999999892,0.3959996815522972,0.0,0.4,0.39388035532791804,-1.0265362767144444e-07,0.39999799988162404,"{'table_obstacle': {'pos': [0.3825981920028062, 0.37518922255766707, 0.1646257963690813], 'size': [0.049837904948193595, 0.0813235869879147, 0.05243307039854257]}, 'pillar_obstacle': {'pos': [0.39994824830915515, -0.3824307480766307, 0.23470116647765446], 'size': [0.033663755439403885, 0.20172185302840845, 0.0]}, 'small_block': {'pos': [0.6140097595303955, -0.3535133918987863, 0.1097032402875184], 'size': [0.04461973939918376, 0.0849493067344041, 0.09534921802665242]}}"
1.986999999999892,0.3959996815522972,0.0,0.4,0.3939106576065153,-1.0423412886932834e-07,0.39999802359124215,"{'table_obstacle': {'pos': [0.3825981920028062, 0.37518922255766707, 0.1646257963690813], 'size': [0.049837904948193595, 0.0813235869879147, 0.05243307039854257]}, 'pillar_obstacle': {'pos': [0.39994824830915515, -0.3824307480766307, 0.23470116647765446], 'size': [0.033663755439403885, 0.20172185302840845, 0.0]}, 'small_block': {'pos': [0.6140097595303955, -0.3535133918987863, 0.1097032402875184], 'size': [0.04461973939918376, 0.0849493067344041, 0.09534921802665242]}}"
1.9879999999998919,0.3959996815522972,0.0,0.4,0.3939405266921597,-1.0574851079760778e-07,0.3999980472235819,"{'table_obstacle': {'pos': [0.3825981920028062, 0.37518922255766707, 0.1646257963690813], 'size': [0.049837904948193595, 0.0813235869879147, 0.05243307039854257]}, 'pillar_obstacle': {'pos': [0.39994824830915515, -0.3824307480766307, 0.23470116647765446], 'size': [0.033663755439403885, 0.20172185302840845, 0.0]}, 'small_block': {'pos': [0.6140097595303955, -0.3535133918987863, 0.1097032402875184], 'size': [0.04461973939918376, 0.0849493067344041, 0.09534921802665242]}}"
1.9889999999998917,0.3959996815522972,0.0,0.4,0.39396996877551727,-1.0719833052210839e-07,0.39999807077050265,"{'table_obstacle': {'pos': [0.3825981920028062, 0.37518922255766707, 0.1646257963690813], 'size': [0.049837904948193595, 0.0813235869879147, 0.05243307039854257]}, 'pillar_obstacle': {'pos': [0.39994824830915515, -0.3824307480766307, 0.23470116647765446], 'size': [0.033663755439403885, 0.20172185302840845, 0.0]}, 'small_block': {'pos': [0.6140097595303955, -0.3535133918987863, 0.1097032402875184], 'size': [0.04461973939918376, 0.0849493067344041, 0.09534921802665242]}}"
1.9899999999998916,0.3999996658043474,0.0,0.4,0.39399898995887545,-1.0858511509415667e-07,0.3999980942242728,"{'table_obstacle': {'pos': [0.3825981920028062, 0.37518922255766707, 0.1646257963690813], 'size': [0.049837904948193595, 0.0813235869879147, 0.05243307039854257]}, 'pillar_obstacle': {'pos': [0.39994824830915515, -0.3824307480766307, 0.23470116647765446], 'size': [0.033663755439403885, 0.20172185302840845, 0.0]}, 'small_block': {'pos': [0.6140097595303955, -0.3535133918987863, 0.1097032402875184], 'size': [0.04461973939918376, 0.0849493067344041, 0.09534921802665242]}}"
1.9909999999998915,0.3999996658043474,0.0,0.4,0.3940385027032361,-9.574525044122441e-08,0.3999980739317584,"{'table_obstacle': {'pos': [0.3825981920028062, 0.37518922255766707, 0.1646257963690813], 'size': [0.049837904948193595, 0.0813235869879147, 0.05243307039854257]}, 'pillar_obstacle': {'pos': [0.39994824830915515, -0.3824307480766307, 0.23470116647765446], 'size': [0.033663755439403885, 0.20172185302840845, 0.0]}, 'small_block': {'pos': [0.6140097595303955, -0.3535133918987863, 0.1097032402875184], 'size': [0.04461973939918376, 0.0849493067344041, 0.09534921802665242]}}"
1.9919999999998914,0.3999996658043474,0.0,0.4,0.3940862765141807,-7.458683062256127e-08,0.3999980254366994,"{'table_obstacle': {'pos': [0.3825981920028062, 0.37518922255766707, 0.1646257963690813], 'size': [0.049837904948193595, 0.0813235869879147, 0.05243307039854257]}, 'pillar_obstacle': {'pos': [0.39994824830915515, -0.3824307480766307, 0.23470116647765446], 'size': [0.033663755439403885, 0.20172185302840845, 0.0]}, 'small_block': {'pos': [0.6140097595303955, -0.3535133918987863, 0.1097032402875184], 'size': [0.04461973939918376, 0.0849493067344041, 0.09534921802665242]}}"
1.9929999999998913,0.3999996658043474,0.0,0.4,0.3941405095959124,-4.9248925190867876e-08,0.3999979597583317,"{'table_obstacle': {'pos': [0.3825981920028062, 0.37518922255766707, 0.1646257963690813], 'size': [0.049837904948193595, 0.0813235869879147, 0.05243307039854257]}, 'pillar_obstacle': {'pos': [0.39994824830915515, -0.3824307480766307, 0.23470116647765446], 'size': [0.033663755439403885, 0.20172185302840845, 0.0]}, 'small_block': {'pos': [0.6140097595303955, -0.3535133918987863, 0.1097032402875184], 'size': [0.04461973939918376, 0.0849493067344041, 0.09534921802665242]}}"
1.9939999999998912,0.3999996658043474,0.0,0.4,0.394199747075105,-2.256650893591897e-08,0.3999978846578786,"{'table_obstacle': {'pos': [0.3825981920028062, 0.37518922255766707, 0.1646257963690813], 'size': [0.049837904948193595, 0.0813235869879147, 0.05243307039854257]}, 'pillar_obstacle': {'pos': [0.39994824830915515, -0.3824307480766307, 0.23470116647765446], 'size': [0.033663755439403885, 0.20172185302840845, 0.0]}, 'small_block': {'pos': [0.6140097595303955, -0.3535133918987863, 0.1097032402875184], 'size': [0.04461973939918376, 0.0849493067344041, 0.09534921802665242]}}"
1.994999999999891,0.3999996658043474,0.0,0.4,0.3942628148012279,3.578706223815181e-09,0.3999978055459954,"{'table_obstacle': {'pos': [0.3825981920028062, 0.37518922255766707, 0.1646257963690813], 'size': [0.049837904948193595, 0.0813235869879147, 0.05243307039854257]}, 'pillar_obstacle': {'pos': [0.39994824830915515, -0.3824307480766307, 0.23470116647765446], 'size': [0.033663755439403885, 0.20172185302840845, 0.0]}, 'small_block': {'pos': [0.6140097595303955, -0.3535133918987863, 0.1097032402875184], 'size': [0.04461973939918376, 0.0849493067344041, 0.09534921802665242]}}"
1.995999999999891,0.3999996658043474,0.0,0.4,0.39432876576179415,2.7994654370516625e-08,0.3999977261366623,"{'table_obstacle': {'pos': [0.3825981920028062, 0.37518922255766707, 0.1646257963690813], 'size': [0.049837904948193595, 0.0813235869879147, 0.05243307039854257]}, 'pillar_obstacle': {'pos': [0.39994824830915515, -0.3824307480766307, 0.23470116647765446], 'size': [0.033663755439403885, 0.20172185302840845, 0.0]}, 'small_block': {'pos': [0.6140097595303955, -0.3535133918987863, 0.1097032402875184], 'size': [0.04461973939918376, 0.0849493067344041, 0.09534921802665242]}}"
1.9969999999998909,0.3999996658043474,0.0,0.4,0.39439683671216696,4.998181213498047e-08,0.3999976489206706,"{'table_obstacle': {'pos': [0.3825981920028062, 0.37518922255766707, 0.1646257963690813], 'size': [0.049837904948193595, 0.0813235869879147, 0.05243307039854257]}, 'pillar_obstacle': {'pos': [0.39994824830915515, -0.3824307480766307, 0.23470116647765446], 'size': [0.033663755439403885, 0.20172185302840845, 0.0]}, 'small_block': {'pos': [0.6140097595303955, -0.3535133918987863, 0.1097032402875184], 'size': [0.04461973939918376, 0.0849493067344041, 0.09534921802665242]}}"
1.9979999999998908,0.3999996658043474,0.0,0.4,0.3944664130750709,6.918668026969647e-08,0.39999757550981846,"{'table_obstacle': {'pos': [0.3825981920028062, 0.37518922255766707, 0.1646257963690813], 'size': [0.049837904948193595, 0.0813235869879147, 0.05243307039854257]}, 'pillar_obstacle': {'pos': [0.39994824830915515, -0.3824307480766307, 0.23470116647765446], 'size': [0.033663755439403885, 0.20172185302840845, 0.0]}, 'small_block': {'pos': [0.6140097595303955, -0.3535133918987863, 0.1097032402875184], 'size': [0.04461973939918376, 0.0849493067344041, 0.09534921802665242]}}"
1.9989999999998906,0.3999996658043474,0.0,0.4,0.39453700053446983,8.549361794192104e-08,0.39999750688781716,"{'table_obstacle': {'pos': [0.3825981920028062, 0.37518922255766707, 0.1646257963690813], 'size': [0.049837904948193595, 0.0813235869879147, 0.05243307039854257]}, 'pillar_obstacle': {'pos': [0.39994824830915515, -0.3824307480766307, 0.23470116647765446], 'size': [0.033663755439403885, 0.20172185302840845, 0.0]}, 'small_block': {'pos': [0.6140097595303955, -0.3535133918987863, 0.1097032402875184], 'size': [0.04461973939918376, 0.0849493067344041, 0.09534921802665242]}}"
1.9999999999998905,0.3999996658043474,0.0,0.4,0.3946082020480485,9.89456457477438e-08,0.39999744359346645,"{'table_obstacle': {'pos': [0.3825981920028062, 0.37518922255766707, 0.1646257963690813], 'size': [0.049837904948193595, 0.0813235869879147, 0.05243307039854257]}, 'pillar_obstacle': {'pos': [0.39994824830915515, -0.3824307480766307, 0.23470116647765446], 'size': [0.033663755439403885, 0.20172185302840845, 0.0]}, 'small_block': {'pos': [0.6140097595303955, -0.3535133918987863, 0.1097032402875184], 'size': [0.04461973939918376, 0.0849493067344041, 0.09534921802665242]}}"
2.0009999999998906,0.3999996658043474,0.0,0.4,0.39467969924533747,1.0968704394669492e-07,0.3999973858544025,"{'table_obstacle': {'pos': [0.3825981920028062, 0.37518922255766707, 0.1646257963690813], 'size': [0.049837904948193595, 0.0813235869879147, 0.05243307039854257]}, 'pillar_obstacle': {'pos': [0.39994824830915515, -0.3824307480766307, 0.23470116647765446], 'size': [0.033663755439403885, 0.20172185302840845, 0.0]}, 'small_block': {'pos': [0.6140097595303955, -0.3535133918987863, 0.1097032402875184], 'size': [0.04461973939918376, 0.0849493067344041, 0.09534921802665242]}}"
2.0019999999998905,0.3999996658043474,0.0,0.4,0.3947512373752223,1.1792225802349039e-07,0.39999733368460655,"{'table_obstacle': {'pos': [0.3825981920028062, 0.37518922255766707, 0.1646257963690813], 'size': [0.049837904948193595, 0.0813235869879147, 0.05243307039854257]}, 'pillar_obstacle': {'pos': [0.39994824830915515, -0.3824307480766307, 0.23470116647765446], 'size': [0.033663755439403885, 0.20172185302840845, 0.0]}, 'small_block': {'pos': [0.6140097595303955, -0.3535133918987863, 0.1097032402875184], 'size': [0.04461973939918376, 0.0849493067344041, 0.09534921802665242]}}"
2.0029999999998904,0.3999996658043474,0.0,0.4,0.3948226131259022,1.23886947855023e-07,0.39999728695526277,"{'table_obstacle': {'pos': [0.3825981920028062, 0.37518922255766707, 0.1646257963690813], 'size': [0.049837904948193595, 0.0813235869879147, 0.05243307039854257]}, 'pillar_obstacle': {'pos': [0.39994824830915515, -0.3824307480766307, 0.23470116647765446], 'size': [0.033663755439403885, 0.20172185302840845, 0.0]}, 'small_block': {'pos': [0.6140097595303955, -0.3535133918987863, 0.1097032402875184], 'size': [0.04461973939918376, 0.0849493067344041, 0.09534921802665242]}}"
2.0039999999998903,0.3999996658043474,0.0,0.4,0.3948936647693818,1.2782800906668926e-07,0.39999724544596726,"{'table_obstacle': {'pos': [0.3825981920028062, 0.37518922255766707, 0.1646257963690813], 'size': [0.049837904948193595, 0.0813235869879147, 0.05243307039854257]}, 'pillar_obstacle': {'pos': [0.39994824830915515, -0.3824307480766307, 0.23470116647765446], 'size': [0.033663755439403885, 0.20172185302840845, 0.0]}, 'small_block': {'pos': [0.6140097595303955, -0.3535133918987863, 0.1097032402875184], 'size': [0.04461973939918376, 0.0849493067344041, 0.09534921802665242]}}"
2.00499999999989,0.3999996658043474,0.0,0.4,0.3949642641870399,1.2999017603402374e-07,0.39999720888144397,"{'table_obstacle': {'pos': [0.3825981920028062, 0.37518922255766707, 0.1646257963690813], 'size': [0.049837904948193595, 0.0813235869879147, 0.05243307039854257]}, 'pillar_obstacle': {'pos': [0.39994824830915515, -0.3824307480766307, 0.23470116647765446], 'size': [0.033663755439403885, 0.20172185302840845, 0.0]}, 'small_block': {'pos': [0.6140097595303955, -0.3535133918987863, 0.1097032402875184], 'size': [0.04461973939918376, 0.0849493067344041, 0.09534921802665242]}}"
2.00599999999989,0.3999996658043474,0.0,0.4,0.39503431041738357,1.3060740317962192e-07,0.3999971769575667,"{'table_obstacle': {'pos': [0.3825981920028062, 0.37518922255766707, 0.1646257963690813], 'size': [0.049837904948193595, 0.0813235869879147, 0.05243307039854257]}, 'pillar_obstacle': {'pos': [0.39994824830915515, -0.3824307480766307, 0.23470116647765446], 'size': [0.033663755439403885, 0.20172185302840845, 0.0]}, 'small_block': {'pos': [0.6140097595303955, -0.3535133918987863, 0.1097032402875184], 'size': [0.04461973939918376, 0.0849493067344041, 0.09534921802665242]}}"
2.00699999999989,0.3999996658043474,0.0,0.4,0.39510372443554753,1.2989767501774847e-07,0.39999714935951336,"{'table_obstacle': {'pos': [0.3825981920028062, 0.37518922255766707, 0.1646257963690813], 'size': [0.049837904948193595, 0.0813235869879147, 0.05243307039854257]}, 'pillar_obstacle': {'pos': [0.39994824830915515, -0.3824307480766307, 0.23470116647765446], 'size': [0.033663755439403885, 0.20172185302840845, 0.0]}, 'small_block': {'pos': [0.6140097595303955, -0.3535133918987863, 0.1097032402875184], 'size': [0.04461973939918376, 0.0849493067344041, 0.09534921802665242]}}"
2.00799999999989,0.3999996658043474,0.0,0.4,0.3951724449295041,1.2806023894795302e-07,0.3999971257741451,"{'table_obstacle': {'pos': [0.3825981920028062, 0.37518922255766707, 0.1646257963690813], 'size': [0.049837904948193595, 0.0813235869879147, 0.05243307039854257]}, 'pillar_obstacle': {'pos': [0.39994824830915515, -0.3824307480766307, 0.23470116647765446], 'size': [0.033663755439403885, 0.20172185302840845, 0.0]}, 'small_block': {'pos': [0.6140097595303955, -0.3535133918987863, 0.1097032402875184], 'size': [0.04461973939918376, 0.0849493067344041, 0.09534921802665242]}}"
2.0089999999998898,0.3999996658043474,0.0,0.4,0.39524042488278543,1.2527451409217195e-07,0.399997105898173,"{'table_obstacle': {'pos': [0.3825981920028062, 0.37518922255766707, 0.1646257963690813], 'size': [0.049837904948193595, 0.0813235869879147, 0.05243307039854257]}, 'pillar_obstacle': {'pos': [0.39994824830915515, -0.3824307480766307, 0.23470116647765446], 'size': [0.033663755439403885, 0.20172185302840845, 0.0]}, 'small_block': {'pos': [0.6140097595303955, -0.3535133918987863, 0.1097032402875184], 'size': [0.04461973939918376, 0.0849493067344041, 0.09534921802665242]}}"
2.0099999999998897,0.3999996658043474,0.0,0.4,0.39530762880981585,1.2170013312780485e-07,0.3999970894432775,"{'table_obstacle': {'pos': [0.3825981920028062, 0.37518922255766707, 0.1646257963690813], 'size': [0.049837904948193595, 0.0813235869879147, 0.05243307039854257]}, 'pillar_obstacle': {'pos': [0.39994824830915515, -0.3824307480766307, 0.23470116647765446], 'size': [0.033663755439403885, 0.20172185302840845, 0.0]}, 'small_block': {'pos': [0.6140097595303955, -0.3535133918987863, 0.1097032402875184], 'size': [0.04461973939918376, 0.0849493067344041, 0.09534921802665242]}}"
2.0109999999998895,0.3999996658043474,0.0,0.4,0.39537403051930947,1.1747771570056379e-07,0.39999707613903834,"{'table_obstacle': {'pos': [0.3825981920028062, 0.37518922255766707, 0.1646257963690813], 'size': [0.049837904948193595, 0.0813235869879147, 0.05243307039854257]}, 'pillar_obstacle': {'pos': [0.39994824830915515, -0.3824307480766307, 0.23470116647765446], 'size': [0.033663755439403885, 0.20172185302840845, 0.0]}, 'small_block': {'pos': [0.6140097595303955, -0.3535133918987863, 0.1097032402875184], 'size': [0.04461973939918376, 0.0849493067344041, 0.09534921802665242]}}"
2.0119999999998894,0.3999996658043474,0.0,0.4,0.39543961130496036,1.1273008947813423e-07,0.39999706573432575,"{'table_obstacle': {'pos': [0.3825981920028062, 0.37518922255766707, 0.1646257963690813], 'size': [0.049837904948193595, 0.0813235869879147, 0.05243307039854257]}, 'pillar_obstacle': {'pos': [0.39994824830915515, -0.3824307480766307, 0.23470116647765446], 'size': [0.033663755439403885, 0.20172185302840845, 0.0]}, 'small_block': {'pos': [0.6140097595303955, -0.3535133918987863, 0.1097032402875184], 'size': [0.04461973939918376, 0.0849493067344041, 0.09534921802665242]}}"
2.0129999999998893,0.3999996658043474,0.0,0.4,0.39550435848188153,1.0756375545522116e-07,0.3999970579976214,"{'table_obstacle': {'pos': [0.3825981920028062, 0.37518922255766707, 0.1646257963690813], 'size': [0.049837904948193595, 0.0813235869879147, 0.05243307039854257]}, 'pillar_obstacle': {'pos': [0.39994824830915515, -0.3824307480766307, 0.23470116647765446], 'size': [0.033663755439403885, 0.20172185302840845, 0.0]}, 'small_block': {'pos': [0.6140097595303955, -0.3535133918987863, 0.1097032402875184], 'size': [0.04461973939918376, 0.0849493067344041, 0.09534921802665242]}}"
2.013999999999889,0.3999996658043474,0.0,0.4,0.3955682642028032,1.0207045707954672e-07,0.39999705271662034,"{'table_obstacle': {'pos': [0.3825981920028062, 0.37518922255766707, 0.1646257963690813], 'size': [0.049837904948193595, 0.0813235869879147, 0.05243307039854257]}, 'pillar_obstacle': {'pos': [0.39994824830915515, -0.3824307480766307, 0.23470116647765446], 'size': [0.033663755439403885, 0.20172185302840845, 0.0]}, 'small_block': {'pos': [0.6140097595303955, -0.3535133918987863, 0.1097032402875184], 'size': [0.04461973939918376, 0.0849493067344041, 0.09534921802665242]}}"
2.014999999999889,0.3999996658043474,0.0,0.4,0.39563132450064814,9.632875693323623e-08,0.3999970496973707,"{'table_obstacle': {'pos': [0.3825981920028062, 0.37518922255766707, 0.1646257963690813], 'size': [0.049837904948193595, 0.0813235869879147, 0.05243307039854257]}, 'pillar_obstacle': {'pos': [0.39994824830915515, -0.3824307480766307, 0.23470116647765446], 'size': [0.033663755439403885, 0.20172185302840845, 0.0]}, 'small_block': {'pos': [0.6140097595303955, -0.3535133918987863, 0.1097032402875184], 'size': [0.04461973939918376, 0.0849493067344041, 0.09534921802665242]}}"
2.015999999999889,0.3999996658043474,0.0,0.4,0.39569353851426947,9.040556102173502e-08,0.39999704876313247,"{'table_obstacle': {'pos': [0.3825981920028062, 0.37518922255766707, 0.1646257963690813], 'size': [0.049837904948193595, 0.0813235869879147, 0.05243307039854257]}, 'pillar_obstacle': {'pos': [0.39994824830915515, -0.3824307480766307, 0.23470116647765446], 'size': [0.033663755439403885, 0.20172185302840845, 0.0]}, 'small_block': {'pos': [0.6140097595303955, -0.3535133918987863, 0.1097032402875184], 'size': [0.04461973939918376, 0.0849493067344041, 0.09534921802665242]}}"
2.016999999999889,0.3999996658043474,0.0,0.4,0.39575490786240247,8.435754834096294e-08,0.3999970497530878,"{'table_obstacle': {'pos': [0.3825981920028062, 0.37518922255766707, 0.1646257963690813], 'size': [0.049837904948193595, 0.0813235869879147, 0.05243307039854257]}, 'pillar_obstacle': {'pos': [0.39994824830915515, -0.3824307480766307, 0.23470116647765446], 'size': [0.033663755439403885, 0.20172185302840845, 0.0]}, 'small_block': {'pos': [0.6140097595303955, -0.3535133918987863, 0.1097032402875184], 'size': [0.04461973939918376, 0.0849493067344041, 0.09534921802665242]}}"
2.0179999999998888,0.3999996658043474,0.0,0.4,0.3958154361375371,7.823248866829011e-08,0.3999970525209988,"{'table_obstacle': {'pos': [0.3825981920028062, 0.37518922255766707, 0.1646257963690813], 'size': [0.049837904948193595, 0.0813235869879147, 0.05243307039854257]}, 'pillar_obstacle': {'pos': [0.39994824830915515, -0.3824307480766307, 0.23470116647765446], 'size': [0.033663755439403885, 0.20172185302840845, 0.0]}, 'small_block': {'pos': [0.6140097595303955, -0.3535133918987863, 0.1097032402875184], 'size': [0.04461973939918376, 0.0849493067344041, 0.09534921802665242]}}"
2.0189999999998887,0.3999996658043474,0.0,0.4,0.3958751284968252,7.207043514086139e-08,0.3999970569338673,"{'table_obstacle': {'pos': [0.3825981920028062, 0.37518922255766707, 0.1646257963690813], 'size': [0.049837904948193595, 0.0813235869879147, 0.05243307039854257]}, 'pillar_obstacle': {'pos': [0.39994824830915515, -0.3824307480766307, 0.23470116647765446], 'size': [0.033663755439403885, 0.20172185302840845, 0.0]}, 'small_block': {'pos': [0.6140097595303955, -0.3535133918987863, 0.1097032402875184], 'size': [0.04461973939918376, 0.0849493067344041, 0.09534921802665242]}}"
2.0199999999998886,0.3999996658043474,0.0,0.4,0.39593399133149776,6.590479225552602e-08,0.3999970628706472,"{'table_obstacle': {'pos': [0.3825981920028062, 0.37518922255766707, 0.1646257963690813], 'size': [0.049837904948193595, 0.0813235869879147, 0.05243307039854257]}, 'pillar_obstacle': {'pos': [0.39994824830915515, -0.3824307480766307, 0.23470116647765446], 'size': [0.033663755439403885, 0.20172185302840845, 0.0]}, 'small_block': {'pos': [0.6140097595303955, -0.3535133918987863, 0.1097032402875184], 'size': [0.04461973939918376, 0.0849493067344041, 0.09534921802665242]}}"
2.0209999999998884,0.3999996658043474,0.0,0.4,0.39599203199981026,5.976326261337669e-08,0.3999970702210321,"{'table_obstacle': {'pos': [0.3825981920028062, 0.37518922255766707, 0.1646257963690813], 'size': [0.049837904948193595, 0.0813235869879147, 0.05243307039854257]}, 'pillar_obstacle': {'pos': [0.39994824830915515, -0.3824307480766307, 0.23470116647765446], 'size': [0.033663755439403885, 0.20172185302840845, 0.0]}, 'small_block': {'pos': [0.6140097595303955, -0.3535133918987863, 0.1097032402875184], 'size': [0.04461973939918376, 0.0849493067344041, 0.09534921802665242]}}"
2.0219999999998883,0.3999996658043474,0.0,0.4,0.3960492586113849,5.366867824902661e-08,0.39999707888432856,"{'table_obstacle': {'pos': [0.3825981920028062, 0.37518922255766707, 0.1646257963690813], 'size': [0.049837904948193595, 0.0813235869879147, 0.05243307039854257]}, 'pillar_obstacle': {'pos': [0.39994824830915515, -0.3824307480766307, 0.23470116647765446], 'size': [0.033663755439403885, 0.20172185302840845, 0.0]}, 'small_block': {'pos': [0.6140097595303955, -0.3535133918987863, 0.1097032402875184], 'size': [0.04461973939918376, 0.0849493067344041, 0.09534921802665242]}}"
2.022999999999888,0.3999996658043474,0.0,0.4,0.39610567985313805,4.7639726496409926e-08,0.3999970887684298,"{'table_obstacle': {'pos': [0.3825981920028062, 0.37518922255766707, 0.1646257963690813], 'size': [0.049837904948193595, 0.0813235869879147, 0.05243307039854257]}, 'pillar_obstacle': {'pos': [0.39994824830915515, -0.3824307480766307, 0.23470116647765446], 'size': [0.033663755439403885, 0.20172185302840845, 0.0]}, 'small_block': {'pos': [0.6140097595303955, -0.3535133918987863, 0.1097032402875184], 'size': [0.04461973939918376, 0.0849493067344041, 0.09534921802665242]}}"
2.023999999999888,0.3999996658043474,0.0,0.4,0.3961613048488542,4.169158027749906e-08,0.39999709978888454,"{'table_obstacle': {'pos': [0.3825981920028062, 0.37518922255766707, 0.1646257963690813], 'size': [0.049837904948193595, 0.0813235869879147, 0.05243307039854257]}, 'pillar_obstacle': {'pos': [0.39994824830915515, -0.3824307480766307, 0.23470116647765446], 'size': [0.033663755439403885, 0.20172185302840845, 0.0]}, 'small_block': {'pos': [0.6140097595303955, -0.3535133918987863, 0.1097032402875184], 'size': [0.04461973939918376, 0.0849493067344041, 0.09534921802665242]}}"
2.024999999999888,0.3999996658043474,0.0,0.4,0.39621614304597863,3.5836441016587766e-08,0.39999711186806197,"{'table_obstacle': {'pos': [0.3825981920028062, 0.37518922255766707, 0.1646257963690813], 'size': [0.049837904948193595, 0.0813235869879147, 0.05243307039854257]}, 'pillar_obstacle': {'pos': [0.39994824830915515, -0.3824307480766307, 0.23470116647765446], 'size': [0.033663755439403885, 0.20172185302840845, 0.0]}, 'small_block': {'pos': [0.6140097595303955, -0.3535133918987863, 0.1097032402875184], 'size': [0.04461973939918376, 0.0849493067344041, 0.09534921802665242]}}"
2.025999999999888,0.3999996658043474,0.0,0.4,0.3962702041244302,3.00840066405545e-08,0.39999712493440703,"{'table_obstacle': {'pos': [0.3825981920028062, 0.37518922255766707, 0.1646257963690813], 'size': [0.049837904948193595, 0.0813235869879147, 0.05243307039854257]}, 'pillar_obstacle': {'pos': [0.39994824830915515, -0.3824307480766307, 0.23470116647765446], 'size': [0.033663755439403885, 0.20172185302840845, 0.0]}, 'small_block': {'pos': [0.6140097595303955, -0.3535133918987863, 0.1097032402875184], 'size': [0.04461973939918376, 0.0849493067344041, 0.09534921802665242]}}"
2.026999999999888,0.3999996658043474,0.0,0.4,0.3963234979232313,2.444187059828007e-08,0.39999713892177857,"{'table_obstacle': {'pos': [0.3825981920028062, 0.37518922255766707, 0.1646257963690813], 'size': [0.049837904948193595, 0.0813235869879147, 0.05243307039854257]}, 'pillar_obstacle': {'pos': [0.39994824830915515, -0.3824307480766307, 0.23470116647765446], 'size': [0.033663755439403885, 0.20172185302840845, 0.0]}, 'small_block': {'pos': [0.6140097595303955, -0.3535133918987863, 0.1097032402875184], 'size': [0.04461973939918376, 0.0849493067344041, 0.09534921802665242]}}"
2.0279999999998877,0.3999996658043474,0.0,0.4,0.3963760343815417,1.8915863709247386e-08,0.3999971537688672,"{'table_obstacle': {'pos': [0.3825981920028062, 0.37518922255766707, 0.1646257963690813], 'size': [0.049837904948193595, 0.0813235869879147, 0.05243307039854257]}, 'pillar_obstacle': {'pos': [0.39994824830915515, -0.3824307480766307, 0.23470116647765446], 'size': [0.033663755439403885, 0.20172185302840845, 0.0]}, 'small_block': {'pos': [0.6140097595303955, -0.3535133918987863, 0.1097032402875184], 'size': [0.04461973939918376, 0.0849493067344041, 0.09534921802665242]}}"
2.0289999999998876,0.3999996658043474,0.0,0.4,0.39642782349135236,1.3510343464747175e-08,0.3999971694186806,"{'table_obstacle': {'pos': [0.3825981920028062, 0.37518922255766707, 0.1646257963690813], 'size': [0.049837904948193595, 0.0813235869879147, 0.05243307039854257]}, 'pillar_obstacle': {'pos': [0.39994824830915515, -0.3824307480766307, 0.23470116647765446], 'size': [0.033663755439403885, 0.20172185302840845, 0.0]}, 'small_block': {'pos': [0.6140097595303955, -0.3535133918987863, 0.1097032402875184], 'size': [0.04461973939918376, 0.0849493067344041, 0.09534921802665242]}}"
2.0299999999998875,0.3999996658043474,0.0,0.4,0.3964788752596013,8.228440505620314e-09,0.3999971858180913,"{'table_obstacle': {'pos': [0.3825981920028062, 0.37518922255766707, 0.1646257963690813], 'size': [0.049837904948193595, 0.0813235869879147, 0.05243307039854257]}, 'pillar_obstacle': {'pos': [0.39994824830915515, -0.3824307480766307, 0.23470116647765446], 'size': [0.033663755439403885, 0.20172185302840845, 0.0]}, 'small_block': {'pos': [0.6140097595303955, -0.3535133918987863, 0.1097032402875184], 'size': [0.04461973939918376, 0.0849493067344041, 0.09534921802665242]}}"
2.0309999999998873,0.3999996658043474,0.0,0.4,0.39652919967791317,3.072265771792011e-09,0.39999720291744467,"{'table_obstacle': {'pos': [0.3825981920028062, 0.37518922255766707, 0.1646257963690813], 'size': [0.049837904948193595, 0.0813235869879147, 0.05243307039854257]}, 'pillar_obstacle': {'pos': [0.39994824830915515, -0.3824307480766307, 0.23470116647765446], 'size': [0.033663755439403885, 0.20172185302840845, 0.0]}, 'small_block': {'pos': [0.6140097595303955, -0.3535133918987863, 0.1097032402875184], 'size': [0.04461973939918376, 0.0849493067344041, 0.09534921802665242]}}"
2.0319999999998872,0.3999996658043474,0.0,0.4,0.39657880669849976,-1.9569130733212946e-09,0.39999722067020976,"{'table_obstacle': {'pos': [0.3825981920028062, 0.37518922255766707, 0.1646257963690813], 'size': [0.049837904948193595, 0.0813235869879147, 0.05243307039854257]}, 'pillar_obstacle': {'pos': [0.39994824830915515, -0.3824307480766307, 0.23470116647765446], 'size': [0.033663755439403885, 0.20172185302840845, 0.0]}, 'small_block': {'pos': [0.6140097595303955, -0.3535133918987863, 0.1097032402875184], 'size': [0.04461973939918376, 0.0849493067344041, 0.09534921802665242]}}"
2.032999999999887,0.3999996658043474,0.0,0.4,0.39662770621504306,-6.858524631914133e-09,0.3999972390326784,"{'table_obstacle': {'pos': [0.3825981920028062, 0.37518922255766707, 0.1646257963690813], 'size': [0.049837904948193595, 0.0813235869879147, 0.05243307039854257]}, 'pillar_obstacle': {'pos': [0.39994824830915515, -0.3824307480766307, 0.23470116647765446], 'size': [0.033663755439403885, 0.20172185302840845, 0.0]}, 'small_block': {'pos': [0.6140097595303955, -0.3535133918987863, 0.1097032402875184], 'size': [0.04461973939918376, 0.0849493067344041, 0.09534921802665242]}}"
2.033999999999887,0.3999996658043474,0.0,0.4,0.39667590804760433,-1.1632570505217067e-08,0.39999725796370195,"{'table_obstacle': {'pos': [0.3825981920028062, 0.37518922255766707, 0.1646257963690813], 'size': [0.049837904948193595, 0.0813235869879147, 0.05243307039854257]}, 'pillar_obstacle': {'pos': [0.39994824830915515, -0.3824307480766307, 0.23470116647765446], 'size': [0.033663755439403885, 0.20172185302840845, 0.0]}, 'small_block': {'pos': [0.6140097595303955, -0.3535133918987863, 0.1097032402875184], 'size': [0.04461973939918376, 0.0849493067344041, 0.09534921802665242]}}"
2.034999999999887,0.3999996658043474,0.0,0.4,0.39672342193078297,-1.627951944772708e-08,0.39999727742445906,"{'table_obstacle': {'pos': [0.3825981920028062, 0.37518922255766707, 0.1646257963690813], 'size': [0.049837904948193595, 0.0813235869879147, 0.05243307039854257]}, 'pillar_obstacle': {'pos': [0.39994824830915515, -0.3824307480766307, 0.23470116647765446], 'size': [0.033663755439403885, 0.20172185302840845, 0.0]}, 'small_block': {'pos': [0.6140097595303955, -0.3535133918987863, 0.1097032402875184], 'size': [0.04461973939918376, 0.0849493067344041, 0.09534921802665242]}}"
2.035999999999887,0.3999996658043474,0.0,0.4,0.3967702575045051,-2.0800221870455706e-08,0.39999729737825473,"{'table_obstacle': {'pos': [0.3825981920028062, 0.37518922255766707, 0.1646257963690813], 'size': [0.049837904948193595, 0.0813235869879147, 0.05243307039854257]}, 'pillar_obstacle': {'pos': [0.39994824830915515, -0.3824307480766307, 0.23470116647765446], 'size': [0.033663755439403885, 0.20172185302840845, 0.0]}, 'small_block': {'pos': [0.6140097595303955, -0.3535133918987863, 0.1097032402875184], 'size': [0.04461973939918376, 0.0849493067344041, 0.09534921802665242]}}"
2.0369999999998867,0.3999996658043474,0.0,0.4,0.3968164243069324,-2.519583684887183e-08,0.3999973177903425,"{'table_obstacle': {'pos': [0.3825981920028062, 0.37518922255766707, 0.1646257963690813], 'size': [0.049837904948193595, 0.0813235869879147, 0.05243307039854257]}, 'pillar_obstacle': {'pos': [0.39994824830915515, -0.3824307480766307, 0.23470116647765446], 'size': [0.033663755439403885, 0.20172185302840845, 0.0]}, 'small_block': {'pos': [0.6140097595303955, -0.3535133918987863, 0.1097032402875184], 'size': [0.04461973939918376, 0.0849493067344041, 0.09534921802665242]}}"
2.0379999999998866,0.3999996658043474,0.0,0.4,0.3968619317690782,-2.9467771335478823e-08,0.3999973386277712,"{'table_obstacle': {'pos': [0.3825981920028062, 0.37518922255766707, 0.1646257963690813], 'size': [0.049837904948193595, 0.0813235869879147, 0.05243307039854257]}, 'pillar_obstacle': {'pos': [0.39994824830915515, -0.3824307480766307, 0.23470116647765446], 'size': [0.033663755439403885, 0.20172185302840845, 0.0]}, 'small_block': {'pos': [0.6140097595303955, -0.3535133918987863, 0.1097032402875184], 'size': [0.04461973939918376, 0.0849493067344041, 0.09534921802665242]}}"
2.0389999999998865,0.3999996658043474,0.0,0.4,0.3969067892108088,-3.361762982497812e-08,0.3999973598592466,"{'table_obstacle': {'pos': [0.3825981920028062, 0.37518922255766707, 0.1646257963690813], 'size': [0.049837904948193595, 0.0813235869879147, 0.05243307039854257]}, 'pillar_obstacle': {'pos': [0.39994824830915515, -0.3824307480766307, 0.23470116647765446], 'size': [0.033663755439403885, 0.20172185302840845, 0.0]}, 'small_block': {'pos': [0.6140097595303955, -0.3535133918987863, 0.1097032402875184], 'size': [0.04461973939918376, 0.0849493067344041, 0.09534921802665242]}}"
2.0399999999998863,0.3999996658043474,0.0,0.4,0.3969510058379516,-3.76471724490896e-08,0.39999738145501285,"{'table_obstacle': {'pos': [0.3825981920028062, 0.37518922255766707, 0.1646257963690813], 'size': [0.049837904948193595, 0.0813235869879147, 0.05243307039854257]}, 'pillar_obstacle': {'pos': [0.39994824830915515, -0.3824307480766307, 0.23470116647765446], 'size': [0.033663755439403885, 0.20172185302840845, 0.0]}, 'small_block': {'pos': [0.6140097595303955, -0.3535133918987863, 0.1097032402875184], 'size': [0.04461973939918376, 0.0849493067344041, 0.09534921802665242]}}"
2.0409999999998862,0.3999996658043474,0.0,0.4,0.3969945907402994,-4.1558279977375344e-08,0.39999740338674533,"{'table_obstacle': {'pos': [0.3825981920028062, 0.37518922255766707, 0.1646257963690813], 'size': [0.049837904948193595, 0.0813235869879147, 0.05243307039854257]}, 'pillar_obstacle': {'pos': [0.39994824830915515, -0.3824307480766307, 0.23470116647765446], 'size': [0.033663755439403885, 0.20172185302840845, 0.0]}, 'small_block': {'pos': [0.6140097595303955, -0.3535133918987863, 0.1097032402875184], 'size': [0.04461973939918376, 0.0849493067344041, 0.09534921802665242]}}"
2.041999999999886,0.3999996658043474,0.0,0.4,0.39703755289033327,-4.5352925521042836e-08,0.39999742562745766,"{'table_obstacle': {'pos': [0.3825981920028062, 0.37518922255766707, 0.1646257963690813], 'size': [0.049837904948193595, 0.0813235869879147, 0.05243307039854257]}, 'pillar_obstacle': {'pos': [0.39994824830915515, -0.3824307480766307, 0.23470116647765446], 'size': [0.033663755439403885, 0.20172185302840845, 0.0]}, 'small_block': {'pos': [0.6140097595303955, -0.3535133918987863, 0.1097032402875184], 'size': [0.04461973939918376, 0.0849493067344041, 0.09534921802665242]}}"
2.042999999999886,0.3999996658043474,0.0,0.4,0.39707990114252417,-4.903315026063695e-08,0.3999974481514172,"{'table_obstacle': {'pos': [0.3825981920028062, 0.37518922255766707, 0.1646257963690813], 'size': [0.049837904948193595, 0.0813235869879147, 0.05243307039854257]}, 'pillar_obstacle': {'pos': [0.39994824830915515, -0.3824307480766307, 0.23470116647765446], 'size': [0.033663755439403885, 0.20172185302840845, 0.0]}, 'small_block': {'pos': [0.6140097595303955, -0.3535133918987863, 0.1097032402875184], 'size': [0.04461973939918376, 0.0849493067344041, 0.09534921802665242]}}"
2.043999999999886,0.3999996658043474,0.0,0.4,0.39712164423309393,-5.260104410256645e-08,0.39999747093406957,"{'table_obstacle': {'pos': [0.3825981920028062, 0.37518922255766707, 0.1646257963690813], 'size': [0.049837904948193595, 0.0813235869879147, 0.05243307039854257]}, 'pillar_obstacle': {'pos': [0.39994824830915515, -0.3824307480766307, 0.23470116647765446], 'size': [0.033663755439403885, 0.20172185302840845, 0.0]}, 'small_block': {'pos': [0.6140097595303955, -0.3535133918987863, 0.1097032402875184], 'size': [0.04461973939918376, 0.0849493067344041, 0.09534921802665242]}}"
2.044999999999886,0.3999996658043474,0.0,0.4,0.3971627907801474,-5.605872965862403e-08,0.39999749395197365,"{'table_obstacle': {'pos': [0.3825981920028062, 0.37518922255766707, 0.1646257963690813], 'size': [0.049837904948193595, 0.0813235869879147, 0.05243307039854257]}, 'pillar_obstacle': {'pos': [0.39994824830915515, -0.3824307480766307, 0.23470116647765446], 'size': [0.033663755439403885, 0.20172185302840845, 0.0]}, 'small_block': {'pos': [0.6140097595303955, -0.3535133918987863, 0.1097032402875184], 'size': [0.04461973939918376, 0.0849493067344041, 0.09534921802665242]}}"
2.0459999999998857,0.3999996658043474,0.0,0.4,0.3972033492841002,-5.9408348570783326e-08,0.39999751718273835,"{'table_obstacle': {'pos': [0.3825981920028062, 0.37518922255766707, 0.1646257963690813], 'size': [0.049837904948193595, 0.0813235869879147, 0.05243307039854257]}, 'pillar_obstacle': {'pos': [0.39994824830915515, -0.3824307480766307, 0.23470116647765446], 'size': [0.033663755439403885, 0.20172185302840845, 0.0]}, 'small_block': {'pos': [0.6140097595303955, -0.3535133918987863, 0.1097032402875184], 'size': [0.04461973939918376, 0.0849493067344041, 0.09534921802665242]}}"
2.0469999999998856,0.3999996658043474,0.0,0.4,0.3972433281283369,-6.265205088541236e-08,0.39999754060496967,"{'table_obstacle': {'pos': [0.3825981920028062, 0.37518922255766707, 0.1646257963690813], 'size': [0.049837904948193595, 0.0813235869879147, 0.05243307039854257]}, 'pillar_obstacle': {'pos': [0.39994824830915515, -0.3824307480766307, 0.23470116647765446], 'size': [0.033663755439403885, 0.20172185302840845, 0.0]}, 'small_block': {'pos': [0.6140097595303955, -0.3535133918987863, 0.1097032402875184], 'size': [0.04461973939918376, 0.0849493067344041, 0.09534921802665242]}}"
2.0479999999998855,0.3999996658043474,0.0,0.4,0.39728273558005683,-6.579198648256212e-08,0.39999756419822075,"{'table_obstacle': {'pos': [0.3825981920028062, 0.37518922255766707, 0.1646257963690813], 'size': [0.049837904948193595, 0.0813235869879147, 0.05243307039854257]}, 'pillar_obstacle': {'pos': [0.39994824830915515, -0.3824307480766307, 0.23470116647765446], 'size': [0.033663755439403885, 0.20172185302840845, 0.0]}, 'small_block': {'pos': [0.6140097595303955, -0.3535133918987863, 0.1097032402875184], 'size': [0.04461973939918376, 0.0849493067344041, 0.09534921802665242]}}"
2.0489999999998854,0.3999996658043474,0.0,0.4,0.39732157979126337,-6.883029749561414e-08,0.3999975879429445,"{'table_obstacle': {'pos': [0.3825981920028062, 0.37518922255766707, 0.1646257963690813], 'size': [0.049837904948193595, 0.0813235869879147, 0.05243307039854257]}, 'pillar_obstacle': {'pos': [0.39994824830915515, -0.3824307480766307, 0.23470116647765446], 'size': [0.033663755439403885, 0.20172185302840845, 0.0]}, 'small_block': {'pos': [0.6140097595303955, -0.3535133918987863, 0.1097032402875184], 'size': [0.04461973939918376, 0.0849493067344041, 0.09534921802665242]}}"
2.0499999999998852,0.3999996658043474,0.0,0.4,0.3973598687998672,-7.176911263902317e-08,0.39999761182045385,"{'table_obstacle': {'pos': [0.3825981920028062, 0.37518922255766707, 0.1646257963690813], 'size': [0.049837904948193595, 0.0813235869879147, 0.05243307039854257]}, 'pillar_obstacle': {'pos': [0.39994824830915515, -0.3824307480766307, 0.23470116647765446], 'size': [0.033663755439403885, 0.20172185302840845, 0.0]}, 'small_block': {'pos': [0.6140097595303955, -0.3535133918987863, 0.1097032402875184], 'size': [0.04461973939918376, 0.0849493067344041, 0.09534921802665242]}}"
2.050999999999885,0.3999996658043474,0.0,0.4,0.3973976105308758,-7.461054252592556e-08,0.3999976358128821,"{'table_obstacle': {'pos': [0.3825981920028062, 0.37518922255766707, 0.1646257963690813], 'size': [0.049837904948193595, 0.0813235869879147, 0.05243307039854257]}, 'pillar_obstacle': {'pos': [0.39994824830915515, -0.3824307480766307, 0.23470116647765446], 'size': [0.033663755439403885, 0.20172185302840845, 0.0]}, 'small_block': {'pos': [0.6140097595303955, -0.3535133918987863, 0.1097032402875184], 'size': [0.04461973939918376, 0.0849493067344041, 0.09534921802665242]}}"
2.051999999999885,0.3999996658043474,0.0,0.4,0.3974348127976494,-7.73566760701335e-08,0.3999976599031468,"{'table_obstacle': {'pos': [0.3825981920028062, 0.37518922255766707, 0.1646257963690813], 'size': [0.049837904948193595, 0.0813235869879147, 0.05243307039854257]}, 'pillar_obstacle': {'pos': [0.39994824830915515, -0.3824307480766307, 0.23470116647765446], 'size': [0.033663755439403885, 0.20172185302840845, 0.0]}, 'small_block': {'pos': [0.6140097595303955, -0.3535133918987863, 0.1097032402875184], 'size': [0.04461973939918376, 0.0849493067344041, 0.09534921802665242]}}"
2.052999999999885,0.3999996658043474,0.0,0.4,0.3974714833032078,-8.000957739133523e-08,0.3999976840749168,"{'table_obstacle': {'pos': [0.3825981920028062, 0.37518922255766707, 0.1646257963690813], 'size': [0.049837904948193595, 0.0813235869879147, 0.05243307039854257]}, 'pillar_obstacle': {'pos': [0.39994824830915515, -0.3824307480766307, 0.23470116647765446], 'size': [0.033663755439403885, 0.20172185302840845, 0.0]}, 'small_block': {'pos': [0.6140097595303955, -0.3535133918987863, 0.1097032402875184], 'size': [0.04461973939918376, 0.0849493067344041, 0.09534921802665242]}}"
2.053999999999885,0.3999996658043474,0.0,0.4,0.3975076296415711,-8.257128317747871e-08,0.3999977083125812,"{'table_obstacle': {'pos': [0.3825981920028062, 0.37518922255766707, 0.1646257963690813], 'size': [0.049837904948193595, 0.0813235869879147, 0.05243307039854257]}, 'pillar_obstacle': {'pos': [0.39994824830915515, -0.3824307480766307, 0.23470116647765446], 'size': [0.033663755439403885, 0.20172185302840845, 0.0]}, 'small_block': {'pos': [0.6140097595303955, -0.3535133918987863, 0.1097032402875184], 'size': [0.04461973939918376, 0.0849493067344041, 0.09534921802665242]}}"
2.0549999999998847,0.3999996658043474,0.0,0.4,0.39754325929912704,-8.504380168594067e-08,0.3999977326012196,"{'table_obstacle': {'pos': [0.3825981920028062, 0.37518922255766707, 0.1646257963690813], 'size': [0.049837904948193595, 0.0813235869879147, 0.05243307039854257]}, 'pillar_obstacle': {'pos': [0.39994824830915515, -0.3824307480766307, 0.23470116647765446], 'size': [0.033663755439403885, 0.20172185302840845, 0.0]}, 'small_block': {'pos': [0.6140097595303955, -0.3535133918987863, 0.1097032402875184], 'size': [0.04461973939918376, 0.0849493067344041, 0.09534921802665242]}}"
2.0559999999998846,0.3999996658043474,0.0,0.4,0.39757837965601356,-8.74291106657786e-08,0.39999775692657524,"{'table_obstacle': {'pos': [0.3825981920028062, 0.37518922255766707, 0.1646257963690813], 'size': [0.049837904948193595, 0.0813235869879147, 0.05243307039854257]}, 'pillar_obstacle': {'pos': [0.39994824830915515, -0.3824307480766307, 0.23470116647765446], 'size': [0.033663755439403885, 0.20172185302840845, 0.0]}, 'small_block': {'pos': [0.6140097595303955, -0.3535133918987863, 0.1097032402875184], 'size': [0.04461973939918376, 0.0849493067344041, 0.09534921802665242]}}"
2.0569999999998845,0.3999996658043474,0.0,0.4,0.3976129979875122,-8.972915655099425e-08,0.39999778127502844,"{'table_obstacle': {'pos': [0.3825981920028062, 0.37518922255766707, 0.1646257963690813], 'size': [0.049837904948193595, 0.0813235869879147, 0.05243307039854257]}, 'pillar_obstacle': {'pos': [0.39994824830915515, -0.3824307480766307, 0.23470116647765446], 'size': [0.033663755439403885, 0.20172185302840845, 0.0]}, 'small_block': {'pos': [0.6140097595303955, -0.3535133918987863, 0.1097032402875184], 'size': [0.04461973939918376, 0.0849493067344041, 0.09534921802665242]}}"
2.0579999999998844,0.3999996658043474,0.0,0.4,0.39764712146544207,-9.194585389055169e-08,0.3999978056335718,"{'table_obstacle': {'pos': [0.3825981920028062, 0.37518922255766707, 0.1646257963690813], 'size': [0.049837904948193595, 0.0813235869879147, 0.05243307039854257]}, 'pillar_obstacle': {'pos': [0.39994824830915515, -0.3824307480766307, 0.23470116647765446], 'size': [0.033663755439403885, 0.20172185302840845, 0.0]}, 'small_block': {'pos': [0.6140097595303955, -0.3535133918987863, 0.1097032402875184], 'size': [0.04461973939918376, 0.0849493067344041, 0.09534921802665242]}}"
2.0589999999998843,0.3999996658043474,0.0,0.4,0.39768075715955664,-9.40810845333475e-08,0.39999782998978795,"{'table_obstacle': {'pos': [0.3825981920028062, 0.37518922255766707, 0.1646257963690813], 'size': [0.049837904948193595, 0.0813235869879147, 0.05243307039854257]}, 'pillar_obstacle': {'pos': [0.39994824830915515, -0.3824307480766307, 0.23470116647765446], 'size': [0.033663755439403885, 0.20172185302840845, 0.0]}, 'small_block': {'pos': [0.6140097595303955, -0.3535133918987863, 0.1097032402875184], 'size': [0.04461973939918376, 0.0849493067344041, 0.09534921802665242]}}"
2.059999999999884,0.3999996658043474,0.0,0.4,0.39771391203893364,-9.613669794715716e-08,0.39999785433182555,"{'table_obstacle': {'pos': [0.3825981920028062, 0.37518922255766707, 0.1646257963690813], 'size': [0.049837904948193595, 0.0813235869879147, 0.05243307039854257]}, 'pillar_obstacle': {'pos': [0.39994824830915515, -0.3824307480766307, 0.23470116647765446], 'size': [0.033663755439403885, 0.20172185302840845, 0.0]}, 'small_block': {'pos': [0.6140097595303955, -0.3535133918987863, 0.1097032402875184], 'size': [0.04461973939918376, 0.0849493067344041, 0.09534921802665242]}}"
2.060999999999884,0.3999996658043474,0.0,0.4,0.39774659297335724,-9.811451059961213e-08,0.3999978786483801,"{'table_obstacle': {'pos': [0.3825981920028062, 0.37518922255766707, 0.1646257963690813], 'size': [0.049837904948193595, 0.0813235869879147, 0.05243307039854257]}, 'pillar_obstacle': {'pos': [0.39994824830915515, -0.3824307480766307, 0.23470116647765446], 'size': [0.033663755439403885, 0.20172185302840845, 0.0]}, 'small_block': {'pos': [0.6140097595303955, -0.3535133918987863, 0.1097032402875184], 'size': [0.04461973939918376, 0.0849493067344041, 0.09534921802665242]}}"
2.061999999999884,0.3999996658043474,0.0,0.4,0.39777880673469307,-1.0001630575442425e-07,0.3999979029286716,"{'table_obstacle': {'pos': [0.3825981920028062, 0.37518922255766707, 0.1646257963690813], 'size': [0.049837904948193595, 0.0813235869879147, 0.05243307039854257]}, 'pillar_obstacle': {'pos': [0.39994824830915515, -0.3824307480766307, 0.23470116647765446], 'size': [0.033663755439403885, 0.20172185302840845, 0.0]}, 'small_block': {'pos': [0.6140097595303955, -0.3535133918987863, 0.1097032402875184], 'size': [0.04461973939918376, 0.0849493067344041, 0.09534921802665242]}}"
2.062999999999884,0.3999996658043474,0.0,0.4,0.39781055999824855,-1.0184383434689478e-07,0.39999792716242666,"{'table_obstacle': {'pos': [0.3825981920028062, 0.37518922255766707, 0.1646257963690813], 'size': [0.049837904948193595, 0.0813235869879147, 0.05243307039854257]}, 'pillar_obstacle': {'pos': [0.39994824830915515, -0.3824307480766307, 0.23470116647765446], 'size': [0.033663755439403885, 0.20172185302840845, 0.0]}, 'small_block': {'pos': [0.6140097595303955, -0.3535133918987863, 0.1097032402875184], 'size': [0.04461973939918376, 0.0849493067344041, 0.09534921802665242]}}"
2.0639999999998837,0.3999996658043474,0.0,0.4,0.39784185934412364,-1.0359881471629423e-07,0.399997951339859,"{'table_obstacle': {'pos': [0.3825981920028062, 0.37518922255766707, 0.1646257963690813], 'size': [0.049837904948193595, 0.0813235869879147, 0.05243307039854257]}, 'pillar_obstacle': {'pos': [0.39994824830915515, -0.3824307480766307, 0.23470116647765446], 'size': [0.033663755439403885, 0.20172185302840845, 0.0]}, 'small_block': {'pos': [0.6140097595303955, -0.3535133918987863, 0.1097032402875184], 'size': [0.04461973939918376, 0.0849493067344041, 0.09534921802665242]}}"
2.0649999999998836,0.3999996658043474,0.0,0.4,0.39787271125854506,-1.0528293260906846e-07,0.39999797545165233,"{'table_obstacle': {'pos': [0.3825981920028062, 0.37518922255766707, 0.1646257963690813], 'size': [0.049837904948193595, 0.0813235869879147, 0.05243307039854257]}, 'pillar_obstacle': {'pos': [0.39994824830915515, -0.3824307480766307, 0.23470116647765446], 'size': [0.033663755439403885, 0.20172185302840845, 0.0]}, 'small_block': {'pos': [0.6140097595303955, -0.3535133918987863, 0.1097032402875184], 'size': [0.04461973939918376, 0.0849493067344041, 0.09534921802665242]}}"
2.0659999999998835,0.3999996658043474,0.0,0.4,0.39790312213518725,-1.0689784206942518e-07,0.3999979994889422,"{'table_obstacle': {'pos': [0.3825981920028062, 0.37518922255766707, 0.1646257963690813], 'size': [0.049837904948193595, 0.0813235869879147, 0.05243307039854257]}, 'pillar_obstacle': {'pos': [0.39994824830915515, -0.3824307480766307, 0.23470116647765446], 'size': [0.033663755439403885, 0.20172185302840845, 0.0]}, 'small_block': {'pos': [0.6140097595303955, -0.3535133918987863, 0.1097032402875184], 'size': [0.04461973939918376, 0.0849493067344041, 0.09534921802665242]}}"
2.0669999999998834,0.3999996658043474,0.0,0.4,0.3979330982764779,-1.0844516541421542e-07,0.3999980234433006,"{'table_obstacle': {'pos': [0.3825981920028062, 0.37518922255766707, 0.1646257963690813], 'size': [0.049837904948193595, 0.0813235869879147, 0.05243307039854257]}, 'pillar_obstacle': {'pos': [0.39994824830915515, -0.3824307480766307, 0.23470116647765446], 'size': [0.033663755439403885, 0.20172185302840845, 0.0]}, 'small_block': {'pos': [0.6140097595303955, -0.3535133918987863, 0.1097032402875184], 'size': [0.04461973939918376, 0.0849493067344041, 0.09534921802665242]}}"
2.0679999999998833,0.3999996658043474,0.0,0.4,0.39796264589488733,-1.0992649375324014e-07,0.39999804730671873,"{'table_obstacle': {'pos': [0.3825981920028062, 0.37518922255766707, 0.1646257963690813], 'size': [0.049837904948193595, 0.0813235869879147, 0.05243307039854257]}, 'pillar_obstacle': {'pos': [0.39994824830915515, -0.3824307480766307, 0.23470116647765446], 'size': [0.033663755439403885, 0.20172185302840845, 0.0]}, 'small_block': {'pos': [0.6140097595303955, -0.3535133918987863, 0.1097032402875184], 'size': [0.04461973939918376, 0.0849493067344041, 0.09534921802665242]}}"
2.068999999999883,0.3999996658043474,0.0,0.4,0.3979917711142022,-1.1134338730418512e-07,0.3999980710715928,"{'table_obstacle': {'pos': [0.3825981920028062, 0.37518922255766707, 0.1646257963690813], 'size': [0.049837904948193595, 0.0813235869879147, 0.05243307039854257]}, 'pillar_obstacle': {'pos': [0.39994824830915515, -0.3824307480766307, 0.23470116647765446], 'size': [0.033663755439403885, 0.20172185302840845, 0.0]}, 'small_block': {'pos': [0.6140097595303955, -0.3535133918987863, 0.1097032402875184], 'size': [0.04461973939918376, 0.0849493067344041, 0.09534921802665242]}}"
2.069999999999883,0.4039996498044328,0.0,0.4,0.39802047997078227,-1.126973760001489e-07,0.3999980947307089,"{'table_obstacle': {'pos': [0.3825981920028062, 0.37518922255766707, 0.1646257963690813], 'size': [0.049837904948193595, 0.0813235869879147, 0.05243307039854257]}, 'pillar_obstacle': {'pos': [0.39994824830915515, -0.3824307480766307, 0.23470116647765446], 'size': [0.033663755439403885, 0.20172185302840845, 0.0]}, 'small_block': {'pos': [0.6140097595303955, -0.3535133918987863, 0.1097032402875184], 'size': [0.04461973939918376, 0.0849493067344041, 0.09534921802665242]}}"
2.070999999999883,0.4039996498044328,0.0,0.4,0.3980596831997116,-9.957182762317992e-08,0.3999980729599591,"{'table_obstacle': {'pos': [0.3825981920028062, 0.37518922255766707, 0.1646257963690813], 'size': [0.049837904948193595, 0.0813235869879147, 0.05243307039854257]}, 'pillar_obstacle': {'pos': [0.39994824830915515, -0.3824307480766307, 0.23470116647765446], 'size': [0.033663755439403885, 0.20172185302840845, 0.0]}, 'small_block': {'pos': [0.6140097595303955, -0.3535133918987863, 0.1097032402875184], 'size': [0.04461973939918376, 0.0849493067344041, 0.09534921802665242]}}"
2.071999999999883,0.4039996498044328,0.0,0.4,0.3981071508516258,-7.79772883709494e-08,0.3999980220004858,"{'table_obstacle': {'pos': [0.3825981920028062, 0.37518922255766707, 0.1646257963690813], 'size': [0.049837904948193595, 0.0813235869879147, 0.05243307039854257]}, 'pillar_obstacle': {'pos': [0.39994824830915515, -0.3824307480766307, 0.23470116647765446], 'size': [0.033663755439403885, 0.20172185302840845, 0.0]}, 'small_block': {'pos': [0.6140097595303955, -0.3535133918987863, 0.1097032402875184], 'size': [0.04461973939918376, 0.0849493067344041, 0.09534921802665242]}}"
2.0729999999998827,0.4039996498044328,0.0,0.4,0.3981610815020681,-5.2125505339360194e-08,0.3999979533657766,"{'table_obstacle': {'pos': [0.3825981920028062, 0.37518922255766707, 0.1646257963690813], 'size': [0.049837904948193595, 0.0813235869879147, 0.05243307039854257]}, 'pillar_obstacle': {'pos': [0.39994824830915515, -0.3824307480766307, 0.23470116647765446], 'size': [0.033663755439403885, 0.20172185302840845, 0.0]}, 'small_block': {'pos': [0.6140097595303955, -0.3535133918987863, 0.1097032402875184], 'size': [0.04461973939918376, 0.0849493067344041, 0.09534921802665242]}}"
2.0739999999998826,0.4039996498044328,0.0,0.4,0.39822002052152145,-2.4901947150582043e-08,0.39999787515876506,"{'table_obstacle': {'pos': [0.3825981920028062, 0.37518922255766707, 0.1646257963690813], 'size': [0.049837904948193595, 0.0813235869879147, 0.05243307039854257]}, 'pillar_obstacle': {'pos': [0.39994824830915515, -0.3824307480766307, 0.23470116647765446], 'size': [0.033663755439403885, 0.20172185302840845, 0.0]}, 'small_block': {'pos': [0.6140097595303955, -0.3535133918987863, 0.1097032402875184], 'size': [0.04461973939918376, 0.0849493067344041, 0.09534921802665242]}}"
2.0749999999998825,0.4039996498044328,0.0,0.4,0.39828279390998733,1.7775815703736593e-09,0.3999977930185423,"{'table_obstacle': {'pos': [0.3825981920028062, 0.37518922255766707, 0.1646257963690813], 'size': [0.049837904948193595, 0.0813235869879147, 0.05243307039854257]}, 'pillar_obstacle': {'pos': [0.39994824830915515, -0.3824307480766307, 0.23470116647765446], 'size': [0.033663755439403885, 0.20172185302840845, 0.0]}, 'small_block': {'pos': [0.6140097595303955, -0.3535133918987863, 0.1097032402875184], 'size': [0.04461973939918376, 0.0849493067344041, 0.09534921802665242]}}"
2.0759999999998824,0.4039996498044328,0.0,0.4,0.3983484547376607,2.6698932695093548e-08,0.39999771080445,"{'table_obstacle': {'pos': [0.3825981920028062, 0.37518922255766707, 0.1646257963690813], 'size': [0.049837904948193595, 0.0813235869879147, 0.05243307039854257]}, 'pillar_obstacle': {'pos': [0.39994824830915515, -0.3824307480766307, 0.23470116647765446], 'size': [0.033663755439403885, 0.20172185302840845, 0.0]}, 'small_block': {'pos': [0.6140097595303955, -0.3535133918987863, 0.1097032402875184], 'size': [0.04461973939918376, 0.0849493067344041, 0.09534921802665242]}}"
2.0769999999998823,0.4039996498044328,0.0,0.4,0.3984162397936146,4.9149194822593646e-08,0.3999976310926088,"{'table_obstacle': {'pos': [0.3825981920028062, 0.37518922255766707, 0.1646257963690813], 'size': [0.049837904948193595, 0.0813235869879147, 0.05243307039854257]}, 'pillar_obstacle': {'pos': [0.39994824830915515, -0.3824307480766307, 0.23470116647765446], 'size': [0.033663755439403885, 0.20172185302840845, 0.0]}, 'small_block': {'pos': [0.6140097595303955, -0.3535133918987863, 0.1097032402875184], 'size': [0.04461973939918376, 0.0849493067344041, 0.09534921802665242]}}"
2.077999999999882,0.4039996498044328,0.0,0.4,0.3984855344993126,6.876768055736089e-08,0.39999755553754,"{'table_obstacle': {'pos': [0.3825981920028062, 0.37518922255766707, 0.1646257963690813], 'size': [0.049837904948193595, 0.0813235869879147, 0.05243307039854257]}, 'pillar_obstacle': {'pos': [0.39994824830915515, -0.3824307480766307, 0.23470116647765446], 'size': [0.033663755439403885, 0.20172185302840845, 0.0]}, 'small_block': {'pos': [0.6140097595303955, -0.3535133918987863, 0.1097032402875184], 'size': [0.04461973939918376, 0.0849493067344041, 0.09534921802665242]}}"
2.078999999999882,0.4039996498044328,0.0,0.4,0.39855584451284465,8.543589828130945e-08,0.3999974851361304,"{'table_obstacle': {'pos': [0.3825981920028062, 0.37518922255766707, 0.1646257963690813], 'size': [0.049837904948193595, 0.0813235869879147, 0.05243307039854257]}, 'pillar_obstacle': {'pos': [0.39994824830915515, -0.3824307480766307, 0.23470116647765446], 'size': [0.033663755439403885, 0.20172185302840845, 0.0]}, 'small_block': {'pos': [0.6140097595303955, -0.3535133918987863, 0.1097032402875184], 'size': [0.04461973939918376, 0.0849493067344041, 0.09534921802665242]}}"
2.079999999999882,0.4039996498044328,0.0,0.4,0.3986267727490513,9.91969753953152e-08,0.39999742042049774,"{'table_obstacle': {'pos': [0.3825981920028062, 0.37518922255766707, 0.1646257963690813], 'size': [0.049837904948193595, 0.0813235869879147, 0.05243307039854257]}, 'pillar_obstacle': {'pos': [0.39994824830915515, -0.3824307480766307, 0.23470116647765446], 'size': [0.033663755439403885, 0.20172185302840845, 0.0]}, 'small_block': {'pos': [0.6140097595303955, -0.3535133918987863, 0.1097032402875184], 'size': [0.04461973939918376, 0.0849493067344041, 0.09534921802665242]}}"
2.080999999999882,0.4039996498044328,0.0,0.4,0.3986980007832545,1.1019723911459838e-07,0.39999736159884486,"{'table_obstacle': {'pos': [0.3825981920028062, 0.37518922255766707, 0.1646257963690813], 'size': [0.049837904948193595, 0.0813235869879147, 0.05243307039854257]}, 'pillar_obstacle': {'pos': [0.39994824830915515, -0.3824307480766307, 0.23470116647765446], 'size': [0.033663755439403885, 0.20172185302840845, 0.0]}, 'small_block': {'pos': [0.6140097595303955, -0.3535133918987863, 0.1097032402875184], 'size': [0.04461973939918376, 0.0849493067344041, 0.09534921802665242]}}"
2.0819999999998817,0.4039996498044328,0.0,0.4,0.3987692738028554,1.1864438716920951e-07,0.3999973086581093,"{'table_obstacle': {'pos': [0.3825981920028062, 0.37518922255766707, 0.1646257963690813], 'size': [0.049837904948193595, 0.0813235869879147, 0.05243307039854257]}, 'pillar_obstacle': {'pos': [0.39994824830915515, -0.3824307480766307, 0.23470116647765446], 'size': [0.033663755439403885, 0.20172185302840845, 0.0]}, 'small_block': {'pos': [0.6140097595303955, -0.3535133918987863, 0.1097032402875184], 'size': [0.04461973939918376, 0.0849493067344041, 0.09534921802665242]}}"
2.0829999999998816,0.4039996498044328,0.0,0.4,0.39884038843024633,1.2477800661353445e-07,0.39999726143847864,"{'table_obstacle': {'pos': [0.3825981920028062, 0.37518922255766707, 0.1646257963690813], 'size': [0.049837904948193595, 0.0813235869879147, 0.05243307039854257]}, 'pillar_obstacle': {'pos': [0.39994824830915515, -0.3824307480766307, 0.23470116647765446], 'size': [0.033663755439403885, 0.20172185302840845, 0.0]}, 'small_block': {'pos': [0.6140097595303955, -0.3535133918987863, 0.1097032402875184], 'size': [0.04461973939918376, 0.0849493067344041, 0.09534921802665242]}}"
2.0839999999998815,0.4039996498044328,0.0,0.4,0.39891118286941346,1.288492234785964e-07,0.39999721968714774,"{'table_obstacle': {'pos': [0.3825981920028062, 0.37518922255766707, 0.1646257963690813], 'size': [0.049837904948193595, 0.0813235869879147, 0.05243307039854257]}, 'pillar_obstacle': {'pos': [0.39994824830915515, -0.3824307480766307, 0.23470116647765446], 'size': [0.033663755439403885, 0.20172185302840845, 0.0]}, 'small_block': {'pos': [0.6140097595303955, -0.3535133918987863, 0.1097032402875184], 'size': [0.04461973939918376, 0.0849493067344041, 0.09534921802665242]}}"
2.0849999999998814,0.4039996498044328,0.0,0.4,0.39898152893299094,1.3110704928195758e-07,0.39999718309675486,"{'table_obstacle': {'pos': [0.3825981920028062, 0.37518922255766707, 0.1646257963690813], 'size': [0.049837904948193595, 0.0813235869879147, 0.05243307039854257]}, 'pillar_obstacle': {'pos': [0.39994824830915515, -0.3824307480766307, 0.23470116647765446], 'size': [0.033663755439403885, 0.20172185302840845, 0.0]}, 'small_block': {'pos': [0.6140097595303955, -0.3535133918987863, 0.1097032402875184], 'size': [0.04461973939918376, 0.0849493067344041, 0.09534921802665242]}}"
2.0859999999998813,0.4039996498044328,0.0,0.4,0.3990513255910364,1.3178959271812803e-07,0.3999971513325254,"{'table_obstacle': {'pos': [0.3825981920028062, 0.37518922255766707, 0.1646257963690813], 'size': [0.049837904948193595, 0.0813235869879147, 0.05243307039854257]}, 'pillar_obstacle': {'pos': [0.39994824830915515, -0.3824307480766307, 0.23470116647765446], 'size': [0.033663755439403885, 0.20172185302840845, 0.0]}, 'small_block': {'pos': [0.6140097595303955, -0.3535133918987863, 0.1097032402875184], 'size': [0.04461973939918376, 0.0849493067344041, 0.09534921802665242]}}"
2.086999999999881,0.4039996498044328,0.0,0.4,0.39912049375121605,1.3111876173009172e-07,0.3999971240511037,"{'table_obstacle': {'pos': [0.3825981920028062, 0.37518922255766707, 0.1646257963690813], 'size': [0.049837904948193595, 0.0813235869879147, 0.05243307039854257]}, 'pillar_obstacle': {'pos': [0.39994824830915515, -0.3824307480766307, 0.23470116647765446], 'size': [0.033663755439403885, 0.20172185302840845, 0.0]}, 'small_block': {'pos': [0.6140097595303955, -0.3535133918987863, 0.1097032402875184], 'size': [0.04461973939918376, 0.0849493067344041, 0.09534921802665242]}}"
2.087999999999881,0.4039996498044328,0.0,0.4,0.39918897203545056,1.2929743259698247e-07,0.3999971009133003,"{'table_obstacle': {'pos': [0.3825981920028062, 0.37518922255766707, 0.1646257963690813], 'size': [0.049837904948193595, 0.0813235869879147, 0.05243307039854257]}, 'pillar_obstacle': {'pos': [0.39994824830915515, -0.3824307480766307, 0.23470116647765446], 'size': [0.033663755439403885, 0.20172185302840845, 0.0]}, 'small_block': {'pos': [0.6140097595303955, -0.3535133918987863, 0.1097032402875184], 'size': [0.04461973939918376, 0.0849493067344041, 0.09534921802665242]}}"
2.088999999999881,0.4039996498044328,0.0,0.4,0.3992567133629001,1.2650832919635866e-07,0.39999708159240893,"{'table_obstacle': {'pos': [0.3825981920028062, 0.37518922255766707, 0.1646257963690813], 'size': [0.049837904948193595, 0.0813235869879147, 0.05243307039854257]}, 'pillar_obstacle': {'pos': [0.39994824830915515, -0.3824307480766307, 0.23470116647765446], 'size': [0.033663755439403885, 0.20172185302840845, 0.0]}, 'small_block': {'pos': [0.6140097595303955, -0.3535133918987863, 0.1097032402875184], 'size': [0.04461973939918376, 0.0849493067344041, 0.09534921802665242]}}"
2.089999999999881,0.4039996498044328,0.0,0.4,0.3993236821854288,1.229140552977286e-07,0.3999970657793236,"{'table_obstacle': {'pos': [0.3825981920028062, 0.37518922255766707, 0.1646257963690813], 'size': [0.049837904948193595, 0.0813235869879147, 0.05243307039854257]}, 'pillar_obstacle': {'pos': [0.39994824830915515, -0.3824307480766307, 0.23470116647765446], 'size': [0.033663755439403885, 0.20172185302840845, 0.0]}, 'small_block': {'pos': [0.6140097595303955, -0.3535133918987863, 0.1097032402875184], 'size': [0.04461973939918376, 0.0849493067344041, 0.09534921802665242]}}"
2.0909999999998807,0.4039996498044328,0.0,0.4,0.39938985225105145,1.1865787416110611e-07,0.3999970531853732,"{'table_obstacle': {'pos': [0.3825981920028062, 0.37518922255766707, 0.1646257963690813], 'size': [0.049837904948193595, 0.0813235869879147, 0.05243307039854257]}, 'pillar_obstacle': {'pos': [0.39994824830915515, -0.3824307480766307, 0.23470116647765446], 'size': [0.033663755439403885, 0.20172185302840845, 0.0]}, 'small_block': {'pos': [0.6140097595303955, -0.3535133918987863, 0.1097032402875184], 'size': [0.04461973939918376, 0.0849493067344041, 0.09534921802665242]}}"
2.0919999999998806,0.4039996498044328,0.0,0.4,0.3994552047946105,1.1386494551180476e-07,0.39999704354355314,"{'table_obstacle': {'pos': [0.3825981920028062, 0.37518922255766707, 0.1646257963690813], 'size': [0.049837904948193595, 0.0813235869879147, 0.05243307039854257]}, 'pillar_obstacle': {'pos': [0.39994824830915515, -0.3824307480766307, 0.23470116647765446], 'size': [0.033663755439403885, 0.20172185302840845, 0.0]}, 'small_block': {'pos': [0.6140097595303955, -0.3535133918987863, 0.1097032402875184], 'size': [0.04461973939918376, 0.0849493067344041, 0.09534921802665242]}}"
2.0929999999998805,0.4039996498044328,0.0,0.4,0.3995197270741623,1.0864381231068802e-07,0.3999970366086564,"{'table_obstacle': {'pos': [0.3825981920028062, 0.37518922255766707, 0.1646257963690813], 'size': [0.049837904948193595, 0.0813235869879147, 0.05243307039854257]}, 'pillar_obstacle': {'pos': [0.39994824830915515, -0.3824307480766307, 0.23470116647765446], 'size': [0.033663755439403885, 0.20172185302840845, 0.0]}, 'small_block': {'pos': [0.6140097595303955, -0.3535133918987863, 0.1097032402875184], 'size': [0.04461973939918376, 0.0849493067344041, 0.09534921802665242]}}"
2.0939999999998804,0.4039996498044328,0.0,0.4,0.39958341118710244,1.03087993620545e-07,0.3999970321566667,"{'table_obstacle': {'pos': [0.3825981920028062, 0.37518922255766707, 0.1646257963690813], 'size': [0.049837904948193595, 0.0813235869879147, 0.05243307039854257]}, 'pillar_obstacle': {'pos': [0.39994824830915515, -0.3824307480766307, 0.23470116647765446], 'size': [0.033663755439403885, 0.20172185302840845, 0.0]}, 'small_block': {'pos': [0.6140097595303955, -0.3535133918987863, 0.1097032402875184], 'size': [0.04461973939918376, 0.0849493067344041, 0.09534921802665242]}}"
2.0949999999998803,0.4039996498044328,0.0,0.4,0.3996462531126496,9.727758860072664e-08,0.3999970299836906,"{'table_obstacle': {'pos': [0.3825981920028062, 0.37518922255766707, 0.1646257963690813], 'size': [0.049837904948193595, 0.0813235869879147, 0.05243307039854257]}, 'pillar_obstacle': {'pos': [0.39994824830915515, -0.3824307480766307, 0.23470116647765446], 'size': [0.033663755439403885, 0.20172185302840845, 0.0]}, 'small_block': {'pos': [0.6140097595303955, -0.3535133918987863, 0.1097032402875184], 'size': [0.04461973939918376, 0.0849493067344041, 0.09534921802665242]}}"
2.09599999999988,0.4039996498044328,0.0,0.4,0.39970825193748966,9.12808242211329e-08,0.39999702990461083,"{'table_obstacle': {'pos': [0.3825981920028062, 0.37518922255766707, 0.1646257963690813], 'size': [0.049837904948193595, 0.0813235869879147, 0.05243307039854257]}, 'pillar_obstacle': {'pos': [0.39994824830915515, -0.3824307480766307, 0.23470116647765446], 'size': [0.033663755439403885, 0.20172185302840845, 0.0]}, 'small_block': {'pos': [0.6140097595303955, -0.3535133918987863, 0.1097032402875184], 'size': [0.04461973939918376, 0.0849493067344041, 0.09534921802665242]}}"
2.09699999999988,0.4039996498044328,0.0,0.4,0.39976940922963117,8.515551080069709e-08,0.39999703175160967,"{'table_obstacle': {'pos': [0.3825981920028062, 0.37518922255766707, 0.1646257963690813], 'size': [0.049837904948193595, 0.0813235869879147, 0.05243307039854257]}, 'pillar_obstacle': {'pos': [0.39994824830915515, -0.3824307480766307, 0.23470116647765446], 'size': [0.033663755439403885, 0.20172185302840845, 0.0]}, 'small_block': {'pos': [0.6140097595303955, -0.3535133918987863, 0.1097032402875184], 'size': [0.04461973939918376, 0.0849493067344041, 0.09534921802665242]}}"
2.09799999999988,0.4039996498044328,0.0,0.4,0.39982972853218424,7.895038203913693e-08,0.3999970353726439,"{'table_obstacle': {'pos': [0.3825981920028062, 0.37518922255766707, 0.1646257963690813], 'size': [0.049837904948193595, 0.0813235869879147, 0.05243307039854257]}, 'pillar_obstacle': {'pos': [0.39994824830915515, -0.3824307480766307, 0.23470116647765446], 'size': [0.033663755439403885, 0.20172185302840845, 0.0]}, 'small_block': {'pos': [0.6140097595303955, -0.3535133918987863, 0.1097032402875184], 'size': [0.04461973939918376, 0.0849493067344041, 0.09534921802665242]}}"
2.09899999999988,0.4039996498044328,0.0,0.4,0.3998892149541793,7.270630816347481e-08,0.3999970406299477,"{'table_obstacle': {'pos': [0.3825981920028062, 0.37518922255766707, 0.1646257963690813], 'size': [0.049837904948193595, 0.0813235869879147, 0.05243307039854257]}, 'pillar_obstacle': {'pos': [0.39994824830915515, -0.3824307480766307, 0.23470116647765446], 'size': [0.033663755439403885, 0.20172185302840845, 0.0]}, 'small_block': {'pos': [0.6140097595303955, -0.3535133918987863, 0.1097032402875184], 'size': [0.04461973939918376, 0.0849493067344041, 0.09534921802665242]}}"
2.0999999999998797,0.4039996498044328,0.0,0.4,0.39994787483990146,6.645738476921205e-08,0.3999970473986005,"{'table_obstacle': {'pos': [0.3825981920028062, 0.37518922255766707, 0.1646257963690813], 'size': [0.049837904948193595, 0.0813235869879147, 0.05243307039854257]}, 'pillar_obstacle': {'pos': [0.39994824830915515, -0.3824307480766307, 0.23470116647765446], 'size': [0.033663755439403885, 0.20172185302840845, 0.0]}, 'small_block': {'pos': [0.6140097595303955, -0.3535133918987863, 0.1097032402875184], 'size': [0.04461973939918376, 0.0849493067344041, 0.09534921802665242]}}"
2.1009999999998796,0.4039996498044328,0.0,0.4,0.40000571550175934,6.023189428574809e-08,0.3999970555651833,"{'table_obstacle': {'pos': [0.3825981920028062, 0.37518922255766707, 0.1646257963690813], 'size': [0.049837904948193595, 0.0813235869879147, 0.05243307039854257]}, 'pillar_obstacle': {'pos': [0.39994824830915515, -0.3824307480766307, 0.23470116647765446], 'size': [0.033663755439403885, 0.20172185302840845, 0.0]}, 'small_block': {'pos': [0.6140097595303955, -0.3535133918987863, 0.1097032402875184], 'size': [0.04461973939918376, 0.0849493067344041, 0.09534921802665242]}}"
2.1019999999998795,0.4039996498044328,0.0,0.4,0.40006274500455785,5.405315446770677e-08,0.3999970650265411,"{'table_obstacle': {'pos': [0.3825981920028062, 0.37518922255766707, 0.1646257963690813], 'size': [0.049837904948193595, 0.0813235869879147, 0.05243307039854257]}, 'pillar_obstacle': {'pos': [0.39994824830915515, -0.3824307480766307, 0.23470116647765446], 'size': [0.033663755439403885, 0.20172185302840845, 0.0]}, 'small_block': {'pos': [0.6140097595303955, -0.3535133918987863, 0.1097032402875184], 'size': [0.04461973939918376, 0.0849493067344041, 0.09534921802665242]}}"
2.1029999999998794,0.4039996498044328,0.0,0.4,0.4001189719913626,4.794025713145309e-08,0.39999707568865656,"{'table_obstacle': {'pos': [0.3825981920028062, 0.37518922255766707, 0.1646257963690813], 'size': [0.049837904948193595, 0.0813235869879147, 0.05243307039854257]}, 'pillar_obstacle': {'pos': [0.39994824830915515, -0.3824307480766307, 0.23470116647765446], 'size': [0.033663755439403885, 0.20172185302840845, 0.0]}, 'small_block': {'pos': [0.6140097595303955, -0.3535133918987863, 0.1097032402875184], 'size': [0.04461973939918376, 0.0849493067344041, 0.09534921802665242]}}"
2.1039999999998793,0.4039996498044328,0.0,0.4,0.40017440554301675,4.190870972845625e-08,0.39999708746563345,"{'table_obstacle': {'pos': [0.3825981920028062, 0.37518922255766707, 0.1646257963690813], 'size': [0.049837904948193595, 0.0813235869879147, 0.05243307039854257]}, 'pillar_obstacle': {'pos': [0.39994824830915515, -0.3824307480766307, 0.23470116647765446], 'size': [0.033663755439403885, 0.20172185302840845, 0.0]}, 'small_block': {'pos': [0.6140097595303955, -0.3535133918987863, 0.1097032402875184], 'size': [0.04461973939918376, 0.0849493067344041, 0.09534921802665242]}}"
2.104999999999879,0.4039996498044328,0.0,0.4,0.40022905506488315,3.597098921748032e-08,0.39999710027878627,"{'table_obstacle': {'pos': [0.3825981920028062, 0.37518922255766707, 0.1646257963690813], 'size': [0.049837904948193595, 0.0813235869879147, 0.05243307039854257]}, 'pillar_obstacle': {'pos': [0.39994824830915515, -0.3824307480766307, 0.23470116647765446], 'size': [0.033663755439403885, 0.20172185302840845, 0.0]}, 'small_block': {'pos': [0.6140097595303955, -0.3535133918987863, 0.1097032402875184], 'size': [0.04461973939918376, 0.0849493067344041, 0.09534921802665242]}}"
2.105999999999879,0.4039996498044328,0.0,0.4,0.40028293019561223,3.013701823986475e-08,0.399997114055832,"{'table_obstacle': {'pos': [0.3825981920028062, 0.37518922255766707, 0.1646257963690813], 'size': [0.049837904948193595, 0.0813235869879147, 0.05243307039854257]}, 'pillar_obstacle': {'pos': [0.39994824830915515, -0.3824307480766307, 0.23470116647765446], 'size': [0.033663755439403885, 0.20172185302840845, 0.0]}, 'small_block': {'pos': [0.6140097595303955, -0.3535133918987863, 0.1097032402875184], 'size': [0.04461973939918376, 0.0849493067344041, 0.09534921802665242]}}"
2.106999999999879,0.4039996498044328,0.0,0.4,0.4003360407337299,2.4414572948812644e-08,0.3999971287301733,"{'table_obstacle': {'pos': [0.3825981920028062, 0.37518922255766707, 0.1646257963690813], 'size': [0.049837904948193595, 0.0813235869879147, 0.05243307039854257]}, 'pillar_obstacle': {'pos': [0.39994824830915515, -0.3824307480766307, 0.23470116647765446], 'size': [0.033663755439403885, 0.20172185302840845, 0.0]}, 'small_block': {'pos': [0.6140097595303955, -0.3535133918987863, 0.1097032402875184], 'size': [0.04461973939918376, 0.0849493067344041, 0.09534921802665242]}}"
2.107999999999879,0.4039996498044328,0.0,0.4,0.40038839657863734,1.880962987274716e-08,0.3999971442402685,"{'table_obstacle': {'pos': [0.3825981920028062, 0.37518922255766707, 0.1646257963690813], 'size': [0.049837904948193595, 0.0813235869879147, 0.05243307039854257]}, 'pillar_obstacle': {'pos': [0.39994824830915515, -0.3824307480766307, 0.23470116647765446], 'size': [0.033663755439403885, 0.20172185302840845, 0.0]}, 'small_block': {'pos': [0.6140097595303955, -0.3535133918987863, 0.1097032402875184], 'size': [0.04461973939918376, 0.0849493067344041, 0.09534921802665242]}}"
2.1089999999998787,0.4039996498044328,0.0,0.4,0.4004400076832702,1.3326662201875548e-08,0.3999971605290781,"{'table_obstacle': {'pos': [0.3825981920028062, 0.37518922255766707, 0.1646257963690813], 'size': [0.049837904948193595, 0.0813235869879147, 0.05243307039854257]}, 'pillar_obstacle': {'pos': [0.39994824830915515, -0.3824307480766307, 0.23470116647765446], 'size': [0.033663755439403885, 0.20172185302840845, 0.0]}, 'small_block': {'pos': [0.6140097595303955, -0.3535133918987863, 0.1097032402875184], 'size': [0.04461973939918376, 0.0849493067344041, 0.09534921802665242]}}"
2.1099999999998786,0.4039996498044328,0.0,0.4,0.40049088401618715,7.96889074662026e-09,0.3999971775435794,"{'table_obstacle': {'pos': [0.3825981920028062, 0.37518922255766707, 0.1646257963690813], 'size': [0.049837904948193595, 0.0813235869879147, 0.05243307039854257]}, 'pillar_obstacle': {'pos': [0.39994824830915515, -0.3824307480766307, 0.23470116647765446], 'size': [0.033663755439403885, 0.20172185302840845, 0.0]}, 'small_block': {'pos': [0.6140097595303955, -0.3535133918987863, 0.1097032402875184], 'size': [0.04461973939918376, 0.0849493067344041, 0.09534921802665242]}}"
2.1109999999998785,0.4039996498044328,0.0,0.4,0.40054103553128356,2.7384950789885174e-09,0.39999719523434296,"{'table_obstacle': {'pos': [0.3825981920028062, 0.37518922255766707, 0.1646257963690813], 'size': [0.049837904948193595, 0.0813235869879147, 0.05243307039854257]}, 'pillar_obstacle': {'pos': [0.39994824830915515, -0.3824307480766307, 0.23470116647765446], 'size': [0.033663755439403885, 0.20172185302840845, 0.0]}, 'small_block': {'pos': [0.6140097595303955, -0.3535133918987863, 0.1097032402875184], 'size': [0.04461973939918376, 0.0849493067344041, 0.09534921802665242]}}"
2.1119999999998784,0.4039996498044328,0.0,0.4,0.40059047214366794,-2.3632066662596336e-09,0.3999972135551621,"{'table_obstacle': {'pos': [0.3825981920028062, 0.37518922255766707, 0.1646257963690813], 'size': [0.049837904948193595, 0.0813235869879147, 0.05243307039854257]}, 'pillar_obstacle': {'pos': [0.39994824830915515, -0.3824307480766307, 0.23470116647765446], 'size': [0.033663755439403885, 0.20172185302840845, 0.0]}, 'small_block': {'pos': [0.6140097595303955, -0.3535133918987863, 0.1097032402875184], 'size': [0.04461973939918376, 0.0849493067344041, 0.09534921802665242]}}"
2.1129999999998783,0.4039996498044328,0.0,0.4,0.400639203710526,-7.3356076142618495e-09,0.39999723246273194,"{'table_obstacle': {'pos': [0.3825981920028062, 0.37518922255766707, 0.1646257963690813], 'size': [0.049837904948193595, 0.0813235869879147, 0.05243307039854257]}, 'pillar_obstacle': {'pos': [0.39994824830915515, -0.3824307480766307, 0.23470116647765446], 'size': [0.033663755439403885, 0.20172185302840845, 0.0]}, 'small_block': {'pos': [0.6140097595303955, -0.3535133918987863, 0.1097032402875184], 'size': [0.04461973939918376, 0.0849493067344041, 0.09534921802665242]}}"
2.113999999999878,0.4039996498044328,0.0,0.4,0.4006872400160082,-1.2178686017972373e-08,0.3999972519163661,"{'table_obstacle': {'pos': [0.3825981920028062, 0.37518922255766707, 0.1646257963690813], 'size': [0.049837904948193595, 0.0813235869879147, 0.05243307039854257]}, 'pillar_obstacle': {'pos': [0.39994824830915515, -0.3824307480766307, 0.23470116647765446], 'size': [0.033663755439403885, 0.20172185302840845, 0.0]}, 'small_block': {'pos': [0.6140097595303955, -0.3535133918987863, 0.1097032402875184], 'size': [0.04461973939918376, 0.0849493067344041, 0.09534921802665242]}}"
2.114999999999878,0.4039996498044328,0.0,0.4,0.40073459075937456,-1.6892898125698298e-08,0.399997271877754,"{'table_obstacle': {'pos': [0.3825981920028062, 0.37518922255766707, 0.1646257963690813], 'size': [0.049837904948193595, 0.0813235869879147, 0.05243307039854257]}, 'pillar_obstacle': {'pos': [0.39994824830915515, -0.3824307480766307, 0.23470116647765446], 'size': [0.033663755439403885, 0.20172185302840845, 0.0]}, 'small_block': {'pos': [0.6140097595303955, -0.3535133918987863, 0.1097032402875184], 'size': [0.04461973939918376, 0.0849493067344041, 0.09534921802665242]}}"
2.115999999999878,0.4039996498044328,0.0,0.4,0.4007812655457662,-2.1479090292951677e-08,0.39999729231074654,"{'table_obstacle': {'pos': [0.3825981920028062, 0.37518922255766707, 0.1646257963690813], 'size': [0.049837904948193595, 0.0813235869879147, 0.05243307039854257]}, 'pillar_obstacle': {'pos': [0.39994824830915515, -0.3824307480766307, 0.23470116647765446], 'size': [0.033663755439403885, 0.20172185302840845, 0.0]}, 'small_block': {'pos': [0.6140097595303955, -0.3535133918987863, 0.1097032402875184], 'size': [0.04461973939918376, 0.0849493067344041, 0.09534921802665242]}}"
2.116999999999878,0.4039996498044328,0.0,0.4,0.40082727387909844,-2.593842438290779e-08,0.39999731318116805,"{'table_obstacle': {'pos': [0.3825981920028062, 0.37518922255766707, 0.1646257963690813], 'size': [0.049837904948193595, 0.0813235869879147, 0.05243307039854257]}, 'pillar_obstacle': {'pos': [0.39994824830915515, -0.3824307480766307, 0.23470116647765446], 'size': [0.033663755439403885, 0.20172185302840845, 0.0]}, 'small_block': {'pos': [0.6140097595303955, -0.3535133918987863, 0.1097032402875184], 'size': [0.04461973939918376, 0.0849493067344041, 0.09534921802665242]}}"
2.1179999999998778,0.4039996498044328,0.0,0.4,0.40087262515666805,-3.027231615092486e-08,0.3999973344566551,"{'table_obstacle': {'pos': [0.3825981920028062, 0.37518922255766707, 0.1646257963690813], 'size': [0.049837904948193595, 0.0813235869879147, 0.05243307039854257]}, 'pillar_obstacle': {'pos': [0.39994824830915515, -0.3824307480766307, 0.23470116647765446], 'size': [0.033663755439403885, 0.20172185302840845, 0.0]}, 'small_block': {'pos': [0.6140097595303955, -0.3535133918987863, 0.1097032402875184], 'size': [0.04461973939918376, 0.0849493067344041, 0.09534921802665242]}}"
2.1189999999998776,0.4039996498044328,0.0,0.4,0.40091732866513863,-3.448238348547521e-08,0.39999735610651255,"{'table_obstacle': {'pos': [0.3825981920028062, 0.37518922255766707, 0.1646257963690813], 'size': [0.049837904948193595, 0.0813235869879147, 0.05243307039854257]}, 'pillar_obstacle': {'pos': [0.39994824830915515, -0.3824307480766307, 0.23470116647765446], 'size': [0.033663755439403885, 0.20172185302840845, 0.0]}, 'small_block': {'pos': [0.6140097595303955, -0.3535133918987863, 0.1097032402875184], 'size': [0.04461973939918376, 0.0849493067344041, 0.09534921802665242]}}"
2.1199999999998775,0.4039996498044328,0.0,0.4,0.40096139357763866,-3.8570403562854585e-08,0.39999737810158886,"{'table_obstacle': {'pos': [0.3825981920028062, 0.37518922255766707, 0.1646257963690813], 'size': [0.049837904948193595, 0.0813235869879147, 0.05243307039854257]}, 'pillar_obstacle': {'pos': [0.39994824830915515, -0.3824307480766307, 0.23470116647765446], 'size': [0.033663755439403885, 0.20172185302840845, 0.0]}, 'small_block': {'pos': [0.6140097595303955, -0.3535133918987863, 0.1097032402875184], 'size': [0.04461973939918376, 0.0849493067344041, 0.09534921802665242]}}"
2.1209999999998774,0.4039996498044328,0.0,0.4,0.40100482895175565,-4.2538277538410033e-08,0.39999740041416476,"{'table_obstacle': {'pos': [0.3825981920028062, 0.37518922255766707, 0.1646257963690813], 'size': [0.049837904948193595, 0.0813235869879147, 0.05243307039854257]}, 'pillar_obstacle': {'pos': [0.39994824830915515, -0.3824307480766307, 0.23470116647765446], 'size': [0.033663755439403885, 0.20172185302840845, 0.0]}, 'small_block': {'pos': [0.6140097595303955, -0.3535133918987863, 0.1097032402875184], 'size': [0.04461973939918376, 0.0849493067344041, 0.09534921802665242]}}"
2.1219999999998773,0.4039996498044328,0.0,0.4,0.40104764372824964,-4.638800149053906e-08,0.39999742301785624,"{'table_obstacle': {'pos': [0.3825981920028062, 0.37518922255766707, 0.1646257963690813], 'size': [0.049837904948193595, 0.0813235869879147, 0.05243307039854257]}, 'pillar_obstacle': {'pos': [0.39994824830915515, -0.3824307480766307, 0.23470116647765446], 'size': [0.033663755439403885, 0.20172185302840845, 0.0]}, 'small_block': {'pos': [0.6140097595303955, -0.3535133918987863, 0.1097032402875184], 'size': [0.04461973939918376, 0.0849493067344041, 0.09534921802665242]}}"
2.122999999999877,0.4039996498044328,0.0,0.4,0.4010898467303442,-5.012164139827256e-08,0.3999974458875263,"{'table_obstacle': {'pos': [0.3825981920028062, 0.37518922255766707, 0.1646257963690813], 'size': [0.049837904948193595, 0.0813235869879147, 0.05243307039854257]}, 'pillar_obstacle': {'pos': [0.39994824830915515, -0.3824307480766307, 0.23470116647765446], 'size': [0.033663755439403885, 0.20172185302840845, 0.0]}, 'small_block': {'pos': [0.6140097595303955, -0.3535133918987863, 0.1097032402875184], 'size': [0.04461973939918376, 0.0849493067344041, 0.09534921802665242]}}"
2.123999999999877,0.4039996498044328,0.0,0.4,0.401131446663479,-5.374131346885487e-08,0.3999974689992107,"{'table_obstacle': {'pos': [0.3825981920028062, 0.37518922255766707, 0.1646257963690813], 'size': [0.049837904948193595, 0.0813235869879147, 0.05243307039854257]}, 'pillar_obstacle': {'pos': [0.39994824830915515, -0.3824307480766307, 0.23470116647765446], 'size': [0.033663755439403885, 0.20172185302840845, 0.0]}, 'small_block': {'pos': [0.6140097595303955, -0.3535133918987863, 0.1097032402875184], 'size': [0.04461973939918376, 0.0849493067344041, 0.09534921802665242]}}"
2.124999999999877,0.4039996498044328,0.0,0.4,0.4011724521154349,-5.724916711000703e-08,0.3999974923300461,"{'table_obstacle': {'pos': [0.3825981920028062, 0.37518922255766707, 0.1646257963690813], 'size': [0.049837904948193595, 0.0813235869879147, 0.05243307039854257]}, 'pillar_obstacle': {'pos': [0.39994824830915515, -0.3824307480766307, 0.23470116647765446], 'size': [0.033663755439403885, 0.20172185302840845, 0.0]}, 'small_block': {'pos': [0.6140097595303955, -0.3535133918987863, 0.1097032402875184], 'size': [0.04461973939918376, 0.0849493067344041, 0.09534921802665242]}}"
2.125999999999877,0.4039996498044328,0.0,0.4,0.40121287155675167,-6.06473727762815e-08,0.39999751585821053,"{'table_obstacle': {'pos': [0.3825981920028062, 0.37518922255766707, 0.1646257963690813], 'size': [0.049837904948193595, 0.0813235869879147, 0.05243307039854257]}, 'pillar_obstacle': {'pos': [0.39994824830915515, -0.3824307480766307, 0.23470116647765446], 'size': [0.033663755439403885, 0.20172185302840845, 0.0]}, 'small_block': {'pos': [0.6140097595303955, -0.3535133918987863, 0.1097032402875184], 'size': [0.04461973939918376, 0.0849493067344041, 0.09534921802665242]}}"
2.1269999999998768,0.4039996498044328,0.0,0.4,0.40125271334137963,-6.393810938151081e-08,0.3999975395628649,"{'table_obstacle': {'pos': [0.3825981920028062, 0.37518922255766707, 0.1646257963690813], 'size': [0.049837904948193595, 0.0813235869879147, 0.05243307039854257]}, 'pillar_obstacle': {'pos': [0.39994824830915515, -0.3824307480766307, 0.23470116647765446], 'size': [0.033663755439403885, 0.20172185302840845, 0.0]}, 'small_block': {'pos': [0.6140097595303955, -0.3535133918987863, 0.1097032402875184], 'size': [0.04461973939918376, 0.0849493067344041, 0.09534921802665242]}}"
2.1279999999998767,0.4039996498044328,0.0,0.4,0.4012919857075178,-6.712355596086238e-08,0.39999756342410503,"{'table_obstacle': {'pos': [0.3825981920028062, 0.37518922255766707, 0.1646257963690813], 'size': [0.049837904948193595, 0.0813235869879147, 0.05243307039854257]}, 'pillar_obstacle': {'pos': [0.39994824830915515, -0.3824307480766307, 0.23470116647765446], 'size': [0.033663755439403885, 0.20172185302840845, 0.0]}, 'small_block': {'pos': [0.6140097595303955, -0.3535133918987863, 0.1097032402875184], 'size': [0.04461973939918376, 0.0849493067344041, 0.09534921802665242]}}"
2.1289999999998765,0.4039996498044328,0.0,0.4,0.40133069677859606,-7.020588386035549e-08,0.39999758742291325,"{'table_obstacle': {'pos': [0.3825981920028062, 0.37518922255766707, 0.1646257963690813], 'size': [0.049837904948193595, 0.0813235869879147, 0.05243307039854257]}, 'pillar_obstacle': {'pos': [0.39994824830915515, -0.3824307480766307, 0.23470116647765446], 'size': [0.033663755439403885, 0.20172185302840845, 0.0]}, 'small_block': {'pos': [0.6140097595303955, -0.3535133918987863, 0.1097032402875184], 'size': [0.04461973939918376, 0.0849493067344041, 0.09534921802665242]}}"
2.1299999999998764,0.4039996498044328,0.0,0.4,0.4013688545643719,-7.31872517212317e-08,0.3999976115411174,"{'table_obstacle': {'pos': [0.3825981920028062, 0.37518922255766707, 0.1646257963690813], 'size': [0.049837904948193595, 0.0813235869879147, 0.05243307039854257]}, 'pillar_obstacle': {'pos': [0.39994824830915515, -0.3824307480766307, 0.23470116647765446], 'size': [0.033663755439403885, 0.20172185302840845, 0.0]}, 'small_block': {'pos': [0.6140097595303955, -0.3535133918987863, 0.1097032402875184], 'size': [0.04461973939918376, 0.0849493067344041, 0.09534921802665242]}}"
2.1309999999998763,0.4039996498044328,0.0,0.4,0.40140646696211146,-7.606979980738691e-08,0.39999763576135194,"{'table_obstacle': {'pos': [0.3825981920028062, 0.37518922255766707, 0.1646257963690813], 'size': [0.049837904948193595, 0.0813235869879147, 0.05243307039854257]}, 'pillar_obstacle': {'pos': [0.39994824830915515, -0.3824307480766307, 0.23470116647765446], 'size': [0.033663755439403885, 0.20172185302840845, 0.0]}, 'small_block': {'pos': [0.6140097595303955, -0.3535133918987863, 0.1097032402875184], 'size': [0.04461973939918376, 0.0849493067344041, 0.09534921802665242]}}"
2.131999999999876,0.4039996498044328,0.0,0.4,0.401443541757842,-7.885564637635396e-08,0.3999976600670204,"{'table_obstacle': {'pos': [0.3825981920028062, 0.37518922255766707, 0.1646257963690813], 'size': [0.049837904948193595, 0.0813235869879147, 0.05243307039854257]}, 'pillar_obstacle': {'pos': [0.39994824830915515, -0.3824307480766307, 0.23470116647765446], 'size': [0.033663755439403885, 0.20172185302840845, 0.0]}, 'small_block': {'pos': [0.6140097595303955, -0.3535133918987863, 0.1097032402875184], 'size': [0.04461973939918376, 0.0849493067344041, 0.09534921802665242]}}"
2.132999999999876,0.4039996498044328,0.0,0.4,0.40148008662764895,-8.154688470722529e-08,0.3999976844422648,"{'table_obstacle': {'pos': [0.3825981920028062, 0.37518922255766707, 0.1646257963690813], 'size': [0.049837904948193595, 0.0813235869879147, 0.05243307039854257]}, 'pillar_obstacle': {'pos': [0.39994824830915515, -0.3824307480766307, 0.23470116647765446], 'size': [0.033663755439403885, 0.20172185302840845, 0.0]}, 'small_block': {'pos': [0.6140097595303955, -0.3535133918987863, 0.1097032402875184], 'size': [0.04461973939918376, 0.0849493067344041, 0.09534921802665242]}}"
2.133999999999876,0.4039996498044328,0.0,0.4,0.40151610913901314,-8.414558080859139e-08,0.39999770887193165,"{'table_obstacle': {'pos': [0.3825981920028062, 0.37518922255766707, 0.1646257963690813], 'size': [0.049837904948193595, 0.0813235869879147, 0.05243307039854257]}, 'pillar_obstacle': {'pos': [0.39994824830915515, -0.3824307480766307, 0.23470116647765446], 'size': [0.033663755439403885, 0.20172185302840845, 0.0]}, 'small_block': {'pos': [0.6140097595303955, -0.3535133918987863, 0.1097032402875184], 'size': [0.04461973939918376, 0.0849493067344041, 0.09534921802665242]}}"
2.134999999999876,0.4039996498044328,0.0,0.4,0.40155161675217027,-8.665377137777382e-08,0.39999773334154476,"{'table_obstacle': {'pos': [0.3825981920028062, 0.37518922255766707, 0.1646257963690813], 'size': [0.049837904948193595, 0.0813235869879147, 0.05243307039854257]}, 'pillar_obstacle': {'pos': [0.39994824830915515, -0.3824307480766307, 0.23470116647765446], 'size': [0.033663755439403885, 0.20172185302840845, 0.0]}, 'small_block': {'pos': [0.6140097595303955, -0.3535133918987863, 0.1097032402875184], 'size': [0.04461973939918376, 0.0849493067344041, 0.09534921802665242]}}"
2.1359999999998758,0.4039996498044328,0.0,0.4,0.40158661682148894,-8.90734626912571e-08,0.39999775783727726,"{'table_obstacle': {'pos': [0.3825981920028062, 0.37518922255766707, 0.1646257963690813], 'size': [0.049837904948193595, 0.0813235869879147, 0.05243307039854257]}, 'pillar_obstacle': {'pos': [0.39994824830915515, -0.3824307480766307, 0.23470116647765446], 'size': [0.033663755439403885, 0.20172185302840845, 0.0]}, 'small_block': {'pos': [0.6140097595303955, -0.3535133918987863, 0.1097032402875184], 'size': [0.04461973939918376, 0.0849493067344041, 0.09534921802665242]}}"
2.1369999999998757,0.4039996498044328,0.0,0.4,0.40162111659685645,-9.140662907483186e-08,0.3999977823459255,"{'table_obstacle': {'pos': [0.3825981920028062, 0.37518922255766707, 0.1646257963690813], 'size': [0.049837904948193595, 0.0813235869879147, 0.05243307039854257]}, 'pillar_obstacle': {'pos': [0.39994824830915515, -0.3824307480766307, 0.23470116647765446], 'size': [0.033663755439403885, 0.20172185302840845, 0.0]}, 'small_block': {'pos': [0.6140097595303955, -0.3535133918987863, 0.1097032402875184], 'size': [0.04461973939918376, 0.0849493067344041, 0.09534921802665242]}}"
2.1379999999998756,0.4039996498044328,0.0,0.4,0.40165512322506974,-9.365521309304406e-08,0.39999780685488556,"{'table_obstacle': {'pos': [0.3825981920028062, 0.37518922255766707, 0.1646257963690813], 'size': [0.049837904948193595, 0.0813235869879147, 0.05243307039854257]}, 'pillar_obstacle': {'pos': [0.39994824830915515, -0.3824307480766307, 0.23470116647765446], 'size': [0.033663755439403885, 0.20172185302840845, 0.0]}, 'small_block': {'pos': [0.6140097595303955, -0.3535133918987863, 0.1097032402875184], 'size': [0.04461973939918376, 0.0849493067344041, 0.09534921802665242]}}"
2.1389999999998754,0.4039996498044328,0.0,0.4,0.40168864375122326,-9.582112377914948e-08,0.3999978313521293,"{'table_obstacle': {'pos': [0.3825981920028062, 0.37518922255766707, 0.1646257963690813], 'size': [0.049837904948193595, 0.0813235869879147, 0.05243307039854257]}, 'pillar_obstacle': {'pos': [0.39994824830915515, -0.3824307480766307, 0.23470116647765446], 'size': [0.033663755439403885, 0.20172185302840845, 0.0]}, 'small_block': {'pos': [0.6140097595303955, -0.3535133918987863, 0.1097032402875184], 'size': [0.04461973939918376, 0.0849493067344041, 0.09534921802665242]}}"
2.1399999999998753,0.4039996498044328,0.0,0.4,0.4017216851200961,-9.790623729536398e-08,0.39999785582618275,"{'table_obstacle': {'pos': [0.3825981920028062, 0.37518922255766707, 0.1646257963690813], 'size': [0.049837904948193595, 0.0813235869879147, 0.05243307039854257]}, 'pillar_obstacle': {'pos': [0.39994824830915515, -0.3824307480766307, 0.23470116647765446], 'size': [0.033663755439403885, 0.20172185302840845, 0.0]}, 'small_block': {'pos': [0.6140097595303955, -0.3535133918987863, 0.1097032402875184], 'size': [0.04461973939918376, 0.0849493067344041, 0.09534921802665242]}}"
2.1409999999998752,0.4039996498044328,0.0,0.4,0.4017542541775283,-9.991239644948545e-08,0.3999978802661054,"{'table_obstacle': {'pos': [0.3825981920028062, 0.37518922255766707, 0.1646257963690813], 'size': [0.049837904948193595, 0.0813235869879147, 0.05243307039854257]}, 'pillar_obstacle': {'pos': [0.39994824830915515, -0.3824307480766307, 0.23470116647765446], 'size': [0.033663755439403885, 0.20172185302840845, 0.0]}, 'small_block': {'pos': [0.6140097595303955, -0.3535133918987863, 0.1097032402875184], 'size': [0.04461973939918376, 0.0849493067344041, 0.09534921802665242]}}"
2.141999999999875,0.4039996498044328,0.0,0.4,0.40178635767178883,-1.0184141066599364e-07,0.39999790466146945,"{'table_obstacle': {'pos': [0.3825981920028062, 0.37518922255766707, 0.1646257963690813], 'size': [0.049837904948193595, 0.0813235869879147, 0.05243307039854257]}, 'pillar_obstacle': {'pos': [0.39994824830915515, -0.3824307480766307, 0.23470116647765446], 'size': [0.033663755439403885, 0.20172185302840845, 0.0]}, 'small_block': {'pos': [0.6140097595303955, -0.3535133918987863, 0.1097032402875184], 'size': [0.04461973939918376, 0.0849493067344041, 0.09534921802665242]}}"
2.142999999999875,0.4039996498044328,0.0,0.4,0.40181800225493297,-1.0369505635439869e-07,0.3999979290023418,"{'table_obstacle': {'pos': [0.3825981920028062, 0.37518922255766707, 0.1646257963690813], 'size': [0.049837904948193595, 0.0813235869879147, 0.05243307039854257]}, 'pillar_obstacle': {'pos': [0.39994824830915515, -0.3824307480766307, 0.23470116647765446], 'size': [0.033663755439403885, 0.20172185302840845, 0.0]}, 'small_block': {'pos': [0.6140097595303955, -0.3535133918987863, 0.1097032402875184], 'size': [0.04461973939918376, 0.0849493067344041, 0.09534921802665242]}}"
2.143999999999875,0.4039996498044328,0.0,0.4,0.40184919448414647,-1.0547507694059692e-07,0.39999795327926485,"{'table_obstacle': {'pos': [0.3825981920028062, 0.37518922255766707, 0.1646257963690813], 'size': [0.049837904948193595, 0.0813235869879147, 0.05243307039854257]}, 'pillar_obstacle': {'pos': [0.39994824830915515, -0.3824307480766307, 0.23470116647765446], 'size': [0.033663755439403885, 0.20172185302840845, 0.0]}, 'small_block': {'pos': [0.6140097595303955, -0.3535133918987863, 0.1097032402875184], 'size': [0.04461973939918376, 0.0849493067344041, 0.09534921802665242]}}"
2.144999999999875,0.4039996498044328,0.0,0.4,0.4018799408230751,-1.071831829124625e-07,0.39999797748323984,"{'table_obstacle': {'pos': [0.3825981920028062, 0.37518922255766707, 0.1646257963690813], 'size': [0.049837904948193595, 0.0813235869879147, 0.05243307039854257]}, 'pillar_obstacle': {'pos': [0.39994824830915515, -0.3824307480766307, 0.23470116647765446], 'size': [0.033663755439403885, 0.20172185302840845, 0.0]}, 'small_block': {'pos': [0.6140097595303955, -0.3535133918987863, 0.1097032402875184], 'size': [0.04461973939918376, 0.0849493067344041, 0.09534921802665242]}}"
2.1459999999998747,0.4039996498044328,0.0,0.4,0.40191024764314154,-1.0882105234505014e-07,0.39999800160570836,"{'table_obstacle': {'pos': [0.3825981920028062, 0.37518922255766707, 0.1646257963690813], 'size': [0.049837904948193595, 0.0813235869879147, 0.05243307039854257]}, 'pillar_obstacle': {'pos': [0.39994824830915515, -0.3824307480766307, 0.23470116647765446], 'size': [0.033663755439403885, 0.20172185302840845, 0.0]}, 'small_block': {'pos': [0.6140097595303955, -0.3535133918987863, 0.1097032402875184], 'size': [0.04461973939918376, 0.0849493067344041, 0.09534921802665242]}}"
2.1469999999998746,0.4039996498044328,0.0,0.4,0.40194012122484485,-1.103903313751739e-07,0.3999980256385381,"{'table_obstacle': {'pos': [0.3825981920028062, 0.37518922255766707, 0.1646257963690813], 'size': [0.049837904948193595, 0.0813235869879147, 0.05243307039854257]}, 'pillar_obstacle': {'pos': [0.39994824830915515, -0.3824307480766307, 0.23470116647765446], 'size': [0.033663755439403885, 0.20172185302840845, 0.0]}, 'small_block': {'pos': [0.6140097595303955, -0.3535133918987863, 0.1097032402875184], 'size': [0.04461973939918376, 0.0849493067344041, 0.09534921802665242]}}"
2.1479999999998745,0.4039996498044328,0.0,0.4,0.40196956775904524,-1.1189263439899996e-07,0.3999980495740069,"{'table_obstacle': {'pos': [0.3825981920028062, 0.37518922255766707, 0.1646257963690813], 'size': [0.049837904948193595, 0.0813235869879147, 0.05243307039854257]}, 'pillar_obstacle': {'pos': [0.39994824830915515, -0.3824307480766307, 0.23470116647765446], 'size': [0.033663755439403885, 0.20172185302840845, 0.0]}, 'small_block': {'pos': [0.6140097595303955, -0.3535133918987863, 0.1097032402875184], 'size': [0.04461973939918376, 0.0849493067344041, 0.09534921802665242]}}"
2.1489999999998743,0.4079996335443595,0.0,0.4,0.4019985933482337,-1.1332954481919715e-07,0.3999980734047858,"{'table_obstacle': {'pos': [0.3825981920028062, 0.37518922255766707, 0.1646257963690813], 'size': [0.049837904948193595, 0.0813235869879147, 0.05243307039854257]}, 'pillar_obstacle': {'pos': [0.39994824830915515, -0.3824307480766307, 0.23470116647765446], 'size': [0.033663755439403885, 0.20172185302840845, 0.0]}, 'small_block': {'pos': [0.6140097595303955, -0.3535133918987863, 0.1097032402875184], 'size': [0.04461973939918376, 0.0849493067344041, 0.09534921802665242]}}"
2.1499999999998742,0.4079996335443595,0.0,0.4,0.4020381070752521,-1.000286178455362e-07,0.3999980501217526,"{'table_obstacle': {'pos': [0.3825981920028062, 0.37518922255766707, 0.1646257963690813], 'size': [0.049837904948193595, 0.0813235869879147, 0.05243307039854257]}, 'pillar_obstacle': {'pos': [0.39994824830915515, -0.3824307480766307, 0.23470116647765446], 'size': [0.033663755439403885, 0.20172185302840845, 0.0]}, 'small_block': {'pos': [0.6140097595303955, -0.3535133918987863, 0.1097032402875184], 'size': [0.04461973939918376, 0.0849493067344041, 0.09534921802665242]}}"
2.150999999999874,0.4079996335443595,0.0,0.4,0.4020858796719531,-7.810404035862639e-08,0.39999799663550223,"{'table_obstacle': {'pos': [0.3825981920028062, 0.37518922255766707, 0.1646257963690813], 'size': [0.049837904948193595, 0.0813235869879147, 0.05243307039854257]}, 'pillar_obstacle': {'pos': [0.39994824830915515, -0.3824307480766307, 0.23470116647765446], 'size': [0.033663755439403885, 0.20172185302840845, 0.0]}, 'small_block': {'pos': [0.6140097595303955, -0.3535133918987863, 0.1097032402875184], 'size': [0.04461973939918376, 0.0849493067344041, 0.09534921802665242]}}"
2.151999999999874,0.4079996335443595,0.0,0.4,0.4021401102193626,-5.184110199167754e-08,0.3999979249384185,"{'table_obstacle': {'pos': [0.3825981920028062, 0.37518922255766707, 0.1646257963690813], 'size': [0.049837904948193595, 0.0813235869879147, 0.05243307039854257]}, 'pillar_obstacle': {'pos': [0.39994824830915515, -0.3824307480766307, 0.23470116647765446], 'size': [0.033663755439403885, 0.20172185302840845, 0.0]}, 'small_block': {'pos': [0.6140097595303955, -0.3535133918987863, 0.1097032402875184], 'size': [0.04461973939918376, 0.0849493067344041, 0.09534921802665242]}}"
2.152999999999874,0.4079996335443595,0.0,0.4,0.40219934446365113,-2.417638542102901e-08,0.39999784346851097,"{'table_obstacle': {'pos': [0.3825981920028062, 0.37518922255766707, 0.1646257963690813], 'size': [0.049837904948193595, 0.0813235869879147, 0.05243307039854257]}, 'pillar_obstacle': {'pos': [0.39994824830915515, -0.3824307480766307, 0.23470116647765446], 'size': [0.033663755439403885, 0.20172185302840845, 0.0]}, 'small_block': {'pos': [0.6140097595303955, -0.3535133918987863, 0.1097032402875184], 'size': [0.04461973939918376, 0.0849493067344041, 0.09534921802665242]}}"
2.153999999999874,0.4079996335443595,0.0,0.4,0.40226240868483615,2.9397740295390834e-09,0.39999775809252663,"{'table_obstacle': {'pos': [0.3825981920028062, 0.37518922255766707, 0.1646257963690813], 'size': [0.049837904948193595, 0.0813235869879147, 0.05243307039854257]}, 'pillar_obstacle': {'pos': [0.39994824830915515, -0.3824307480766307, 0.23470116647765446], 'size': [0.033663755439403885, 0.20172185302840845, 0.0]}, 'small_block': {'pos': [0.6140097595303955, -0.3535133918987863, 0.1097032402875184], 'size': [0.04461973939918376, 0.0849493067344041, 0.09534921802665242]}}"
2.1549999999998737,0.4079996335443595,0.0,0.4,0.40232835616284407,2.8270844255379767e-08,0.39999767281816606,"{'table_obstacle': {'pos': [0.3825981920028062, 0.37518922255766707, 0.1646257963690813], 'size': [0.049837904948193595, 0.0813235869879147, 0.05243307039854257]}, 'pillar_obstacle': {'pos': [0.39994824830915515, -0.3824307480766307, 0.23470116647765446], 'size': [0.033663755439403885, 0.20172185302840845, 0.0]}, 'small_block': {'pos': [0.6140097595303955, -0.3535133918987863, 0.1097032402875184], 'size': [0.04461973939918376, 0.0849493067344041, 0.09534921802665242]}}"
2.1559999999998736,0.4079996335443595,0.0,0.4,0.402396423845085,5.1090322072465124e-08,0.3999975903121517,"{'table_obstacle': {'pos': [0.3825981920028062, 0.37518922255766707, 0.1646257963690813], 'size': [0.049837904948193595, 0.0813235869879147, 0.05243307039854257]}, 'pillar_obstacle': {'pos': [0.39994824830915515, -0.3824307480766307, 0.23470116647765446], 'size': [0.033663755439403885, 0.20172185302840845, 0.0]}, 'small_block': {'pos': [0.6140097595303955, -0.3535133918987863, 0.1097032402875184], 'size': [0.04461973939918376, 0.0849493067344041, 0.09534921802665242]}}"
2.1569999999998735,0.4079996335443595,0.0,0.4,0.4024659972740101,7.103020088367131e-08,0.3999975122782162,"{'table_obstacle': {'pos': [0.3825981920028062, 0.37518922255766707, 0.1646257963690813], 'size': [0.049837904948193595, 0.0813235869879147, 0.05243307039854257]}, 'pillar_obstacle': {'pos': [0.39994824830915515, -0.3824307480766307, 0.23470116647765446], 'size': [0.033663755439403885, 0.20172185302840845, 0.0]}, 'small_block': {'pos': [0.6140097595303955, -0.3535133918987863, 0.1097032402875184], 'size': [0.04461973939918376, 0.0849493067344041, 0.09534921802665242]}}"
2.1579999999998734,0.4079996335443595,0.0,0.4,0.4025365822017771,8.79690584018911e-08,0.3999974397333955,"{'table_obstacle': {'pos': [0.3825981920028062, 0.37518922255766707, 0.1646257963690813], 'size': [0.049837904948193595, 0.0813235869879147, 0.05243307039854257]}, 'pillar_obstacle': {'pos': [0.39994824830915515, -0.3824307480766307, 0.23470116647765446], 'size': [0.033663755439403885, 0.20172185302840845, 0.0]}, 'small_block': {'pos': [0.6140097595303955, -0.3535133918987863, 0.1097032402875184], 'size': [0.04461973939918376, 0.0849493067344041, 0.09534921802665242]}}"
2.1589999999998732,0.4079996335443595,0.0,0.4,0.4026077816180904,1.019500828978191e-07,0.3999973732100917,"{'table_obstacle': {'pos': [0.3825981920028062, 0.37518922255766707, 0.1646257963690813], 'size': [0.049837904948193595, 0.0813235869879147, 0.05243307039854257]}, 'pillar_obstacle': {'pos': [0.39994824830915515, -0.3824307480766307, 0.23470116647765446], 'size': [0.033663755439403885, 0.20172185302840845, 0.0]}, 'small_block': {'pos': [0.6140097595303955, -0.3535133918987863, 0.1097032402875184], 'size': [0.04461973939918376, 0.0849493067344041, 0.09534921802665242]}}"
2.159999999999873,0.4079996335443595,0.0,0.4,0.40267927715962326,1.1312162900821445e-07,0.3999973129037156,"{'table_obstacle': {'pos': [0.3825981920028062, 0.37518922255766707, 0.1646257963690813], 'size': [0.049837904948193595, 0.0813235869879147, 0.05243307039854257]}, 'pillar_obstacle': {'pos': [0.39994824830915515, -0.3824307480766307, 0.23470116647765446], 'size': [0.033663755439403885, 0.20172185302840845, 0.0]}, 'small_block': {'pos': [0.6140097595303955, -0.3535133918987863, 0.1097032402875184], 'size': [0.04461973939918376, 0.0849493067344041, 0.09534921802665242]}}"
2.160999999999873,0.4079996335443595,0.0,0.4,0.40275081406578395,1.216946402212887e-07,0.3999972587802878,"{'table_obstacle': {'pos': [0.3825981920028062, 0.37518922255766707, 0.1646257963690813], 'size': [0.049837904948193595, 0.0813235869879147, 0.05243307039854257]}, 'pillar_obstacle': {'pos': [0.39994824830915515, -0.3824307480766307, 0.23470116647765446], 'size': [0.033663755439403885, 0.20172185302840845, 0.0]}, 'small_block': {'pos': [0.6140097595303955, -0.3535133918987863, 0.1097032402875184], 'size': [0.04461973939918376, 0.0849493067344041, 0.09534921802665242]}}"
2.161999999999873,0.4079996335443595,0.0,0.4,0.40282218900466404,1.2791263490895816e-07,0.3999972106545098,"{'table_obstacle': {'pos': [0.3825981920028062, 0.37518922255766707, 0.1646257963690813], 'size': [0.049837904948193595, 0.0813235869879147, 0.05243307039854257]}, 'pillar_obstacle': {'pos': [0.39994824830915515, -0.3824307480766307, 0.23470116647765446], 'size': [0.033663755439403885, 0.20172185302840845, 0.0]}, 'small_block': {'pos': [0.6140097595303955, -0.3535133918987863, 0.1097032402875184], 'size': [0.04461973939918376, 0.0849493067344041, 0.09534921802665242]}}"
2.162999999999873,0.4079996335443595,0.0,0.4,0.4028932402218265,1.3203097808956606e-07,0.3999971682460261,"{'table_obstacle': {'pos': [0.3825981920028062, 0.37518922255766707, 0.1646257963690813], 'size': [0.049837904948193595, 0.0813235869879147, 0.05243307039854257]}, 'pillar_obstacle': {'pos': [0.39994824830915515, -0.3824307480766307, 0.23470116647765446], 'size': [0.033663755439403885, 0.20172185302840845, 0.0]}, 'small_block': {'pos': [0.6140097595303955, -0.3535133918987863, 0.1097032402875184], 'size': [0.04461973939918376, 0.0849493067344041, 0.09534921802665242]}}"
2.1639999999998727,0.4079996335443595,0.0,0.4,0.4029638395689149,1.3430296925840342e-07,0.39999713121958563,"{'table_obstacle': {'pos': [0.3825981920028062, 0.37518922255766707, 0.1646257963690813], 'size': [0.049837904948193595, 0.0813235869879147, 0.05243307039854257]}, 'pillar_obstacle': {'pos': [0.39994824830915515, -0.3824307480766307, 0.23470116647765446], 'size': [0.033663755439403885, 0.20172185302840845, 0.0]}, 'small_block': {'pos': [0.6140097595303955, -0.3535133918987863, 0.1097032402875184], 'size': [0.04461973939918376, 0.0849493067344041, 0.09534921802665242]}}"
2.1649999999998726,0.4079996335443595,0.0,0.4,0.40303388605351825,1.3497088146833893e-07,0.3999970992133297,"{'table_obstacle': {'pos': [0.3825981920028062, 0.37518922255766707, 0.1646257963690813], 'size': [0.049837904948193595, 0.0813235869879147, 0.05243307039854257]}, 'pillar_obstacle': {'pos': [0.39994824830915515, -0.3824307480766307, 0.23470116647765446], 'size': [0.033663755439403885, 0.20172185302840845, 0.0]}, 'small_block': {'pos': [0.6140097595303955, -0.3535133918987863, 0.1097032402875184], 'size': [0.04461973939918376, 0.0849493067344041, 0.09534921802665242]}}"
2.1659999999998725,0.4079996335443595,0.0,0.4,0.40310330062009964,1.3426055428100978e-07,0.3999970718583473,"{'table_obstacle': {'pos': [0.3825981920028062, 0.37518922255766707, 0.1646257963690813], 'size': [0.049837904948193595, 0.0813235869879147, 0.05243307039854257]}, 'pillar_obstacle': {'pos': [0.39994824830915515, -0.3824307480766307, 0.23470116647765446], 'size': [0.033663755439403885, 0.20172185302840845, 0.0]}, 'small_block': {'pos': [0.6140097595303955, -0.3535133918987863, 0.1097032402875184], 'size': [0.04461973939918376, 0.0849493067344041, 0.09534921802665242]}}"
2.1669999999998724,0.4079996335443595,0.0,0.4,0.40317202192713636,1.323784992981718e-07,0.399997048791844,"{'table_obstacle': {'pos': [0.3825981920028062, 0.37518922255766707, 0.1646257963690813], 'size': [0.049837904948193595, 0.0813235869879147, 0.05243307039854257]}, 'pillar_obstacle': {'pos': [0.39994824830915515, -0.3824307480766307, 0.23470116647765446], 'size': [0.033663755439403885, 0.20172185302840845, 0.0]}, 'small_block': {'pos': [0.6140097595303955, -0.3535133918987863, 0.1097032402875184], 'size': [0.04461973939918376, 0.0849493067344041, 0.09534921802665242]}}"
2.1679999999998723,0.4079996335443595,0.0,0.4,0.4032400029304146,1.2951074812522753e-07,0.3999970296656612,"{'table_obstacle': {'pos': [0.3825981920028062, 0.37518922255766707, 0.1646257963690813], 'size': [0.049837904948193595, 0.0813235869879147, 0.05243307039854257]}, 'pillar_obstacle': {'pos': [0.39994824830915515, -0.3824307480766307, 0.23470116647765446], 'size': [0.033663755439403885, 0.20172185302840845, 0.0]}, 'small_block': {'pos': [0.6140097595303955, -0.3535133918987863, 0.1097032402875184], 'size': [0.04461973939918376, 0.0849493067344041, 0.09534921802665242]}}"
2.168999999999872,0.4079996335443595,0.0,0.4,0.40330720811867576,1.2582287551018748e-07,0.3999970141514495,"{'table_obstacle': {'pos': [0.3825981920028062, 0.37518922255766707, 0.1646257963690813], 'size': [0.049837904948193595, 0.0813235869879147, 0.05243307039854257]}, 'pillar_obstacle': {'pos': [0.39994824830915515, -0.3824307480766307, 0.23470116647765446], 'size': [0.033663755439403885, 0.20172185302840845, 0.0]}, 'small_block': {'pos': [0.6140097595303955, -0.3535133918987863, 0.1097032402875184], 'size': [0.04461973939918376, 0.0849493067344041, 0.09534921802665242]}}"
2.169999999999872,0.4079996335443595,0.0,0.4,0.4033736112771512,1.2146078557195814e-07,0.39999700194346127,"{'table_obstacle': {'pos': [0.3825981920028062, 0.37518922255766707, 0.1646257963690813], 'size': [0.049837904948193595, 0.0813235869879147, 0.05243307039854257]}, 'pillar_obstacle': {'pos': [0.39994824830915515, -0.3824307480766307, 0.23470116647765446], 'size': [0.033663755439403885, 0.20172185302840845, 0.0]}, 'small_block': {'pos': [0.6140097595303955, -0.3535133918987863, 0.1097032402875184], 'size': [0.04461973939918376, 0.0849493067344041, 0.09534921802665242]}}"
2.170999999999872,0.4079996335443595,0.0,0.4,0.4034391936782664,1.1655196392019131e-07,0.39999699275967276,"{'table_obstacle': {'pos': [0.3825981920028062, 0.37518922255766707, 0.1646257963690813], 'size': [0.049837904948193595, 0.0813235869879147, 0.05243307039854257]}, 'pillar_obstacle': {'pos': [0.39994824830915515, -0.3824307480766307, 0.23470116647765446], 'size': [0.033663755439403885, 0.20172185302840845, 0.0]}, 'small_block': {'pos': [0.6140097595303955, -0.3535133918987863, 0.1097032402875184], 'size': [0.04461973939918376, 0.0849493067344041, 0.09534921802665242]}}"
2.171999999999872,0.4079996335443595,0.0,0.4,0.40350394261801126,1.1120698622373007e-07,0.39999698634176933,"{'table_obstacle': {'pos': [0.3825981920028062, 0.37518922255766707, 0.1646257963690813], 'size': [0.049837904948193595, 0.0813235869879147, 0.05243307039854257]}, 'pillar_obstacle': {'pos': [0.39994824830915515, -0.3824307480766307, 0.23470116647765446], 'size': [0.033663755439403885, 0.20172185302840845, 0.0]}, 'small_block': {'pos': [0.6140097595303955, -0.3535133918987863, 0.1097032402875184], 'size': [0.04461973939918376, 0.0849493067344041, 0.09534921802665242]}}"
2.1729999999998717,0.4079996335443595,0.0,0.4,0.40356785023202174,1.0552113679853862e-07,0.3999969824543743,"{'table_obstacle': {'pos': [0.3825981920028062, 0.37518922255766707, 0.1646257963690813], 'size': [0.049837904948193595, 0.0813235869879147, 0.05243307039854257]}, 'pillar_obstacle': {'pos': [0.39994824830915515, -0.3824307480766307, 0.23470116647765446], 'size': [0.033663755439403885, 0.20172185302840845, 0.0]}, 'small_block': {'pos': [0.6140097595303955, -0.3535133918987863, 0.1097032402875184], 'size': [0.04461973939918376, 0.0849493067344041, 0.09534921802665242]}}"
2.1739999999998716,0.4079996335443595,0.0,0.4,0.4036309125380063,9.957603703666412e-08,0.3999969808838073,"{'table_obstacle': {'pos': [0.3825981920028062, 0.37518922255766707, 0.1646257963690813], 'size': [0.049837904948193595, 0.0813235869879147, 0.05243307039854257]}, 'pillar_obstacle': {'pos': [0.39994824830915515, -0.3824307480766307, 0.23470116647765446], 'size': [0.033663755439403885, 0.20172185302840845, 0.0]}, 'small_block': {'pos': [0.6140097595303955, -0.3535133918987863, 0.1097032402875184], 'size': [0.04461973939918376, 0.0849493067344041, 0.09534921802665242]}}"
2.1749999999998715,0.4079996335443595,0.0,0.4,0.4036931286613221,9.34412196869136e-08,0.3999969814365696,"{'table_obstacle': {'pos': [0.3825981920028062, 0.37518922255766707, 0.1646257963690813], 'size': [0.049837904948193595, 0.0813235869879147, 0.05243307039854257]}, 'pillar_obstacle': {'pos': [0.39994824830915515, -0.3824307480766307, 0.23470116647765446], 'size': [0.033663755439403885, 0.20172185302840845, 0.0]}, 'small_block': {'pos': [0.6140097595303955, -0.3535133918987863, 0.1097032402875184], 'size': [0.04461973939918376, 0.0849493067344041, 0.09534921802665242]}}"
2.1759999999998714,0.4079996335443595,0.0,0.4,0.4037545002087625,8.717560915821242e-08,0.39999698393769995,"{'table_obstacle': {'pos': [0.3825981920028062, 0.37518922255766707, 0.1646257963690813], 'size': [0.049837904948193595, 0.0813235869879147, 0.05243307039854257]}, 'pillar_obstacle': {'pos': [0.39994824830915515, -0.3824307480766307, 0.23470116647765446], 'size': [0.033663755439403885, 0.20172185302840845, 0.0]}, 'small_block': {'pos': [0.6140097595303955, -0.3535133918987863, 0.1097032402875184], 'size': [0.04461973939918376, 0.0849493067344041, 0.09534921802665242]}}"
2.1769999999998713,0.4079996335443595,0.0,0.4,0.4038150307622659,8.082888414883284e-08,0.39999698822910007,"{'table_obstacle': {'pos': [0.3825981920028062, 0.37518922255766707, 0.1646257963690813], 'size': [0.049837904948193595, 0.0813235869879147, 0.05243307039854257]}, 'pillar_obstacle': {'pos': [0.39994824830915515, -0.3824307480766307, 0.23470116647765446], 'size': [0.033663755439403885, 0.20172185302840845, 0.0]}, 'small_block': {'pos': [0.6140097595303955, -0.3535133918987863, 0.1097032402875184], 'size': [0.04461973939918376, 0.0849493067344041, 0.09534921802665242]}}"
2.177999999999871,0.4079996335443595,0.0,0.4,0.4038747254696701,7.444271264398155e-08,0.3999969941678979,"{'table_obstacle': {'pos': [0.3825981920028062, 0.37518922255766707, 0.1646257963690813], 'size': [0.049837904948193595, 0.0813235869879147, 0.05243307039854257]}, 'pillar_obstacle': {'pos': [0.39994824830915515, -0.3824307480766307, 0.23470116647765446], 'size': [0.033663755439403885, 0.20172185302840845, 0.0]}, 'small_block': {'pos': [0.6140097595303955, -0.3535133918987863, 0.1097032402875184], 'size': [0.04461973939918376, 0.0849493067344041, 0.09534921802665242]}}"
2.178999999999871,0.4079996335443595,0.0,0.4,0.4039335907139865,6.80518597642005e-08,0.39999700162488666,"{'table_obstacle': {'pos': [0.3825981920028062, 0.37518922255766707, 0.1646257963690813], 'size': [0.049837904948193595, 0.0813235869879147, 0.05243307039854257]}, 'pillar_obstacle': {'pos': [0.39994824830915515, -0.3824307480766307, 0.23470116647765446], 'size': [0.033663755439403885, 0.20172185302840845, 0.0]}, 'small_block': {'pos': [0.6140097595303955, -0.3535133918987863, 0.1097032402875184], 'size': [0.04461973939918376, 0.0849493067344041, 0.09534921802665242]}}"
2.179999999999871,0.4079996335443595,0.0,0.4,0.4039916338462135,6.16851668090839e-08,0.39999701048306896,"{'table_obstacle': {'pos': [0.3825981920028062, 0.37518922255766707, 0.1646257963690813], 'size': [0.049837904948193595, 0.0813235869879147, 0.05243307039854257]}, 'pillar_obstacle': {'pos': [0.39994824830915515, -0.3824307480766307, 0.23470116647765446], 'size': [0.033663755439403885, 0.20172185302840845, 0.0]}, 'small_block': {'pos': [0.6140097595303955, -0.3535133918987863, 0.1097032402875184], 'size': [0.04461973939918376, 0.0849493067344041, 0.09534921802665242]}}"
2.180999999999871,0.4079996335443595,0.0,0.4,0.4040488629695592,5.5366414626275945e-08,0.39999702063632053,"{'table_obstacle': {'pos': [0.3825981920028062, 0.37518922255766707, 0.1646257963690813], 'size': [0.049837904948193595, 0.0813235869879147, 0.05243307039854257]}, 'pillar_obstacle': {'pos': [0.39994824830915515, -0.3824307480766307, 0.23470116647765446], 'size': [0.033663755439403885, 0.20172185302840845, 0.0]}, 'small_block': {'pos': [0.6140097595303955, -0.3535133918987863, 0.1097032402875184], 'size': [0.04461973939918376, 0.0849493067344041, 0.09534921802665242]}}"
2.1819999999998707,0.4079996335443595,0.0,0.4,0.4041052867652647,4.911507656660204e-08,0.3999970319881731,"{'table_obstacle': {'pos': [0.3825981920028062, 0.37518922255766707, 0.1646257963690813], 'size': [0.049837904948193595, 0.0813235869879147, 0.05243307039854257]}, 'pillar_obstacle': {'pos': [0.39994824830915515, -0.3824307480766307, 0.23470116647765446], 'size': [0.033663755439403885, 0.20172185302840845, 0.0]}, 'small_block': {'pos': [0.6140097595303955, -0.3535133918987863, 0.1097032402875184], 'size': [0.04461973939918376, 0.0849493067344041, 0.09534921802665242]}}"
2.1829999999998706,0.4079996335443595,0.0,0.4,0.404160914352081,4.294697179302963e-08,0.3999970444507219,"{'table_obstacle': {'pos': [0.3825981920028062, 0.37518922255766707, 0.1646257963690813], 'size': [0.049837904948193595, 0.0813235869879147, 0.05243307039854257]}, 'pillar_obstacle': {'pos': [0.39994824830915515, -0.3824307480766307, 0.23470116647765446], 'size': [0.033663755439403885, 0.20172185302840845, 0.0]}, 'small_block': {'pos': [0.6140097595303955, -0.3535133918987863, 0.1097032402875184], 'size': [0.04461973939918376, 0.0849493067344041, 0.09534921802665242]}}"
2.1839999999998705,0.4079996335443595,0.0,0.4,0.4042157551729796,3.687482911288112e-08,0.3999970579436488,"{'table_obstacle': {'pos': [0.3825981920028062, 0.37518922255766707, 0.1646257963690813], 'size': [0.049837904948193595, 0.0813235869879147, 0.05243307039854257]}, 'pillar_obstacle': {'pos': [0.39994824830915515, -0.3824307480766307, 0.23470116647765446], 'size': [0.033663755439403885, 0.20172185302840845, 0.0]}, 'small_block': {'pos': [0.6140097595303955, -0.3535133918987863, 0.1097032402875184], 'size': [0.04461973939918376, 0.0849493067344041, 0.09534921802665242]}}"
2.1849999999998704,0.4079996335443595,0.0,0.4,0.40426981890389313,3.090877284245882e-08,0.39999707239335475,"{'table_obstacle': {'pos': [0.3825981920028062, 0.37518922255766707, 0.1646257963690813], 'size': [0.049837904948193595, 0.0813235869879147, 0.05243307039854257]}, 'pillar_obstacle': {'pos': [0.39994824830915515, -0.3824307480766307, 0.23470116647765446], 'size': [0.033663755439403885, 0.20172185302840845, 0.0]}, 'small_block': {'pos': [0.6140097595303955, -0.3535133918987863, 0.1097032402875184], 'size': [0.04461973939918376, 0.0849493067344041, 0.09534921802665242]}}"
2.1859999999998703,0.4079996335443595,0.0,0.4,0.40432311538027854,2.5056737558073847e-08,0.3999970877321948,"{'table_obstacle': {'pos': [0.3825981920028062, 0.37518922255766707, 0.1646257963690813], 'size': [0.049837904948193595, 0.0813235869879147, 0.05243307039854257]}, 'pillar_obstacle': {'pos': [0.39994824830915515, -0.3824307480766307, 0.23470116647765446], 'size': [0.033663755439403885, 0.20172185302840845, 0.0]}, 'small_block': {'pos': [0.6140097595303955, -0.3535133918987863, 0.1097032402875184], 'size': [0.04461973939918376, 0.0849493067344041, 0.09534921802665242]}}"
2.18699999999987,0.4079996335443595,0.0,0.4,0.4043756545380985,1.9324822506338074e-08,0.39999710389780496,"{'table_obstacle': {'pos': [0.3825981920028062, 0.37518922255766707, 0.1646257963690813], 'size': [0.049837904948193595, 0.0813235869879147, 0.05243307039854257]}, 'pillar_obstacle': {'pos': [0.39994824830915515, -0.3824307480766307, 0.23470116647765446], 'size': [0.033663755439403885, 0.20172185302840845, 0.0]}, 'small_block': {'pos': [0.6140097595303955, -0.3535133918987863, 0.1097032402875184], 'size': [0.04461973939918376, 0.0849493067344041, 0.09534921802665242]}}"
2.18799999999987,0.4079996335443595,0.0,0.4,0.4044274463664653,1.371759343811731e-08,0.39999712083251104,"{'table_obstacle': {'pos': [0.3825981920028062, 0.37518922255766707, 0.1646257963690813], 'size': [0.049837904948193595, 0.0813235869879147, 0.05243307039854257]}, 'pillar_obstacle': {'pos': [0.39994824830915515, -0.3824307480766307, 0.23470116647765446], 'size': [0.033663755439403885, 0.20172185302840845, 0.0]}, 'small_block': {'pos': [0.6140097595303955, -0.3535133918987863, 0.1097032402875184], 'size': [0.04461973939918376, 0.0849493067344041, 0.09534921802665242]}}"
2.18899999999987,0.4079996335443595,0.0,0.4,0.40447850086971593,8.238337359224834e-09,0.39999713848281343,"{'table_obstacle': {'pos': [0.3825981920028062, 0.37518922255766707, 0.1646257963690813], 'size': [0.049837904948193595, 0.0813235869879147, 0.05243307039854257]}, 'pillar_obstacle': {'pos': [0.39994824830915515, -0.3824307480766307, 0.23470116647765446], 'size': [0.033663755439403885, 0.20172185302840845, 0.0]}, 'small_block': {'pos': [0.6140097595303955, -0.3535133918987863, 0.1097032402875184], 'size': [0.04461973939918376, 0.0849493067344041, 0.09534921802665242]}}"
2.18999999999987,0.4079996335443595,0.0,0.4,0.4045288280371151,2.8892797474840215e-09,0.3999971567989362,"{'table_obstacle': {'pos': [0.3825981920028062, 0.37518922255766707, 0.1646257963690813], 'size': [0.049837904948193595, 0.0813235869879147, 0.05243307039854257]}, 'pillar_obstacle': {'pos': [0.39994824830915515, -0.3824307480766307, 0.23470116647765446], 'size': [0.033663755439403885, 0.20172185302840845, 0.0]}, 'small_block': {'pos': [0.6140097595303955, -0.3535133918987863, 0.1097032402875184], 'size': [0.04461973939918376, 0.0849493067344041, 0.09534921802665242]}}"
2.1909999999998697,0.4079996335443595,0.0,0.4,0.4045784378187253,-2.328233978480061e-09,0.3999971757344365,"{'table_obstacle': {'pos': [0.3825981920028062, 0.37518922255766707, 0.1646257963690813], 'size': [0.049837904948193595, 0.0813235869879147, 0.05243307039854257]}, 'pillar_obstacle': {'pos': [0.39994824830915515, -0.3824307480766307, 0.23470116647765446], 'size': [0.033663755439403885, 0.20172185302840845, 0.0]}, 'small_block': {'pos': [0.6140097595303955, -0.3535133918987863, 0.1097032402875184], 'size': [0.04461973939918376, 0.0849493067344041, 0.09534921802665242]}}"
2.1919999999998696,0.4079996335443595,0.0,0.4,0.4046273401062642,-7.413584207741075e-09,0.39999719524586025,"{'table_obstacle': {'pos': [0.3825981920028062, 0.37518922255766707, 0.1646257963690813], 'size': [0.049837904948193595, 0.0813235869879147, 0.05243307039854257]}, 'pillar_obstacle': {'pos': [0.39994824830915515, -0.3824307480766307, 0.23470116647765446], 'size': [0.033663755439403885, 0.20172185302840845, 0.0]}, 'small_block': {'pos': [0.6140097595303955, -0.3535133918987863, 0.1097032402875184], 'size': [0.04461973939918376, 0.0849493067344041, 0.09534921802665242]}}"
2.1929999999998695,0.4079996335443595,0.0,0.4,0.40467554471798933,-1.2366748020705153e-08,0.3999972152924485,"{'table_obstacle': {'pos': [0.3825981920028062, 0.37518922255766707, 0.1646257963690813], 'size': [0.049837904948193595, 0.0813235869879147, 0.05243307039854257]}, 'pillar_obstacle': {'pos': [0.39994824830915515, -0.3824307480766307, 0.23470116647765446], 'size': [0.033663755439403885, 0.20172185302840845, 0.0]}, 'small_block': {'pos': [0.6140097595303955, -0.3535133918987863, 0.1097032402875184], 'size': [0.04461973939918376, 0.0849493067344041, 0.09534921802665242]}}"
2.1939999999998694,0.4079996335443595,0.0,0.4,0.4047230613868387,-1.7188191481047447e-08,0.39999723583587665,"{'table_obstacle': {'pos': [0.3825981920028062, 0.37518922255766707, 0.1646257963690813], 'size': [0.049837904948193595, 0.0813235869879147, 0.05243307039854257]}, 'pillar_obstacle': {'pos': [0.39994824830915515, -0.3824307480766307, 0.23470116647765446], 'size': [0.033663755439403885, 0.20172185302840845, 0.0]}, 'small_block': {'pos': [0.6140097595303955, -0.3535133918987863, 0.1097032402875184], 'size': [0.04461973939918376, 0.0849493067344041, 0.09534921802665242]}}"
2.1949999999998693,0.4079996335443595,0.0,0.4,0.404769899751203,-2.187877854005219e-08,0.3999972568400307,"{'table_obstacle': {'pos': [0.3825981920028062, 0.37518922255766707, 0.1646257963690813], 'size': [0.049837904948193595, 0.0813235869879147, 0.05243307039854257]}, 'pillar_obstacle': {'pos': [0.39994824830915515, -0.3824307480766307, 0.23470116647765446], 'size': [0.033663755439403885, 0.20172185302840845, 0.0]}, 'small_block': {'pos': [0.6140097595303955, -0.3535133918987863, 0.1097032402875184], 'size': [0.04461973939918376, 0.0849493067344041, 0.09534921802665242]}}"
2.195999999999869,0.4079996335443595,0.0,0.4,0.404816069347818,-2.64396954939828e-08,0.39999727827081094,"{'table_obstacle': {'pos': [0.3825981920028062, 0.37518922255766707, 0.1646257963690813], 'size': [0.049837904948193595, 0.0813235869879147, 0.05243307039854257]}, 'pillar_obstacle': {'pos': [0.39994824830915515, -0.3824307480766307, 0.23470116647765446], 'size': [0.033663755439403885, 0.20172185302840845, 0.0]}, 'small_block': {'pos': [0.6140097595303955, -0.3535133918987863, 0.1097032402875184], 'size': [0.04461973939918376, 0.0849493067344041, 0.09534921802665242]}}"
2.196999999999869,0.4079996335443595,0.0,0.4,0.4048615796063717,-3.087238790260985e-08,0.39999730009596135,"{'table_obstacle': {'pos': [0.3825981920028062, 0.37518922255766707, 0.1646257963690813], 'size': [0.049837904948193595, 0.0813235869879147, 0.05243307039854257]}, 'pillar_obstacle': {'pos': [0.39994824830915515, -0.3824307480766307, 0.23470116647765446], 'size': [0.033663755439403885, 0.20172185302840845, 0.0]}, 'small_block': {'pos': [0.6140097595303955, -0.3535133918987863, 0.1097032402875184], 'size': [0.04461973939918376, 0.0849493067344041, 0.09534921802665242]}}"
2.197999999999869,0.4079996335443595,0.0,0.4,0.40490643984549246,-3.51785080207464e-08,0.3999973222849191,"{'table_obstacle': {'pos': [0.3825981920028062, 0.37518922255766707, 0.1646257963690813], 'size': [0.049837904948193595, 0.0813235869879147, 0.05243307039854257]}, 'pillar_obstacle': {'pos': [0.39994824830915515, -0.3824307480766307, 0.23470116647765446], 'size': [0.033663755439403885, 0.20172185302840845, 0.0]}, 'small_block': {'pos': [0.6140097595303955, -0.3535133918987863, 0.1097032402875184], 'size': [0.04461973939918376, 0.0849493067344041, 0.09534921802665242]}}"
2.198999999999869,0.4079996335443595,0.0,0.4,0.40495065926984913,-3.935987073837238e-08,0.3999973448086849,"{'table_obstacle': {'pos': [0.3825981920028062, 0.37518922255766707, 0.1646257963690813], 'size': [0.049837904948193595, 0.0813235869879147, 0.05243307039854257]}, 'pillar_obstacle': {'pos': [0.39994824830915515, -0.3824307480766307, 0.23470116647765446], 'size': [0.033663755439403885, 0.20172185302840845, 0.0]}, 'small_block': {'pos': [0.6140097595303955, -0.3535133918987863, 0.1097032402875184], 'size': [0.04461973939918376, 0.0849493067344041, 0.09534921802665242]}}"
2.1999999999998687,0.4079996335443595,0.0,0.4,0.40499424696814723,-4.3418418110506704e-08,0.39999736763970717,"{'table_obstacle': {'pos': [0.3825981920028062, 0.37518922255766707, 0.1646257963690813], 'size': [0.049837904948193595, 0.0813235869879147, 0.05243307039854257]}, 'pillar_obstacle': {'pos': [0.39994824830915515, -0.3824307480766307, 0.23470116647765446], 'size': [0.033663755439403885, 0.20172185302840845, 0.0]}, 'small_block': {'pos': [0.6140097595303955, -0.3535133918987863, 0.1097032402875184], 'size': [0.04461973939918376, 0.0849493067344041, 0.09534921802665242]}}"
2.2009999999998686,0.4079996335443595,0.0,0.4,0.40503721191184733,-4.735618865906862e-08,0.39999739075178087,"{'table_obstacle': {'pos': [0.3825981920028062, 0.37518922255766707, 0.1646257963690813], 'size': [0.049837904948193595, 0.0813235869879147, 0.05243307039854257]}, 'pillar_obstacle': {'pos': [0.39994824830915515, -0.3824307480766307, 0.23470116647765446], 'size': [0.033663755439403885, 0.20172185302840845, 0.0]}, 'small_block': {'pos': [0.6140097595303955, -0.3535133918987863, 0.1097032402875184], 'size': [0.04461973939918376, 0.0849493067344041, 0.09534921802665242]}}"
2.2019999999998685,0.4079996335443595,0.0,0.4,0.40507956295445646,-5.117529234594759e-08,0.399997414119958,"{'table_obstacle': {'pos': [0.3825981920028062, 0.37518922255766707, 0.1646257963690813], 'size': [0.049837904948193595, 0.0813235869879147, 0.05243307039854257]}, 'pillar_obstacle': {'pos': [0.39994824830915515, -0.3824307480766307, 0.23470116647765446], 'size': [0.033663755439403885, 0.20172185302840845, 0.0]}, 'small_block': {'pos': [0.6140097595303955, -0.3535133918987863, 0.1097032402875184], 'size': [0.04461973939918376, 0.0849493067344041, 0.09534921802665242]}}"
2.2029999999998684,0.4079996335443595,0.0,0.4,0.40512130883128766,-5.4877891130080244e-08,0.3999974377204669,"{'table_obstacle': {'pos': [0.3825981920028062, 0.37518922255766707, 0.1646257963690813], 'size': [0.049837904948193595, 0.0813235869879147, 0.05243307039854257]}, 'pillar_obstacle': {'pos': [0.39994824830915515, -0.3824307480766307, 0.23470116647765446], 'size': [0.033663755439403885, 0.20172185302840845, 0.0]}, 'small_block': {'pos': [0.6140097595303955, -0.3535133918987863, 0.1097032402875184], 'size': [0.04461973939918376, 0.0849493067344041, 0.09534921802665242]}}"
2.2039999999998683,0.4079996335443595,0.0,0.4,0.4051624581595884,-5.846618087617552e-08,0.3999974615306428,"{'table_obstacle': {'pos': [0.3825981920028062, 0.37518922255766707, 0.1646257963690813], 'size': [0.049837904948193595, 0.0813235869879147, 0.05243307039854257]}, 'pillar_obstacle': {'pos': [0.39994824830915515, -0.3824307480766307, 0.23470116647765446], 'size': [0.033663755439403885, 0.20172185302840845, 0.0]}, 'small_block': {'pos': [0.6140097595303955, -0.3535133918987863, 0.1097032402875184], 'size': [0.04461973939918376, 0.0849493067344041, 0.09534921802665242]}}"
2.204999999999868,0.4079996335443595,0.0,0.4,0.4052030194389607,-6.194237857097393e-08,0.39999748552886233,"{'table_obstacle': {'pos': [0.3825981920028062, 0.37518922255766707, 0.1646257963690813], 'size': [0.049837904948193595, 0.0813235869879147, 0.05243307039854257]}, 'pillar_obstacle': {'pos': [0.39994824830915515, -0.3824307480766307, 0.23470116647765446], 'size': [0.033663755439403885, 0.20172185302840845, 0.0]}, 'small_block': {'pos': [0.6140097595303955, -0.3535133918987863, 0.1097032402875184], 'size': [0.04461973939918376, 0.0849493067344041, 0.09534921802665242]}}"
2.205999999999868,0.4079996335443595,0.0,0.4,0.4052430010520198,-6.530871025114281e-08,0.39999750969448794,"{'table_obstacle': {'pos': [0.3825981920028062, 0.37518922255766707, 0.1646257963690813], 'size': [0.049837904948193595, 0.0813235869879147, 0.05243307039854257]}, 'pillar_obstacle': {'pos': [0.39994824830915515, -0.3824307480766307, 0.23470116647765446], 'size': [0.033663755439403885, 0.20172185302840845, 0.0]}, 'small_block': {'pos': [0.6140097595303955, -0.3535133918987863, 0.1097032402875184], 'size': [0.04461973939918376, 0.0849493067344041, 0.09534921802665242]}}"
2.206999999999868,0.4079996335443595,0.0,0.4,0.4052824112652356,-6.856740159860219e-08,0.39999753400781496,"{'table_obstacle': {'pos': [0.3825981920028062, 0.37518922255766707, 0.1646257963690813], 'size': [0.049837904948193595, 0.0813235869879147, 0.05243307039854257]}, 'pillar_obstacle': {'pos': [0.39994824830915515, -0.3824307480766307, 0.23470116647765446], 'size': [0.033663755439403885, 0.20172185302840845, 0.0]}, 'small_block': {'pos': [0.6140097595303955, -0.3535133918987863, 0.1097032402875184], 'size': [0.04461973939918376, 0.0849493067344041, 0.09534921802665242]}}"
2.207999999999868,0.4079996335443595,0.0,0.4,0.40532125822991916,-7.172067204311731e-08,0.39999755845002505,"{'table_obstacle': {'pos': [0.3825981920028062, 0.37518922255766707, 0.1646257963690813], 'size': [0.049837904948193595, 0.0813235869879147, 0.05243307039854257]}, 'pillar_obstacle': {'pos': [0.39994824830915515, -0.3824307480766307, 0.23470116647765446], 'size': [0.033663755439403885, 0.20172185302840845, 0.0]}, 'small_block': {'pos': [0.6140097595303955, -0.3535133918987863, 0.1097032402875184], 'size': [0.04461973939918376, 0.0849493067344041, 0.09534921802665242]}}"
2.2089999999998677,0.4079996335443595,0.0,0.4,0.40535954998332396,-7.477072635295255e-08,0.399997583003143,"{'table_obstacle': {'pos': [0.3825981920028062, 0.37518922255766707, 0.1646257963690813], 'size': [0.049837904948193595, 0.0813235869879147, 0.05243307039854257]}, 'pillar_obstacle': {'pos': [0.39994824830915515, -0.3824307480766307, 0.23470116647765446], 'size': [0.033663755439403885, 0.20172185302840845, 0.0]}, 'small_block': {'pos': [0.6140097595303955, -0.3535133918987863, 0.1097032402875184], 'size': [0.04461973939918376, 0.0849493067344041, 0.09534921802665242]}}"
2.2099999999998676,0.4079996335443595,0.0,0.4,0.4053972944498335,-7.771975140962848e-08,0.3999976076499971,"{'table_obstacle': {'pos': [0.3825981920028062, 0.37518922255766707, 0.1646257963690813], 'size': [0.049837904948193595, 0.0813235869879147, 0.05243307039854257]}, 'pillar_obstacle': {'pos': [0.39994824830915515, -0.3824307480766307, 0.23470116647765446], 'size': [0.033663755439403885, 0.20172185302840845, 0.0]}, 'small_block': {'pos': [0.6140097595303955, -0.3535133918987863, 0.1097032402875184], 'size': [0.04461973939918376, 0.0849493067344041, 0.09534921802665242]}}"
2.2109999999998675,0.4079996335443595,0.0,0.4,0.4054344994422162,-8.056991151179044e-08,0.3999976323741828,"{'table_obstacle': {'pos': [0.3825981920028062, 0.37518922255766707, 0.1646257963690813], 'size': [0.049837904948193595, 0.0813235869879147, 0.05243307039854257]}, 'pillar_obstacle': {'pos': [0.39994824830915515, -0.3824307480766307, 0.23470116647765446], 'size': [0.033663755439403885, 0.20172185302840845, 0.0]}, 'small_block': {'pos': [0.6140097595303955, -0.3535133918987863, 0.1097032402875184], 'size': [0.04461973939918376, 0.0849493067344041, 0.09534921802665242]}}"
2.2119999999998674,0.4079996335443595,0.0,0.4,0.40547117266292804,-8.332334547280736e-08,0.3999976571600296,"{'table_obstacle': {'pos': [0.3825981920028062, 0.37518922255766707, 0.1646257963690813], 'size': [0.049837904948193595, 0.0813235869879147, 0.05243307039854257]}, 'pillar_obstacle': {'pos': [0.39994824830915515, -0.3824307480766307, 0.23470116647765446], 'size': [0.033663755439403885, 0.20172185302840845, 0.0]}, 'small_block': {'pos': [0.6140097595303955, -0.3535133918987863, 0.1097032402875184], 'size': [0.04461973939918376, 0.0849493067344041, 0.09534921802665242]}}"
2.2129999999998673,0.4079996335443595,0.0,0.4,0.4055073217054552,-8.598216452395192e-08,0.39999768199256885,"{'table_obstacle': {'pos': [0.3825981920028062, 0.37518922255766707, 0.1646257963690813], 'size': [0.049837904948193595, 0.0813235869879147, 0.05243307039854257]}, 'pillar_obstacle': {'pos': [0.39994824830915515, -0.3824307480766307, 0.23470116647765446], 'size': [0.033663755439403885, 0.20172185302840845, 0.0]}, 'small_block': {'pos': [0.6140097595303955, -0.3535133918987863, 0.1097032402875184], 'size': [0.04461973939918376, 0.0849493067344041, 0.09534921802665242]}}"
2.213999999999867,0.4079996335443595,0.0,0.4,0.4055429540556778,-8.854844979198636e-08,0.3999977068575047,"{'table_obstacle': {'pos': [0.3825981920028062, 0.37518922255766707, 0.1646257963690813], 'size': [0.049837904948193595, 0.0813235869879147, 0.05243307039854257]}, 'pillar_obstacle': {'pos': [0.39994824830915515, -0.3824307480766307, 0.23470116647765446], 'size': [0.033663755439403885, 0.20172185302840845, 0.0]}, 'small_block': {'pos': [0.6140097595303955, -0.3535133918987863, 0.1097032402875184], 'size': [0.04461973939918376, 0.0849493067344041, 0.09534921802665242]}}"
2.214999999999867,0.4079996335443595,0.0,0.4,0.40557807709325183,-9.102425124366101e-08,0.39999773174118713,"{'table_obstacle': {'pos': [0.3825981920028062, 0.37518922255766707, 0.1646257963690813], 'size': [0.049837904948193595, 0.0813235869879147, 0.05243307039854257]}, 'pillar_obstacle': {'pos': [0.39994824830915515, -0.3824307480766307, 0.23470116647765446], 'size': [0.033663755439403885, 0.20172185302840845, 0.0]}, 'small_block': {'pos': [0.6140097595303955, -0.3535133918987863, 0.1097032402875184], 'size': [0.04461973939918376, 0.0849493067344041, 0.09534921802665242]}}"
2.215999999999867,0.4079996335443595,0.0,0.4,0.40561269809300105,-9.341158654374937e-08,0.3999977566305854,"{'table_obstacle': {'pos': [0.3825981920028062, 0.37518922255766707, 0.1646257963690813], 'size': [0.049837904948193595, 0.0813235869879147, 0.05243307039854257]}, 'pillar_obstacle': {'pos': [0.39994824830915515, -0.3824307480766307, 0.23470116647765446], 'size': [0.033663755439403885, 0.20172185302840845, 0.0]}, 'small_block': {'pos': [0.6140097595303955, -0.3535133918987863, 0.1097032402875184], 'size': [0.04461973939918376, 0.0849493067344041, 0.09534921802665242]}}"
2.216999999999867,0.4079996335443595,0.0,0.4,0.4056468242263112,-9.571244051810873e-08,0.3999977815132638,"{'table_obstacle': {'pos': [0.3825981920028062, 0.37518922255766707, 0.1646257963690813], 'size': [0.049837904948193595, 0.0813235869879147, 0.05243307039854257]}, 'pillar_obstacle': {'pos': [0.39994824830915515, -0.3824307480766307, 0.23470116647765446], 'size': [0.033663755439403885, 0.20172185302840845, 0.0]}, 'small_block': {'pos': [0.6140097595303955, -0.3535133918987863, 0.1097032402875184], 'size': [0.04461973939918376, 0.0849493067344041, 0.09534921802665242]}}"
2.2179999999998667,0.4079996335443595,0.0,0.4,0.405680462562525,-9.792876422825658e-08,0.3999978063773591,"{'table_obstacle': {'pos': [0.3825981920028062, 0.37518922255766707, 0.1646257963690813], 'size': [0.049837904948193595, 0.0813235869879147, 0.05243307039854257]}, 'pillar_obstacle': {'pos': [0.39994824830915515, -0.3824307480766307, 0.23470116647765446], 'size': [0.033663755439403885, 0.20172185302840845, 0.0]}, 'small_block': {'pos': [0.6140097595303955, -0.3535133918987863, 0.1097032402875184], 'size': [0.04461973939918376, 0.0849493067344041, 0.09534921802665242]}}"
2.2189999999998666,0.4079996335443595,0.0,0.4,0.40571362007032924,-1.0006247464826753e-07,0.3999978312115576,"{'table_obstacle': {'pos': [0.3825981920028062, 0.37518922255766707, 0.1646257963690813], 'size': [0.049837904948193595, 0.0813235869879147, 0.05243307039854257]}, 'pillar_obstacle': {'pos': [0.39994824830915515, -0.3824307480766307, 0.23470116647765446], 'size': [0.033663755439403885, 0.20172185302840845, 0.0]}, 'small_block': {'pos': [0.6140097595303955, -0.3535133918987863, 0.1097032402875184], 'size': [0.04461973939918376, 0.0849493067344041, 0.09534921802665242]}}"
2.2199999999998665,0.4079996335443595,0.0,0.4,0.40574630361914044,-1.021154554932805e-07,0.39999785600507515,"{'table_obstacle': {'pos': [0.3825981920028062, 0.37518922255766707, 0.1646257963690813], 'size': [0.049837904948193595, 0.0813235869879147, 0.05243307039854257]}, 'pillar_obstacle': {'pos': [0.39994824830915515, -0.3824307480766307, 0.23470116647765446], 'size': [0.033663755439403885, 0.20172185302840845, 0.0]}, 'small_block': {'pos': [0.6140097595303955, -0.3535133918987863, 0.1097032402875184], 'size': [0.04461973939918376, 0.0849493067344041, 0.09534921802665242]}}"
2.2209999999998664,0.4079996335443595,0.0,0.4,0.40577851998047454,-1.0408955557431289e-07,0.39999788074763676,"{'table_obstacle': {'pos': [0.3825981920028062, 0.37518922255766707, 0.1646257963690813], 'size': [0.049837904948193595, 0.0813235869879147, 0.05243307039854257]}, 'pillar_obstacle': {'pos': [0.39994824830915515, -0.3824307480766307, 0.23470116647765446], 'size': [0.033663755439403885, 0.20172185302840845, 0.0]}, 'small_block': {'pos': [0.6140097595303955, -0.3535133918987863, 0.1097032402875184], 'size': [0.04461973939918376, 0.0849493067344041, 0.09534921802665242]}}"
2.2219999999998663,0.4079996335443595,0.0,0.4,0.40581027582931006,-1.059865904702994e-07,0.39999790542945773,"{'table_obstacle': {'pos': [0.3825981920028062, 0.37518922255766707, 0.1646257963690813], 'size': [0.049837904948193595, 0.0813235869879147, 0.05243307039854257]}, 'pillar_obstacle': {'pos': [0.39994824830915515, -0.3824307480766307, 0.23470116647765446], 'size': [0.033663755439403885, 0.20172185302840845, 0.0]}, 'small_block': {'pos': [0.6140097595303955, -0.3535133918987863, 0.1097032402875184], 'size': [0.04461973939918376, 0.0849493067344041, 0.09534921802665242]}}"
2.222999999999866,0.4079996335443595,0.0,0.4,0.40584157774543483,-1.0780834181424107e-07,0.39999793004122475,"{'table_obstacle': {'pos': [0.3825981920028062, 0.37518922255766707, 0.1646257963690813], 'size': [0.049837904948193595, 0.0813235869879147, 0.05243307039854257]}, 'pillar_obstacle': {'pos': [0.39994824830915515, -0.3824307480766307, 0.23470116647765446], 'size': [0.033663755439403885, 0.20172185302840845, 0.0]}, 'small_block': {'pos': [0.6140097595303955, -0.3535133918987863, 0.1097032402875184], 'size': [0.04461973939918376, 0.0849493067344041, 0.09534921802665242]}}"
2.223999999999866,0.4079996335443595,0.0,0.4,0.40587243221478275,-1.095565578106677e-07,0.3999979545740803,"{'table_obstacle': {'pos': [0.3825981920028062, 0.37518922255766707, 0.1646257963690813], 'size': [0.049837904948193595, 0.0813235869879147, 0.05243307039854257]}, 'pillar_obstacle': {'pos': [0.39994824830915515, -0.3824307480766307, 0.23470116647765446], 'size': [0.033663755439403885, 0.20172185302840845, 0.0]}, 'small_block': {'pos': [0.6140097595303955, -0.3535133918987863, 0.1097032402875184], 'size': [0.04461973939918376, 0.0849493067344041, 0.09534921802665242]}}"
2.224999999999866,0.4079996335443595,0.0,0.4,0.40590284563075196,-1.1123295329670185e-07,0.3999979790196031,"{'table_obstacle': {'pos': [0.3825981920028062, 0.37518922255766707, 0.1646257963690813], 'size': [0.049837904948193595, 0.0813235869879147, 0.05243307039854257]}, 'pillar_obstacle': {'pos': [0.39994824830915515, -0.3824307480766307, 0.23470116647765446], 'size': [0.033663755439403885, 0.20172185302840845, 0.0]}, 'small_block': {'pos': [0.6140097595303955, -0.3535133918987863, 0.1097032402875184], 'size': [0.04461973939918376, 0.0849493067344041, 0.09534921802665242]}}"
2.225999999999866,0.4079996335443595,0.0,0.4,0.40593282429551036,-1.1283921101591368e-07,0.3999980033697945,"{'table_obstacle': {'pos': [0.3825981920028062, 0.37518922255766707, 0.1646257963690813], 'size': [0.049837904948193595, 0.0813235869879147, 0.05243307039854257]}, 'pillar_obstacle': {'pos': [0.39994824830915515, -0.3824307480766307, 0.23470116647765446], 'size': [0.033663755439403885, 0.20172185302840845, 0.0]}, 'small_block': {'pos': [0.6140097595303955, -0.3535133918987863, 0.1097032402875184], 'size': [0.04461973939918376, 0.0849493067344041, 0.09534921802665242]}}"
2.2269999999998658,0.4079996335443595,0.0,0.4,0.40596237442128447,-1.1437698071660308e-07,0.39999802761706194,"{'table_obstacle': {'pos': [0.3825981920028062, 0.37518922255766707, 0.1646257963690813], 'size': [0.049837904948193595, 0.0813235869879147, 0.05243307039854257]}, 'pillar_obstacle': {'pos': [0.39994824830915515, -0.3824307480766307, 0.23470116647765446], 'size': [0.033663755439403885, 0.20172185302840845, 0.0]}, 'small_block': {'pos': [0.6140097595303955, -0.3535133918987863, 0.1097032402875184], 'size': [0.04461973939918376, 0.0849493067344041, 0.09534921802665242]}}"
2.2279999999998656,0.4079996335443595,0.0,0.4,0.40599150213163226,-1.1584788052617452e-07,0.399998051754203,"{'table_obstacle': {'pos': [0.3825981920028062, 0.37518922255766707, 0.1646257963690813], 'size': [0.049837904948193595, 0.0813235869879147, 0.05243307039854257]}, 'pillar_obstacle': {'pos': [0.39994824830915515, -0.3824307480766307, 0.23470116647765446], 'size': [0.033663755439403885, 0.20172185302840845, 0.0]}, 'small_block': {'pos': [0.6140097595303955, -0.3535133918987863, 0.1097032402875184], 'size': [0.04461973939918376, 0.0849493067344041, 0.09534921802665242]}}"
2.2289999999998655,0.4119996170155272,0.0,0.4,0.40602021346269995,-1.1725349703568373e-07,0.39999807577439317,"{'table_obstacle': {'pos': [0.3825981920028062, 0.37518922255766707, 0.1646257963690813], 'size': [0.049837904948193595, 0.0813235869879147, 0.05243307039854257]}, 'pillar_obstacle': {'pos': [0.39994824830915515, -0.3824307480766307, 0.23470116647765446], 'size': [0.033663755439403885, 0.20172185302840845, 0.0]}, 'small_block': {'pos': [0.6140097595303955, -0.3535133918987863, 0.1097032402875184], 'size': [0.04461973939918376, 0.0849493067344041, 0.09534921802665242]}}"
2.2299999999998654,0.4119996170155272,0.0,0.4,0.40605941564422776,-1.0365692011299034e-07,0.39999805099329955,"{'table_obstacle': {'pos': [0.3825981920028062, 0.37518922255766707, 0.1646257963690813], 'size': [0.049837904948193595, 0.0813235869879147, 0.05243307039854257]}, 'pillar_obstacle': {'pos': [0.39994824830915515, -0.3824307480766307, 0.23470116647765446], 'size': [0.033663755439403885, 0.20172185302840845, 0.0]}, 'small_block': {'pos': [0.6140097595303955, -0.3535133918987863, 0.1097032402875184], 'size': [0.04461973939918376, 0.0849493067344041, 0.09534921802665242]}}"
2.2309999999998653,0.4119996170155272,0.0,0.4,0.4061068799993663,-8.127949881358718e-08,0.39999799501988736,"{'table_obstacle': {'pos': [0.3825981920028062, 0.37518922255766707, 0.1646257963690813], 'size': [0.049837904948193595, 0.0813235869879147, 0.05243307039854257]}, 'pillar_obstacle': {'pos': [0.39994824830915515, -0.3824307480766307, 0.23470116647765446], 'size': [0.033663755439403885, 0.20172185302840845, 0.0]}, 'small_block': {'pos': [0.6140097595303955, -0.3535133918987863, 0.1097032402875184], 'size': [0.04461973939918376, 0.0849493067344041, 0.09534921802665242]}}"
2.231999999999865,0.4119996170155272,0.0,0.4,0.406160806013572,-5.44825195103902e-08,0.39999792034129517,"{'table_obstacle': {'pos': [0.3825981920028062, 0.37518922255766707, 0.1646257963690813], 'size': [0.049837904948193595, 0.0813235869879147, 0.05243307039854257]}, 'pillar_obstacle': {'pos': [0.39994824830915515, -0.3824307480766307, 0.23470116647765446], 'size': [0.033663755439403885, 0.20172185302840845, 0.0]}, 'small_block': {'pos': [0.6140097595303955, -0.3535133918987863, 0.1097032402875184], 'size': [0.04461973939918376, 0.0849493067344041, 0.09534921802665242]}}"
2.232999999999865,0.4119996170155272,0.0,0.4,0.4062197397001065,-2.6255345731894157e-08,0.39999783573753844,"{'table_obstacle': {'pos': [0.3825981920028062, 0.37518922255766707, 0.1646257963690813], 'size': [0.049837904948193595, 0.0813235869879147, 0.05243307039854257]}, 'pillar_obstacle': {'pos': [0.39994824830915515, -0.3824307480766307, 0.23470116647765446], 'size': [0.033663755439403885, 0.20172185302840845, 0.0]}, 'small_block': {'pos': [0.6140097595303955, -0.3535133918987863, 0.1097032402875184], 'size': [0.04461973939918376, 0.0849493067344041, 0.09534921802665242]}}"
2.233999999999865,0.4119996170155272,0.0,0.4,0.40628250750553313,1.416064117505526e-09,0.39999774730402016,"{'table_obstacle': {'pos': [0.3825981920028062, 0.37518922255766707, 0.1646257963690813], 'size': [0.049837904948193595, 0.0813235869879147, 0.05243307039854257]}, 'pillar_obstacle': {'pos': [0.39994824830915515, -0.3824307480766307, 0.23470116647765446], 'size': [0.033663755439403885, 0.20172185302840845, 0.0]}, 'small_block': {'pos': [0.6140097595303955, -0.3535133918987863, 0.1097032402875184], 'size': [0.04461973939918376, 0.0849493067344041, 0.09534921802665242]}}"
2.234999999999865,0.4119996170155272,0.0,0.4,0.4063481628031277,2.7272117020828866e-08,0.3999976591940139,"{'table_obstacle': {'pos': [0.3825981920028062, 0.37518922255766707, 0.1646257963690813], 'size': [0.049837904948193595, 0.0813235869879147, 0.05243307039854257]}, 'pillar_obstacle': {'pos': [0.39994824830915515, -0.3824307480766307, 0.23470116647765446], 'size': [0.033663755439403885, 0.20172185302840845, 0.0]}, 'small_block': {'pos': [0.6140097595303955, -0.3535133918987863, 0.1097032402875184], 'size': [0.04461973939918376, 0.0849493067344041, 0.09534921802665242]}}"
2.2359999999998648,0.4119996170155272,0.0,0.4,0.4064159425807775,5.057233805711823e-08,0.3999975741597975,"{'table_obstacle': {'pos': [0.3825981920028062, 0.37518922255766707, 0.1646257963690813], 'size': [0.049837904948193595, 0.0813235869879147, 0.05243307039854257]}, 'pillar_obstacle': {'pos': [0.39994824830915515, -0.3824307480766307, 0.23470116647765446], 'size': [0.033663755439403885, 0.20172185302840845, 0.0]}, 'small_block': {'pos': [0.6140097595303955, -0.3535133918987863, 0.1097032402875184], 'size': [0.04461973939918376, 0.0849493067344041, 0.09534921802665242]}}"
2.2369999999998647,0.4119996170155272,0.0,0.4,0.4064852323836315,7.094122918990916e-08,0.3999974939480723,"{'table_obstacle': {'pos': [0.3825981920028062, 0.37518922255766707, 0.1646257963690813], 'size': [0.049837904948193595, 0.0813235869879147, 0.05243307039854257]}, 'pillar_obstacle': {'pos': [0.39994824830915515, -0.3824307480766307, 0.23470116647765446], 'size': [0.033663755439403885, 0.20172185302840845, 0.0]}, 'small_block': {'pos': [0.6140097595303955, -0.3535133918987863, 0.1097032402875184], 'size': [0.04461973939918376, 0.0849493067344041, 0.09534921802665242]}}"
2.2379999999998645,0.4119996170155272,0.0,0.4,0.40655553793993654,8.825440864672653e-08,0.39999741958930823,"{'table_obstacle': {'pos': [0.3825981920028062, 0.37518922255766707, 0.1646257963690813], 'size': [0.049837904948193595, 0.0813235869879147, 0.05243307039854257]}, 'pillar_obstacle': {'pos': [0.39994824830915515, -0.3824307480766307, 0.23470116647765446], 'size': [0.033663755439403885, 0.20172185302840845, 0.0]}, 'small_block': {'pos': [0.6140097595303955, -0.3535133918987863, 0.1097032402875184], 'size': [0.04461973939918376, 0.0849493067344041, 0.09534921802665242]}}"
2.2389999999998644,0.4119996170155272,0.0,0.4,0.4066264621971229,1.0255519221532336e-07,0.3999973516094904,"{'table_obstacle': {'pos': [0.3825981920028062, 0.37518922255766707, 0.1646257963690813], 'size': [0.049837904948193595, 0.0813235869879147, 0.05243307039854257]}, 'pillar_obstacle': {'pos': [0.39994824830915515, -0.3824307480766307, 0.23470116647765446], 'size': [0.033663755439403885, 0.20172185302840845, 0.0]}, 'small_block': {'pos': [0.6140097595303955, -0.3535133918987863, 0.1097032402875184], 'size': [0.04461973939918376, 0.0849493067344041, 0.09534921802665242]}}"
2.2399999999998643,0.4119996170155272,0.0,0.4,0.4066976867372806,1.1399408744130616e-07,0.3999972901848563,"{'table_obstacle': {'pos': [0.3825981920028062, 0.37518922255766707, 0.1646257963690813], 'size': [0.049837904948193595, 0.0813235869879147, 0.05243307039854257]}, 'pillar_obstacle': {'pos': [0.39994824830915515, -0.3824307480766307, 0.23470116647765446], 'size': [0.033663755439403885, 0.20172185302840845, 0.0]}, 'small_block': {'pos': [0.6140097595303955, -0.3535133918987863, 0.1097032402875184], 'size': [0.04461973939918376, 0.0849493067344041, 0.09534921802665242]}}"
2.240999999999864,0.4119996170155272,0.0,0.4,0.4067689567373402,1.2278544737922714e-07,0.3999972352546335,"{'table_obstacle': {'pos': [0.3825981920028062, 0.37518922255766707, 0.1646257963690813], 'size': [0.049837904948193595, 0.0813235869879147, 0.05243307039854257]}, 'pillar_obstacle': {'pos': [0.39994824830915515, -0.3824307480766307, 0.23470116647765446], 'size': [0.033663755439403885, 0.20172185302840845, 0.0]}, 'small_block': {'pos': [0.6140097595303955, -0.3535133918987863, 0.1097032402875184], 'size': [0.04461973939918376, 0.0849493067344041, 0.09534921802665242]}}"
2.241999999999864,0.4119996170155272,0.0,0.4,0.406840068798211,1.291769020220443e-07,0.39999718660275857,"{'table_obstacle': {'pos': [0.3825981920028062, 0.37518922255766707, 0.1646257963690813], 'size': [0.049837904948193595, 0.0813235869879147, 0.05243307039854257]}, 'pillar_obstacle': {'pos': [0.39994824830915515, -0.3824307480766307, 0.23470116647765446], 'size': [0.033663755439403885, 0.20172185302840845, 0.0]}, 'small_block': {'pos': [0.6140097595303955, -0.3535133918987863, 0.1097032402875184], 'size': [0.04461973939918376, 0.0849493067344041, 0.09534921802665242]}}"
2.242999999999864,0.4119996170155272,0.0,0.4,0.40691086109584873,1.3342824229530763e-07,0.39999714391668556,"{'table_obstacle': {'pos': [0.3825981920028062, 0.37518922255766707, 0.1646257963690813], 'size': [0.049837904948193595, 0.0813235869879147, 0.05243307039854257]}, 'pillar_obstacle': {'pos': [0.39994824830915515, -0.3824307480766307, 0.23470116647765446], 'size': [0.033663755439403885, 0.20172185302840845, 0.0]}, 'small_block': {'pos': [0.6140097595303955, -0.3535133918987863, 0.1097032402875184], 'size': [0.04461973939918376, 0.0849493067344041, 0.09534921802665242]}}"
2.243999999999864,0.4119996170155272,0.0,0.4,0.4069812054114681,1.3579724101450447e-07,0.3999971068292666,"{'table_obstacle': {'pos': [0.3825981920028062, 0.37518922255766707, 0.1646257963690813], 'size': [0.049837904948193595, 0.0813235869879147, 0.05243307039854257]}, 'pillar_obstacle': {'pos': [0.39994824830915515, -0.3824307480766307, 0.23470116647765446], 'size': [0.033663755439403885, 0.20172185302840845, 0.0]}, 'small_block': {'pos': [0.6140097595303955, -0.3535133918987863, 0.1097032402875184], 'size': [0.04461973939918376, 0.0849493067344041, 0.09534921802665242]}}"
2.2449999999998638,0.4119996170155272,0.0,0.4,0.40705100068251215,1.365305141323757e-07,0.3999970749481566,"{'table_obstacle': {'pos': [0.3825981920028062, 0.37518922255766707, 0.1646257963690813], 'size': [0.049837904948193595, 0.0813235869879147, 0.05243307039854257]}, 'pillar_obstacle': {'pos': [0.39994824830915515, -0.3824307480766307, 0.23470116647765446], 'size': [0.033663755439403885, 0.20172185302840845, 0.0]}, 'small_block': {'pos': [0.6140097595303955, -0.3535133918987863, 0.1097032402875184], 'size': [0.04461973939918376, 0.0849493067344041, 0.09534921802665242]}}"
2.2459999999998637,0.4119996170155272,0.0,0.4,0.4071201677843183,1.3585800050205985e-07,0.3999970478760518,"{'table_obstacle': {'pos': [0.3825981920028062, 0.37518922255766707, 0.1646257963690813], 'size': [0.049837904948193595, 0.0813235869879147, 0.05243307039854257]}, 'pillar_obstacle': {'pos': [0.39994824830915515, -0.3824307480766307, 0.23470116647765446], 'size': [0.033663755439403885, 0.20172185302840845, 0.0]}, 'small_block': {'pos': [0.6140097595303955, -0.3535133918987863, 0.1097032402875184], 'size': [0.04461973939918376, 0.0849493067344041, 0.09534921802665242]}}"
2.2469999999998636,0.4119996170155272,0.0,0.4,0.4071886453077308,1.3399000355818183e-07,0.3999970252242231,"{'table_obstacle': {'pos': [0.3825981920028062, 0.37518922255766707, 0.1646257963690813], 'size': [0.049837904948193595, 0.0813235869879147, 0.05243307039854257]}, 'pillar_obstacle': {'pos': [0.39994824830915515, -0.3824307480766307, 0.23470116647765446], 'size': [0.033663755439403885, 0.20172185302840845, 0.0]}, 'small_block': {'pos': [0.6140097595303955, -0.3535133918987863, 0.1097032402875184], 'size': [0.04461973939918376, 0.0849493067344041, 0.09534921802665242]}}"
2.2479999999998634,0.4119996170155272,0.0,0.4,0.40725638614267556,1.3111600678466574e-07,0.39999700662118914,"{'table_obstacle': {'pos': [0.3825981920028062, 0.37518922255766707, 0.1646257963690813], 'size': [0.049837904948193595, 0.0813235869879147, 0.05243307039854257]}, 'pillar_obstacle': {'pos': [0.39994824830915515, -0.3824307480766307, 0.23470116647765446], 'size': [0.033663755439403885, 0.20172185302840845, 0.0]}, 'small_block': {'pos': [0.6140097595303955, -0.3535133918987863, 0.1097032402875184], 'size': [0.04461973939918376, 0.0849493067344041, 0.09534921802665242]}}"
2.2489999999998633,0.4119996170155272,0.0,0.4,0.40732335471395104,1.274046871254884e-07,0.3999969917178901,"{'table_obstacle': {'pos': [0.3825981920028062, 0.37518922255766707, 0.1646257963690813], 'size': [0.049837904948193595, 0.0813235869879147, 0.05243307039854257]}, 'pillar_obstacle': {'pos': [0.39994824830915515, -0.3824307480766307, 0.23470116647765446], 'size': [0.033663755439403885, 0.20172185302840845, 0.0]}, 'small_block': {'pos': [0.6140097595303955, -0.3535133918987863, 0.1097032402875184], 'size': [0.04461973939918376, 0.0849493067344041, 0.09534921802665242]}}"
2.249999999999863,0.4119996170155272,0.0,0.4,0.40738952474481305,1.2300470857289868e-07,0.3999969801903837,"{'table_obstacle': {'pos': [0.3825981920028062, 0.37518922255766707, 0.1646257963690813], 'size': [0.049837904948193595, 0.0813235869879147, 0.05243307039854257]}, 'pillar_obstacle': {'pos': [0.39994824830915515, -0.3824307480766307, 0.23470116647765446], 'size': [0.033663755439403885, 0.20172185302840845, 0.0]}, 'small_block': {'pos': [0.6140097595303955, -0.3535133918987863, 0.1097032402875184], 'size': [0.04461973939918376, 0.0849493067344041, 0.09534921802665242]}}"
2.250999999999863,0.4119996170155272,0.0,0.4,0.4074548774476644,1.1804599102258275e-07,0.399996971740814,"{'table_obstacle': {'pos': [0.3825981920028062, 0.37518922255766707, 0.1646257963690813], 'size': [0.049837904948193595, 0.0813235869879147, 0.05243307039854257]}, 'pillar_obstacle': {'pos': [0.39994824830915515, -0.3824307480766307, 0.23470116647765446], 'size': [0.033663755439403885, 0.20172185302840845, 0.0]}, 'small_block': {'pos': [0.6140097595303955, -0.3535133918987863, 0.1097032402875184], 'size': [0.04461973939918376, 0.0849493067344041, 0.09534921802665242]}}"
2.251999999999863,0.4119996170155272,0.0,0.4,0.4075194000603681,1.1264124072494642e-07,0.39999696609720353,"{'table_obstacle': {'pos': [0.3825981920028062, 0.37518922255766707, 0.1646257963690813], 'size': [0.049837904948193595, 0.0813235869879147, 0.05243307039854257]}, 'pillar_obstacle': {'pos': [0.39994824830915515, -0.3824307480766307, 0.23470116647765446], 'size': [0.033663755439403885, 0.20172185302840845, 0.0]}, 'small_block': {'pos': [0.6140097595303955, -0.3535133918987863, 0.1097032402875184], 'size': [0.04461973939918376, 0.0849493067344041, 0.09534921802665242]}}"
2.252999999999863,0.4119996170155272,0.0,0.4,0.4075830846622489,1.0688759537770018e-07,0.3999969630124808,"{'table_obstacle': {'pos': [0.3825981920028062, 0.37518922255766707, 0.1646257963690813], 'size': [0.049837904948193595, 0.0813235869879147, 0.05243307039854257]}, 'pillar_obstacle': {'pos': [0.39994824830915515, -0.3824307480766307, 0.23470116647765446], 'size': [0.033663755439403885, 0.20172185302840845, 0.0]}, 'small_block': {'pos': [0.6140097595303955, -0.3535133918987863, 0.1097032402875184], 'size': [0.04461973939918376, 0.0849493067344041, 0.09534921802665242]}}"
2.253999999999863,0.4119996170155272,0.0,0.4,0.40764592721642107,1.0086827843395335e-07,0.39999696226302844,"{'table_obstacle': {'pos': [0.3825981920028062, 0.37518922255766707, 0.1646257963690813], 'size': [0.049837904948193595, 0.0813235869879147, 0.05243307039854257]}, 'pillar_obstacle': {'pos': [0.39994824830915515, -0.3824307480766307, 0.23470116647765446], 'size': [0.033663755439403885, 0.20172185302840845, 0.0]}, 'small_block': {'pos': [0.6140097595303955, -0.3535133918987863, 0.1097032402875184], 'size': [0.04461973939918376, 0.0849493067344041, 0.09534921802665242]}}"
2.2549999999998627,0.4119996170155272,0.0,0.4,0.407707926795263,9.465420098938719e-08,0.39999696364696746,"{'table_obstacle': {'pos': [0.3825981920028062, 0.37518922255766707, 0.1646257963690813], 'size': [0.049837904948193595, 0.0813235869879147, 0.05243307039854257]}, 'pillar_obstacle': {'pos': [0.39994824830915515, -0.3824307480766307, 0.23470116647765446], 'size': [0.033663755439403885, 0.20172185302840845, 0.0]}, 'small_block': {'pos': [0.6140097595303955, -0.3535133918987863, 0.1097032402875184], 'size': [0.04461973939918376, 0.0849493067344041, 0.09534921802665242]}}"
2.2559999999998626,0.4119996170155272,0.0,0.4,0.4077690849540989,8.830546686967711e-08,0.39999696698232434,"{'table_obstacle': {'pos': [0.3825981920028062, 0.37518922255766707, 0.1646257963690813], 'size': [0.049837904948193595, 0.0813235869879147, 0.05243307039854257]}, 'pillar_obstacle': {'pos': [0.39994824830915515, -0.3824307480766307, 0.23470116647765446], 'size': [0.033663755439403885, 0.20172185302840845, 0.0]}, 'small_block': {'pos': [0.6140097595303955, -0.3535133918987863, 0.1097032402875184], 'size': [0.04461973939918376, 0.0849493067344041, 0.09534921802665242]}}"
2.2569999999998624,0.4119996170155272,0.0,0.4,0.40782940522481015,8.187275933429854e-08,0.3999969721051802,"{'table_obstacle': {'pos': [0.3825981920028062, 0.37518922255766707, 0.1646257963690813], 'size': [0.049837904948193595, 0.0813235869879147, 0.05243307039854257]}, 'pillar_obstacle': {'pos': [0.39994824830915515, -0.3824307480766307, 0.23470116647765446], 'size': [0.033663755439403885, 0.20172185302840845, 0.0]}, 'small_block': {'pos': [0.6140097595303955, -0.3535133918987863, 0.1097032402875184], 'size': [0.04461973939918376, 0.0849493067344041, 0.09534921802665242]}}"
2.2579999999998623,0.4119996170155272,0.0,0.4,0.4078888927064904,7.539859894987958e-08,0.3999969788678729,"{'table_obstacle': {'pos': [0.3825981920028062, 0.37518922255766707, 0.1646257963690813], 'size': [0.049837904948193595, 0.0813235869879147, 0.05243307039854257]}, 'pillar_obstacle': {'pos': [0.39994824830915515, -0.3824307480766307, 0.23470116647765446], 'size': [0.033663755439403885, 0.20172185302840845, 0.0]}, 'small_block': {'pos': [0.6140097595303955, -0.3535133918987863, 0.1097032402875184], 'size': [0.04461973939918376, 0.0849493067344041, 0.09534921802665242]}}"
2.2589999999998622,0.4119996170155272,0.0,0.4,0.4079475537346318,6.891846985545297e-08,0.3999969871372947,"{'table_obstacle': {'pos': [0.3825981920028062, 0.37518922255766707, 0.1646257963690813], 'size': [0.049837904948193595, 0.0813235869879147, 0.05243307039854257]}, 'pillar_obstacle': {'pos': [0.39994824830915515, -0.3824307480766307, 0.23470116647765446], 'size': [0.033663755439403885, 0.20172185302840845, 0.0]}, 'small_block': {'pos': [0.6140097595303955, -0.3535133918987863, 0.1097032402875184], 'size': [0.04461973939918376, 0.0849493067344041, 0.09534921802665242]}}"
2.259999999999862,0.4119996170155272,0.0,0.4,0.4080053956138561,6.246181822474375e-08,0.3999969967933072,"{'table_obstacle': {'pos': [0.3825981920028062, 0.37518922255766707, 0.1646257963690813], 'size': [0.049837904948193595, 0.0813235869879147, 0.05243307039854257]}, 'pillar_obstacle': {'pos': [0.39994824830915515, -0.3824307480766307, 0.23470116647765446], 'size': [0.033663755439403885, 0.20172185302840845, 0.0]}, 'small_block': {'pos': [0.6140097595303955, -0.3535133918987863, 0.1097032402875184], 'size': [0.04461973939918376, 0.0849493067344041, 0.09534921802665242]}}"
2.260999999999862,0.4119996170155272,0.0,0.4,0.4080624264020639,5.6052930649414155e-08,0.39999700772729285,"{'table_obstacle': {'pos': [0.3825981920028062, 0.37518922255766707, 0.1646257963690813], 'size': [0.049837904948193595, 0.0813235869879147, 0.05243307039854257]}, 'pillar_obstacle': {'pos': [0.39994824830915515, -0.3824307480766307, 0.23470116647765446], 'size': [0.033663755439403885, 0.20172185302840845, 0.0]}, 'small_block': {'pos': [0.6140097595303955, -0.3535133918987863, 0.1097032402875184], 'size': [0.04461973939918376, 0.0849493067344041, 0.09534921802665242]}}"
2.261999999999862,0.4119996170155272,0.0,0.4,0.408118654736187,4.9711701696987906e-08,0.39999701984084013,"{'table_obstacle': {'pos': [0.3825981920028062, 0.37518922255766707, 0.1646257963690813], 'size': [0.049837904948193595, 0.0813235869879147, 0.05243307039854257]}, 'pillar_obstacle': {'pos': [0.39994824830915515, -0.3824307480766307, 0.23470116647765446], 'size': [0.033663755439403885, 0.20172185302840845, 0.0]}, 'small_block': {'pos': [0.6140097595303955, -0.3535133918987863, 0.1097032402875184], 'size': [0.04461973939918376, 0.0849493067344041, 0.09534921802665242]}}"
2.262999999999862,0.4119996170155272,0.0,0.4,0.40817408969160673,4.345429884620659e-08,0.39999703304456485,"{'table_obstacle': {'pos': [0.3825981920028062, 0.37518922255766707, 0.1646257963690813], 'size': [0.049837904948193595, 0.0813235869879147, 0.05243307039854257]}, 'pillar_obstacle': {'pos': [0.39994824830915515, -0.3824307480766307, 0.23470116647765446], 'size': [0.033663755439403885, 0.20172185302840845, 0.0]}, 'small_block': {'pos': [0.6140097595303955, -0.3535133918987863, 0.1097032402875184], 'size': [0.04461973939918376, 0.0849493067344041, 0.09534921802665242]}}"
2.2639999999998617,0.4119996170155272,0.0,0.4,0.4082287406688101,3.7293737528612155e-08,0.39999704725705837,"{'table_obstacle': {'pos': [0.3825981920028062, 0.37518922255766707, 0.1646257963690813], 'size': [0.049837904948193595, 0.0813235869879147, 0.05243307039854257]}, 'pillar_obstacle': {'pos': [0.39994824830915515, -0.3824307480766307, 0.23470116647765446], 'size': [0.033663755439403885, 0.20172185302840845, 0.0]}, 'small_block': {'pos': [0.6140097595303955, -0.3535133918987863, 0.1097032402875184], 'size': [0.04461973939918376, 0.0849493067344041, 0.09534921802665242]}}"
2.2649999999998616,0.4119996170155272,0.0,0.4,0.40828261730208054,3.124037608675149e-08,0.39999706240395855,"{'table_obstacle': {'pos': [0.3825981920028062, 0.37518922255766707, 0.1646257963690813], 'size': [0.049837904948193595, 0.0813235869879147, 0.05243307039854257]}, 'pillar_obstacle': {'pos': [0.39994824830915515, -0.3824307480766307, 0.23470116647765446], 'size': [0.033663755439403885, 0.20172185302840845, 0.0]}, 'small_block': {'pos': [0.6140097595303955, -0.3535133918987863, 0.1097032402875184], 'size': [0.04461973939918376, 0.0849493067344041, 0.09534921802665242]}}"
2.2659999999998615,0.4119996170155272,0.0,0.4,0.40833572938601875,2.530233859312019e-08,0.39999707841712856,"{'table_obstacle': {'pos': [0.3825981920028062, 0.37518922255766707, 0.1646257963690813], 'size': [0.049837904948193595, 0.0813235869879147, 0.05243307039854257]}, 'pillar_obstacle': {'pos': [0.39994824830915515, -0.3824307480766307, 0.23470116647765446], 'size': [0.033663755439403885, 0.20172185302840845, 0.0]}, 'small_block': {'pos': [0.6140097595303955, -0.3535133918987863, 0.1097032402875184], 'size': [0.04461973939918376, 0.0849493067344041, 0.09534921802665242]}}"
2.2669999999998613,0.4119996170155272,0.0,0.4,0.40838808681648536,1.9485876341209984e-08,0.3999970952339356,"{'table_obstacle': {'pos': [0.3825981920028062, 0.37518922255766707, 0.1646257963690813], 'size': [0.049837904948193595, 0.0813235869879147, 0.05243307039854257]}, 'pillar_obstacle': {'pos': [0.39994824830915515, -0.3824307480766307, 0.23470116647765446], 'size': [0.033663755439403885, 0.20172185302840845, 0.0]}, 'small_block': {'pos': [0.6140097595303955, -0.3535133918987863, 0.1097032402875184], 'size': [0.04461973939918376, 0.0849493067344041, 0.09534921802665242]}}"
2.2679999999998612,0.4119996170155272,0.0,0.4,0.40843969954321024,1.3795675071848186e-08,0.39999711279662387,"{'table_obstacle': {'pos': [0.3825981920028062, 0.37518922255766707, 0.1646257963690813], 'size': [0.049837904948193595, 0.0813235869879147, 0.05243307039854257]}, 'pillar_obstacle': {'pos': [0.39994824830915515, -0.3824307480766307, 0.23470116647765446], 'size': [0.033663755439403885, 0.20172185302840845, 0.0]}, 'small_block': {'pos': [0.6140097595303955, -0.3535133918987863, 0.1097032402875184], 'size': [0.04461973939918376, 0.0849493067344041, 0.09534921802665242]}}"
2.268999999999861,0.4119996170155272,0.0,0.4,0.40849057753183715,8.235115412121478e-09,0.39999713105176243,"{'table_obstacle': {'pos': [0.3825981920028062, 0.37518922255766707, 0.1646257963690813], 'size': [0.049837904948193595, 0.0813235869879147, 0.05243307039854257]}, 'pillar_obstacle': {'pos': [0.39994824830915515, -0.3824307480766307, 0.23470116647765446], 'size': [0.033663755439403885, 0.20172185302840845, 0.0]}, 'small_block': {'pos': [0.6140097595303955, -0.3535133918987863, 0.1097032402875184], 'size': [0.04461973939918376, 0.0849493067344041, 0.09534921802665242]}}"
2.269999999999861,0.4119996170155272,0.0,0.4,0.40854073073359853,2.8064935950787235e-09,0.3999971499497673,"{'table_obstacle': {'pos': [0.3825981920028062, 0.37518922255766707, 0.1646257963690813], 'size': [0.049837904948193595, 0.0813235869879147, 0.05243307039854257]}, 'pillar_obstacle': {'pos': [0.39994824830915515, -0.3824307480766307, 0.23470116647765446], 'size': [0.033663755439403885, 0.20172185302840845, 0.0]}, 'small_block': {'pos': [0.6140097595303955, -0.3535133918987863, 0.1097032402875184], 'size': [0.04461973939918376, 0.0849493067344041, 0.09534921802665242]}}"
2.270999999999861,0.4119996170155272,0.0,0.4,0.40859016906116336,-2.4887923192076483e-09,0.399997169444486,"{'table_obstacle': {'pos': [0.3825981920028062, 0.37518922255766707, 0.1646257963690813], 'size': [0.049837904948193595, 0.0813235869879147, 0.05243307039854257]}, 'pillar_obstacle': {'pos': [0.39994824830915515, -0.3824307480766307, 0.23470116647765446], 'size': [0.033663755439403885, 0.20172185302840845, 0.0]}, 'small_block': {'pos': [0.6140097595303955, -0.3535133918987863, 0.1097032402875184], 'size': [0.04461973939918376, 0.0849493067344041, 0.09534921802665242]}}"
2.271999999999861,0.4119996170155272,0.0,0.4,0.4086389023694705,-7.650086076062149e-09,0.3999971894928344,"{'table_obstacle': {'pos': [0.3825981920028062, 0.37518922255766707, 0.1646257963690813], 'size': [0.049837904948193595, 0.0813235869879147, 0.05243307039854257]}, 'pillar_obstacle': {'pos': [0.39994824830915515, -0.3824307480766307, 0.23470116647765446], 'size': [0.033663755439403885, 0.20172185302840845, 0.0]}, 'small_block': {'pos': [0.6140097595303955, -0.3535133918987863, 0.1097032402875184], 'size': [0.04461973939918376, 0.0849493067344041, 0.09534921802665242]}}"
2.2729999999998607,0.4119996170155272,0.0,0.4,0.4086869404405939,-1.2677341236992107e-08,0.39999721005448496,"{'table_obstacle': {'pos': [0.3825981920028062, 0.37518922255766707, 0.1646257963690813], 'size': [0.049837904948193595, 0.0813235869879147, 0.05243307039854257]}, 'pillar_obstacle': {'pos': [0.39994824830915515, -0.3824307480766307, 0.23470116647765446], 'size': [0.033663755439403885, 0.20172185302840845, 0.0]}, 'small_block': {'pos': [0.6140097595303955, -0.3535133918987863, 0.1097032402875184], 'size': [0.04461973939918376, 0.0849493067344041, 0.09534921802665242]}}"
2.2739999999998606,0.4119996170155272,0.0,0.4,0.40873429297186714,-1.757101049906144e-08,0.399997231091592,"{'table_obstacle': {'pos': [0.3825981920028062, 0.37518922255766707, 0.1646257963690813], 'size': [0.049837904948193595, 0.0813235869879147, 0.05243307039854257]}, 'pillar_obstacle': {'pos': [0.39994824830915515, -0.3824307480766307, 0.23470116647765446], 'size': [0.033663755439403885, 0.20172185302840845, 0.0]}, 'small_block': {'pos': [0.6140097595303955, -0.3535133918987863, 0.1097032402875184], 'size': [0.04461973939918376, 0.0849493067344041, 0.09534921802665242]}}"
2.2749999999998605,0.4119996170155272,0.0,0.4,0.40878096956663673,-2.2331954409420988e-08,0.39999725256855745,"{'table_obstacle': {'pos': [0.3825981920028062, 0.37518922255766707, 0.1646257963690813], 'size': [0.049837904948193595, 0.0813235869879147, 0.05243307039854257]}, 'pillar_obstacle': {'pos': [0.39994824830915515, -0.3824307480766307, 0.23470116647765446], 'size': [0.033663755439403885, 0.20172185302840845, 0.0]}, 'small_block': {'pos': [0.6140097595303955, -0.3535133918987863, 0.1097032402875184], 'size': [0.04461973939918376, 0.0849493067344041, 0.09534921802665242]}}"
2.2759999999998604,0.4119996170155272,0.0,0.4,0.4088269797271421,-2.696136206785319e-08,0.39999727445182304,"{'table_obstacle': {'pos': [0.3825981920028062, 0.37518922255766707, 0.1646257963690813], 'size': [0.049837904948193595, 0.0813235869879147, 0.05243307039854257]}, 'pillar_obstacle': {'pos': [0.39994824830915515, -0.3824307480766307, 0.23470116647765446], 'size': [0.033663755439403885, 0.20172185302840845, 0.0]}, 'small_block': {'pos': [0.6140097595303955, -0.3535133918987863, 0.1097032402875184], 'size': [0.04461973939918376, 0.0849493067344041, 0.09534921802665242]}}"
2.2769999999998602,0.4119996170155272,0.0,0.4,0.4088723328491077,-3.146068856825167e-08,0.39999729670969214,"{'table_obstacle': {'pos': [0.3825981920028062, 0.37518922255766707, 0.1646257963690813], 'size': [0.049837904948193595, 0.0813235869879147, 0.05243307039854257]}, 'pillar_obstacle': {'pos': [0.39994824830915515, -0.3824307480766307, 0.23470116647765446], 'size': [0.033663755439403885, 0.20172185302840845, 0.0]}, 'small_block': {'pos': [0.6140097595303955, -0.3535133918987863, 0.1097032402875184], 'size': [0.04461973939918376, 0.0849493067344041, 0.09534921802665242]}}"
2.27799999999986,0.4119996170155272,0.0,0.4,0.4089170382177191,-3.583160027434897e-08,0.39999731931217486,"{'table_obstacle': {'pos': [0.3825981920028062, 0.37518922255766707, 0.1646257963690813], 'size': [0.049837904948193595, 0.0813235869879147, 0.05243307039854257]}, 'pillar_obstacle': {'pos': [0.39994824830915515, -0.3824307480766307, 0.23470116647765446], 'size': [0.033663755439403885, 0.20172185302840845, 0.0]}, 'small_block': {'pos': [0.6140097595303955, -0.3535133918987863, 0.1097032402875184], 'size': [0.04461973939918376, 0.0849493067344041, 0.09534921802665242]}}"
2.27899999999986,0.4119996170155272,0.0,0.4,0.4089611050047118,-4.00759308173828e-08,0.399997342230849,"{'table_obstacle': {'pos': [0.3825981920028062, 0.37518922255766707, 0.1646257963690813], 'size': [0.049837904948193595, 0.0813235869879147, 0.05243307039854257]}, 'pillar_obstacle': {'pos': [0.39994824830915515, -0.3824307480766307, 0.23470116647765446], 'size': [0.033663755439403885, 0.20172185302840845, 0.0]}, 'small_block': {'pos': [0.6140097595303955, -0.3535133918987863, 0.1097032402875184], 'size': [0.04461973939918376, 0.0849493067344041, 0.09534921802665242]}}"
2.27999999999986,0.4119996170155272,0.0,0.4,0.40900454226635574,-4.4195643238633774e-08,0.3999973654387431,"{'table_obstacle': {'pos': [0.3825981920028062, 0.37518922255766707, 0.1646257963690813], 'size': [0.049837904948193595, 0.0813235869879147, 0.05243307039854257]}, 'pillar_obstacle': {'pos': [0.39994824830915515, -0.3824307480766307, 0.23470116647765446], 'size': [0.033663755439403885, 0.20172185302840845, 0.0]}, 'small_block': {'pos': [0.6140097595303955, -0.3535133918987863, 0.1097032402875184], 'size': [0.04461973939918376, 0.0849493067344041, 0.09534921802665242]}}"
2.28099999999986,0.4119996170155272,0.0,0.4,0.4090473589421641,-4.81927999541109e-08,0.39999738891022996,"{'table_obstacle': {'pos': [0.3825981920028062, 0.37518922255766707, 0.1646257963690813], 'size': [0.049837904948193595, 0.0813235869879147, 0.05243307039854257]}, 'pillar_obstacle': {'pos': [0.39994824830915515, -0.3824307480766307, 0.23470116647765446], 'size': [0.033663755439403885, 0.20172185302840845, 0.0]}, 'small_block': {'pos': [0.6140097595303955, -0.3535133918987863, 0.1097032402875184], 'size': [0.04461973939918376, 0.0849493067344041, 0.09534921802665242]}}"
2.2819999999998597,0.4119996170155272,0.0,0.4,0.40908956385417605,-5.206953738885004e-08,0.3999974126209347,"{'table_obstacle': {'pos': [0.3825981920028062, 0.37518922255766707, 0.1646257963690813], 'size': [0.049837904948193595, 0.0813235869879147, 0.05243307039854257]}, 'pillar_obstacle': {'pos': [0.39994824830915515, -0.3824307480766307, 0.23470116647765446], 'size': [0.033663755439403885, 0.20172185302840845, 0.0]}, 'small_block': {'pos': [0.6140097595303955, -0.3535133918987863, 0.1097032402875184], 'size': [0.04461973939918376, 0.0849493067344041, 0.09534921802665242]}}"
2.2829999999998596,0.4119996170155272,0.0,0.4,0.4091311657067059,-5.582804471284282e-08,0.3999974365476519,"{'table_obstacle': {'pos': [0.3825981920028062, 0.37518922255766707, 0.1646257963690813], 'size': [0.049837904948193595, 0.0813235869879147, 0.05243307039854257]}, 'pillar_obstacle': {'pos': [0.39994824830915515, -0.3824307480766307, 0.23470116647765446], 'size': [0.033663755439403885, 0.20172185302840845, 0.0]}, 'small_block': {'pos': [0.6140097595303955, -0.3535133918987863, 0.1097032402875184], 'size': [0.04461973939918376, 0.0849493067344041, 0.09534921802665242]}}"
2.2839999999998595,0.4119996170155272,0.0,0.4,0.4091721730864627,-5.947054693162668e-08,0.399997460668274,"{'table_obstacle': {'pos': [0.3825981920028062, 0.37518922255766707, 0.1646257963690813], 'size': [0.049837904948193595, 0.0813235869879147, 0.05243307039854257]}, 'pillar_obstacle': {'pos': [0.39994824830915515, -0.3824307480766307, 0.23470116647765446], 'size': [0.033663755439403885, 0.20172185302840845, 0.0]}, 'small_block': {'pos': [0.6140097595303955, -0.3535133918987863, 0.1097032402875184], 'size': [0.04461973939918376, 0.0849493067344041, 0.09534921802665242]}}"
2.2849999999998594,0.4119996170155272,0.0,0.4,0.40921259446296376,-6.299929022806522e-08,0.3999974849617249,"{'table_obstacle': {'pos': [0.3825981920028062, 0.37518922255766707, 0.1646257963690813], 'size': [0.049837904948193595, 0.0813235869879147, 0.05243307039854257]}, 'pillar_obstacle': {'pos': [0.39994824830915515, -0.3824307480766307, 0.23470116647765446], 'size': [0.033663755439403885, 0.20172185302840845, 0.0]}, 'small_block': {'pos': [0.6140097595303955, -0.3535133918987863, 0.1097032402875184], 'size': [0.04461973939918376, 0.0849493067344041, 0.09534921802665242]}}"
2.2859999999998593,0.4119996170155272,0.0,0.4,0.40925243818918455,-6.641653133514965e-08,0.39999750940790285,"{'table_obstacle': {'pos': [0.3825981920028062, 0.37518922255766707, 0.1646257963690813], 'size': [0.049837904948193595, 0.0813235869879147, 0.05243307039854257]}, 'pillar_obstacle': {'pos': [0.39994824830915515, -0.3824307480766307, 0.23470116647765446], 'size': [0.033663755439403885, 0.20172185302840845, 0.0]}, 'small_block': {'pos': [0.6140097595303955, -0.3535133918987863, 0.1097032402875184], 'size': [0.04461973939918376, 0.0849493067344041, 0.09534921802665242]}}"
2.286999999999859,0.4119996170155272,0.0,0.4,0.4092917125023921,-6.972452683075494e-08,0.39999753398762666,"{'table_obstacle': {'pos': [0.3825981920028062, 0.37518922255766707, 0.1646257963690813], 'size': [0.049837904948193595, 0.0813235869879147, 0.05243307039854257]}, 'pillar_obstacle': {'pos': [0.39994824830915515, -0.3824307480766307, 0.23470116647765446], 'size': [0.033663755439403885, 0.20172185302840845, 0.0]}, 'small_block': {'pos': [0.6140097595303955, -0.3535133918987863, 0.1097032402875184], 'size': [0.04461973939918376, 0.0849493067344041, 0.09534921802665242]}}"
2.287999999999859,0.4119996170155272,0.0,0.4,0.4093304255251251,-7.292552644692442e-08,0.39999755868258835,"{'table_obstacle': {'pos': [0.3825981920028062, 0.37518922255766707, 0.1646257963690813], 'size': [0.049837904948193595, 0.0813235869879147, 0.05243307039854257]}, 'pillar_obstacle': {'pos': [0.39994824830915515, -0.3824307480766307, 0.23470116647765446], 'size': [0.033663755439403885, 0.20172185302840845, 0.0]}, 'small_block': {'pos': [0.6140097595303955, -0.3535133918987863, 0.1097032402875184], 'size': [0.04461973939918376, 0.0849493067344041, 0.09534921802665242]}}"
2.288999999999859,0.4119996170155272,0.0,0.4,0.40936858526628817,-7.602176638801167e-08,0.3999975834753104,"{'table_obstacle': {'pos': [0.3825981920028062, 0.37518922255766707, 0.1646257963690813], 'size': [0.049837904948193595, 0.0813235869879147, 0.05243307039854257]}, 'pillar_obstacle': {'pos': [0.39994824830915515, -0.3824307480766307, 0.23470116647765446], 'size': [0.033663755439403885, 0.20172185302840845, 0.0]}, 'small_block': {'pos': [0.6140097595303955, -0.3535133918987863, 0.1097032402875184], 'size': [0.04461973939918376, 0.0849493067344041, 0.09534921802665242]}}"
2.289999999999859,0.4119996170155272,0.0,0.4,0.4094061996223316,-7.901546447784536e-08,0.39999760834910514,"{'table_obstacle': {'pos': [0.3825981920028062, 0.37518922255766707, 0.1646257963690813], 'size': [0.049837904948193595, 0.0813235869879147, 0.05243307039854257]}, 'pillar_obstacle': {'pos': [0.39994824830915515, -0.3824307480766307, 0.23470116647765446], 'size': [0.033663755439403885, 0.20172185302840845, 0.0]}, 'small_block': {'pos': [0.6140097595303955, -0.3535133918987863, 0.1097032402875184], 'size': [0.04461973939918376, 0.0849493067344041, 0.09534921802665242]}}"
2.2909999999998587,0.4119996170155272,0.0,0.4,0.4094432763785004,-8.190881579259791e-08,0.39999763328803883,"{'table_obstacle': {'pos': [0.3825981920028062, 0.37518922255766707, 0.1646257963690813], 'size': [0.049837904948193595, 0.0813235869879147, 0.05243307039854257]}, 'pillar_obstacle': {'pos': [0.39994824830915515, -0.3824307480766307, 0.23470116647765446], 'size': [0.033663755439403885, 0.20172185302840845, 0.0]}, 'small_block': {'pos': [0.6140097595303955, -0.3535133918987863, 0.1097032402875184], 'size': [0.04461973939918376, 0.0849493067344041, 0.09534921802665242]}}"
2.2919999999998586,0.4119996170155272,0.0,0.4,0.4094798232101315,-8.470399023217743e-08,0.3999976582768975,"{'table_obstacle': {'pos': [0.3825981920028062, 0.37518922255766707, 0.1646257963690813], 'size': [0.049837904948193595, 0.0813235869879147, 0.05243307039854257]}, 'pillar_obstacle': {'pos': [0.39994824830915515, -0.3824307480766307, 0.23470116647765446], 'size': [0.033663755439403885, 0.20172185302840845, 0.0]}, 'small_block': {'pos': [0.6140097595303955, -0.3535133918987863, 0.1097032402875184], 'size': [0.04461973939918376, 0.0849493067344041, 0.09534921802665242]}}"
2.2929999999998585,0.4119996170155272,0.0,0.4,0.40951584768398747,-8.740312912889365e-08,0.3999976833011555,"{'table_obstacle': {'pos': [0.3825981920028062, 0.37518922255766707, 0.1646257963690813], 'size': [0.049837904948193595, 0.0813235869879147, 0.05243307039854257]}, 'pillar_obstacle': {'pos': [0.39994824830915515, -0.3824307480766307, 0.23470116647765446], 'size': [0.033663755439403885, 0.20172185302840845, 0.0]}, 'small_block': {'pos': [0.6140097595303955, -0.3535133918987863, 0.1097032402875184], 'size': [0.04461973939918376, 0.0849493067344041, 0.09534921802665242]}}"
2.2939999999998584,0.4119996170155272,0.0,0.4,0.4095513572596163,-9.000834378209097e-08,0.39999770834694764,"{'table_obstacle': {'pos': [0.3825981920028062, 0.37518922255766707, 0.1646257963690813], 'size': [0.049837904948193595, 0.0813235869879147, 0.05243307039854257]}, 'pillar_obstacle': {'pos': [0.39994824830915515, -0.3824307480766307, 0.23470116647765446], 'size': [0.033663755439403885, 0.20172185302840845, 0.0]}, 'small_block': {'pos': [0.6140097595303955, -0.3535133918987863, 0.1097032402875184], 'size': [0.04461973939918376, 0.0849493067344041, 0.09534921802665242]}}"
2.2949999999998583,0.4119996170155272,0.0,0.4,0.4095863592907272,-9.252171417582936e-08,0.39999773340103933,"{'table_obstacle': {'pos': [0.3825981920028062, 0.37518922255766707, 0.1646257963690813], 'size': [0.049837904948193595, 0.0813235869879147, 0.05243307039854257]}, 'pillar_obstacle': {'pos': [0.39994824830915515, -0.3824307480766307, 0.23470116647765446], 'size': [0.033663755439403885, 0.20172185302840845, 0.0]}, 'small_block': {'pos': [0.6140097595303955, -0.3535133918987863, 0.1097032402875184], 'size': [0.04461973939918376, 0.0849493067344041, 0.09534921802665242]}}"
2.295999999999858,0.4119996170155272,0.0,0.4,0.40962086102657524,-9.494528731135435e-08,0.3999977584508041,"{'table_obstacle': {'pos': [0.3825981920028062, 0.37518922255766707, 0.1646257963690813], 'size': [0.049837904948193595, 0.0813235869879147, 0.05243307039854257]}, 'pillar_obstacle': {'pos': [0.39994824830915515, -0.3824307480766307, 0.23470116647765446], 'size': [0.033663755439403885, 0.20172185302840845, 0.0]}, 'small_block': {'pos': [0.6140097595303955, -0.3535133918987863, 0.1097032402875184], 'size': [0.04461973939918376, 0.0849493067344041, 0.09534921802665242]}}"
2.296999999999858,0.4119996170155272,0.0,0.4,0.40965486961335185,-9.728107695279431e-08,0.39999778348419635,"{'table_obstacle': {'pos': [0.3825981920028062, 0.37518922255766707, 0.1646257963690813], 'size': [0.049837904948193595, 0.0813235869879147, 0.05243307039854257]}, 'pillar_obstacle': {'pos': [0.39994824830915515, -0.3824307480766307, 0.23470116647765446], 'size': [0.033663755439403885, 0.20172185302840845, 0.0]}, 'small_block': {'pos': [0.6140097595303955, -0.3535133918987863, 0.1097032402875184], 'size': [0.04461973939918376, 0.0849493067344041, 0.09534921802665242]}}"
2.297999999999858,0.4119996170155272,0.0,0.4,0.40968839209557084,-9.953106258399202e-08,0.399997808489731,"{'table_obstacle': {'pos': [0.3825981920028062, 0.37518922255766707, 0.1646257963690813], 'size': [0.049837904948193595, 0.0813235869879147, 0.05243307039854257]}, 'pillar_obstacle': {'pos': [0.39994824830915515, -0.3824307480766307, 0.23470116647765446], 'size': [0.033663755439403885, 0.20172185302840845, 0.0]}, 'small_block': {'pos': [0.6140097595303955, -0.3535133918987863, 0.1097032402875184], 'size': [0.04461973939918376, 0.0849493067344041, 0.09534921802665242]}}"
2.298999999999858,0.4119996170155272,0.0,0.4,0.4097214354174552,-1.0169718986619054e-07,0.39999783345646023,"{'table_obstacle': {'pos': [0.3825981920028062, 0.37518922255766707, 0.1646257963690813], 'size': [0.049837904948193595, 0.0813235869879147, 0.05243307039854257]}, 'pillar_obstacle': {'pos': [0.39994824830915515, -0.3824307480766307, 0.23470116647765446], 'size': [0.033663755439403885, 0.20172185302840845, 0.0]}, 'small_block': {'pos': [0.6140097595303955, -0.3535133918987863, 0.1097032402875184], 'size': [0.04461973939918376, 0.0849493067344041, 0.09534921802665242]}}"
2.2999999999998577,0.4119996170155272,0.0,0.4,0.4097540064243118,-1.0378136953852785e-07,0.39999785837395324,"{'table_obstacle': {'pos': [0.3825981920028062, 0.37518922255766707, 0.1646257963690813], 'size': [0.049837904948193595, 0.0813235869879147, 0.05243307039854257]}, 'pillar_obstacle': {'pos': [0.39994824830915515, -0.3824307480766307, 0.23470116647765446], 'size': [0.033663755439403885, 0.20172185302840845, 0.0]}, 'small_block': {'pos': [0.6140097595303955, -0.3535133918987863, 0.1097032402875184], 'size': [0.04461973939918376, 0.0849493067344041, 0.09534921802665242]}}"
2.3009999999998576,0.4119996170155272,0.0,0.4,0.40978611186389935,-1.0578547808532672e-07,0.39999788323227703,"{'table_obstacle': {'pos': [0.3825981920028062, 0.37518922255766707, 0.1646257963690813], 'size': [0.049837904948193595, 0.0813235869879147, 0.05243307039854257]}, 'pillar_obstacle': {'pos': [0.39994824830915515, -0.3824307480766307, 0.23470116647765446], 'size': [0.033663755439403885, 0.20172185302840845, 0.0]}, 'small_block': {'pos': [0.6140097595303955, -0.3535133918987863, 0.1097032402875184], 'size': [0.04461973939918376, 0.0849493067344041, 0.09534921802665242]}}"
2.3019999999998575,0.4119996170155272,0.0,0.4,0.40981775838778467,-1.077113578888945e-07,0.3999979080219774,"{'table_obstacle': {'pos': [0.3825981920028062, 0.37518922255766707, 0.1646257963690813], 'size': [0.049837904948193595, 0.0813235869879147, 0.05243307039854257]}, 'pillar_obstacle': {'pos': [0.39994824830915515, -0.3824307480766307, 0.23470116647765446], 'size': [0.033663755439403885, 0.20172185302840845, 0.0]}, 'small_block': {'pos': [0.6140097595303955, -0.3535133918987863, 0.1097032402875184], 'size': [0.04461973939918376, 0.0849493067344041, 0.09534921802665242]}}"
2.3029999999998574,0.4119996170155272,0.0,0.4,0.4098489525526854,-1.0956081664071648e-07,0.3999979327340609,"{'table_obstacle': {'pos': [0.3825981920028062, 0.37518922255766707, 0.1646257963690813], 'size': [0.049837904948193595, 0.0813235869879147, 0.05243307039854257]}, 'pillar_obstacle': {'pos': [0.39994824830915515, -0.3824307480766307, 0.23470116647765446], 'size': [0.033663755439403885, 0.20172185302840845, 0.0]}, 'small_block': {'pos': [0.6140097595303955, -0.3535133918987863, 0.1097032402875184], 'size': [0.04461973939918376, 0.0849493067344041, 0.09534921802665242]}}"
2.3039999999998573,0.4119996170155272,0.0,0.4,0.40987970082180036,-1.1133562833733785e-07,0.3999979573599782,"{'table_obstacle': {'pos': [0.3825981920028062, 0.37518922255766707, 0.1646257963690813], 'size': [0.049837904948193595, 0.0813235869879147, 0.05243307039854257]}, 'pillar_obstacle': {'pos': [0.39994824830915515, -0.3824307480766307, 0.23470116647765446], 'size': [0.033663755439403885, 0.20172185302840845, 0.0]}, 'small_block': {'pos': [0.6140097595303955, -0.3535133918987863, 0.1097032402875184], 'size': [0.04461973939918376, 0.0849493067344041, 0.09534921802665242]}}"
2.304999999999857,0.4119996170155272,0.0,0.4,0.40991000956612395,-1.1303753370960186e-07,0.39999798189160646,"{'table_obstacle': {'pos': [0.3825981920028062, 0.37518922255766707, 0.1646257963690813], 'size': [0.049837904948193595, 0.0813235869879147, 0.05243307039854257]}, 'pillar_obstacle': {'pos': [0.39994824830915515, -0.3824307480766307, 0.23470116647765446], 'size': [0.033663755439403885, 0.20172185302840845, 0.0]}, 'small_block': {'pos': [0.6140097595303955, -0.3535133918987863, 0.1097032402875184], 'size': [0.04461973939918376, 0.0849493067344041, 0.09534921802665242]}}"
2.305999999999857,0.4119996170155272,0.0,0.4,0.4099398850657461,-1.146682397090963e-07,0.3999980063212349,"{'table_obstacle': {'pos': [0.3825981920028062, 0.37518922255766707, 0.1646257963690813], 'size': [0.049837904948193595, 0.0813235869879147, 0.05243307039854257]}, 'pillar_obstacle': {'pos': [0.39994824830915515, -0.3824307480766307, 0.23470116647765446], 'size': [0.033663755439403885, 0.20172185302840845, 0.0]}, 'small_block': {'pos': [0.6140097595303955, -0.3535133918987863, 0.1097032402875184], 'size': [0.04461973939918376, 0.0849493067344041, 0.09534921802665242]}}"
2.306999999999857,0.4119996170155272,0.0,0.4,0.4099693335111365,-1.1622942129874134e-07,0.39999803064154915,"{'table_obstacle': {'pos': [0.3825981920028062, 0.37518922255766707, 0.1646257963690813], 'size': [0.049837904948193595, 0.0813235869879147, 0.05243307039854257]}, 'pillar_obstacle': {'pos': [0.39994824830915515, -0.3824307480766307, 0.23470116647765446], 'size': [0.033663755439403885, 0.20172185302840845, 0.0]}, 'small_block': {'pos': [0.6140097595303955, -0.3535133918987863, 0.1097032402875184], 'size': [0.04461973939918376, 0.0849493067344041, 0.09534921802665242]}}"
2.307999999999857,0.41599960020890214,0.0,0.4,0.40999836100441245,-1.1772272016791395e-07,0.39999805484561507,"{'table_obstacle': {'pos': [0.3825981920028062, 0.37518922255766707, 0.1646257963690813], 'size': [0.049837904948193595, 0.0813235869879147, 0.05243307039854257]}, 'pillar_obstacle': {'pos': [0.39994824830915515, -0.3824307480766307, 0.23470116647765446], 'size': [0.033663755439403885, 0.20172185302840845, 0.0]}, 'small_block': {'pos': [0.6140097595303955, -0.3535133918987863, 0.1097032402875184], 'size': [0.04461973939918376, 0.0849493067344041, 0.09534921802665242]}}"
2.3089999999998567,0.41599960020890214,0.0,0.4,0.4100378729937162,-1.039437078028172e-07,0.39999802855744354,"{'table_obstacle': {'pos': [0.3825981920028062, 0.37518922255766707, 0.1646257963690813], 'size': [0.049837904948193595, 0.0813235869879147, 0.05243307039854257]}, 'pillar_obstacle': {'pos': [0.39994824830915515, -0.3824307480766307, 0.23470116647765446], 'size': [0.033663755439403885, 0.20172185302840845, 0.0]}, 'small_block': {'pos': [0.6140097595303955, -0.3535133918987863, 0.1097032402875184], 'size': [0.04461973939918376, 0.0849493067344041, 0.09534921802665242]}}"
2.3099999999998566,0.41599960020890214,0.0,0.4,0.410085641529609,-8.122218144756208e-08,0.3999979700581497,"{'table_obstacle': {'pos': [0.3825981920028062, 0.37518922255766707, 0.1646257963690813], 'size': [0.049837904948193595, 0.0813235869879147, 0.05243307039854257]}, 'pillar_obstacle': {'pos': [0.39994824830915515, -0.3824307480766307, 0.23470116647765446], 'size': [0.033663755439403885, 0.20172185302840845, 0.0]}, 'small_block': {'pos': [0.6140097595303955, -0.3535133918987863, 0.1097032402875184], 'size': [0.04461973939918376, 0.0849493067344041, 0.09534921802665242]}}"
2.3109999999998565,0.41599960020890214,0.0,0.4,0.410139866636325,-5.399636008057377e-08,0.3999978923154081,"{'table_obstacle': {'pos': [0.3825981920028062, 0.37518922255766707, 0.1646257963690813], 'size': [0.049837904948193595, 0.0813235869879147, 0.05243307039854257]}, 'pillar_obstacle': {'pos': [0.39994824830915515, -0.3824307480766307, 0.23470116647765446], 'size': [0.033663755439403885, 0.20172185302840845, 0.0]}, 'small_block': {'pos': [0.6140097595303955, -0.3535133918987863, 0.1097032402875184], 'size': [0.04461973939918376, 0.0849493067344041, 0.09534921802665242]}}"
2.3119999999998564,0.41599960020890214,0.0,0.4,0.41019909472646643,-2.5309061854791162e-08,0.3999978044453087,"{'table_obstacle': {'pos': [0.3825981920028062, 0.37518922255766707, 0.1646257963690813], 'size': [0.049837904948193595, 0.0813235869879147, 0.05243307039854257]}, 'pillar_obstacle': {'pos': [0.39994824830915515, -0.3824307480766307, 0.23470116647765446], 'size': [0.033663755439403885, 0.20172185302840845, 0.0]}, 'small_block': {'pos': [0.6140097595303955, -0.3535133918987863, 0.1097032402875184], 'size': [0.04461973939918376, 0.0849493067344041, 0.09534921802665242]}}"
2.3129999999998563,0.41599960020890214,0.0,0.4,0.4102621525431001,2.817656536566126e-09,0.39999771277152807,"{'table_obstacle': {'pos': [0.3825981920028062, 0.37518922255766707, 0.1646257963690813], 'size': [0.049837904948193595, 0.0813235869879147, 0.05243307039854257]}, 'pillar_obstacle': {'pos': [0.39994824830915515, -0.3824307480766307, 0.23470116647765446], 'size': [0.033663755439403885, 0.20172185302840845, 0.0]}, 'small_block': {'pos': [0.6140097595303955, -0.3535133918987863, 0.1097032402875184], 'size': [0.04461973939918376, 0.0849493067344041, 0.09534921802665242]}}"
2.313999999999856,0.41599960020890214,0.0,0.4,0.41032809368042916,2.910081148103978e-08,0.3999976215960906,"{'table_obstacle': {'pos': [0.3825981920028062, 0.37518922255766707, 0.1646257963690813], 'size': [0.049837904948193595, 0.0813235869879147, 0.05243307039854257]}, 'pillar_obstacle': {'pos': [0.39994824830915515, -0.3824307480766307, 0.23470116647765446], 'size': [0.033663755439403885, 0.20172185302840845, 0.0]}, 'small_block': {'pos': [0.6140097595303955, -0.3535133918987863, 0.1097032402875184], 'size': [0.04461973939918376, 0.0849493067344041, 0.09534921802665242]}}"
2.314999999999856,0.41599960020890214,0.0,0.4,0.4103961552919989,5.278573591339216e-08,0.39999753376213554,"{'table_obstacle': {'pos': [0.3825981920028062, 0.37518922255766707, 0.1646257963690813], 'size': [0.049837904948193595, 0.0813235869879147, 0.05243307039854257]}, 'pillar_obstacle': {'pos': [0.39994824830915515, -0.3824307480766307, 0.23470116647765446], 'size': [0.033663755439403885, 0.20172185302840845, 0.0]}, 'small_block': {'pos': [0.6140097595303955, -0.3535133918987863, 0.1097032402875184], 'size': [0.04461973939918376, 0.0849493067344041, 0.09534921802665242]}}"
2.315999999999856,0.41599960020890214,0.0,0.4,0.41046572304845697,7.348929724820433e-08,0.39999745106575896,"{'table_obstacle': {'pos': [0.3825981920028062, 0.37518922255766707, 0.1646257963690813], 'size': [0.049837904948193595, 0.0813235869879147, 0.05243307039854257]}, 'pillar_obstacle': {'pos': [0.39994824830915515, -0.3824307480766307, 0.23470116647765446], 'size': [0.033663755439403885, 0.20172185302840845, 0.0]}, 'small_block': {'pos': [0.6140097595303955, -0.3535133918987863, 0.1097032402875184], 'size': [0.04461973939918376, 0.0849493067344041, 0.09534921802665242]}}"
2.316999999999856,0.41599960020890214,0.0,0.4,0.4105363027746163,9.108406579647316e-08,0.39999737455771844,"{'table_obstacle': {'pos': [0.3825981920028062, 0.37518922255766707, 0.1646257963690813], 'size': [0.049837904948193595, 0.0813235869879147, 0.05243307039854257]}, 'pillar_obstacle': {'pos': [0.39994824830915515, -0.3824307480766307, 0.23470116647765446], 'size': [0.033663755439403885, 0.20172185302840845, 0.0]}, 'small_block': {'pos': [0.6140097595303955, -0.3535133918987863, 0.1097032402875184], 'size': [0.04461973939918376, 0.0849493067344041, 0.09534921802665242]}}"
2.3179999999998557,0.41599960020890214,0.0,0.4,0.4106074974938571,1.0561343638966793e-07,0.3999973047643924,"{'table_obstacle': {'pos': [0.3825981920028062, 0.37518922255766707, 0.1646257963690813], 'size': [0.049837904948193595, 0.0813235869879147, 0.05243307039854257]}, 'pillar_obstacle': {'pos': [0.39994824830915515, -0.3824307480766307, 0.23470116647765446], 'size': [0.033663755439403885, 0.20172185302840845, 0.0]}, 'small_block': {'pos': [0.6140097595303955, -0.3535133918987863, 0.1097032402875184], 'size': [0.04461973939918376, 0.0849493067344041, 0.09534921802665242]}}"
2.3189999999998556,0.41599960020890214,0.0,0.4,0.4106789888497307,1.1723004780318992e-07,0.3999972418493197,"{'table_obstacle': {'pos': [0.3825981920028062, 0.37518922255766707, 0.1646257963690813], 'size': [0.049837904948193595, 0.0813235869879147, 0.05243307039854257]}, 'pillar_obstacle': {'pos': [0.39994824830915515, -0.3824307480766307, 0.23470116647765446], 'size': [0.033663755439403885, 0.20172185302840845, 0.0]}, 'small_block': {'pos': [0.6140097595303955, -0.3535133918987863, 0.1097032402875184], 'size': [0.04461973939918376, 0.0849493067344041, 0.09534921802665242]}}"
2.3199999999998555,0.41599960020890214,0.0,0.4,0.41075052207063634,1.261516567812254e-07,0.39999718573088894,"{'table_obstacle': {'pos': [0.3825981920028062, 0.37518922255766707, 0.1646257963690813], 'size': [0.049837904948193595, 0.0813235869879147, 0.05243307039854257]}, 'pillar_obstacle': {'pos': [0.39994824830915515, -0.3824307480766307, 0.23470116647765446], 'size': [0.033663755439403885, 0.20172185302840845, 0.0]}, 'small_block': {'pos': [0.6140097595303955, -0.3535133918987863, 0.1097032402875184], 'size': [0.04461973939918376, 0.0849493067344041, 0.09534921802665242]}}"
2.3209999999998554,0.41599960020890214,0.0,0.4,0.41082189380222894,1.3263000971119565e-07,0.3999971361676186,"{'table_obstacle': {'pos': [0.3825981920028062, 0.37518922255766707, 0.1646257963690813], 'size': [0.049837904948193595, 0.0813235869879147, 0.05243307039854257]}, 'pillar_obstacle': {'pos': [0.39994824830915515, -0.3824307480766307, 0.23470116647765446], 'size': [0.033663755439403885, 0.20172185302840845, 0.0]}, 'small_block': {'pos': [0.6140097595303955, -0.3535133918987863, 0.1097032402875184], 'size': [0.04461973939918376, 0.0849493067344041, 0.09534921802665242]}}"
2.3219999999998553,0.41599960020890214,0.0,0.4,0.41089294226084455,1.369293348850916e-07,0.39999709281947055,"{'table_obstacle': {'pos': [0.3825981920028062, 0.37518922255766707, 0.1646257963690813], 'size': [0.049837904948193595, 0.0813235869879147, 0.05243307039854257]}, 'pillar_obstacle': {'pos': [0.39994824830915515, -0.3824307480766307, 0.23470116647765446], 'size': [0.033663755439403885, 0.20172185302840845, 0.0]}, 'small_block': {'pos': [0.6140097595303955, -0.3535133918987863, 0.1097032402875184], 'size': [0.04461973939918376, 0.0849493067344041, 0.09534921802665242]}}"
2.322999999999855,0.41599960020890214,0.0,0.4,0.4109635392653874,1.3931189079305717e-07,0.3999970552914566,"{'table_obstacle': {'pos': [0.3825981920028062, 0.37518922255766707, 0.1646257963690813], 'size': [0.049837904948193595, 0.0813235869879147, 0.05243307039854257]}, 'pillar_obstacle': {'pos': [0.39994824830915515, -0.3824307480766307, 0.23470116647765446], 'size': [0.033663755439403885, 0.20172185302840845, 0.0]}, 'small_block': {'pos': [0.6140097595303955, -0.3535133918987863, 0.1097032402875184], 'size': [0.04461973939918376, 0.0849493067344041, 0.09534921802665242]}}"
2.323999999999855,0.41599960020890214,0.0,0.4,0.4110335837894713,1.4002864869439844e-07,0.3999970231641891,"{'table_obstacle': {'pos': [0.3825981920028062, 0.37518922255766707, 0.1646257963690813], 'size': [0.049837904948193595, 0.0813235869879147, 0.05243307039854257]}, 'pillar_obstacle': {'pos': [0.39994824830915515, -0.3824307480766307, 0.23470116647765446], 'size': [0.033663755439403885, 0.20172185302840845, 0.0]}, 'small_block': {'pos': [0.6140097595303955, -0.3535133918987863, 0.1097032402875184], 'size': [0.04461973939918376, 0.0849493067344041, 0.09534921802665242]}}"
2.324999999999855,0.41599960020890214,0.0,0.4,0.411102996743887,1.3931365795842585e-07,0.3999969960148409,"{'table_obstacle': {'pos': [0.3825981920028062, 0.37518922255766707, 0.1646257963690813], 'size': [0.049837904948193595, 0.0813235869879147, 0.05243307039854257]}, 'pillar_obstacle': {'pos': [0.39994824830915515, -0.3824307480766307, 0.23470116647765446], 'size': [0.033663755439403885, 0.20172185302840845, 0.0]}, 'small_block': {'pos': [0.6140097595303955, -0.3535133918987863, 0.1097032402875184], 'size': [0.04461973939918376, 0.0849493067344041, 0.09534921802665242]}}"
2.325999999999855,0.41599960020890214,0.0,0.4,0.41117171675474395,1.373810225654877e-07,0.3999969734311032,"{'table_obstacle': {'pos': [0.3825981920028062, 0.37518922255766707, 0.1646257963690813], 'size': [0.049837904948193595, 0.0813235869879147, 0.05243307039854257]}, 'pillar_obstacle': {'pos': [0.39994824830915515, -0.3824307480766307, 0.23470116647765446], 'size': [0.033663755439403885, 0.20172185302840845, 0.0]}, 'small_block': {'pos': [0.6140097595303955, -0.3535133918987863, 0.1097032402875184], 'size': [0.04461973939918376, 0.0849493067344041, 0.09534921802665242]}}"
2.3269999999998547,0.41599960020890214,0.0,0.4,0.4112396967473782,1.3442368205787726e-07,0.3999969550200594,"{'table_obstacle': {'pos': [0.3825981920028062, 0.37518922255766707, 0.1646257963690813], 'size': [0.049837904948193595, 0.0813235869879147, 0.05243307039854257]}, 'pillar_obstacle': {'pos': [0.39994824830915515, -0.3824307480766307, 0.23470116647765446], 'size': [0.033663755439403885, 0.20172185302840845, 0.0]}, 'small_block': {'pos': [0.6140097595303955, -0.3535133918987863, 0.1097032402875184], 'size': [0.04461973939918376, 0.0849493067344041, 0.09534921802665242]}}"
2.3279999999998546,0.41599960020890214,0.0,0.4,0.41130690118233615,1.3061341831099337e-07,0.399996940413419,"{'table_obstacle': {'pos': [0.3825981920028062, 0.37518922255766707, 0.1646257963690813], 'size': [0.049837904948193595, 0.0813235869879147, 0.05243307039854257]}, 'pillar_obstacle': {'pos': [0.39994824830915515, -0.3824307480766307, 0.23470116647765446], 'size': [0.033663755439403885, 0.20172185302840845, 0.0]}, 'small_block': {'pos': [0.6140097595303955, -0.3535133918987863, 0.1097032402875184], 'size': [0.04461973939918376, 0.0849493067344041, 0.09534921802665242]}}"
2.3289999999998545,0.41599960020890214,0.0,0.4,0.41137330381905335,1.261016537527826e-07,0.39999692927016867,"{'table_obstacle': {'pos': [0.3825981920028062, 0.37518922255766707, 0.1646257963690813], 'size': [0.049837904948193595, 0.0813235869879147, 0.05243307039854257]}, 'pillar_obstacle': {'pos': [0.39994824830915515, -0.3824307480766307, 0.23470116647765446], 'size': [0.033663755439403885, 0.20172185302840845, 0.0]}, 'small_block': {'pos': [0.6140097595303955, -0.3535133918987863, 0.1097032402875184], 'size': [0.04461973939918376, 0.0849493067344041, 0.09534921802665242]}}"
2.3299999999998544,0.41599960020890214,0.0,0.4,0.41143888590657046,1.2102073762691003e-07,0.39999692127743325,"{'table_obstacle': {'pos': [0.3825981920028062, 0.37518922255766707, 0.1646257963690813], 'size': [0.049837904948193595, 0.0813235869879147, 0.05243307039854257]}, 'pillar_obstacle': {'pos': [0.39994824830915515, -0.3824307480766307, 0.23470116647765446], 'size': [0.033663755439403885, 0.20172185302840845, 0.0]}, 'small_block': {'pos': [0.6140097595303955, -0.3535133918987863, 0.1097032402875184], 'size': [0.04461973939918376, 0.0849493067344041, 0.09534921802665242]}}"
2.3309999999998543,0.41599960020890214,0.0,0.4,0.41150363471982815,1.1548549966970516e-07,0.3999969161501255,"{'table_obstacle': {'pos': [0.3825981920028062, 0.37518922255766707, 0.1646257963690813], 'size': [0.049837904948193595, 0.0813235869879147, 0.05243307039854257]}, 'pillar_obstacle': {'pos': [0.39994824830915515, -0.3824307480766307, 0.23470116647765446], 'size': [0.033663755439403885, 0.20172185302840845, 0.0]}, 'small_block': {'pos': [0.6140097595303955, -0.3535133918987863, 0.1097032402875184], 'size': [0.04461973939918376, 0.0849493067344041, 0.09534921802665242]}}"
2.331999999999854,0.41599960020890214,0.0,0.4,0.41156754237561866,1.095949198030831e-07,0.39999691362980516,"{'table_obstacle': {'pos': [0.3825981920028062, 0.37518922255766707, 0.1646257963690813], 'size': [0.049837904948193595, 0.0813235869879147, 0.05243307039854257]}, 'pillar_obstacle': {'pos': [0.39994824830915515, -0.3824307480766307, 0.23470116647765446], 'size': [0.033663755439403885, 0.20172185302840845, 0.0]}, 'small_block': {'pos': [0.6140097595303955, -0.3535133918987863, 0.1097032402875184], 'size': [0.04461973939918376, 0.0849493067344041, 0.09534921802665242]}}"
2.332999999999854,0.41599960020890214,0.0,0.4,0.41163060487485037,1.0343381109327252e-07,0.3999969134830581,"{'table_obstacle': {'pos': [0.3825981920028062, 0.37518922255766707, 0.1646257963690813], 'size': [0.049837904948193595, 0.0813235869879147, 0.05243307039854257]}, 'pillar_obstacle': {'pos': [0.39994824830915515, -0.3824307480766307, 0.23470116647765446], 'size': [0.033663755439403885, 0.20172185302840845, 0.0]}, 'small_block': {'pos': [0.6140097595303955, -0.3535133918987863, 0.1097032402875184], 'size': [0.04461973939918376, 0.0849493067344041, 0.09534921802665242]}}"
2.333999999999854,0.41599960020890214,0.0,0.4,0.4116928213279487,9.707444791447789e-08,0.39999691549960925,"{'table_obstacle': {'pos': [0.3825981920028062, 0.37518922255766707, 0.1646257963690813], 'size': [0.049837904948193595, 0.0813235869879147, 0.05243307039854257]}, 'pillar_obstacle': {'pos': [0.39994824830915515, -0.3824307480766307, 0.23470116647765446], 'size': [0.033663755439403885, 0.20172185302840845, 0.0]}, 'small_block': {'pos': [0.6140097595303955, -0.3535133918987863, 0.1097032402875184], 'size': [0.04461973939918376, 0.0849493067344041, 0.09534921802665242]}}"
2.334999999999854,0.41599960020890214,0.0,0.4,0.41175419332846197,9.05780964223227e-08,0.39999691949032734,"{'table_obstacle': {'pos': [0.3825981920028062, 0.37518922255766707, 0.1646257963690813], 'size': [0.049837904948193595, 0.0813235869879147, 0.05243307039854257]}, 'pillar_obstacle': {'pos': [0.39994824830915515, -0.3824307480766307, 0.23470116647765446], 'size': [0.033663755439403885, 0.20172185302840845, 0.0]}, 'small_block': {'pos': [0.6140097595303955, -0.3535133918987863, 0.1097032402875184], 'size': [0.04461973939918376, 0.0849493067344041, 0.09534921802665242]}}"
2.3359999999998537,0.41599960020890214,0.0,0.4,0.4118147244465952,8.399642641156123e-08,0.3999969252852211,"{'table_obstacle': {'pos': [0.3825981920028062, 0.37518922255766707, 0.1646257963690813], 'size': [0.049837904948193595, 0.0813235869879147, 0.05243307039854257]}, 'pillar_obstacle': {'pos': [0.39994824830915515, -0.3824307480766307, 0.23470116647765446], 'size': [0.033663755439403885, 0.20172185302840845, 0.0]}, 'small_block': {'pos': [0.6140097595303955, -0.3535133918987863, 0.1097032402875184], 'size': [0.04461973939918376, 0.0849493067344041, 0.09534921802665242]}}"
2.3369999999998536,0.41599960020890214,0.0,0.4,0.41187441981979617,7.737279055590432e-08,0.3999969327315039,"{'table_obstacle': {'pos': [0.3825981920028062, 0.37518922255766707, 0.1646257963690813], 'size': [0.049837904948193595, 0.0813235869879147, 0.05243307039854257]}, 'pillar_obstacle': {'pos': [0.39994824830915515, -0.3824307480766307, 0.23470116647765446], 'size': [0.033663755439403885, 0.20172185302840845, 0.0]}, 'small_block': {'pos': [0.6140097595303955, -0.3535133918987863, 0.1097032402875184], 'size': [0.04461973939918376, 0.0849493067344041, 0.09534921802665242]}}"
2.3379999999998535,0.41599960020890214,0.0,0.4,0.4119332858218754,7.074337170735107e-08,0.3999969416917619,"{'table_obstacle': {'pos': [0.3825981920028062, 0.37518922255766707, 0.1646257963690813], 'size': [0.049837904948193595, 0.0813235869879147, 0.05243307039854257]}, 'pillar_obstacle': {'pos': [0.39994824830915515, -0.3824307480766307, 0.23470116647765446], 'size': [0.033663755439403885, 0.20172185302840845, 0.0]}, 'small_block': {'pos': [0.6140097595303955, -0.3535133918987863, 0.1097032402875184], 'size': [0.04461973939918376, 0.0849493067344041, 0.09534921802665242]}}"
2.3389999999998534,0.41599960020890214,0.0,0.4,0.4119913297956745,6.413819879720873e-08,0.39999695204225966,"{'table_obstacle': {'pos': [0.3825981920028062, 0.37518922255766707, 0.1646257963690813], 'size': [0.049837904948193595, 0.0813235869879147, 0.05243307039854257]}, 'pillar_obstacle': {'pos': [0.39994824830915515, -0.3824307480766307, 0.23470116647765446], 'size': [0.033663755439403885, 0.20172185302840845, 0.0]}, 'small_block': {'pos': [0.6140097595303955, -0.3535133918987863, 0.1097032402875184], 'size': [0.04461973939918376, 0.0849493067344041, 0.09534921802665242]}}"
2.3399999999998533,0.41599960020890214,0.0,0.4,0.4120485598371626,5.758204179416091e-08,0.39999696367138887,"{'table_obstacle': {'pos': [0.3825981920028062, 0.37518922255766707, 0.1646257963690813], 'size': [0.049837904948193595, 0.0813235869879147, 0.05243307039854257]}, 'pillar_obstacle': {'pos': [0.39994824830915515, -0.3824307480766307, 0.23470116647765446], 'size': [0.033663755439403885, 0.20172185302840845, 0.0]}, 'small_block': {'pos': [0.6140097595303955, -0.3535133918987863, 0.1097032402875184], 'size': [0.04461973939918376, 0.0849493067344041, 0.09534921802665242]}}"
2.340999999999853,0.41599960020890214,0.0,0.4,0.41210498462114253,5.1095192714613465e-08,0.3999969764782662,"{'table_obstacle': {'pos': [0.3825981920028062, 0.37518922255766707, 0.1646257963690813], 'size': [0.049837904948193595, 0.0813235869879147, 0.05243307039854257]}, 'pillar_obstacle': {'pos': [0.39994824830915515, -0.3824307480766307, 0.23470116647765446], 'size': [0.033663755439403885, 0.20172185302840845, 0.0]}, 'small_block': {'pos': [0.6140097595303955, -0.3535133918987863, 0.1097032402875184], 'size': [0.04461973939918376, 0.0849493067344041, 0.09534921802665242]}}"
2.341999999999853,0.41599960020890214,0.0,0.4,0.41216061326062586,4.4694144221930476e-08,0.39999699037147857,"{'table_obstacle': {'pos': [0.3825981920028062, 0.37518922255766707, 0.1646257963690813], 'size': [0.049837904948193595, 0.0813235869879147, 0.05243307039854257]}, 'pillar_obstacle': {'pos': [0.39994824830915515, -0.3824307480766307, 0.23470116647765446], 'size': [0.033663755439403885, 0.20172185302840845, 0.0]}, 'small_block': {'pos': [0.6140097595303955, -0.3535133918987863, 0.1097032402875184], 'size': [0.04461973939918376, 0.0849493067344041, 0.09534921802665242]}}"
2.342999999999853,0.41599960020890214,0.0,0.4,0.41221545519345243,3.839217421117749e-08,0.39999700526796444,"{'table_obstacle': {'pos': [0.3825981920028062, 0.37518922255766707, 0.1646257963690813], 'size': [0.049837904948193595, 0.0813235869879147, 0.05243307039854257]}, 'pillar_obstacle': {'pos': [0.39994824830915515, -0.3824307480766307, 0.23470116647765446], 'size': [0.033663755439403885, 0.20172185302840845, 0.0]}, 'small_block': {'pos': [0.6140097595303955, -0.3535133918987863, 0.1097032402875184], 'size': [0.04461973939918376, 0.0849493067344041, 0.09534921802665242]}}"
2.343999999999853,0.41599960020890214,0.0,0.4,0.4122695200909525,3.219985144701018e-08,0.3999970210920252,"{'table_obstacle': {'pos': [0.3825981920028062, 0.37518922255766707, 0.1646257963690813], 'size': [0.049837904948193595, 0.0813235869879147, 0.05243307039854257]}, 'pillar_obstacle': {'pos': [0.39994824830915515, -0.3824307480766307, 0.23470116647765446], 'size': [0.033663755439403885, 0.20172185302840845, 0.0]}, 'small_block': {'pos': [0.6140097595303955, -0.3535133918987863, 0.1097032402875184], 'size': [0.04461973939918376, 0.0849493067344041, 0.09534921802665242]}}"
2.3449999999998528,0.41599960020890214,0.0,0.4,0.4123228177844406,2.6125464790476722e-08,0.3999970377744562,"{'table_obstacle': {'pos': [0.3825981920028062, 0.37518922255766707, 0.1646257963690813], 'size': [0.049837904948193595, 0.0813235869879147, 0.05243307039854257]}, 'pillar_obstacle': {'pos': [0.39994824830915515, -0.3824307480766307, 0.23470116647765446], 'size': [0.033663755439403885, 0.20172185302840845, 0.0]}, 'small_block': {'pos': [0.6140097595303955, -0.3535133918987863, 0.1097032402875184], 'size': [0.04461973939918376, 0.0849493067344041, 0.09534921802665242]}}"
2.3459999999998526,0.41599960020890214,0.0,0.4,0.41237535820613647,2.0175393794883005e-08,0.39999705525178275,"{'table_obstacle': {'pos': [0.3825981920028062, 0.37518922255766707, 0.1646257963690813], 'size': [0.049837904948193595, 0.0813235869879147, 0.05243307039854257]}, 'pillar_obstacle': {'pos': [0.39994824830915515, -0.3824307480766307, 0.23470116647765446], 'size': [0.033663755439403885, 0.20172185302840845, 0.0]}, 'small_block': {'pos': [0.6140097595303955, -0.3535133918987863, 0.1097032402875184], 'size': [0.04461973939918376, 0.0849493067344041, 0.09534921802665242]}}"
2.3469999999998525,0.41599960020890214,0.0,0.4,0.41242715134175645,1.4354419755695252e-08,0.3999970734655957,"{'table_obstacle': {'pos': [0.3825981920028062, 0.37518922255766707, 0.1646257963690813], 'size': [0.049837904948193595, 0.0813235869879147, 0.05243307039854257]}, 'pillar_obstacle': {'pos': [0.39994824830915515, -0.3824307480766307, 0.23470116647765446], 'size': [0.033663755439403885, 0.20172185302840845, 0.0]}, 'small_block': {'pos': [0.6140097595303955, -0.3535133918987863, 0.1097032402875184], 'size': [0.04461973939918376, 0.0849493067344041, 0.09534921802665242]}}"
2.3479999999998524,0.41599960020890214,0.0,0.4,0.41247820719254513,8.665993239129866e-09,0.3999970923619678,"{'table_obstacle': {'pos': [0.3825981920028062, 0.37518922255766707, 0.1646257963690813], 'size': [0.049837904948193595, 0.0813235869879147, 0.05243307039854257]}, 'pillar_obstacle': {'pos': [0.39994824830915515, -0.3824307480766307, 0.23470116647765446], 'size': [0.033663755439403885, 0.20172185302840845, 0.0]}, 'small_block': {'pos': [0.6140097595303955, -0.3535133918987863, 0.1097032402875184], 'size': [0.04461973939918376, 0.0849493067344041, 0.09534921802665242]}}"
2.3489999999998523,0.41599960020890214,0.0,0.4,0.4125285357449373,3.1124573127301618e-09,0.3999971118909517,"{'table_obstacle': {'pos': [0.3825981920028062, 0.37518922255766707, 0.1646257963690813], 'size': [0.049837904948193595, 0.0813235869879147, 0.05243307039854257]}, 'pillar_obstacle': {'pos': [0.39994824830915515, -0.3824307480766307, 0.23470116647765446], 'size': [0.033663755439403885, 0.20172185302840845, 0.0]}, 'small_block': {'pos': [0.6140097595303955, -0.3535133918987863, 0.1097032402875184], 'size': [0.04461973939918376, 0.0849493067344041, 0.09534921802665242]}}"
2.349999999999852,0.41599960020890214,0.0,0.4,0.41257814694639705,-2.3047609425069477e-09,0.3999971320061401,"{'table_obstacle': {'pos': [0.3825981920028062, 0.37518922255766707, 0.1646257963690813], 'size': [0.049837904948193595, 0.0813235869879147, 0.05243307039854257]}, 'pillar_obstacle': {'pos': [0.39994824830915515, -0.3824307480766307, 0.23470116647765446], 'size': [0.033663755439403885, 0.20172185302840845, 0.0]}, 'small_block': {'pos': [0.6140097595303955, -0.3535133918987863, 0.1097032402875184], 'size': [0.04461973939918376, 0.0849493067344041, 0.09534921802665242]}}"
2.350999999999852,0.41599960020890214,0.0,0.4,0.4126270506862446,-7.584992200728844e-09,0.39999715266428437,"{'table_obstacle': {'pos': [0.3825981920028062, 0.37518922255766707, 0.1646257963690813], 'size': [0.049837904948193595, 0.0813235869879147, 0.05243307039854257]}, 'pillar_obstacle': {'pos': [0.39994824830915515, -0.3824307480766307, 0.23470116647765446], 'size': [0.033663755439403885, 0.20172185302840845, 0.0]}, 'small_block': {'pos': [0.6140097595303955, -0.3535133918987863, 0.1097032402875184], 'size': [0.04461973939918376, 0.0849493067344041, 0.09534921802665242]}}"
2.351999999999852,0.41599960020890214,0.0,0.4,0.412675256780517,-1.2728189200777342e-08,0.3999971738249666,"{'table_obstacle': {'pos': [0.3825981920028062, 0.37518922255766707, 0.1646257963690813], 'size': [0.049837904948193595, 0.0813235869879147, 0.05243307039854257]}, 'pillar_obstacle': {'pos': [0.39994824830915515, -0.3824307480766307, 0.23470116647765446], 'size': [0.033663755439403885, 0.20172185302840845, 0.0]}, 'small_block': {'pos': [0.6140097595303955, -0.3535133918987863, 0.1097032402875184], 'size': [0.04461973939918376, 0.0849493067344041, 0.09534921802665242]}}"
2.352999999999852,0.41599960020890214,0.0,0.4,0.4127227749600883,-1.7734814907038545e-08,0.39999719545031265,"{'table_obstacle': {'pos': [0.3825981920028062, 0.37518922255766707, 0.1646257963690813], 'size': [0.049837904948193595, 0.0813235869879147, 0.05243307039854257]}, 'pillar_obstacle': {'pos': [0.39994824830915515, -0.3824307480766307, 0.23470116647765446], 'size': [0.033663755439403885, 0.20172185302840845, 0.0]}, 'small_block': {'pos': [0.6140097595303955, -0.3535133918987863, 0.1097032402875184], 'size': [0.04461973939918376, 0.0849493067344041, 0.09534921802665242]}}"
2.3539999999998518,0.41599960020890214,0.0,0.4,0.4127696148614228,-2.260574789707698e-08,0.3999972175047442,"{'table_obstacle': {'pos': [0.3825981920028062, 0.37518922255766707, 0.1646257963690813], 'size': [0.049837904948193595, 0.0813235869879147, 0.05243307039854257]}, 'pillar_obstacle': {'pos': [0.39994824830915515, -0.3824307480766307, 0.23470116647765446], 'size': [0.033663755439403885, 0.20172185302840845, 0.0]}, 'small_block': {'pos': [0.6140097595303955, -0.3535133918987863, 0.1097032402875184], 'size': [0.04461973939918376, 0.0849493067344041, 0.09534921802665242]}}"
2.3549999999998517,0.41599960020890214,0.0,0.4,0.412815786019453,-2.7342203294323954e-08,0.39999723995476477,"{'table_obstacle': {'pos': [0.3825981920028062, 0.37518922255766707, 0.1646257963690813], 'size': [0.049837904948193595, 0.0813235869879147, 0.05243307039854257]}, 'pillar_obstacle': {'pos': [0.39994824830915515, -0.3824307480766307, 0.23470116647765446], 'size': [0.033663755439403885, 0.20172185302840845, 0.0]}, 'small_block': {'pos': [0.6140097595303955, -0.3535133918987863, 0.1097032402875184], 'size': [0.04461973939918376, 0.0849493067344041, 0.09534921802665242]}}"
2.3559999999998515,0.41599960020890214,0.0,0.4,0.4128612978621726,-3.1945667347876534e-08,0.3999972627687712,"{'table_obstacle': {'pos': [0.3825981920028062, 0.37518922255766707, 0.1646257963690813], 'size': [0.049837904948193595, 0.0813235869879147, 0.05243307039854257]}, 'pillar_obstacle': {'pos': [0.39994824830915515, -0.3824307480766307, 0.23470116647765446], 'size': [0.033663755439403885, 0.20172185302840845, 0.0]}, 'small_block': {'pos': [0.6140097595303955, -0.3535133918987863, 0.1097032402875184], 'size': [0.04461973939918376, 0.0849493067344041, 0.09534921802665242]}}"
2.3569999999998514,0.41599960020890214,0.0,0.4,0.4129061597066133,-3.6417842232219924e-08,0.3999972859168928,"{'table_obstacle': {'pos': [0.3825981920028062, 0.37518922255766707, 0.1646257963690813], 'size': [0.049837904948193595, 0.0813235869879147, 0.05243307039854257]}, 'pillar_obstacle': {'pos': [0.39994824830915515, -0.3824307480766307, 0.23470116647765446], 'size': [0.033663755439403885, 0.20172185302840845, 0.0]}, 'small_block': {'pos': [0.6140097595303955, -0.3535133918987863, 0.1097032402875184], 'size': [0.04461973939918376, 0.0849493067344041, 0.09534921802665242]}}"
2.3579999999998513,0.41599960020890214,0.0,0.4,0.4129503807559361,-4.0760601045729746e-08,0.3999973093708472,"{'table_obstacle': {'pos': [0.3825981920028062, 0.37518922255766707, 0.1646257963690813], 'size': [0.049837904948193595, 0.0813235869879147, 0.05243307039854257]}, 'pillar_obstacle': {'pos': [0.39994824830915515, -0.3824307480766307, 0.23470116647765446], 'size': [0.033663755439403885, 0.20172185302840845, 0.0]}, 'small_block': {'pos': [0.6140097595303955, -0.3535133918987863, 0.1097032402875184], 'size': [0.04461973939918376, 0.0849493067344041, 0.09534921802665242]}}"
2.358999999999851,0.41599960020890214,0.0,0.4,0.4129939700974186,-4.4975949054249845e-08,0.39999733310381896,"{'table_obstacle': {'pos': [0.3825981920028062, 0.37518922255766707, 0.1646257963690813], 'size': [0.049837904948193595, 0.0813235869879147, 0.05243307039854257]}, 'pillar_obstacle': {'pos': [0.39994824830915515, -0.3824307480766307, 0.23470116647765446], 'size': [0.033663755439403885, 0.20172185302840845, 0.0]}, 'small_block': {'pos': [0.6140097595303955, -0.3535133918987863, 0.1097032402875184], 'size': [0.04461973939918376, 0.0849493067344041, 0.09534921802665242]}}"
2.359999999999851,0.41599960020890214,0.0,0.4,0.4130369367011649,-4.906599351765366e-08,0.399997357090349,"{'table_obstacle': {'pos': [0.3825981920028062, 0.37518922255766707, 0.1646257963690813], 'size': [0.049837904948193595, 0.0813235869879147, 0.05243307039854257]}, 'pillar_obstacle': {'pos': [0.39994824830915515, -0.3824307480766307, 0.23470116647765446], 'size': [0.033663755439403885, 0.20172185302840845, 0.0]}, 'small_block': {'pos': [0.6140097595303955, -0.3535133918987863, 0.1097032402875184], 'size': [0.04461973939918376, 0.0849493067344041, 0.09534921802665242]}}"
2.360999999999851,0.41599960020890214,0.0,0.4,0.41307928941939376,-5.303291699416796e-08,0.39999738130623863,"{'table_obstacle': {'pos': [0.3825981920028062, 0.37518922255766707, 0.1646257963690813], 'size': [0.049837904948193595, 0.0813235869879147, 0.05243307039854257]}, 'pillar_obstacle': {'pos': [0.39994824830915515, -0.3824307480766307, 0.23470116647765446], 'size': [0.033663755439403885, 0.20172185302840845, 0.0]}, 'small_block': {'pos': [0.6140097595303955, -0.3535133918987863, 0.1097032402875184], 'size': [0.04461973939918376, 0.0849493067344041, 0.09534921802665242]}}"
2.361999999999851,0.41599960020890214,0.0,0.4,0.41312103698619057,-5.6878955937103153e-08,0.3999974057284666,"{'table_obstacle': {'pos': [0.3825981920028062, 0.37518922255766707, 0.1646257963690813], 'size': [0.049837904948193595, 0.0813235869879147, 0.05243307039854257]}, 'pillar_obstacle': {'pos': [0.39994824830915515, -0.3824307480766307, 0.23470116647765446], 'size': [0.033663755439403885, 0.20172185302840845, 0.0]}, 'small_block': {'pos': [0.6140097595303955, -0.3535133918987863, 0.1097032402875184], 'size': [0.04461973939918376, 0.0849493067344041, 0.09534921802665242]}}"
2.3629999999998508,0.41599960020890214,0.0,0.4,0.41316218801763016,-6.06063838619334e-08,0.3999974303351131,"{'table_obstacle': {'pos': [0.3825981920028062, 0.37518922255766707, 0.1646257963690813], 'size': [0.049837904948193595, 0.0813235869879147, 0.05243307039854257]}, 'pillar_obstacle': {'pos': [0.39994824830915515, -0.3824307480766307, 0.23470116647765446], 'size': [0.033663755439403885, 0.20172185302840845, 0.0]}, 'small_block': {'pos': [0.6140097595303955, -0.3535133918987863, 0.1097032402875184], 'size': [0.04461973939918376, 0.0849493067344041, 0.09534921802665242]}}"
2.3639999999998507,0.41599960020890214,0.0,0.4,0.4132027510121964,-6.421749558363235e-08,0.3999974551052925,"{'table_obstacle': {'pos': [0.3825981920028062, 0.37518922255766707, 0.1646257963690813], 'size': [0.049837904948193595, 0.0813235869879147, 0.05243307039854257]}, 'pillar_obstacle': {'pos': [0.39994824830915515, -0.3824307480766307, 0.23470116647765446], 'size': [0.033663755439403885, 0.20172185302840845, 0.0]}, 'small_block': {'pos': [0.6140097595303955, -0.3535133918987863, 0.1097032402875184], 'size': [0.04461973939918376, 0.0849493067344041, 0.09534921802665242]}}"
2.3649999999998506,0.41599960020890214,0.0,0.4,0.41324273435143355,-6.77145970591082e-08,0.39999748001909463,"{'table_obstacle': {'pos': [0.3825981920028062, 0.37518922255766707, 0.1646257963690813], 'size': [0.049837904948193595, 0.0813235869879147, 0.05243307039854257]}, 'pillar_obstacle': {'pos': [0.39994824830915515, -0.3824307480766307, 0.23470116647765446], 'size': [0.033663755439403885, 0.20172185302840845, 0.0]}, 'small_block': {'pos': [0.6140097595303955, -0.3535133918987863, 0.1097032402875184], 'size': [0.04461973939918376, 0.0849493067344041, 0.09534921802665242]}}"
2.3659999999998504,0.41599960020890214,0.0,0.4,0.41328214630078697,-7.109999406565912e-08,0.39999750505752985,"{'table_obstacle': {'pos': [0.3825981920028062, 0.37518922255766707, 0.1646257963690813], 'size': [0.049837904948193595, 0.0813235869879147, 0.05243307039854257]}, 'pillar_obstacle': {'pos': [0.39994824830915515, -0.3824307480766307, 0.23470116647765446], 'size': [0.033663755439403885, 0.20172185302840845, 0.0]}, 'small_block': {'pos': [0.6140097595303955, -0.3535133918987863, 0.1097032402875184], 'size': [0.04461973939918376, 0.0849493067344041, 0.09534921802665242]}}"
2.3669999999998503,0.41599960020890214,0.0,0.4,0.41332099501058606,-7.43759855529774e-08,0.3999975302024819,"{'table_obstacle': {'pos': [0.3825981920028062, 0.37518922255766707, 0.1646257963690813], 'size': [0.049837904948193595, 0.0813235869879147, 0.05243307039854257]}, 'pillar_obstacle': {'pos': [0.39994824830915515, -0.3824307480766307, 0.23470116647765446], 'size': [0.033663755439403885, 0.20172185302840845, 0.0]}, 'small_block': {'pos': [0.6140097595303955, -0.3535133918987863, 0.1097032402875184], 'size': [0.04461973939918376, 0.0849493067344041, 0.09534921802665242]}}"
2.3679999999998502,0.41599960020890214,0.0,0.4,0.41335928851714265,-7.754485654040218e-08,0.39999755543666216,"{'table_obstacle': {'pos': [0.3825981920028062, 0.37518922255766707, 0.1646257963690813], 'size': [0.049837904948193595, 0.0813235869879147, 0.05243307039854257]}, 'pillar_obstacle': {'pos': [0.39994824830915515, -0.3824307480766307, 0.23470116647765446], 'size': [0.033663755439403885, 0.20172185302840845, 0.0]}, 'small_block': {'pos': [0.6140097595303955, -0.3535133918987863, 0.1097032402875184], 'size': [0.04461973939918376, 0.0849493067344041, 0.09534921802665242]}}"
2.36899999999985,0.41599960020890214,0.0,0.4,0.41339703474393763,-8.060887318447607e-08,0.3999975807435709,"{'table_obstacle': {'pos': [0.3825981920028062, 0.37518922255766707, 0.1646257963690813], 'size': [0.049837904948193595, 0.0813235869879147, 0.05243307039854257]}, 'pillar_obstacle': {'pos': [0.39994824830915515, -0.3824307480766307, 0.23470116647765446], 'size': [0.033663755439403885, 0.20172185302840845, 0.0]}, 'small_block': {'pos': [0.6140097595303955, -0.3535133918987863, 0.1097032402875184], 'size': [0.04461973939918376, 0.0849493067344041, 0.09534921802665242]}}"
2.36999999999985,0.41599960020890214,0.0,0.4,0.4134342415028723,-8.35702792334932e-08,0.3999976061074586,"{'table_obstacle': {'pos': [0.3825981920028062, 0.37518922255766707, 0.1646257963690813], 'size': [0.049837904948193595, 0.0813235869879147, 0.05243307039854257]}, 'pillar_obstacle': {'pos': [0.39994824830915515, -0.3824307480766307, 0.23470116647765446], 'size': [0.033663755439403885, 0.20172185302840845, 0.0]}, 'small_block': {'pos': [0.6140097595303955, -0.3535133918987863, 0.1097032402875184], 'size': [0.04461973939918376, 0.0849493067344041, 0.09534921802665242]}}"
2.37099999999985,0.41599960020890214,0.0,0.4,0.4134709164955716,-8.643129150037411e-08,0.39999763151329304,"{'table_obstacle': {'pos': [0.3825981920028062, 0.37518922255766707, 0.1646257963690813], 'size': [0.049837904948193595, 0.0813235869879147, 0.05243307039854257]}, 'pillar_obstacle': {'pos': [0.39994824830915515, -0.3824307480766307, 0.23470116647765446], 'size': [0.033663755439403885, 0.20172185302840845, 0.0]}, 'small_block': {'pos': [0.6140097595303955, -0.3535133918987863, 0.1097032402875184], 'size': [0.04461973939918376, 0.0849493067344041, 0.09534921802665242]}}"
2.37199999999985,0.41599960020890214,0.0,0.4,0.41350706731472175,-8.919409860894397e-08,0.3999976569467278,"{'table_obstacle': {'pos': [0.3825981920028062, 0.37518922255766707, 0.1646257963690813], 'size': [0.049837904948193595, 0.0813235869879147, 0.05243307039854257]}, 'pillar_obstacle': {'pos': [0.39994824830915515, -0.3824307480766307, 0.23470116647765446], 'size': [0.033663755439403885, 0.20172185302840845, 0.0]}, 'small_block': {'pos': [0.6140097595303955, -0.3535133918987863, 0.1097032402875184], 'size': [0.04461973939918376, 0.0849493067344041, 0.09534921802665242]}}"
2.3729999999998497,0.41599960020890214,0.0,0.4,0.4135427014454356,-9.186085865469215e-08,0.3999976823940721,"{'table_obstacle': {'pos': [0.3825981920028062, 0.37518922255766707, 0.1646257963690813], 'size': [0.049837904948193595, 0.0813235869879147, 0.05243307039854257]}, 'pillar_obstacle': {'pos': [0.39994824830915515, -0.3824307480766307, 0.23470116647765446], 'size': [0.033663755439403885, 0.20172185302840845, 0.0]}, 'small_block': {'pos': [0.6140097595303955, -0.3535133918987863, 0.1097032402875184], 'size': [0.04461973939918376, 0.0849493067344041, 0.09534921802665242]}}"
2.3739999999998496,0.41599960020890214,0.0,0.4,0.4135778262666319,-9.443369675674495e-08,0.39999770784226324,"{'table_obstacle': {'pos': [0.3825981920028062, 0.37518922255766707, 0.1646257963690813], 'size': [0.049837904948193595, 0.0813235869879147, 0.05243307039854257]}, 'pillar_obstacle': {'pos': [0.39994824830915515, -0.3824307480766307, 0.23470116647765446], 'size': [0.033663755439403885, 0.20172185302840845, 0.0]}, 'small_block': {'pos': [0.6140097595303955, -0.3535133918987863, 0.1097032402875184], 'size': [0.04461973939918376, 0.0849493067344041, 0.09534921802665242]}}"
2.3749999999998495,0.41599960020890214,0.0,0.4,0.4136124490524261,-9.691470522806265e-08,0.3999977332788424,"{'table_obstacle': {'pos': [0.3825981920028062, 0.37518922255766707, 0.1646257963690813], 'size': [0.049837904948193595, 0.0813235869879147, 0.05243307039854257]}, 'pillar_obstacle': {'pos': [0.39994824830915515, -0.3824307480766307, 0.23470116647765446], 'size': [0.033663755439403885, 0.20172185302840845, 0.0]}, 'small_block': {'pos': [0.6140097595303955, -0.3535133918987863, 0.1097032402875184], 'size': [0.04461973939918376, 0.0849493067344041, 0.09534921802665242]}}"
2.3759999999998493,0.41599960020890214,0.0,0.4,0.4136465769735236,-9.930594228080495e-08,0.3999977586919285,"{'table_obstacle': {'pos': [0.3825981920028062, 0.37518922255766707, 0.1646257963690813], 'size': [0.049837904948193595, 0.0813235869879147, 0.05243307039854257]}, 'pillar_obstacle': {'pos': [0.39994824830915515, -0.3824307480766307, 0.23470116647765446], 'size': [0.033663755439403885, 0.20172185302840845, 0.0]}, 'small_block': {'pos': [0.6140097595303955, -0.3535133918987863, 0.1097032402875184], 'size': [0.04461973939918376, 0.0849493067344041, 0.09534921802665242]}}"
2.3769999999998492,0.41599960020890214,0.0,0.4,0.4136802170986126,-1.0160943105273952e-07,0.39999778407019687,"{'table_obstacle': {'pos': [0.3825981920028062, 0.37518922255766707, 0.1646257963690813], 'size': [0.049837904948193595, 0.0813235869879147, 0.05243307039854257]}, 'pillar_obstacle': {'pos': [0.39994824830915515, -0.3824307480766307, 0.23470116647765446], 'size': [0.033663755439403885, 0.20172185302840845, 0.0]}, 'small_block': {'pos': [0.6140097595303955, -0.3535133918987863, 0.1097032402875184], 'size': [0.04461973939918376, 0.0849493067344041, 0.09534921802665242]}}"
2.377999999999849,0.41599960020890214,0.0,0.4,0.4137133763957527,-1.0382715988934361e-07,0.3999978094028556,"{'table_obstacle': {'pos': [0.3825981920028062, 0.37518922255766707, 0.1646257963690813], 'size': [0.049837904948193595, 0.0813235869879147, 0.05243307039854257]}, 'pillar_obstacle': {'pos': [0.39994824830915515, -0.3824307480766307, 0.23470116647765446], 'size': [0.033663755439403885, 0.20172185302840845, 0.0]}, 'small_block': {'pos': [0.6140097595303955, -0.3535133918987863, 0.1097032402875184], 'size': [0.04461973939918376, 0.0849493067344041, 0.09534921802665242]}}"
2.378999999999849,0.41599960020890214,0.0,0.4,0.413746061733757,-1.0596108209299541e-07,0.39999783467962746,"{'table_obstacle': {'pos': [0.3825981920028062, 0.37518922255766707, 0.1646257963690813], 'size': [0.049837904948193595, 0.0813235869879147, 0.05243307039854257]}, 'pillar_obstacle': {'pos': [0.39994824830915515, -0.3824307480766307, 0.23470116647765446], 'size': [0.033663755439403885, 0.20172185302840845, 0.0]}, 'small_block': {'pos': [0.6140097595303955, -0.3535133918987863, 0.1097032402875184], 'size': [0.04461973939918376, 0.0849493067344041, 0.09534921802665242]}}"
2.379999999999849,0.41599960020890214,0.0,0.4,0.4137782798835622,-1.0801311538571683e-07,0.39999785989072856,"{'table_obstacle': {'pos': [0.3825981920028062, 0.37518922255766707, 0.1646257963690813], 'size': [0.049837904948193595, 0.0813235869879147, 0.05243307039854257]}, 'pillar_obstacle': {'pos': [0.39994824830915515, -0.3824307480766307, 0.23470116647765446], 'size': [0.033663755439403885, 0.20172185302840845, 0.0]}, 'small_block': {'pos': [0.6140097595303955, -0.3535133918987863, 0.1097032402875184], 'size': [0.04461973939918376, 0.0849493067344041, 0.09534921802665242]}}"
2.380999999999849,0.41599960020890214,0.0,0.4,0.4138100375195902,-1.0998514268767617e-07,0.39999788502684985,"{'table_obstacle': {'pos': [0.3825981920028062, 0.37518922255766707, 0.1646257963690813], 'size': [0.049837904948193595, 0.0813235869879147, 0.05243307039854257]}, 'pillar_obstacle': {'pos': [0.39994824830915515, -0.3824307480766307, 0.23470116647765446], 'size': [0.033663755439403885, 0.20172185302840845, 0.0]}, 'small_block': {'pos': [0.6140097595303955, -0.3535133918987863, 0.1097032402875184], 'size': [0.04461973939918376, 0.0849493067344041, 0.09534921802665242]}}"
2.3819999999998487,0.41599960020890214,0.0,0.4,0.41384134122109556,-1.1187901224543448e-07,0.39999791007913993,"{'table_obstacle': {'pos': [0.3825981920028062, 0.37518922255766707, 0.1646257963690813], 'size': [0.049837904948193595, 0.0813235869879147, 0.05243307039854257]}, 'pillar_obstacle': {'pos': [0.39994824830915515, -0.3824307480766307, 0.23470116647765446], 'size': [0.033663755439403885, 0.20172185302840845, 0.0]}, 'small_block': {'pos': [0.6140097595303955, -0.3535133918987863, 0.1097032402875184], 'size': [0.04461973939918376, 0.0849493067344041, 0.09534921802665242]}}"
2.3829999999998486,0.41599960020890214,0.0,0.4,0.4138721974735,-1.1369653709615553e-07,0.3999979350391876,"{'table_obstacle': {'pos': [0.3825981920028062, 0.37518922255766707, 0.1646257963690813], 'size': [0.049837904948193595, 0.0813235869879147, 0.05243307039854257]}, 'pillar_obstacle': {'pos': [0.39994824830915515, -0.3824307480766307, 0.23470116647765446], 'size': [0.033663755439403885, 0.20172185302840845, 0.0]}, 'small_block': {'pos': [0.6140097595303955, -0.3535133918987863, 0.1097032402875184], 'size': [0.04461973939918376, 0.0849493067344041, 0.09534921802665242]}}"
2.3839999999998485,0.41599960020890214,0.0,0.4,0.4139026126697096,-1.1543949639566647e-07,0.39999795989900483,"{'table_obstacle': {'pos': [0.3825981920028062, 0.37518922255766707, 0.1646257963690813], 'size': [0.049837904948193595, 0.0813235869879147, 0.05243307039854257]}, 'pillar_obstacle': {'pos': [0.39994824830915515, -0.3824307480766307, 0.23470116647765446], 'size': [0.033663755439403885, 0.20172185302840845, 0.0]}, 'small_block': {'pos': [0.6140097595303955, -0.3535133918987863, 0.1097032402875184], 'size': [0.04461973939918376, 0.0849493067344041, 0.09534921802665242]}}"
2.3849999999998484,0.41599960020890214,0.0,0.4,0.41393259311142105,-1.1710963528738976e-07,0.3999979846510126,"{'table_obstacle': {'pos': [0.3825981920028062, 0.37518922255766707, 0.1646257963690813], 'size': [0.049837904948193595, 0.0813235869879147, 0.05243307039854257]}, 'pillar_obstacle': {'pos': [0.39994824830915515, -0.3824307480766307, 0.23470116647765446], 'size': [0.033663755439403885, 0.20172185302840845, 0.0]}, 'small_block': {'pos': [0.6140097595303955, -0.3535133918987863, 0.1097032402875184], 'size': [0.04461973939918376, 0.0849493067344041, 0.09534921802665242]}}"
2.3859999999998482,0.41599960020890214,0.0,0.4,0.41396214501040896,-1.1870866545039132e-07,0.39999800928802337,"{'table_obstacle': {'pos': [0.3825981920028062, 0.37518922255766707, 0.1646257963690813], 'size': [0.049837904948193595, 0.0813235869879147, 0.05243307039854257]}, 'pillar_obstacle': {'pos': [0.39994824830915515, -0.3824307480766307, 0.23470116647765446], 'size': [0.033663755439403885, 0.20172185302840845, 0.0]}, 'small_block': {'pos': [0.6140097595303955, -0.3535133918987863, 0.1097032402875184], 'size': [0.04461973939918376, 0.0849493067344041, 0.09534921802665242]}}"
2.386999999999848,0.41599960020890214,0.0,0.4,0.4139912744897985,-1.2023826543651864e-07,0.3999980338032294,"{'table_obstacle': {'pos': [0.3825981920028062, 0.37518922255766707, 0.1646257963690813], 'size': [0.049837904948193595, 0.0813235869879147, 0.05243307039854257]}, 'pillar_obstacle': {'pos': [0.39994824830915515, -0.3824307480766307, 0.23470116647765446], 'size': [0.033663755439403885, 0.20172185302840845, 0.0]}, 'small_block': {'pos': [0.6140097595303955, -0.3535133918987863, 0.1097032402875184], 'size': [0.04461973939918376, 0.0849493067344041, 0.09534921802665242]}}"
2.387999999999848,0.4199995831149873,0.0,0.4,0.41401998758532077,-1.217000811338685e-07,0.399998058190186,"{'table_obstacle': {'pos': [0.3825981920028062, 0.37518922255766707, 0.1646257963690813], 'size': [0.049837904948193595, 0.0813235869879147, 0.05243307039854257]}, 'pillar_obstacle': {'pos': [0.39994824830915515, -0.3824307480766307, 0.23470116647765446], 'size': [0.033663755439403885, 0.20172185302840845, 0.0]}, 'small_block': {'pos': [0.6140097595303955, -0.3535133918987863, 0.1097032402875184], 'size': [0.04461973939918376, 0.0849493067344041, 0.09534921802665242]}}"
2.388999999999848,0.4199995831149873,0.0,0.4,0.41405918775937534,-1.0761295985582357e-07,0.39999803038681475,"{'table_obstacle': {'pos': [0.3825981920028062, 0.37518922255766707, 0.1646257963690813], 'size': [0.049837904948193595, 0.0813235869879147, 0.05243307039854257]}, 'pillar_obstacle': {'pos': [0.39994824830915515, -0.3824307480766307, 0.23470116647765446], 'size': [0.033663755439403885, 0.20172185302840845, 0.0]}, 'small_block': {'pos': [0.6140097595303955, -0.3535133918987863, 0.1097032402875184], 'size': [0.04461973939918376, 0.0849493067344041, 0.09534921802665242]}}"
2.389999999999848,0.4199995831149873,0.0,0.4,0.4141066477023982,-8.441888749526442e-08,0.39999796937605153,"{'table_obstacle': {'pos': [0.3825981920028062, 0.37518922255766707, 0.1646257963690813], 'size': [0.049837904948193595, 0.0813235869879147, 0.05243307039854257]}, 'pillar_obstacle': {'pos': [0.39994824830915515, -0.3824307480766307, 0.23470116647765446], 'size': [0.033663755439403885, 0.20172185302840845, 0.0]}, 'small_block': {'pos': [0.6140097595303955, -0.3535133918987863, 0.1097032402875184], 'size': [0.04461973939918376, 0.0849493067344041, 0.09534921802665242]}}"
2.3909999999998477,0.4199995831149873,0.0,0.4,0.4141605678779233,-5.663562622919246e-08,0.3999978886226302,"{'table_obstacle': {'pos': [0.3825981920028062, 0.37518922255766707, 0.1646257963690813], 'size': [0.049837904948193595, 0.0813235869879147, 0.05243307039854257]}, 'pillar_obstacle': {'pos': [0.39994824830915515, -0.3824307480766307, 0.23470116647765446], 'size': [0.033663755439403885, 0.20172185302840845, 0.0]}, 'small_block': {'pos': [0.6140097595303955, -0.3535133918987863, 0.1097032402875184], 'size': [0.04461973939918376, 0.0849493067344041, 0.09534921802665242]}}"
2.3919999999998476,0.4199995831149873,0.0,0.4,0.4142194949903023,-2.7361223615206625e-08,0.3999977975862242,"{'table_obstacle': {'pos': [0.3825981920028062, 0.37518922255766707, 0.1646257963690813], 'size': [0.049837904948193595, 0.0813235869879147, 0.05243307039854257]}, 'pillar_obstacle': {'pos': [0.39994824830915515, -0.3824307480766307, 0.23470116647765446], 'size': [0.033663755439403885, 0.20172185302840845, 0.0]}, 'small_block': {'pos': [0.6140097595303955, -0.3535133918987863, 0.1097032402875184], 'size': [0.04461973939918376, 0.0849493067344041, 0.09534921802665242]}}"
2.3929999999998475,0.4199995831149873,0.0,0.4,0.414282255966237,1.3449989276318015e-09,0.39999770282027997,"{'table_obstacle': {'pos': [0.3825981920028062, 0.37518922255766707, 0.1646257963690813], 'size': [0.049837904948193595, 0.0813235869879147, 0.05243307039854257]}, 'pillar_obstacle': {'pos': [0.39994824830915515, -0.3824307480766307, 0.23470116647765446], 'size': [0.033663755439403885, 0.20172185302840845, 0.0]}, 'small_block': {'pos': [0.6140097595303955, -0.3535133918987863, 0.1097032402875184], 'size': [0.04461973939918376, 0.0849493067344041, 0.09534921802665242]}}"
2.3939999999998474,0.4199995831149873,0.0,0.4,0.4143479045048008,2.8175944281575555e-08,0.3999976087732047,"{'table_obstacle': {'pos': [0.3825981920028062, 0.37518922255766707, 0.1646257963690813], 'size': [0.049837904948193595, 0.0813235869879147, 0.05243307039854257]}, 'pillar_obstacle': {'pos': [0.39994824830915515, -0.3824307480766307, 0.23470116647765446], 'size': [0.033663755439403885, 0.20172185302840845, 0.0]}, 'small_block': {'pos': [0.6140097595303955, -0.3535133918987863, 0.1097032402875184], 'size': [0.04461973939918376, 0.0849493067344041, 0.09534921802665242]}}"
2.3949999999998473,0.4199995831149873,0.0,0.4,0.4144156778074766,5.236234339542769e-08,0.3999975183743031,"{'table_obstacle': {'pos': [0.3825981920028062, 0.37518922255766707, 0.1646257963690813], 'size': [0.049837904948193595, 0.0813235869879147, 0.05243307039854257]}, 'pillar_obstacle': {'pos': [0.39994824830915515, -0.3824307480766307, 0.23470116647765446], 'size': [0.033663755439403885, 0.20172185302840845, 0.0]}, 'small_block': {'pos': [0.6140097595303955, -0.3535133918987863, 0.1097032402875184], 'size': [0.04461973939918376, 0.0849493067344041, 0.09534921802665242]}}"
2.395999999999847,0.4199995831149873,0.0,0.4,0.41448496155213715,7.351324262354599e-08,0.39999743346311156,"{'table_obstacle': {'pos': [0.3825981920028062, 0.37518922255766707, 0.1646257963690813], 'size': [0.049837904948193595, 0.0813235869879147, 0.05243307039854257]}, 'pillar_obstacle': {'pos': [0.39994824830915515, -0.3824307480766307, 0.23470116647765446], 'size': [0.033663755439403885, 0.20172185302840845, 0.0]}, 'small_block': {'pos': [0.6140097595303955, -0.3535133918987863, 0.1097032402875184], 'size': [0.04461973939918376, 0.0849493067344041, 0.09534921802665242]}}"
2.396999999999847,0.4199995831149873,0.0,0.4,0.41455526154212763,9.149813086580212e-08,0.39999735510419615,"{'table_obstacle': {'pos': [0.3825981920028062, 0.37518922255766707, 0.1646257963690813], 'size': [0.049837904948193595, 0.0813235869879147, 0.05243307039854257]}, 'pillar_obstacle': {'pos': [0.39994824830915515, -0.3824307480766307, 0.23470116647765446], 'size': [0.033663755439403885, 0.20172185302840845, 0.0]}, 'small_block': {'pos': [0.6140097595303955, -0.3535133918987863, 0.1097032402875184], 'size': [0.04461973939918376, 0.0849493067344041, 0.09534921802665242]}}"
2.397999999999847,0.4199995831149873,0.0,0.4,0.4146261807595402,1.0636054894198461e-07,0.3999972838178188,"{'table_obstacle': {'pos': [0.3825981920028062, 0.37518922255766707, 0.1646257963690813], 'size': [0.049837904948193595, 0.0813235869879147, 0.05243307039854257]}, 'pillar_obstacle': {'pos': [0.39994824830915515, -0.3824307480766307, 0.23470116647765446], 'size': [0.033663755439403885, 0.20172185302840845, 0.0]}, 'small_block': {'pos': [0.6140097595303955, -0.3535133918987863, 0.1097032402875184], 'size': [0.04461973939918376, 0.0849493067344041, 0.09534921802665242]}}"
2.398999999999847,0.4199995831149873,0.0,0.4,0.41469740079333517,1.1825539913341355e-07,0.3999972197485887,"{'table_obstacle': {'pos': [0.3825981920028062, 0.37518922255766707, 0.1646257963690813], 'size': [0.049837904948193595, 0.0813235869879147, 0.05243307039854257]}, 'pillar_obstacle': {'pos': [0.39994824830915515, -0.3824307480766307, 0.23470116647765446], 'size': [0.033663755439403885, 0.20172185302840845, 0.0]}, 'small_block': {'pos': [0.6140097595303955, -0.3535133918987863, 0.1097032402875184], 'size': [0.04461973939918376, 0.0849493067344041, 0.09534921802665242]}}"
2.3999999999998467,0.4199995831149873,0.0,0.4,0.414768666808773,1.2740401269299552e-07,0.3999971627882983,"{'table_obstacle': {'pos': [0.3825981920028062, 0.37518922255766707, 0.1646257963690813], 'size': [0.049837904948193595, 0.0813235869879147, 0.05243307039854257]}, 'pillar_obstacle': {'pos': [0.39994824830915515, -0.3824307480766307, 0.23470116647765446], 'size': [0.033663755439403885, 0.20172185302840845, 0.0]}, 'small_block': {'pos': [0.6140097595303955, -0.3535133918987863, 0.1097032402875184], 'size': [0.04461973939918376, 0.0849493067344041, 0.09534921802665242]}}"
2.4009999999998466,0.4199995831149873,0.0,0.4,0.41483977538325734,1.3406244416041115e-07,0.3999971126648606,"{'table_obstacle': {'pos': [0.3825981920028062, 0.37518922255766707, 0.1646257963690813], 'size': [0.049837904948193595, 0.0813235869879147, 0.05243307039854257]}, 'pillar_obstacle': {'pos': [0.39994824830915515, -0.3824307480766307, 0.23470116647765446], 'size': [0.033663755439403885, 0.20172185302840845, 0.0]}, 'small_block': {'pos': [0.6140097595303955, -0.3535133918987863, 0.1097032402875184], 'size': [0.04461973939918376, 0.0849493067344041, 0.09534921802665242]}}"
2.4019999999998465,0.4199995831149873,0.0,0.4,0.4149105646622163,1.3849955562883411e-07,0.39999706900617327,"{'table_obstacle': {'pos': [0.3825981920028062, 0.37518922255766707, 0.1646257963690813], 'size': [0.049837904948193595, 0.0813235869879147, 0.05243307039854257]}, 'pillar_obstacle': {'pos': [0.39994824830915515, -0.3824307480766307, 0.23470116647765446], 'size': [0.033663755439403885, 0.20172185302840845, 0.0]}, 'small_block': {'pos': [0.6140097595303955, -0.3535133918987863, 0.1097032402875184], 'size': [0.04461973939918376, 0.0849493067344041, 0.09534921802665242]}}"
2.4029999999998464,0.4199995831149873,0.0,0.4,0.41498090639271645,1.4098228840162803e-07,0.3999970313854501,"{'table_obstacle': {'pos': [0.3825981920028062, 0.37518922255766707, 0.1646257963690813], 'size': [0.049837904948193595, 0.0813235869879147, 0.05243307039854257]}, 'pillar_obstacle': {'pos': [0.39994824830915515, -0.3824307480766307, 0.23470116647765446], 'size': [0.033663755439403885, 0.20172185302840845, 0.0]}, 'small_block': {'pos': [0.6140097595303955, -0.3535133918987863, 0.1097032402875184], 'size': [0.04461973939918376, 0.0849493067344041, 0.09534921802665242]}}"
2.4039999999998463,0.4199995831149873,0.0,0.4,0.41505069947679357,1.4176615724406356e-07,0.399996999352892,"{'table_obstacle': {'pos': [0.3825981920028062, 0.37518922255766707, 0.1646257963690813], 'size': [0.049837904948193595, 0.0813235869879147, 0.05243307039854257]}, 'pillar_obstacle': {'pos': [0.39994824830915515, -0.3824307480766307, 0.23470116647765446], 'size': [0.033663755439403885, 0.20172185302840845, 0.0]}, 'small_block': {'pos': [0.6140097595303955, -0.3535133918987863, 0.1097032402875184], 'size': [0.04461973939918376, 0.0849493067344041, 0.09534921802665242]}}"
2.404999999999846,0.4199995831149873,0.0,0.4,0.4151198647547153,1.4108950139060886e-07,0.39999697245733157,"{'table_obstacle': {'pos': [0.3825981920028062, 0.37518922255766707, 0.1646257963690813], 'size': [0.049837904948193595, 0.0813235869879147, 0.05243307039854257]}, 'pillar_obstacle': {'pos': [0.39994824830915515, -0.3824307480766307, 0.23470116647765446], 'size': [0.033663755439403885, 0.20172185302840845, 0.0]}, 'small_block': {'pos': [0.6140097595303955, -0.3535133918987863, 0.1097032402875184], 'size': [0.04461973939918376, 0.0849493067344041, 0.09534921802665242]}}"
2.405999999999846,0.4199995831149873,0.0,0.4,0.4151883407836291,1.3917039021508735e-07,0.39999695026056226,"{'table_obstacle': {'pos': [0.3825981920028062, 0.37518922255766707, 0.1646257963690813], 'size': [0.049837904948193595, 0.0813235869879147, 0.05243307039854257]}, 'pillar_obstacle': {'pos': [0.39994824830915515, -0.3824307480766307, 0.23470116647765446], 'size': [0.033663755439403885, 0.20172185302840845, 0.0]}, 'small_block': {'pos': [0.6140097595303955, -0.3535133918987863, 0.1097032402875184], 'size': [0.04461973939918376, 0.0849493067344041, 0.09534921802665242]}}"
2.406999999999846,0.4199995831149873,0.0,0.4,0.4152560804217732,1.3620537276379388e-07,0.39999693234636496,"{'table_obstacle': {'pos': [0.3825981920028062, 0.37518922255766707, 0.1646257963690813], 'size': [0.049837904948193595, 0.0813235869879147, 0.05243307039854257]}, 'pillar_obstacle': {'pos': [0.39994824830915515, -0.3824307480766307, 0.23470116647765446], 'size': [0.033663755439403885, 0.20172185302840845, 0.0]}, 'small_block': {'pos': [0.6140097595303955, -0.3535133918987863, 0.1097032402875184], 'size': [0.04461973939918376, 0.0849493067344041, 0.09534921802665242]}}"
2.407999999999846,0.4199995831149873,0.0,0.4,0.41532304806461523,1.3236947481772218e-07,0.3999969183257453,"{'table_obstacle': {'pos': [0.3825981920028062, 0.37518922255766707, 0.1646257963690813], 'size': [0.049837904948193595, 0.0813235869879147, 0.05243307039854257]}, 'pillar_obstacle': {'pos': [0.39994824830915515, -0.3824307480766307, 0.23470116647765446], 'size': [0.033663755439403885, 0.20172185302840845, 0.0]}, 'small_block': {'pos': [0.6140097595303955, -0.3535133918987863, 0.1097032402875184], 'size': [0.04461973939918376, 0.0849493067344041, 0.09534921802665242]}}"
2.4089999999998457,0.4199995831149873,0.0,0.4,0.41538921740858387,1.2781700413745375e-07,0.3999969078394928,"{'table_obstacle': {'pos': [0.3825981920028062, 0.37518922255766707, 0.1646257963690813], 'size': [0.049837904948193595, 0.0813235869879147, 0.05243307039854257]}, 'pillar_obstacle': {'pos': [0.39994824830915515, -0.3824307480766307, 0.23470116647765446], 'size': [0.033663755439403885, 0.20172185302840845, 0.0]}, 'small_block': {'pos': [0.6140097595303955, -0.3535133918987863, 0.1097032402875184], 'size': [0.04461973939918376, 0.0849493067344041, 0.09534921802665242]}}"
2.4099999999998456,0.4199995831149873,0.0,0.4,0.41545456964176913,1.2268285410195287e-07,0.39999690055888704,"{'table_obstacle': {'pos': [0.3825981920028062, 0.37518922255766707, 0.1646257963690813], 'size': [0.049837904948193595, 0.0813235869879147, 0.05243307039854257]}, 'pillar_obstacle': {'pos': [0.39994824830915515, -0.3824307480766307, 0.23470116647765446], 'size': [0.033663755439403885, 0.20172185302840845, 0.0]}, 'small_block': {'pos': [0.6140097595303955, -0.3535133918987863, 0.1097032402875184], 'size': [0.04461973939918376, 0.0849493067344041, 0.09534921802665242]}}"
2.4109999999998455,0.4199995831149873,0.0,0.4,0.4155190919801564,1.1708408152325713e-07,0.3999968961851585,"{'table_obstacle': {'pos': [0.3825981920028062, 0.37518922255766707, 0.1646257963690813], 'size': [0.049837904948193595, 0.0813235869879147, 0.05243307039854257]}, 'pillar_obstacle': {'pos': [0.39994824830915515, -0.3824307480766307, 0.23470116647765446], 'size': [0.033663755439403885, 0.20172185302840845, 0.0]}, 'small_block': {'pos': [0.6140097595303955, -0.3535133918987863, 0.1097032402875184], 'size': [0.04461973939918376, 0.0849493067344041, 0.09534921802665242]}}"
2.4119999999998454,0.4199995831149873,0.0,0.4,0.41558277648348996,1.111216024372025e-07,0.3999968944481454,"{'table_obstacle': {'pos': [0.3825981920028062, 0.37518922255766707, 0.1646257963690813], 'size': [0.049837904948193595, 0.0813235869879147, 0.05243307039854257]}, 'pillar_obstacle': {'pos': [0.39994824830915515, -0.3824307480766307, 0.23470116647765446], 'size': [0.033663755439403885, 0.20172185302840845, 0.0]}, 'small_block': {'pos': [0.6140097595303955, -0.3535133918987863, 0.1097032402875184], 'size': [0.04461973939918376, 0.0849493067344041, 0.09534921802665242]}}"
2.4129999999998453,0.4199995831149873,0.0,0.4,0.4156456190974313,1.0488190419777708e-07,0.39999689510446546,"{'table_obstacle': {'pos': [0.3825981920028062, 0.37518922255766707, 0.1646257963690813], 'size': [0.049837904948193595, 0.0813235869879147, 0.05243307039854257]}, 'pillar_obstacle': {'pos': [0.39994824830915515, -0.3824307480766307, 0.23470116647765446], 'size': [0.033663755439403885, 0.20172185302840845, 0.0]}, 'small_block': {'pos': [0.6140097595303955, -0.3535133918987863, 0.1097032402875184], 'size': [0.04461973939918376, 0.0849493067344041, 0.09534921802665242]}}"
2.413999999999845,0.4199995831149873,0.0,0.4,0.41570761887885227,9.843870040862237e-08,0.3999968979354292,"{'table_obstacle': {'pos': [0.3825981920028062, 0.37518922255766707, 0.1646257963690813], 'size': [0.049837904948193595, 0.0813235869879147, 0.05243307039854257]}, 'pillar_obstacle': {'pos': [0.39994824830915515, -0.3824307480766307, 0.23470116647765446], 'size': [0.033663755439403885, 0.20172185302840845, 0.0]}, 'small_block': {'pos': [0.6140097595303955, -0.3535133918987863, 0.1097032402875184], 'size': [0.04461973939918376, 0.0849493067344041, 0.09534921802665242]}}"
2.414999999999845,0.4199995831149873,0.0,0.4,0.41576877736932566,9.185448948052728e-08,0.39999690274485444,"{'table_obstacle': {'pos': [0.3825981920028062, 0.37518922255766707, 0.1646257963690813], 'size': [0.049837904948193595, 0.0813235869879147, 0.05243307039854257]}, 'pillar_obstacle': {'pos': [0.39994824830915515, -0.3824307480766307, 0.23470116647765446], 'size': [0.033663755439403885, 0.20172185302840845, 0.0]}, 'small_block': {'pos': [0.6140097595303955, -0.3535133918987863, 0.1097032402875184], 'size': [0.04461973939918376, 0.0849493067344041, 0.09534921802665242]}}"
2.415999999999845,0.4199995831149873,0.0,0.4,0.4158290980885535,8.518199063119484e-08,0.3999969093568895,"{'table_obstacle': {'pos': [0.3825981920028062, 0.37518922255766707, 0.1646257963690813], 'size': [0.049837904948193595, 0.0813235869879147, 0.05243307039854257]}, 'pillar_obstacle': {'pos': [0.39994824830915515, -0.3824307480766307, 0.23470116647765446], 'size': [0.033663755439403885, 0.20172185302840845, 0.0]}, 'small_block': {'pos': [0.6140097595303955, -0.3535133918987863, 0.1097032402875184], 'size': [0.04461973939918376, 0.0849493067344041, 0.09534921802665242]}}"
2.416999999999845,0.4199995831149873,0.0,0.4,0.4158885861248487,7.846544629469918e-08,0.39999691761391587,"{'table_obstacle': {'pos': [0.3825981920028062, 0.37518922255766707, 0.1646257963690813], 'size': [0.049837904948193595, 0.0813235869879147, 0.05243307039854257]}, 'pillar_obstacle': {'pos': [0.39994824830915515, -0.3824307480766307, 0.23470116647765446], 'size': [0.033663755439403885, 0.20172185302840845, 0.0]}, 'small_block': {'pos': [0.6140097595303955, -0.3535133918987863, 0.1097032402875184], 'size': [0.04461973939918376, 0.0849493067344041, 0.09534921802665242]}}"
2.4179999999998447,0.4199995831149873,0.0,0.4,0.4159472478041578,7.174179027283612e-08,0.39999692737457637,"{'table_obstacle': {'pos': [0.3825981920028062, 0.37518922255766707, 0.1646257963690813], 'size': [0.049837904948193595, 0.0813235869879147, 0.05243307039854257]}, 'pillar_obstacle': {'pos': [0.39994824830915515, -0.3824307480766307, 0.23470116647765446], 'size': [0.033663755439403885, 0.20172185302840845, 0.0]}, 'small_block': {'pos': [0.6140097595303955, -0.3535133918987863, 0.1097032402875184], 'size': [0.04461973939918376, 0.0849493067344041, 0.09534921802665242]}}"
2.4189999999998446,0.4199995831149873,0.0,0.4,0.41600509042264394,6.504168271370608e-08,0.39999693851195117,"{'table_obstacle': {'pos': [0.3825981920028062, 0.37518922255766707, 0.1646257963690813], 'size': [0.049837904948193595, 0.0813235869879147, 0.05243307039854257]}, 'pillar_obstacle': {'pos': [0.39994824830915515, -0.3824307480766307, 0.23470116647765446], 'size': [0.033663755439403885, 0.20172185302840845, 0.0]}, 'small_block': {'pos': [0.6140097595303955, -0.3535133918987863, 0.1097032402875184], 'size': [0.04461973939918376, 0.0849493067344041, 0.09534921802665242]}}"
2.4199999999998445,0.4199995831149873,0.0,0.4,0.4160621220307012,5.8390421766139535e-08,0.39999695091189574,"{'table_obstacle': {'pos': [0.3825981920028062, 0.37518922255766707, 0.1646257963690813], 'size': [0.049837904948193595, 0.0813235869879147, 0.05243307039854257]}, 'pillar_obstacle': {'pos': [0.39994824830915515, -0.3824307480766307, 0.23470116647765446], 'size': [0.033663755439403885, 0.20172185302840845, 0.0]}, 'small_block': {'pos': [0.6140097595303955, -0.3535133918987863, 0.1097032402875184], 'size': [0.04461973939918376, 0.0849493067344041, 0.09534921802665242]}}"
2.4209999999998444,0.4199995831149873,0.0,0.4,0.41611835125858765,5.1808738816197706e-08,0.39999696447154015,"{'table_obstacle': {'pos': [0.3825981920028062, 0.37518922255766707, 0.1646257963690813], 'size': [0.049837904948193595, 0.0813235869879147, 0.05243307039854257]}, 'pillar_obstacle': {'pos': [0.39994824830915515, -0.3824307480766307, 0.23470116647765446], 'size': [0.033663755439403885, 0.20172185302840845, 0.0]}, 'small_block': {'pos': [0.6140097595303955, -0.3535133918987863, 0.1097032402875184], 'size': [0.04461973939918376, 0.0849493067344041, 0.09534921802665242]}}"
2.4219999999998443,0.4199995831149873,0.0,0.4,0.4161737871757373,4.531348951915109e-08,0.3999969790979488,"{'table_obstacle': {'pos': [0.3825981920028062, 0.37518922255766707, 0.1646257963690813], 'size': [0.049837904948193595, 0.0813235869879147, 0.05243307039854257]}, 'pillar_obstacle': {'pos': [0.39994824830915515, -0.3824307480766307, 0.23470116647765446], 'size': [0.033663755439403885, 0.20172185302840845, 0.0]}, 'small_block': {'pos': [0.6140097595303955, -0.3535133918987863, 0.1097032402875184], 'size': [0.04461973939918376, 0.0849493067344041, 0.09534921802665242]}}"
2.422999999999844,0.4199995831149873,0.0,0.4,0.41622843917731944,3.891825130449676e-08,0.39999699470692823,"{'table_obstacle': {'pos': [0.3825981920028062, 0.37518922255766707, 0.1646257963690813], 'size': [0.049837904948193595, 0.0813235869879147, 0.05243307039854257]}, 'pillar_obstacle': {'pos': [0.39994824830915515, -0.3824307480766307, 0.23470116647765446], 'size': [0.033663755439403885, 0.20172185302840845, 0.0]}, 'small_block': {'pos': [0.6140097595303955, -0.3535133918987863, 0.1097032402875184], 'size': [0.04461973939918376, 0.0849493067344041, 0.09534921802665242]}}"
2.423999999999844,0.4199995831149873,0.0,0.4,0.4162823168928509,3.263383646905532e-08,0.3999970112219746,"{'table_obstacle': {'pos': [0.3825981920028062, 0.37518922255766707, 0.1646257963690813], 'size': [0.049837904948193595, 0.0813235869879147, 0.05243307039854257]}, 'pillar_obstacle': {'pos': [0.39994824830915515, -0.3824307480766307, 0.23470116647765446], 'size': [0.033663755439403885, 0.20172185302840845, 0.0]}, 'small_block': {'pos': [0.6140097595303955, -0.3535133918987863, 0.1097032402875184], 'size': [0.04461973939918376, 0.0849493067344041, 0.09534921802665242]}}"
2.424999999999844,0.4199995831149873,0.0,0.4,0.41633543011264146,2.6468732276048866e-08,0.3999970285733508,"{'table_obstacle': {'pos': [0.3825981920028062, 0.37518922255766707, 0.1646257963690813], 'size': [0.049837904948193595, 0.0813235869879147, 0.05243307039854257]}, 'pillar_obstacle': {'pos': [0.39994824830915515, -0.3824307480766307, 0.23470116647765446], 'size': [0.033663755439403885, 0.20172185302840845, 0.0]}, 'small_block': {'pos': [0.6140097595303955, -0.3535133918987863, 0.1097032402875184], 'size': [0.04461973939918376, 0.0849493067344041, 0.09534921802665242]}}"
2.425999999999844,0.4199995831149873,0.0,0.4,0.41638778872867616,2.0429475705619314e-08,0.39999704669727465,"{'table_obstacle': {'pos': [0.3825981920028062, 0.37518922255766707, 0.1646257963690813], 'size': [0.049837904948193595, 0.0813235869879147, 0.05243307039854257]}, 'pillar_obstacle': {'pos': [0.39994824830915515, -0.3824307480766307, 0.23470116647765446], 'size': [0.033663755439403885, 0.20172185302840845, 0.0]}, 'small_block': {'pos': [0.6140097595303955, -0.3535133918987863, 0.1097032402875184], 'size': [0.04461973939918376, 0.0849493067344041, 0.09534921802665242]}}"
2.4269999999998437,0.4199995831149873,0.0,0.4,0.4164394026871686,1.4520973989041855e-08,0.3999970655352159,"{'table_obstacle': {'pos': [0.3825981920028062, 0.37518922255766707, 0.1646257963690813], 'size': [0.049837904948193595, 0.0813235869879147, 0.05243307039854257]}, 'pillar_obstacle': {'pos': [0.39994824830915515, -0.3824307480766307, 0.23470116647765446], 'size': [0.033663755439403885, 0.20172185302840845, 0.0]}, 'small_block': {'pos': [0.6140097595303955, -0.3535133918987863, 0.1097032402875184], 'size': [0.04461973939918376, 0.0849493067344041, 0.09534921802665242]}}"
2.4279999999998436,0.4199995831149873,0.0,0.4,0.41649028195056,8.74677426095876e-09,0.39999708503327913,"{'table_obstacle': {'pos': [0.3825981920028062, 0.37518922255766707, 0.1646257963690813], 'size': [0.049837904948193595, 0.0813235869879147, 0.05243307039854257]}, 'pillar_obstacle': {'pos': [0.39994824830915515, -0.3824307480766307, 0.23470116647765446], 'size': [0.033663755439403885, 0.20172185302840845, 0.0]}, 'small_block': {'pos': [0.6140097595303955, -0.3535133918987863, 0.1097032402875184], 'size': [0.04461973939918376, 0.0849493067344041, 0.09534921802665242]}}"
2.4289999999998435,0.4199995831149873,0.0,0.4,0.4165404364671541,3.1092939706304632e-09,0.3999971051416724,"{'table_obstacle': {'pos': [0.3825981920028062, 0.37518922255766707, 0.1646257963690813], 'size': [0.049837904948193595, 0.0813235869879147, 0.05243307039854257]}, 'pillar_obstacle': {'pos': [0.39994824830915515, -0.3824307480766307, 0.23470116647765446], 'size': [0.033663755439403885, 0.20172185302840845, 0.0]}, 'small_block': {'pos': [0.6140097595303955, -0.3535133918987863, 0.1097032402875184], 'size': [0.04461973939918376, 0.0849493067344041, 0.09534921802665242]}}"
2.4299999999998434,0.4199995831149873,0.0,0.4,0.41658987614692944,-2.3899855752273892e-09,0.3999971258142439,"{'table_obstacle': {'pos': [0.3825981920028062, 0.37518922255766707, 0.1646257963690813], 'size': [0.049837904948193595, 0.0813235869879147, 0.05243307039854257]}, 'pillar_obstacle': {'pos': [0.39994824830915515, -0.3824307480766307, 0.23470116647765446], 'size': [0.033663755439403885, 0.20172185302840845, 0.0]}, 'small_block': {'pos': [0.6140097595303955, -0.3535133918987863, 0.1097032402875184], 'size': [0.04461973939918376, 0.0849493067344041, 0.09534921802665242]}}"
2.4309999999998433,0.4199995831149873,0.0,0.4,0.4166386108423421,-7.750356837626032e-09,0.3999971470080806,"{'table_obstacle': {'pos': [0.3825981920028062, 0.37518922255766707, 0.1646257963690813], 'size': [0.049837904948193595, 0.0813235869879147, 0.05243307039854257]}, 'pillar_obstacle': {'pos': [0.39994824830915515, -0.3824307480766307, 0.23470116647765446], 'size': [0.033663755439403885, 0.20172185302840845, 0.0]}, 'small_block': {'pos': [0.6140097595303955, -0.3535133918987863, 0.1097032402875184], 'size': [0.04461973939918376, 0.0849493067344041, 0.09534921802665242]}}"
2.431999999999843,0.4199995831149873,0.0,0.4,0.41668665033316743,-1.297174815043736e-08,0.3999971686831631,"{'table_obstacle': {'pos': [0.3825981920028062, 0.37518922255766707, 0.1646257963690813], 'size': [0.049837904948193595, 0.0813235869879147, 0.05243307039854257]}, 'pillar_obstacle': {'pos': [0.39994824830915515, -0.3824307480766307, 0.23470116647765446], 'size': [0.033663755439403885, 0.20172185302840845, 0.0]}, 'small_block': {'pos': [0.6140097595303955, -0.3535133918987863, 0.1097032402875184], 'size': [0.04461973939918376, 0.0849493067344041, 0.09534921802665242]}}"
2.432999999999843,0.4199995831149873,0.0,0.4,0.416734004314601,-1.8054609140284673e-08,0.39999719080206514,"{'table_obstacle': {'pos': [0.3825981920028062, 0.37518922255766707, 0.1646257963690813], 'size': [0.049837904948193595, 0.0813235869879147, 0.05243307039854257]}, 'pillar_obstacle': {'pos': [0.39994824830915515, -0.3824307480766307, 0.23470116647765446], 'size': [0.033663755439403885, 0.20172185302840845, 0.0]}, 'small_block': {'pos': [0.6140097595303955, -0.3535133918987863, 0.1097032402875184], 'size': [0.04461973939918376, 0.0849493067344041, 0.09534921802665242]}}"
2.433999999999843,0.4199995831149873,0.0,0.4,0.41678068238799465,-2.2999814332023145e-08,0.3999972133296933,"{'table_obstacle': {'pos': [0.3825981920028062, 0.37518922255766707, 0.1646257963690813], 'size': [0.049837904948193595, 0.0813235869879147, 0.05243307039854257]}, 'pillar_obstacle': {'pos': [0.39994824830915515, -0.3824307480766307, 0.23470116647765446], 'size': [0.033663755439403885, 0.20172185302840845, 0.0]}, 'small_block': {'pos': [0.6140097595303955, -0.3535133918987863, 0.1097032402875184], 'size': [0.04461973939918376, 0.0849493067344041, 0.09534921802665242]}}"
2.434999999999843,0.4199995831149873,0.0,0.4,0.4168266940537184,-2.780858269358253e-08,0.3999972362330632,"{'table_obstacle': {'pos': [0.3825981920028062, 0.37518922255766707, 0.1646257963690813], 'size': [0.049837904948193595, 0.0813235869879147, 0.05243307039854257]}, 'pillar_obstacle': {'pos': [0.39994824830915515, -0.3824307480766307, 0.23470116647765446], 'size': [0.033663755439403885, 0.20172185302840845, 0.0]}, 'small_block': {'pos': [0.6140097595303955, -0.3535133918987863, 0.1097032402875184], 'size': [0.04461973939918376, 0.0849493067344041, 0.09534921802665242]}}"
2.4359999999998427,0.4199995831149873,0.0,0.4,0.4168720487057418,-3.2482410206593094e-08,0.3999972594811038,"{'table_obstacle': {'pos': [0.3825981920028062, 0.37518922255766707, 0.1646257963690813], 'size': [0.049837904948193595, 0.0813235869879147, 0.05243307039854257]}, 'pillar_obstacle': {'pos': [0.39994824830915515, -0.3824307480766307, 0.23470116647765446], 'size': [0.033663755439403885, 0.20172185302840845, 0.0]}, 'small_block': {'pos': [0.6140097595303955, -0.3535133918987863, 0.1097032402875184], 'size': [0.04461973939918376, 0.0849493067344041, 0.09534921802665242]}}"
2.4369999999998426,0.4199995831149873,0.0,0.4,0.4169167556275952,-3.702301444916524e-08,0.39999728304448784,"{'table_obstacle': {'pos': [0.3825981920028062, 0.37518922255766707, 0.1646257963690813], 'size': [0.049837904948193595, 0.0813235869879147, 0.05243307039854257]}, 'pillar_obstacle': {'pos': [0.39994824830915515, -0.3824307480766307, 0.23470116647765446], 'size': [0.033663755439403885, 0.20172185302840845, 0.0]}, 'small_block': {'pos': [0.6140097595303955, -0.3535133918987863, 0.1097032402875184], 'size': [0.04461973939918376, 0.0849493067344041, 0.09534921802665242]}}"
2.4379999999998425,0.4199995831149873,0.0,0.4,0.4169608239894499,-4.1432287499071765e-08,0.3999973068954864,"{'table_obstacle': {'pos': [0.3825981920028062, 0.37518922255766707, 0.1646257963690813], 'size': [0.049837904948193595, 0.0813235869879147, 0.05243307039854257]}, 'pillar_obstacle': {'pos': [0.39994824830915515, -0.3824307480766307, 0.23470116647765446], 'size': [0.033663755439403885, 0.20172185302840845, 0.0]}, 'small_block': {'pos': [0.6140097595303955, -0.3535133918987863, 0.1097032402875184], 'size': [0.04461973939918376, 0.0849493067344041, 0.09534921802665242]}}"
2.4389999999998424,0.4199995831149873,0.0,0.4,0.417004262846095,-4.5712257185172134e-08,0.39999733100783746,"{'table_obstacle': {'pos': [0.3825981920028062, 0.37518922255766707, 0.1646257963690813], 'size': [0.049837904948193595, 0.0813235869879147, 0.05243307039854257]}, 'pillar_obstacle': {'pos': [0.39994824830915515, -0.3824307480766307, 0.23470116647765446], 'size': [0.033663755439403885, 0.20172185302840845, 0.0]}, 'small_block': {'pos': [0.6140097595303955, -0.3535133918987863, 0.1097032402875184], 'size': [0.04461973939918376, 0.0849493067344041, 0.09534921802665242]}}"
2.4399999999998423,0.4199995831149873,0.0,0.4,0.41704708113563643,-4.986505622847558e-08,0.39999735535663605,"{'table_obstacle': {'pos': [0.3825981920028062, 0.37518922255766707, 0.1646257963690813], 'size': [0.049837904948193595, 0.0813235869879147, 0.05243307039854257]}, 'pillar_obstacle': {'pos': [0.39994824830915515, -0.3824307480766307, 0.23470116647765446], 'size': [0.033663755439403885, 0.20172185302840845, 0.0]}, 'small_block': {'pos': [0.6140097595303955, -0.3535133918987863, 0.1097032402875184], 'size': [0.04461973939918376, 0.0849493067344041, 0.09534921802665242]}}"
2.440999999999842,0.4199995831149873,0.0,0.4,0.417089287678775,-5.389289408581572e-08,0.3999973799182335,"{'table_obstacle': {'pos': [0.3825981920028062, 0.37518922255766707, 0.1646257963690813], 'size': [0.049837904948193595, 0.0813235869879147, 0.05243307039854257]}, 'pillar_obstacle': {'pos': [0.39994824830915515, -0.3824307480766307, 0.23470116647765446], 'size': [0.033663755439403885, 0.20172185302840845, 0.0]}, 'small_block': {'pos': [0.6140097595303955, -0.3535133918987863, 0.1097032402875184], 'size': [0.04461973939918376, 0.0849493067344041, 0.09534921802665242]}}"
2.441999999999842,0.4199995831149873,0.0,0.4,0.4171308911785496,-5.779803673813313e-08,0.3999974046701531,"{'table_obstacle': {'pos': [0.3825981920028062, 0.37518922255766707, 0.1646257963690813], 'size': [0.049837904948193595, 0.0813235869879147, 0.05243307039854257]}, 'pillar_obstacle': {'pos': [0.39994824830915515, -0.3824307480766307, 0.23470116647765446], 'size': [0.033663755439403885, 0.20172185302840845, 0.0]}, 'small_block': {'pos': [0.6140097595303955, -0.3535133918987863, 0.1097032402875184], 'size': [0.04461973939918376, 0.0849493067344041, 0.09534921802665242]}}"
2.442999999999842,0.4199995831149873,0.0,0.4,0.41717190022045164,-6.15827873796699e-08,0.3999974295910101,"{'table_obstacle': {'pos': [0.3825981920028062, 0.37518922255766707, 0.1646257963690813], 'size': [0.049837904948193595, 0.0813235869879147, 0.05243307039854257]}, 'pillar_obstacle': {'pos': [0.39994824830915515, -0.3824307480766307, 0.23470116647765446], 'size': [0.033663755439403885, 0.20172185302840845, 0.0]}, 'small_block': {'pos': [0.6140097595303955, -0.3535133918987863, 0.1097032402875184], 'size': [0.04461973939918376, 0.0849493067344041, 0.09534921802665242]}}"
2.443999999999842,0.4199995831149873,0.0,0.4,0.4172123232728352,-6.524947247126744e-08,0.39999745466044623,"{'table_obstacle': {'pos': [0.3825981920028062, 0.37518922255766707, 0.1646257963690813], 'size': [0.049837904948193595, 0.0813235869879147, 0.05243307039854257]}, 'pillar_obstacle': {'pos': [0.39994824830915515, -0.3824307480766307, 0.23470116647765446], 'size': [0.033663755439403885, 0.20172185302840845, 0.0]}, 'small_block': {'pos': [0.6140097595303955, -0.3535133918987863, 0.1097032402875184], 'size': [0.04461973939918376, 0.0849493067344041, 0.09534921802665242]}}"
2.4449999999998417,0.4199995831149873,0.0,0.4,0.41725216868756154,-6.880042917701049e-08,0.3999974798590673,"{'table_obstacle': {'pos': [0.3825981920028062, 0.37518922255766707, 0.1646257963690813], 'size': [0.049837904948193595, 0.0813235869879147, 0.05243307039854257]}, 'pillar_obstacle': {'pos': [0.39994824830915515, -0.3824307480766307, 0.23470116647765446], 'size': [0.033663755439403885, 0.20172185302840845, 0.0]}, 'small_block': {'pos': [0.6140097595303955, -0.3535133918987863, 0.1097032402875184], 'size': [0.04461973939918376, 0.0849493067344041, 0.09534921802665242]}}"
2.4459999999998416,0.4199995831149873,0.0,0.4,0.41729144470083146,-7.223799602113165e-08,0.3999975051683886,"{'table_obstacle': {'pos': [0.3825981920028062, 0.37518922255766707, 0.1646257963690813], 'size': [0.049837904948193595, 0.0813235869879147, 0.05243307039854257]}, 'pillar_obstacle': {'pos': [0.39994824830915515, -0.3824307480766307, 0.23470116647765446], 'size': [0.033663755439403885, 0.20172185302840845, 0.0]}, 'small_block': {'pos': [0.6140097595303955, -0.3535133918987863, 0.1097032402875184], 'size': [0.04461973939918376, 0.0849493067344041, 0.09534921802665242]}}"
2.4469999999998415,0.4199995831149873,0.0,0.4,0.4173301594341612,-7.556450396614109e-08,0.3999975305707867,"{'table_obstacle': {'pos': [0.3825981920028062, 0.37518922255766707, 0.1646257963690813], 'size': [0.049837904948193595, 0.0813235869879147, 0.05243307039854257]}, 'pillar_obstacle': {'pos': [0.39994824830915515, -0.3824307480766307, 0.23470116647765446], 'size': [0.033663755439403885, 0.20172185302840845, 0.0]}, 'small_block': {'pos': [0.6140097595303955, -0.3535133918987863, 0.1097032402875184], 'size': [0.04461973939918376, 0.0849493067344041, 0.09534921802665242]}}"
2.4479999999998414,0.4199995831149873,0.0,0.4,0.417368320895474,-7.878227097953795e-08,0.3999975560494533,"{'table_obstacle': {'pos': [0.3825981920028062, 0.37518922255766707, 0.1646257963690813], 'size': [0.049837904948193595, 0.0813235869879147, 0.05243307039854257]}, 'pillar_obstacle': {'pos': [0.39994824830915515, -0.3824307480766307, 0.23470116647765446], 'size': [0.033663755439403885, 0.20172185302840845, 0.0]}, 'small_block': {'pos': [0.6140097595303955, -0.3535133918987863, 0.1097032402875184], 'size': [0.04461973939918376, 0.0849493067344041, 0.09534921802665242]}}"
2.4489999999998413,0.4199995831149873,0.0,0.4,0.41740593698027895,-8.189359549136693e-08,0.3999975815883559,"{'table_obstacle': {'pos': [0.3825981920028062, 0.37518922255766707, 0.1646257963690813], 'size': [0.049837904948193595, 0.0813235869879147, 0.05243307039854257]}, 'pillar_obstacle': {'pos': [0.39994824830915515, -0.3824307480766307, 0.23470116647765446], 'size': [0.033663755439403885, 0.20172185302840845, 0.0]}, 'small_block': {'pos': [0.6140097595303955, -0.3535133918987863, 0.1097032402875184], 'size': [0.04461973939918376, 0.0849493067344041, 0.09534921802665242]}}"
2.449999999999841,0.4199995831149873,0.0,0.4,0.4174430154729167,-8.490075336990574e-08,0.3999976071722001,"{'table_obstacle': {'pos': [0.3825981920028062, 0.37518922255766707, 0.1646257963690813], 'size': [0.049837904948193595, 0.0813235869879147, 0.05243307039854257]}, 'pillar_obstacle': {'pos': [0.39994824830915515, -0.3824307480766307, 0.23470116647765446], 'size': [0.033663755439403885, 0.20172185302840845, 0.0]}, 'small_block': {'pos': [0.6140097595303955, -0.3535133918987863, 0.1097032402875184], 'size': [0.04461973939918376, 0.0849493067344041, 0.09534921802665242]}}"
2.450999999999841,0.4199995831149873,0.0,0.4,0.41747956404785547,-8.780599421304765e-08,0.3999976327863959,"{'table_obstacle': {'pos': [0.3825981920028062, 0.37518922255766707, 0.1646257963690813], 'size': [0.049837904948193595, 0.0813235869879147, 0.05243307039854257]}, 'pillar_obstacle': {'pos': [0.39994824830915515, -0.3824307480766307, 0.23470116647765446], 'size': [0.033663755439403885, 0.20172185302840845, 0.0]}, 'small_block': {'pos': [0.6140097595303955, -0.3535133918987863, 0.1097032402875184], 'size': [0.04461973939918376, 0.0849493067344041, 0.09534921802665242]}}"
2.451999999999841,0.4199995831149873,0.0,0.4,0.41751559027102275,-9.061153824488866e-08,0.3999976584170252,"{'table_obstacle': {'pos': [0.3825981920028062, 0.37518922255766707, 0.1646257963690813], 'size': [0.049837904948193595, 0.0813235869879147, 0.05243307039854257]}, 'pillar_obstacle': {'pos': [0.39994824830915515, -0.3824307480766307, 0.23470116647765446], 'size': [0.033663755439403885, 0.20172185302840845, 0.0]}, 'small_block': {'pos': [0.6140097595303955, -0.3535133918987863, 0.1097032402875184], 'size': [0.04461973939918376, 0.0849493067344041, 0.09534921802665242]}}"
2.452999999999841,0.4199995831149873,0.0,0.4,0.4175511016011644,-9.331957494852352e-08,0.3999976840508138,"{'table_obstacle': {'pos': [0.3825981920028062, 0.37518922255766707, 0.1646257963690813], 'size': [0.049837904948193595, 0.0813235869879147, 0.05243307039854257]}, 'pillar_obstacle': {'pos': [0.39994824830915515, -0.3824307480766307, 0.23470116647765446], 'size': [0.033663755439403885, 0.20172185302840845, 0.0]}, 'small_block': {'pos': [0.6140097595303955, -0.3535133918987863, 0.1097032402875184], 'size': [0.04461973939918376, 0.0849493067344041, 0.09534921802665242]}}"
2.4539999999998408,0.4199995831149873,0.0,0.4,0.4175861053912175,-9.59322611003882e-08,0.39999770967510273,"{'table_obstacle': {'pos': [0.3825981920028062, 0.37518922255766707, 0.1646257963690813], 'size': [0.049837904948193595, 0.0813235869879147, 0.05243307039854257]}, 'pillar_obstacle': {'pos': [0.39994824830915515, -0.3824307480766307, 0.23470116647765446], 'size': [0.033663755439403885, 0.20172185302840845, 0.0]}, 'small_block': {'pos': [0.6140097595303955, -0.3535133918987863, 0.1097032402875184], 'size': [0.04461973939918376, 0.0849493067344041, 0.09534921802665242]}}"
2.4549999999998406,0.4199995831149873,0.0,0.4,0.41762060888969665,-9.845171978028437e-08,0.3999977352778236,"{'table_obstacle': {'pos': [0.3825981920028062, 0.37518922255766707, 0.1646257963690813], 'size': [0.049837904948193595, 0.0813235869879147, 0.05243307039854257]}, 'pillar_obstacle': {'pos': [0.39994824830915515, -0.3824307480766307, 0.23470116647765446], 'size': [0.033663755439403885, 0.20172185302840845, 0.0]}, 'small_block': {'pos': [0.6140097595303955, -0.3535133918987863, 0.1097032402875184], 'size': [0.04461973939918376, 0.0849493067344041, 0.09534921802665242]}}"
2.4559999999998405,0.4199995831149873,0.0,0.4,0.4176546192420787,-1.0088003933061113e-07,0.3999977608474743,"{'table_obstacle': {'pos': [0.3825981920028062, 0.37518922255766707, 0.1646257963690813], 'size': [0.049837904948193595, 0.0813235869879147, 0.05243307039854257]}, 'pillar_obstacle': {'pos': [0.39994824830915515, -0.3824307480766307, 0.23470116647765446], 'size': [0.033663755439403885, 0.20172185302840845, 0.0]}, 'small_block': {'pos': [0.6140097595303955, -0.3535133918987863, 0.1097032402875184], 'size': [0.04461973939918376, 0.0849493067344041, 0.09534921802665242]}}"
2.4569999999998404,0.4199995831149873,0.0,0.4,0.41768814349219324,-1.032192730503589e-07,0.39999778637309646,"{'table_obstacle': {'pos': [0.3825981920028062, 0.37518922255766707, 0.1646257963690813], 'size': [0.049837904948193595, 0.0813235869879147, 0.05243307039854257]}, 'pillar_obstacle': {'pos': [0.39994824830915515, -0.3824307480766307, 0.23470116647765446], 'size': [0.033663755439403885, 0.20172185302840845, 0.0]}, 'small_block': {'pos': [0.6140097595303955, -0.3535133918987863, 0.1097032402875184], 'size': [0.04461973939918376, 0.0849493067344041, 0.09534921802665242]}}"
2.4579999999998403,0.4199995831149873,0.0,0.4,0.41772118858360335,-1.0547143880179012e-07,0.399997811844254,"{'table_obstacle': {'pos': [0.3825981920028062, 0.37518922255766707, 0.1646257963690813], 'size': [0.049837904948193595, 0.0813235869879147, 0.05243307039854257]}, 'pillar_obstacle': {'pos': [0.39994824830915515, -0.3824307480766307, 0.23470116647765446], 'size': [0.033663755439403885, 0.20172185302840845, 0.0]}, 'small_block': {'pos': [0.6140097595303955, -0.3535133918987863, 0.1097032402875184], 'size': [0.04461973939918376, 0.0849493067344041, 0.09534921802665242]}}"
2.45899999999984,0.4199995831149873,0.0,0.4,0.41775376136098197,-1.0763851870899291e-07,0.39999783725101284,"{'table_obstacle': {'pos': [0.3825981920028062, 0.37518922255766707, 0.1646257963690813], 'size': [0.049837904948193595, 0.0813235869879147, 0.05243307039854257]}, 'pillar_obstacle': {'pos': [0.39994824830915515, -0.3824307480766307, 0.23470116647765446], 'size': [0.033663755439403885, 0.20172185302840845, 0.0]}, 'small_block': {'pos': [0.6140097595303955, -0.3535133918987863, 0.1097032402875184], 'size': [0.04461973939918376, 0.0849493067344041, 0.09534921802665242]}}"
2.45999999999984,0.4199995831149873,0.0,0.4,0.41778586857147926,-1.0972245928199096e-07,0.3999978625839208,"{'table_obstacle': {'pos': [0.3825981920028062, 0.37518922255766707, 0.1646257963690813], 'size': [0.049837904948193595, 0.0813235869879147, 0.05243307039854257]}, 'pillar_obstacle': {'pos': [0.39994824830915515, -0.3824307480766307, 0.23470116647765446], 'size': [0.033663755439403885, 0.20172185302840845, 0.0]}, 'small_block': {'pos': [0.6140097595303955, -0.3535133918987863, 0.1097032402875184], 'size': [0.04461973939918376, 0.0849493067344041, 0.09534921802665242]}}"
2.46099999999984,0.4199995831149873,0.0,0.4,0.417817516866077,-1.117251715824048e-07,0.39999788783399043,"{'table_obstacle': {'pos': [0.3825981920028062, 0.37518922255766707, 0.1646257963690813], 'size': [0.049837904948193595, 0.0813235869879147, 0.05243307039854257]}, 'pillar_obstacle': {'pos': [0.39994824830915515, -0.3824307480766307, 0.23470116647765446], 'size': [0.033663755439403885, 0.20172185302840845, 0.0]}, 'small_block': {'pos': [0.6140097595303955, -0.3535133918987863, 0.1097032402875184], 'size': [0.04461973939918376, 0.0849493067344041, 0.09534921802665242]}}"
2.46199999999984,0.4199995831149873,0.0,0.4,0.4178487128009301,-1.1364853135172281e-07,0.39999791299268117,"{'table_obstacle': {'pos': [0.3825981920028062, 0.37518922255766707, 0.1646257963690813], 'size': [0.049837904948193595, 0.0813235869879147, 0.05243307039854257]}, 'pillar_obstacle': {'pos': [0.39994824830915515, -0.3824307480766307, 0.23470116647765446], 'size': [0.033663755439403885, 0.20172185302840845, 0.0]}, 'small_block': {'pos': [0.6140097595303955, -0.3535133918987863, 0.1097032402875184], 'size': [0.04461973939918376, 0.0849493067344041, 0.09534921802665242]}}"
2.4629999999998398,0.4199995831149873,0.0,0.4,0.4178794628386975,-1.1549437841135121e-07,0.39999793805188166,"{'table_obstacle': {'pos': [0.3825981920028062, 0.37518922255766707, 0.1646257963690813], 'size': [0.049837904948193595, 0.0813235869879147, 0.05243307039854257]}, 'pillar_obstacle': {'pos': [0.39994824830915515, -0.3824307480766307, 0.23470116647765446], 'size': [0.033663755439403885, 0.20172185302840845, 0.0]}, 'small_block': {'pos': [0.6140097595303955, -0.3535133918987863, 0.1097032402875184], 'size': [0.04461973939918376, 0.0849493067344041, 0.09534921802665242]}}"
2.4639999999998397,0.4199995831149873,0.0,0.4,0.4179097733498547,-1.1726451887644647e-07,0.39999796300389495,"{'table_obstacle': {'pos': [0.3825981920028062, 0.37518922255766707, 0.1646257963690813], 'size': [0.049837904948193595, 0.0813235869879147, 0.05243307039854257]}, 'pillar_obstacle': {'pos': [0.39994824830915515, -0.3824307480766307, 0.23470116647765446], 'size': [0.033663755439403885, 0.20172185302840845, 0.0]}, 'small_block': {'pos': [0.6140097595303955, -0.3535133918987863, 0.1097032402875184], 'size': [0.04461973939918376, 0.0849493067344041, 0.09534921802665242]}}"
2.4649999999998395,0.4199995831149873,0.0,0.4,0.4179396506139937,-1.1896072387496095e-07,0.3999979878414215,"{'table_obstacle': {'pos': [0.3825981920028062, 0.37518922255766707, 0.1646257963690813], 'size': [0.049837904948193595, 0.0813235869879147, 0.05243307039854257]}, 'pillar_obstacle': {'pos': [0.39994824830915515, -0.3824307480766307, 0.23470116647765446], 'size': [0.033663755439403885, 0.20172185302840845, 0.0]}, 'small_block': {'pos': [0.6140097595303955, -0.3535133918987863, 0.1097032402875184], 'size': [0.04461973939918376, 0.0849493067344041, 0.09534921802665242]}}"
2.4659999999998394,0.4199995831149873,0.0,0.4,0.4179691008211061,-1.2058473084286466e-07,0.39999801255754563,"{'table_obstacle': {'pos': [0.3825981920028062, 0.37518922255766707, 0.1646257963690813], 'size': [0.049837904948193595, 0.0813235869879147, 0.05243307039854257]}, 'pillar_obstacle': {'pos': [0.39994824830915515, -0.3824307480766307, 0.23470116647765446], 'size': [0.033663755439403885, 0.20172185302840845, 0.0]}, 'small_block': {'pos': [0.6140097595303955, -0.3535133918987863, 0.1097032402875184], 'size': [0.04461973939918376, 0.0849493067344041, 0.09534921802665242]}}"
2.4669999999998393,0.4239995657237901,0.0,0.4,0.4179981300728511,-1.2213824356080044e-07,0.3999980371457208,"{'table_obstacle': {'pos': [0.3825981920028062, 0.37518922255766707, 0.1646257963690813], 'size': [0.049837904948193595, 0.0813235869879147, 0.05243307039854257]}, 'pillar_obstacle': {'pos': [0.39994824830915515, -0.3824307480766307, 0.23470116647765446], 'size': [0.033663755439403885, 0.20172185302840845, 0.0]}, 'small_block': {'pos': [0.6140097595303955, -0.3535133918987863, 0.1097032402875184], 'size': [0.04461973939918376, 0.0849493067344041, 0.09534921802665242]}}"
2.467999999999839,0.4239995657237901,0.0,0.4,0.41803763991444715,-1.0786002025180276e-07,0.3999980078388775,"{'table_obstacle': {'pos': [0.3825981920028062, 0.37518922255766707, 0.1646257963690813], 'size': [0.049837904948193595, 0.0813235869879147, 0.05243307039854257]}, 'pillar_obstacle': {'pos': [0.39994824830915515, -0.3824307480766307, 0.23470116647765446], 'size': [0.033663755439403885, 0.20172185302840845, 0.0]}, 'small_block': {'pos': [0.6140097595303955, -0.3535133918987863, 0.1097032402875184], 'size': [0.04461973939918376, 0.0849493067344041, 0.09534921802665242]}}"
2.468999999999839,0.4239995657237901,0.0,0.4,0.4180854038121831,-8.4305640541898e-08,0.3999979442973027,"{'table_obstacle': {'pos': [0.3825981920028062, 0.37518922255766707, 0.1646257963690813], 'size': [0.049837904948193595, 0.0813235869879147, 0.05243307039854257]}, 'pillar_obstacle': {'pos': [0.39994824830915515, -0.3824307480766307, 0.23470116647765446], 'size': [0.033663755439403885, 0.20172185302840845, 0.0]}, 'small_block': {'pos': [0.6140097595303955, -0.3535133918987863, 0.1097032402875184], 'size': [0.04461973939918376, 0.0849493067344041, 0.09534921802665242]}}"
2.469999999999839,0.4239995657237901,0.0,0.4,0.41813962280332273,-5.6073432468448005e-08,0.39999786046971997,"{'table_obstacle': {'pos': [0.3825981920028062, 0.37518922255766707, 0.1646257963690813], 'size': [0.049837904948193595, 0.0813235869879147, 0.05243307039854257]}, 'pillar_obstacle': {'pos': [0.39994824830915515, -0.3824307480766307, 0.23470116647765446], 'size': [0.033663755439403885, 0.20172185302840845, 0.0]}, 'small_block': {'pos': [0.6140097595303955, -0.3535133918987863, 0.1097032402875184], 'size': [0.04461973939918376, 0.0849493067344041, 0.09534921802665242]}}"
2.470999999999839,0.4239995657237901,0.0,0.4,0.4181988440164322,-2.6317409889679426e-08,0.3999977661541672,"{'table_obstacle': {'pos': [0.3825981920028062, 0.37518922255766707, 0.1646257963690813], 'size': [0.049837904948193595, 0.0813235869879147, 0.05243307039854257]}, 'pillar_obstacle': {'pos': [0.39994824830915515, -0.3824307480766307, 0.23470116647765446], 'size': [0.033663755439403885, 0.20172185302840845, 0.0]}, 'small_block': {'pos': [0.6140097595303955, -0.3535133918987863, 0.1097032402875184], 'size': [0.04461973939918376, 0.0849493067344041, 0.09534921802665242]}}"
2.4719999999998388,0.4239995657237901,0.0,0.4,0.4182618946921044,2.8653205379582987e-09,0.3999976681338793,"{'table_obstacle': {'pos': [0.3825981920028062, 0.37518922255766707, 0.1646257963690813], 'size': [0.049837904948193595, 0.0813235869879147, 0.05243307039854257]}, 'pillar_obstacle': {'pos': [0.39994824830915515, -0.3824307480766307, 0.23470116647765446], 'size': [0.033663755439403885, 0.20172185302840845, 0.0]}, 'small_block': {'pos': [0.6140097595303955, -0.3535133918987863, 0.1097032402875184], 'size': [0.04461973939918376, 0.0849493067344041, 0.09534921802665242]}}"
2.4729999999998387,0.4239995657237901,0.0,0.4,0.41832782876219826,3.0143187385802276e-08,0.39999757100700695,"{'table_obstacle': {'pos': [0.3825981920028062, 0.37518922255766707, 0.1646257963690813], 'size': [0.049837904948193595, 0.0813235869879147, 0.05243307039854257]}, 'pillar_obstacle': {'pos': [0.39994824830915515, -0.3824307480766307, 0.23470116647765446], 'size': [0.033663755439403885, 0.20172185302840845, 0.0]}, 'small_block': {'pos': [0.6140097595303955, -0.3535133918987863, 0.1097032402875184], 'size': [0.04461973939918376, 0.0849493067344041, 0.09534921802665242]}}"
2.4739999999998386,0.4239995657237901,0.0,0.4,0.4183958836016619,5.473207778011947e-08,0.39999747779436184,"{'table_obstacle': {'pos': [0.3825981920028062, 0.37518922255766707, 0.1646257963690813], 'size': [0.049837904948193595, 0.0813235869879147, 0.05243307039854257]}, 'pillar_obstacle': {'pos': [0.39994824830915515, -0.3824307480766307, 0.23470116647765446], 'size': [0.033663755439403885, 0.20172185302840845, 0.0]}, 'small_block': {'pos': [0.6140097595303955, -0.3535133918987863, 0.1097032402875184], 'size': [0.04461973939918376, 0.0849493067344041, 0.09534921802665242]}}"
2.4749999999998384,0.4239995657237901,0.0,0.4,0.4184654450187375,7.623306010060205e-08,0.39999739038528576,"{'table_obstacle': {'pos': [0.3825981920028062, 0.37518922255766707, 0.1646257963690813], 'size': [0.049837904948193595, 0.0813235869879147, 0.05243307039854257]}, 'pillar_obstacle': {'pos': [0.39994824830915515, -0.3824307480766307, 0.23470116647765446], 'size': [0.033663755439403885, 0.20172185302840845, 0.0]}, 'small_block': {'pos': [0.6140097595303955, -0.3535133918987863, 0.1097032402875184], 'size': [0.04461973939918376, 0.0849493067344041, 0.09534921802665242]}}"
2.4759999999998383,0.4239995657237901,0.0,0.4,0.4185360189161041,9.451244616603962e-08,0.3999973098648836,"{'table_obstacle': {'pos': [0.3825981920028062, 0.37518922255766707, 0.1646257963690813], 'size': [0.049837904948193595, 0.0813235869879147, 0.05243307039854257]}, 'pillar_obstacle': {'pos': [0.39994824830915515, -0.3824307480766307, 0.23470116647765446], 'size': [0.033663755439403885, 0.20172185302840845, 0.0]}, 'small_block': {'pos': [0.6140097595303955, -0.3535133918987863, 0.1097032402875184], 'size': [0.04461973939918376, 0.0849493067344041, 0.09534921802665242]}}"
2.476999999999838,0.4239995657237901,0.0,0.4,0.41860720835308524,1.0961387032987745e-07,0.39999723675395754,"{'table_obstacle': {'pos': [0.3825981920028062, 0.37518922255766707, 0.1646257963690813], 'size': [0.049837904948193595, 0.0813235869879147, 0.05243307039854257]}, 'pillar_obstacle': {'pos': [0.39994824830915515, -0.3824307480766307, 0.23470116647765446], 'size': [0.033663755439403885, 0.20172185302840845, 0.0]}, 'small_block': {'pos': [0.6140097595303955, -0.3535133918987863, 0.1097032402875184], 'size': [0.04461973939918376, 0.0849493067344041, 0.09534921802665242]}}"
2.477999999999838,0.4239995657237901,0.0,0.4,0.4186786949803635,1.2169447512067253e-07,0.3999971711844919,"{'table_obstacle': {'pos': [0.3825981920028062, 0.37518922255766707, 0.1646257963690813], 'size': [0.049837904948193595, 0.0813235869879147, 0.05243307039854257]}, 'pillar_obstacle': {'pos': [0.39994824830915515, -0.3824307480766307, 0.23470116647765446], 'size': [0.033663755439403885, 0.20172185302840845, 0.0]}, 'small_block': {'pos': [0.6140097595303955, -0.3535133918987863, 0.1097032402875184], 'size': [0.04461973939918376, 0.0849493067344041, 0.09534921802665242]}}"
2.478999999999838,0.4239995657237901,0.0,0.4,0.41875022401424356,1.3097916139137253e-07,0.3999971130274662,"{'table_obstacle': {'pos': [0.3825981920028062, 0.37518922255766707, 0.1646257963690813], 'size': [0.049837904948193595, 0.0813235869879147, 0.05243307039854257]}, 'pillar_obstacle': {'pos': [0.39994824830915515, -0.3824307480766307, 0.23470116647765446], 'size': [0.033663755439403885, 0.20172185302840845, 0.0]}, 'small_block': {'pos': [0.6140097595303955, -0.3535133918987863, 0.1097032402875184], 'size': [0.04461973939918376, 0.0849493067344041, 0.09534921802665242]}}"
2.479999999999838,0.4239995657237901,0.0,0.4,0.4188215920760137,1.377282986102486e-07,0.3999970619853693,"{'table_obstacle': {'pos': [0.3825981920028062, 0.37518922255766707, 0.1646257963690813], 'size': [0.049837904948193595, 0.0813235869879147, 0.05243307039854257]}, 'pillar_obstacle': {'pos': [0.39994824830915515, -0.3824307480766307, 0.23470116647765446], 'size': [0.033663755439403885, 0.20172185302840845, 0.0]}, 'small_block': {'pos': [0.6140097595303955, -0.3535133918987863, 0.1097032402875184], 'size': [0.04461973939918376, 0.0849493067344041, 0.09534921802665242]}}"
2.480999999999838,0.4239995657237901,0.0,0.4,0.4188926373503595,1.422153971666047e-07,0.39999701765857965,"{'table_obstacle': {'pos': [0.3825981920028062, 0.37518922255766707, 0.1646257963690813], 'size': [0.049837904948193595, 0.0813235869879147, 0.05243307039854257]}, 'pillar_obstacle': {'pos': [0.39994824830915515, -0.3824307480766307, 0.23470116647765446], 'size': [0.033663755439403885, 0.20172185302840845, 0.0]}, 'small_block': {'pos': [0.6140097595303955, -0.3535133918987863, 0.1097032402875184], 'size': [0.04461973939918376, 0.0849493067344041, 0.09534921802665242]}}"
2.4819999999998377,0.4239995657237901,0.0,0.4,0.4189632316207798,1.4471209562576802e-07,0.39999697959242986,"{'table_obstacle': {'pos': [0.3825981920028062, 0.37518922255766707, 0.1646257963690813], 'size': [0.049837904948193595, 0.0813235869879147, 0.05243307039854257]}, 'pillar_obstacle': {'pos': [0.39994824830915515, -0.3824307480766307, 0.23470116647765446], 'size': [0.033663755439403885, 0.20172185302840845, 0.0]}, 'small_block': {'pos': [0.6140097595303955, -0.3535133918987863, 0.1097032402875184], 'size': [0.04461973939918376, 0.0849493067344041, 0.09534921802665242]}}"
2.4829999999998376,0.4239995657237901,0.0,0.4,0.4190332738241781,1.4547846951275643e-07,0.399996947310028,"{'table_obstacle': {'pos': [0.3825981920028062, 0.37518922255766707, 0.1646257963690813], 'size': [0.049837904948193595, 0.0813235869879147, 0.05243307039854257]}, 'pillar_obstacle': {'pos': [0.39994824830915515, -0.3824307480766307, 0.23470116647765446], 'size': [0.033663755439403885, 0.20172185302840845, 0.0]}, 'small_block': {'pos': [0.6140097595303955, -0.3535133918987863, 0.1097032402875184], 'size': [0.04461973939918376, 0.0849493067344041, 0.09534921802665242]}}"
2.4839999999998374,0.4239995657237901,0.0,0.4,0.419102684834983,1.4475716067376985e-07,0.3999969203346313,"{'table_obstacle': {'pos': [0.3825981920028062, 0.37518922255766707, 0.1646257963690813], 'size': [0.049837904948193595, 0.0813235869879147, 0.05243307039854257]}, 'pillar_obstacle': {'pos': [0.39994824830915515, -0.3824307480766307, 0.23470116647765446], 'size': [0.033663755439403885, 0.20172185302840845, 0.0]}, 'small_block': {'pos': [0.6140097595303955, -0.3535133918987863, 0.1097032402875184], 'size': [0.04461973939918376, 0.0849493067344041, 0.09534921802665242]}}"
2.4849999999998373,0.4239995657237901,0.0,0.4,0.4191714032443669,1.4277021562811473e-07,0.3999968982043955,"{'table_obstacle': {'pos': [0.3825981920028062, 0.37518922255766707, 0.1646257963690813], 'size': [0.049837904948193595, 0.0813235869879147, 0.05243307039854257]}, 'pillar_obstacle': {'pos': [0.39994824830915515, -0.3824307480766307, 0.23470116647765446], 'size': [0.033663755439403885, 0.20172185302840845, 0.0]}, 'small_block': {'pos': [0.6140097595303955, -0.3535133918987863, 0.1097032402875184], 'size': [0.04461973939918376, 0.0849493067344041, 0.09534921802665242]}}"
2.4859999999998372,0.4239995657237901,0.0,0.4,0.41923938194481153,1.3971780136497173e-07,0.3999968804816101,"{'table_obstacle': {'pos': [0.3825981920028062, 0.37518922255766707, 0.1646257963690813], 'size': [0.049837904948193595, 0.0813235869879147, 0.05243307039854257]}, 'pillar_obstacle': {'pos': [0.39994824830915515, -0.3824307480766307, 0.23470116647765446], 'size': [0.033663755439403885, 0.20172185302840845, 0.0]}, 'small_block': {'pos': [0.6140097595303955, -0.3535133918987863, 0.1097032402875184], 'size': [0.04461973939918376, 0.0849493067344041, 0.09534921802665242]}}"
2.486999999999837,0.4239995657237901,0.0,0.4,0.4193065853664532,1.3577819130021372e-07,0.3999968667579935,"{'table_obstacle': {'pos': [0.3825981920028062, 0.37518922255766707, 0.1646257963690813], 'size': [0.049837904948193595, 0.0813235869879147, 0.05243307039854257]}, 'pillar_obstacle': {'pos': [0.39994824830915515, -0.3824307480766307, 0.23470116647765446], 'size': [0.033663755439403885, 0.20172185302840845, 0.0]}, 'small_block': {'pos': [0.6140097595303955, -0.3535133918987863, 0.1097032402875184], 'size': [0.04461973939918376, 0.0849493067344041, 0.09534921802665242]}}"
2.487999999999837,0.4239995657237901,0.0,0.4,0.4193729872409141,1.311085794487869e-07,0.3999968566572085,"{'table_obstacle': {'pos': [0.3825981920028062, 0.37518922255766707, 0.1646257963690813], 'size': [0.049837904948193595, 0.0813235869879147, 0.05243307039854257]}, 'pillar_obstacle': {'pos': [0.39994824830915515, -0.3824307480766307, 0.23470116647765446], 'size': [0.033663755439403885, 0.20172185302840845, 0.0]}, 'small_block': {'pos': [0.6140097595303955, -0.3535133918987863, 0.1097032402875184], 'size': [0.04461973939918376, 0.0849493067344041, 0.09534921802665242]}}"
2.488999999999837,0.4239995657237901,0.0,0.4,0.41943856879202873,1.2584640075468097e-07,0.3999968498354621,"{'table_obstacle': {'pos': [0.3825981920028062, 0.37518922255766707, 0.1646257963690813], 'size': [0.049837904948193595, 0.0813235869879147, 0.05243307039854257]}, 'pillar_obstacle': {'pos': [0.39994824830915515, -0.3824307480766307, 0.23470116647765446], 'size': [0.033663755439403885, 0.20172185302840845, 0.0]}, 'small_block': {'pos': [0.6140097595303955, -0.3535133918987863, 0.1097032402875184], 'size': [0.04461973939918376, 0.0849493067344041, 0.09534921802665242]}}"
2.489999999999837,0.4239995657237901,0.0,0.4,0.41950331727205625,1.201109322260132e-07,0.39999684598082275,"{'table_obstacle': {'pos': [0.3825981920028062, 0.37518922255766707, 0.1646257963690813], 'size': [0.049837904948193595, 0.0813235869879147, 0.05243307039854257]}, 'pillar_obstacle': {'pos': [0.39994824830915515, -0.3824307480766307, 0.23470116647765446], 'size': [0.033663755439403885, 0.20172185302840845, 0.0]}, 'small_block': {'pos': [0.6140097595303955, -0.3535133918987863, 0.1097032402875184], 'size': [0.04461973939918376, 0.0849493067344041, 0.09534921802665242]}}"
2.4909999999998367,0.4239995657237901,0.0,0.4,0.4195672247774902,1.1400501741039557e-07,0.39999684481171077,"{'table_obstacle': {'pos': [0.3825981920028062, 0.37518922255766707, 0.1646257963690813], 'size': [0.049837904948193595, 0.0813235869879147, 0.05243307039854257]}, 'pillar_obstacle': {'pos': [0.39994824830915515, -0.3824307480766307, 0.23470116647765446], 'size': [0.033663755439403885, 0.20172185302840845, 0.0]}, 'small_block': {'pos': [0.6140097595303955, -0.3535133918987863, 0.1097032402875184], 'size': [0.04461973939918376, 0.0849493067344041, 0.09534921802665242]}}"
2.4919999999998366,0.4239995657237901,0.0,0.4,0.4196302872911471,1.0761680587632796e-07,0.39999684607489994,"{'table_obstacle': {'pos': [0.3825981920028062, 0.37518922255766707, 0.1646257963690813], 'size': [0.049837904948193595, 0.0813235869879147, 0.05243307039854257]}, 'pillar_obstacle': {'pos': [0.39994824830915515, -0.3824307480766307, 0.23470116647765446], 'size': [0.033663755439403885, 0.20172185302840845, 0.0]}, 'small_block': {'pos': [0.6140097595303955, -0.3535133918987863, 0.1097032402875184], 'size': [0.04461973939918376, 0.0849493067344041, 0.09534921802665242]}}"
2.4929999999998365,0.4239995657237901,0.0,0.4,0.4196925039073769,1.010214365275123e-07,0.39999684954325926,"{'table_obstacle': {'pos': [0.3825981920028062, 0.37518922255766707, 0.1646257963690813], 'size': [0.049837904948193595, 0.0813235869879147, 0.05243307039854257]}, 'pillar_obstacle': {'pos': [0.39994824830915515, -0.3824307480766307, 0.23470116647765446], 'size': [0.033663755439403885, 0.20172185302840845, 0.0]}, 'small_block': {'pos': [0.6140097595303955, -0.3535133918987863, 0.1097032402875184], 'size': [0.04461973939918376, 0.0849493067344041, 0.09534921802665242]}}"
2.4939999999998363,0.4239995657237901,0.0,0.4,0.41975387620547266,9.42826228764701e-08,0.3999968550134061,"{'table_obstacle': {'pos': [0.3825981920028062, 0.37518922255766707, 0.1646257963690813], 'size': [0.049837904948193595, 0.0813235869879147, 0.05243307039854257]}, 'pillar_obstacle': {'pos': [0.39994824830915515, -0.3824307480766307, 0.23470116647765446], 'size': [0.033663755439403885, 0.20172185302840845, 0.0]}, 'small_block': {'pos': [0.6140097595303955, -0.3535133918987863, 0.1097032402875184], 'size': [0.04461973939918376, 0.0849493067344041, 0.09534921802665242]}}"
2.4949999999998362,0.4239995657237901,0.0,0.4,0.4198144077430155,8.745411589605734e-08,0.3999968623033762,"{'table_obstacle': {'pos': [0.3825981920028062, 0.37518922255766707, 0.1646257963690813], 'size': [0.049837904948193595, 0.0813235869879147, 0.05243307039854257]}, 'pillar_obstacle': {'pos': [0.39994824830915515, -0.3824307480766307, 0.23470116647765446], 'size': [0.033663755439403885, 0.20172185302840845, 0.0]}, 'small_block': {'pos': [0.6140097595303955, -0.3535133918987863, 0.1097032402875184], 'size': [0.04461973939918376, 0.0849493067344041, 0.09534921802665242]}}"
2.495999999999836,0.4239995657237901,0.0,0.4,0.41987410364627764,8.058102770115262e-08,0.3999968712503875,"{'table_obstacle': {'pos': [0.3825981920028062, 0.37518922255766707, 0.1646257963690813], 'size': [0.049837904948193595, 0.0813235869879147, 0.05243307039854257]}, 'pillar_obstacle': {'pos': [0.39994824830915515, -0.3824307480766307, 0.23470116647765446], 'size': [0.033663755439403885, 0.20172185302840845, 0.0]}, 'small_block': {'pos': [0.6140097595303955, -0.3535133918987863, 0.1097032402875184], 'size': [0.04461973939918376, 0.0849493067344041, 0.09534921802665242]}}"
2.496999999999836,0.4239995657237901,0.0,0.4,0.4199329702791747,7.37010224346655e-08,0.3999968817087407,"{'table_obstacle': {'pos': [0.3825981920028062, 0.37518922255766707, 0.1646257963690813], 'size': [0.049837904948193595, 0.0813235869879147, 0.05243307039854257]}, 'pillar_obstacle': {'pos': [0.39994824830915515, -0.3824307480766307, 0.23470116647765446], 'size': [0.033663755439403885, 0.20172185302840845, 0.0]}, 'small_block': {'pos': [0.6140097595303955, -0.3535133918987863, 0.1097032402875184], 'size': [0.04461973939918376, 0.0849493067344041, 0.09534921802665242]}}"
2.497999999999836,0.4239995657237901,0.0,0.4,0.41999101497578073,6.684536957136641e-08,0.3999968935478836,"{'table_obstacle': {'pos': [0.3825981920028062, 0.37518922255766707, 0.1646257963690813], 'size': [0.049837904948193595, 0.0813235869879147, 0.05243307039854257]}, 'pillar_obstacle': {'pos': [0.39994824830915515, -0.3824307480766307, 0.23470116647765446], 'size': [0.033663755439403885, 0.20172185302840845, 0.0]}, 'small_block': {'pos': [0.6140097595303955, -0.3535133918987863, 0.1097032402875184], 'size': [0.04461973939918376, 0.0849493067344041, 0.09534921802665242]}}"
2.498999999999836,0.4239995657237901,0.0,0.4,0.4200482458242838,6.00398721045176e-08,0.3999969066506481,"{'table_obstacle': {'pos': [0.3825981920028062, 0.37518922255766707, 0.1646257963690813], 'size': [0.049837904948193595, 0.0813235869879147, 0.05243307039854257]}, 'pillar_obstacle': {'pos': [0.39994824830915515, -0.3824307480766307, 0.23470116647765446], 'size': [0.033663755439403885, 0.20172185302840845, 0.0]}, 'small_block': {'pos': [0.6140097595303955, -0.3535133918987863, 0.1097032402875184], 'size': [0.04461973939918376, 0.0849493067344041, 0.09534921802665242]}}"
2.4999999999998357,0.4239995657237901,0.0,0.4,0.42010467149256886,5.3305676922513215e-08,0.3999969209116619,"{'table_obstacle': {'pos': [0.3825981920028062, 0.37518922255766707, 0.1646257963690813], 'size': [0.049837904948193595, 0.0813235869879147, 0.05243307039854257]}, 'pillar_obstacle': {'pos': [0.39994824830915515, -0.3824307480766307, 0.23470116647765446], 'size': [0.033663755439403885, 0.20172185302840845, 0.0]}, 'small_block': {'pos': [0.6140097595303955, -0.3535133918987863, 0.1097032402875184], 'size': [0.04461973939918376, 0.0849493067344041, 0.09534921802665242]}}"
2.5009999999998356,0.4239995657237901,0.0,0.4,0.4201603010874814,4.6659979569503236e-08,0.3999969362359313,"{'table_obstacle': {'pos': [0.3825981920028062, 0.37518922255766707, 0.1646257963690813], 'size': [0.049837904948193595, 0.0813235869879147, 0.05243307039854257]}, 'pillar_obstacle': {'pos': [0.39994824830915515, -0.3824307480766307, 0.23470116647765446], 'size': [0.033663755439403885, 0.20172185302840845, 0.0]}, 'small_block': {'pos': [0.6140097595303955, -0.3535133918987863, 0.1097032402875184], 'size': [0.04461973939918376, 0.0849493067344041, 0.09534921802665242]}}"
2.5019999999998355,0.4239995657237901,0.0,0.4,0.42021514404134996,4.011663197643962e-08,0.3999969525375808,"{'table_obstacle': {'pos': [0.3825981920028062, 0.37518922255766707, 0.1646257963690813], 'size': [0.049837904948193595, 0.0813235869879147, 0.05243307039854257]}, 'pillar_obstacle': {'pos': [0.39994824830915515, -0.3824307480766307, 0.23470116647765446], 'size': [0.033663755439403885, 0.20172185302840845, 0.0]}, 'small_block': {'pos': [0.6140097595303955, -0.3535133918987863, 0.1097032402875184], 'size': [0.04461973939918376, 0.0849493067344041, 0.09534921802665242]}}"
2.5029999999998354,0.4239995657237901,0.0,0.4,0.4202692100205622,3.368666600958758e-08,0.3999969697387447,"{'table_obstacle': {'pos': [0.3825981920028062, 0.37518922255766707, 0.1646257963690813], 'size': [0.049837904948193595, 0.0813235869879147, 0.05243307039854257]}, 'pillar_obstacle': {'pos': [0.39994824830915515, -0.3824307480766307, 0.23470116647765446], 'size': [0.033663755439403885, 0.20172185302840845, 0.0]}, 'small_block': {'pos': [0.6140097595303955, -0.3535133918987863, 0.1097032402875184], 'size': [0.04461973939918376, 0.0849493067344041, 0.09534921802665242]}}"
2.5039999999998352,0.4239995657237901,0.0,0.4,0.4203225088519835,2.7378741468809115e-08,0.3999969877685923,"{'table_obstacle': {'pos': [0.3825981920028062, 0.37518922255766707, 0.1646257963690813], 'size': [0.049837904948193595, 0.0813235869879147, 0.05243307039854257]}, 'pillar_obstacle': {'pos': [0.39994824830915515, -0.3824307480766307, 0.23470116647765446], 'size': [0.033663755439403885, 0.20172185302840845, 0.0]}, 'small_block': {'pos': [0.6140097595303955, -0.3535133918987863, 0.1097032402875184], 'size': [0.04461973939918376, 0.0849493067344041, 0.09534921802665242]}}"
2.504999999999835,0.4239995657237901,0.0,0.4,0.42037505046381507,2.1199529013240194e-08,0.3999970065624759,"{'table_obstacle': {'pos': [0.3825981920028062, 0.37518922255766707, 0.1646257963690813], 'size': [0.049837904948193595, 0.0813235869879147, 0.05243307039854257]}, 'pillar_obstacle': {'pos': [0.39994824830915515, -0.3824307480766307, 0.23470116647765446], 'size': [0.033663755439403885, 0.20172185302840845, 0.0]}, 'small_block': {'pos': [0.6140097595303955, -0.3535133918987863, 0.1097032402875184], 'size': [0.04461973939918376, 0.0849493067344041, 0.09534921802665242]}}"
2.505999999999835,0.4239995657237901,0.0,0.4,0.42042684483812753,1.515403574196528e-08,0.3999970260611892,"{'table_obstacle': {'pos': [0.3825981920028062, 0.37518922255766707, 0.1646257963690813], 'size': [0.049837904948193595, 0.0813235869879147, 0.05243307039854257]}, 'pillar_obstacle': {'pos': [0.39994824830915515, -0.3824307480766307, 0.23470116647765446], 'size': [0.033663755439403885, 0.20172185302840845, 0.0]}, 'small_block': {'pos': [0.6140097595303955, -0.3535133918987863, 0.1097032402875184], 'size': [0.04461973939918376, 0.0849493067344041, 0.09534921802665242]}}"
2.506999999999835,0.4239995657237901,0.0,0.4,0.4204779019728431,9.245881944566893e-09,0.3999970462103192,"{'table_obstacle': {'pos': [0.3825981920028062, 0.37518922255766707, 0.1646257963690813], 'size': [0.049837904948193595, 0.0813235869879147, 0.05243307039854257]}, 'pillar_obstacle': {'pos': [0.39994824830915515, -0.3824307480766307, 0.23470116647765446], 'size': [0.033663755439403885, 0.20172185302840845, 0.0]}, 'small_block': {'pos': [0.6140097595303955, -0.3535133918987863, 0.1097032402875184], 'size': [0.04461973939918376, 0.0849493067344041, 0.09534921802665242]}}"
2.507999999999835,0.4239995657237901,0.0,0.4,0.42052823185135874,3.4775343371883924e-09,0.3999970669596899,"{'table_obstacle': {'pos': [0.3825981920028062, 0.37518922255766707, 0.1646257963690813], 'size': [0.049837904948193595, 0.0813235869879147, 0.05243307039854257]}, 'pillar_obstacle': {'pos': [0.39994824830915515, -0.3824307480766307, 0.23470116647765446], 'size': [0.033663755439403885, 0.20172185302840845, 0.0]}, 'small_block': {'pos': [0.6140097595303955, -0.3535133918987863, 0.1097032402875184], 'size': [0.04461973939918376, 0.0849493067344041, 0.09534921802665242]}}"
2.5089999999998347,0.4239995657237901,0.0,0.4,0.4205778444183463,-2.149495812141645e-09,0.3999970882628751,"{'table_obstacle': {'pos': [0.3825981920028062, 0.37518922255766707, 0.1646257963690813], 'size': [0.049837904948193595, 0.0813235869879147, 0.05243307039854257]}, 'pillar_obstacle': {'pos': [0.39994824830915515, -0.3824307480766307, 0.23470116647765446], 'size': [0.033663755439403885, 0.20172185302840845, 0.0]}, 'small_block': {'pos': [0.6140097595303955, -0.3535133918987863, 0.1097032402875184], 'size': [0.04461973939918376, 0.0849493067344041, 0.09534921802665242]}}"
2.5099999999998346,0.4239995657237901,0.0,0.4,0.4206267495605506,-7.634487139991075e-09,0.3999971100767791,"{'table_obstacle': {'pos': [0.3825981920028062, 0.37518922255766707, 0.1646257963690813], 'size': [0.049837904948193595, 0.0813235869879147, 0.05243307039854257]}, 'pillar_obstacle': {'pos': [0.39994824830915515, -0.3824307480766307, 0.23470116647765446], 'size': [0.033663755439403885, 0.20172185302840845, 0.0]}, 'small_block': {'pos': [0.6140097595303955, -0.3535133918987863, 0.1097032402875184], 'size': [0.04461973939918376, 0.0849493067344041, 0.09534921802665242]}}"
2.5109999999998345,0.4239995657237901,0.0,0.4,0.4206749570916221,-1.2977367219107914e-08,0.3999971323612751,"{'table_obstacle': {'pos': [0.3825981920028062, 0.37518922255766707, 0.1646257963690813], 'size': [0.049837904948193595, 0.0813235869879147, 0.05243307039854257]}, 'pillar_obstacle': {'pos': [0.39994824830915515, -0.3824307480766307, 0.23470116647765446], 'size': [0.033663755439403885, 0.20172185302840845, 0.0]}, 'small_block': {'pos': [0.6140097595303955, -0.3535133918987863, 0.1097032402875184], 'size': [0.04461973939918376, 0.0849493067344041, 0.09534921802665242]}}"
2.5119999999998344,0.4239995657237901,0.0,0.4,0.42072247674021634,-1.8178596168904068e-08,0.3999971550788907,"{'table_obstacle': {'pos': [0.3825981920028062, 0.37518922255766707, 0.1646257963690813], 'size': [0.049837904948193595, 0.0813235869879147, 0.05243307039854257]}, 'pillar_obstacle': {'pos': [0.39994824830915515, -0.3824307480766307, 0.23470116647765446], 'size': [0.033663755439403885, 0.20172185302840845, 0.0]}, 'small_block': {'pos': [0.6140097595303955, -0.3535133918987863, 0.1097032402875184], 'size': [0.04461973939918376, 0.0849493067344041, 0.09534921802665242]}}"
2.5129999999998343,0.4239995657237901,0.0,0.4,0.4207693181407252,-2.3239067772134256e-08,0.3999971781945382,"{'table_obstacle': {'pos': [0.3825981920028062, 0.37518922255766707, 0.1646257963690813], 'size': [0.049837904948193595, 0.0813235869879147, 0.05243307039854257]}, 'pillar_obstacle': {'pos': [0.39994824830915515, -0.3824307480766307, 0.23470116647765446], 'size': [0.033663755439403885, 0.20172185302840845, 0.0]}, 'small_block': {'pos': [0.6140097595303955, -0.3535133918987863, 0.1097032402875184], 'size': [0.04461973939918376, 0.0849493067344041, 0.09534921802665242]}}"
2.513999999999834,0.4239995657237901,0.0,0.4,0.4208154908261402,-2.8160027735257018e-08,0.39999720167527864,"{'table_obstacle': {'pos': [0.3825981920028062, 0.37518922255766707, 0.1646257963690813], 'size': [0.049837904948193595, 0.0813235869879147, 0.05243307039854257]}, 'pillar_obstacle': {'pos': [0.39994824830915515, -0.3824307480766307, 0.23470116647765446], 'size': [0.033663755439403885, 0.20172185302840845, 0.0]}, 'small_block': {'pos': [0.6140097595303955, -0.3535133918987863, 0.1097032402875184], 'size': [0.04461973939918376, 0.0849493067344041, 0.09534921802665242]}}"
2.514999999999834,0.4239995657237901,0.0,0.4,0.42086100422263123,-3.2943004724319764e-08,0.3999972254901206,"{'table_obstacle': {'pos': [0.3825981920028062, 0.37518922255766707, 0.1646257963690813], 'size': [0.049837904948193595, 0.0813235869879147, 0.05243307039854257]}, 'pillar_obstacle': {'pos': [0.39994824830915515, -0.3824307480766307, 0.23470116647765446], 'size': [0.033663755439403885, 0.20172185302840845, 0.0]}, 'small_block': {'pos': [0.6140097595303955, -0.3535133918987863, 0.1097032402875184], 'size': [0.04461973939918376, 0.0849493067344041, 0.09534921802665242]}}"
2.515999999999834,0.4239995657237901,0.0,0.4,0.4209058676455104,-3.758975344921163e-08,0.3999972496098431,"{'table_obstacle': {'pos': [0.3825981920028062, 0.37518922255766707, 0.1646257963690813], 'size': [0.049837904948193595, 0.0813235869879147, 0.05243307039854257]}, 'pillar_obstacle': {'pos': [0.39994824830915515, -0.3824307480766307, 0.23470116647765446], 'size': [0.033663755439403885, 0.20172185302840845, 0.0]}, 'small_block': {'pos': [0.6140097595303955, -0.3535133918987863, 0.1097032402875184], 'size': [0.04461973939918376, 0.0849493067344041, 0.09534921802665242]}}"
2.516999999999834,0.4239995657237901,0.0,0.4,0.4209500902963126,-4.210220734347834e-08,0.39999727400684376,"{'table_obstacle': {'pos': [0.3825981920028062, 0.37518922255766707, 0.1646257963690813], 'size': [0.049837904948193595, 0.0813235869879147, 0.05243307039854257]}, 'pillar_obstacle': {'pos': [0.39994824830915515, -0.3824307480766307, 0.23470116647765446], 'size': [0.033663755439403885, 0.20172185302840845, 0.0]}, 'small_block': {'pos': [0.6140097595303955, -0.3535133918987863, 0.1097032402875184], 'size': [0.04461973939918376, 0.0849493067344041, 0.09534921802665242]}}"
2.5179999999998337,0.4239995657237901,0.0,0.4,0.420993681260775,-4.648243880286493e-08,0.3999972986550044,"{'table_obstacle': {'pos': [0.3825981920028062, 0.37518922255766707, 0.1646257963690813], 'size': [0.049837904948193595, 0.0813235869879147, 0.05243307039854257]}, 'pillar_obstacle': {'pos': [0.39994824830915515, -0.3824307480766307, 0.23470116647765446], 'size': [0.033663755439403885, 0.20172185302840845, 0.0]}, 'small_block': {'pos': [0.6140097595303955, -0.3535133918987863, 0.1097032402875184], 'size': [0.04461973939918376, 0.0849493067344041, 0.09534921802665242]}}"
2.5189999999998336,0.4239995657237901,0.0,0.4,0.4210366495075386,-5.073262658584297e-08,0.3999973235295767,"{'table_obstacle': {'pos': [0.3825981920028062, 0.37518922255766707, 0.1646257963690813], 'size': [0.049837904948193595, 0.0813235869879147, 0.05243307039854257]}, 'pillar_obstacle': {'pos': [0.39994824830915515, -0.3824307480766307, 0.23470116647765446], 'size': [0.033663755439403885, 0.20172185302840845, 0.0]}, 'small_block': {'pos': [0.6140097595303955, -0.3535133918987863, 0.1097032402875184], 'size': [0.04461973939918376, 0.0849493067344041, 0.09534921802665242]}}"
2.5199999999998335,0.4239995657237901,0.0,0.4,0.42107900388742986,-5.485502869207797e-08,0.39999734860707814,"{'table_obstacle': {'pos': [0.3825981920028062, 0.37518922255766707, 0.1646257963690813], 'size': [0.049837904948193595, 0.0813235869879147, 0.05243307039854257]}, 'pillar_obstacle': {'pos': [0.39994824830915515, -0.3824307480766307, 0.23470116647765446], 'size': [0.033663755439403885, 0.20172185302840845, 0.0]}, 'small_block': {'pos': [0.6140097595303955, -0.3535133918987863, 0.1097032402875184], 'size': [0.04461973939918376, 0.0849493067344041, 0.09534921802665242]}}"
2.5209999999998334,0.4239995657237901,0.0,0.4,0.421120753133206,-5.885196064107915e-08,0.39999737386520506,"{'table_obstacle': {'pos': [0.3825981920028062, 0.37518922255766707, 0.1646257963690813], 'size': [0.049837904948193595, 0.0813235869879147, 0.05243307039854257]}, 'pillar_obstacle': {'pos': [0.39994824830915515, -0.3824307480766307, 0.23470116647765446], 'size': [0.033663755439403885, 0.20172185302840845, 0.0]}, 'small_block': {'pos': [0.6140097595303955, -0.3535133918987863, 0.1097032402875184], 'size': [0.04461973939918376, 0.0849493067344041, 0.09534921802665242]}}"
2.5219999999998333,0.4239995657237901,0.0,0.4,0.42116190585967483,-6.272577580071889e-08,0.3999973992827511,"{'table_obstacle': {'pos': [0.3825981920028062, 0.37518922255766707, 0.1646257963690813], 'size': [0.049837904948193595, 0.0813235869879147, 0.05243307039854257]}, 'pillar_obstacle': {'pos': [0.39994824830915515, -0.3824307480766307, 0.23470116647765446], 'size': [0.033663755439403885, 0.20172185302840845, 0.0]}, 'small_block': {'pos': [0.6140097595303955, -0.3535133918987863, 0.1097032402875184], 'size': [0.04461973939918376, 0.0849493067344041, 0.09534921802665242]}}"
2.522999999999833,0.4239995657237901,0.0,0.4,0.42120247056410826,-6.647885194111825e-08,0.39999742483953893,"{'table_obstacle': {'pos': [0.3825981920028062, 0.37518922255766707, 0.1646257963690813], 'size': [0.049837904948193595, 0.0813235869879147, 0.05243307039854257]}, 'pillar_obstacle': {'pos': [0.39994824830915515, -0.3824307480766307, 0.23470116647765446], 'size': [0.033663755439403885, 0.20172185302840845, 0.0]}, 'small_block': {'pos': [0.6140097595303955, -0.3535133918987863, 0.1097032402875184], 'size': [0.04461973939918376, 0.0849493067344041, 0.09534921802665242]}}"
2.523999999999833,0.4239995657237901,0.0,0.4,0.42124245562689017,-7.011357746102401e-08,0.3999974505163579,"{'table_obstacle': {'pos': [0.3825981920028062, 0.37518922255766707, 0.1646257963690813], 'size': [0.049837904948193595, 0.0813235869879147, 0.05243307039854257]}, 'pillar_obstacle': {'pos': [0.39994824830915515, -0.3824307480766307, 0.23470116647765446], 'size': [0.033663755439403885, 0.20172185302840845, 0.0]}, 'small_block': {'pos': [0.6140097595303955, -0.3535133918987863, 0.1097032402875184], 'size': [0.04461973939918376, 0.0849493067344041, 0.09534921802665242]}}"
2.524999999999833,0.4239995657237901,0.0,0.4,0.42128186931235456,-7.363234212801397e-08,0.39999747629490645,"{'table_obstacle': {'pos': [0.3825981920028062, 0.37518922255766707, 0.1646257963690813], 'size': [0.049837904948193595, 0.0813235869879147, 0.05243307039854257]}, 'pillar_obstacle': {'pos': [0.39994824830915515, -0.3824307480766307, 0.23470116647765446], 'size': [0.033663755439403885, 0.20172185302840845, 0.0]}, 'small_block': {'pos': [0.6140097595303955, -0.3535133918987863, 0.1097032402875184], 'size': [0.04461973939918376, 0.0849493067344041, 0.09534921802665242]}}"
2.525999999999833,0.4239995657237901,0.0,0.4,0.4213207197697646,-7.703752821362245e-08,0.3999975021577443,"{'table_obstacle': {'pos': [0.3825981920028062, 0.37518922255766707, 0.1646257963690813], 'size': [0.049837904948193595, 0.0813235869879147, 0.05243307039854257]}, 'pillar_obstacle': {'pos': [0.39994824830915515, -0.3824307480766307, 0.23470116647765446], 'size': [0.033663755439403885, 0.20172185302840845, 0.0]}, 'small_block': {'pos': [0.6140097595303955, -0.3535133918987863, 0.1097032402875184], 'size': [0.04461973939918376, 0.0849493067344041, 0.09534921802665242]}}"
2.5269999999998327,0.4239995657237901,0.0,0.4,0.4213590150344098,-8.033150480212891e-08,0.3999975280882462,"{'table_obstacle': {'pos': [0.3825981920028062, 0.37518922255766707, 0.1646257963690813], 'size': [0.049837904948193595, 0.0813235869879147, 0.05243307039854257]}, 'pillar_obstacle': {'pos': [0.39994824830915515, -0.3824307480766307, 0.23470116647765446], 'size': [0.033663755439403885, 0.20172185302840845, 0.0]}, 'small_block': {'pos': [0.6140097595303955, -0.3535133918987863, 0.1097032402875184], 'size': [0.04461973939918376, 0.0849493067344041, 0.09534921802665242]}}"
2.5279999999998326,0.4239995657237901,0.0,0.4,0.4213967630287882,-8.351662095357118e-08,0.3999975540705592,"{'table_obstacle': {'pos': [0.3825981920028062, 0.37518922255766707, 0.1646257963690813], 'size': [0.049837904948193595, 0.0813235869879147, 0.05243307039854257]}, 'pillar_obstacle': {'pos': [0.39994824830915515, -0.3824307480766307, 0.23470116647765446], 'size': [0.033663755439403885, 0.20172185302840845, 0.0]}, 'small_block': {'pos': [0.6140097595303955, -0.3535133918987863, 0.1097032402875184], 'size': [0.04461973939918376, 0.0849493067344041, 0.09534921802665242]}}"
2.5289999999998325,0.4239995657237901,0.0,0.4,0.4214339715638577,-8.65952030524403e-08,0.39999758008956815,"{'table_obstacle': {'pos': [0.3825981920028062, 0.37518922255766707, 0.1646257963690813], 'size': [0.049837904948193595, 0.0813235869879147, 0.05243307039854257]}, 'pillar_obstacle': {'pos': [0.39994824830915515, -0.3824307480766307, 0.23470116647765446], 'size': [0.033663755439403885, 0.20172185302840845, 0.0]}, 'small_block': {'pos': [0.6140097595303955, -0.3535133918987863, 0.1097032402875184], 'size': [0.04461973939918376, 0.0849493067344041, 0.09534921802665242]}}"
2.5299999999998324,0.4239995657237901,0.0,0.4,0.4214706483403356,-8.956955009481382e-08,0.3999976061308578,"{'table_obstacle': {'pos': [0.3825981920028062, 0.37518922255766707, 0.1646257963690813], 'size': [0.049837904948193595, 0.0813235869879147, 0.05243307039854257]}, 'pillar_obstacle': {'pos': [0.39994824830915515, -0.3824307480766307, 0.23470116647765446], 'size': [0.033663755439403885, 0.20172185302840845, 0.0]}, 'small_block': {'pos': [0.6140097595303955, -0.3535133918987863, 0.1097032402875184], 'size': [0.04461973939918376, 0.0849493067344041, 0.09534921802665242]}}"
2.5309999999998323,0.4239995657237901,0.0,0.4,0.42150680095003734,-9.244193151377305e-08,0.39999763218068374,"{'table_obstacle': {'pos': [0.3825981920028062, 0.37518922255766707, 0.1646257963690813], 'size': [0.049837904948193595, 0.0813235869879147, 0.05243307039854257]}, 'pillar_obstacle': {'pos': [0.39994824830915515, -0.3824307480766307, 0.23470116647765446], 'size': [0.033663755439403885, 0.20172185302840845, 0.0]}, 'small_block': {'pos': [0.6140097595303955, -0.3535133918987863, 0.1097032402875184], 'size': [0.04461973939918376, 0.0849493067344041, 0.09534921802665242]}}"
2.531999999999832,0.4239995657237901,0.0,0.4,0.42154243687723675,-9.521458524537004e-08,0.3999976582259409,"{'table_obstacle': {'pos': [0.3825981920028062, 0.37518922255766707, 0.1646257963690813], 'size': [0.049837904948193595, 0.0813235869879147, 0.05243307039854257]}, 'pillar_obstacle': {'pos': [0.39994824830915515, -0.3824307480766307, 0.23470116647765446], 'size': [0.033663755439403885, 0.20172185302840845, 0.0]}, 'small_block': {'pos': [0.6140097595303955, -0.3535133918987863, 0.1097032402875184], 'size': [0.04461973939918376, 0.0849493067344041, 0.09534921802665242]}}"
2.532999999999832,0.4239995657237901,0.0,0.4,0.4215775635000464,-9.788971578135663e-08,0.39999768425413745,"{'table_obstacle': {'pos': [0.3825981920028062, 0.37518922255766707, 0.1646257963690813], 'size': [0.049837904948193595, 0.0813235869879147, 0.05243307039854257]}, 'pillar_obstacle': {'pos': [0.39994824830915515, -0.3824307480766307, 0.23470116647765446], 'size': [0.033663755439403885, 0.20172185302840845, 0.0]}, 'small_block': {'pos': [0.6140097595303955, -0.3535133918987863, 0.1097032402875184], 'size': [0.04461973939918376, 0.0849493067344041, 0.09534921802665242]}}"
2.533999999999832,0.4239995657237901,0.0,0.4,0.42161218809180634,-1.0046949312103694e-07,0.3999977102533682,"{'table_obstacle': {'pos': [0.3825981920028062, 0.37518922255766707, 0.1646257963690813], 'size': [0.049837904948193595, 0.0813235869879147, 0.05243307039854257]}, 'pillar_obstacle': {'pos': [0.39994824830915515, -0.3824307480766307, 0.23470116647765446], 'size': [0.033663755439403885, 0.20172185302840845, 0.0]}, 'small_block': {'pos': [0.6140097595303955, -0.3535133918987863, 0.1097032402875184], 'size': [0.04461973939918376, 0.0849493067344041, 0.09534921802665242]}}"
2.534999999999832,0.4239995657237901,0.0,0.4,0.42164631782247586,-1.0295605224516667e-07,0.3999977362122909,"{'table_obstacle': {'pos': [0.3825981920028062, 0.37518922255766707, 0.1646257963690813], 'size': [0.049837904948193595, 0.0813235869879147, 0.05243307039854257]}, 'pillar_obstacle': {'pos': [0.39994824830915515, -0.3824307480766307, 0.23470116647765446], 'size': [0.033663755439403885, 0.20172185302840845, 0.0]}, 'small_block': {'pos': [0.6140097595303955, -0.3535133918987863, 0.1097032402875184], 'size': [0.04461973939918376, 0.0849493067344041, 0.09534921802665242]}}"
2.5359999999998317,0.4239995657237901,0.0,0.4,0.4216799597600259,-1.0535149205358648e-07,0.39999776212010346,"{'table_obstacle': {'pos': [0.3825981920028062, 0.37518922255766707, 0.1646257963690813], 'size': [0.049837904948193595, 0.0813235869879147, 0.05243307039854257]}, 'pillar_obstacle': {'pos': [0.39994824830915515, -0.3824307480766307, 0.23470116647765446], 'size': [0.033663755439403885, 0.20172185302840845, 0.0]}, 'small_block': {'pos': [0.6140097595303955, -0.3535133918987863, 0.1097032402875184], 'size': [0.04461973939918376, 0.0849493067344041, 0.09534921802665242]}}"
2.5369999999998316,0.4239995657237901,0.0,0.4,0.4217131208718259,-1.0765787504869392e-07,0.39999778796652286,"{'table_obstacle': {'pos': [0.3825981920028062, 0.37518922255766707, 0.1646257963690813], 'size': [0.049837904948193595, 0.0813235869879147, 0.05243307039854257]}, 'pillar_obstacle': {'pos': [0.39994824830915515, -0.3824307480766307, 0.23470116647765446], 'size': [0.033663755439403885, 0.20172185302840845, 0.0]}, 'small_block': {'pos': [0.6140097595303955, -0.3535133918987863, 0.1097032402875184], 'size': [0.04461973939918376, 0.0849493067344041, 0.09534921802665242]}}"
2.5379999999998315,0.4239995657237901,0.0,0.4,0.4217458080260253,-1.0987722760338004e-07,0.3999978137417637,"{'table_obstacle': {'pos': [0.3825981920028062, 0.37518922255766707, 0.1646257963690813], 'size': [0.049837904948193595, 0.0813235869879147, 0.05243307039854257]}, 'pillar_obstacle': {'pos': [0.39994824830915515, -0.3824307480766307, 0.23470116647765446], 'size': [0.033663755439403885, 0.20172185302840845, 0.0]}, 'small_block': {'pos': [0.6140097595303955, -0.3535133918987863, 0.1097032402875184], 'size': [0.04461973939918376, 0.0849493067344041, 0.09534921802665242]}}"
2.5389999999998314,0.4239995657237901,0.0,0.4,0.4217780279929231,-1.1201153958525192e-07,0.3999978394365209,"{'table_obstacle': {'pos': [0.3825981920028062, 0.37518922255766707, 0.1646257963690813], 'size': [0.049837904948193595, 0.0813235869879147, 0.05243307039854257]}, 'pillar_obstacle': {'pos': [0.39994824830915515, -0.3824307480766307, 0.23470116647765446], 'size': [0.033663755439403885, 0.20172185302840845, 0.0]}, 'small_block': {'pos': [0.6140097595303955, -0.3535133918987863, 0.1097032402875184], 'size': [0.04461973939918376, 0.0849493067344041, 0.09534921802665242]}}"
2.5399999999998313,0.4239995657237901,0.0,0.4,0.4218097874463272,-1.1406276440081024e-07,0.3999978650419494,"{'table_obstacle': {'pos': [0.3825981920028062, 0.37518922255766707, 0.1646257963690813], 'size': [0.049837904948193595, 0.0813235869879147, 0.05243307039854257]}, 'pillar_obstacle': {'pos': [0.39994824830915515, -0.3824307480766307, 0.23470116647765446], 'size': [0.033663755439403885, 0.20172185302840845, 0.0]}, 'small_block': {'pos': [0.6140097595303955, -0.3535133918987863, 0.1097032402875184], 'size': [0.04461973939918376, 0.0849493067344041, 0.09534921802665242]}}"
2.540999999999831,0.4239995657237901,0.0,0.4,0.4218410929649028,-1.1603281946370366e-07,0.39999789054964713,"{'table_obstacle': {'pos': [0.3825981920028062, 0.37518922255766707, 0.1646257963690813], 'size': [0.049837904948193595, 0.0813235869879147, 0.05243307039854257]}, 'pillar_obstacle': {'pos': [0.39994824830915515, -0.3824307480766307, 0.23470116647765446], 'size': [0.033663755439403885, 0.20172185302840845, 0.0]}, 'small_block': {'pos': [0.6140097595303955, -0.3535133918987863, 0.1097032402875184], 'size': [0.04461973939918376, 0.0849493067344041, 0.09534921802665242]}}"
2.541999999999831,0.4239995657237901,0.0,0.4,0.42187195103350444,-1.1792358628283873e-07,0.3999979159516389,"{'table_obstacle': {'pos': [0.3825981920028062, 0.37518922255766707, 0.1646257963690813], 'size': [0.049837904948193595, 0.0813235869879147, 0.05243307039854257]}, 'pillar_obstacle': {'pos': [0.39994824830915515, -0.3824307480766307, 0.23470116647765446], 'size': [0.033663755439403885, 0.20172185302840845, 0.0]}, 'small_block': {'pos': [0.6140097595303955, -0.3535133918987863, 0.1097032402875184], 'size': [0.04461973939918376, 0.0849493067344041, 0.09534921802665242]}}"
2.542999999999831,0.4239995657237901,0.0,0.4,0.421902368044494,-1.1973691064546648e-07,0.3999979412403605,"{'table_obstacle': {'pos': [0.3825981920028062, 0.37518922255766707, 0.1646257963690813], 'size': [0.049837904948193595, 0.0813235869879147, 0.05243307039854257]}, 'pillar_obstacle': {'pos': [0.39994824830915515, -0.3824307480766307, 0.23470116647765446], 'size': [0.033663755439403885, 0.20172185302840845, 0.0]}, 'small_block': {'pos': [0.6140097595303955, -0.3535133918987863, 0.1097032402875184], 'size': [0.04461973939918376, 0.0849493067344041, 0.09534921802665242]}}"
2.543999999999831,0.4239995657237901,0.0,0.4,0.42193235029904513,-1.2147460366120338e-07,0.39999796640864194,"{'table_obstacle': {'pos': [0.3825981920028062, 0.37518922255766707, 0.1646257963690813], 'size': [0.049837904948193595, 0.0813235869879147, 0.05243307039854257]}, 'pillar_obstacle': {'pos': [0.39994824830915515, -0.3824307480766307, 0.23470116647765446], 'size': [0.033663755439403885, 0.20172185302840845, 0.0]}, 'small_block': {'pos': [0.6140097595303955, -0.3535133918987863, 0.1097032402875184], 'size': [0.04461973939918376, 0.0849493067344041, 0.09534921802665242]}}"
2.5449999999998307,0.4239995657237901,0.0,0.4,0.42196190400843026,-1.2313844112665672e-07,0.3999979914496935,"{'table_obstacle': {'pos': [0.3825981920028062, 0.37518922255766707, 0.1646257963690813], 'size': [0.049837904948193595, 0.0813235869879147, 0.05243307039854257]}, 'pillar_obstacle': {'pos': [0.39994824830915515, -0.3824307480766307, 0.23470116647765446], 'size': [0.033663755439403885, 0.20172185302840845, 0.0]}, 'small_block': {'pos': [0.6140097595303955, -0.3535133918987863, 0.1097032402875184], 'size': [0.04461973939918376, 0.0849493067344041, 0.09534921802665242]}}"
2.5459999999998306,0.4239995657237901,0.0,0.4,0.42199103529529214,-1.2473016525605377e-07,0.3999980163570921,"{'table_obstacle': {'pos': [0.3825981920028062, 0.37518922255766707, 0.1646257963690813], 'size': [0.049837904948193595, 0.0813235869879147, 0.05243307039854257]}, 'pillar_obstacle': {'pos': [0.39994824830915515, -0.3824307480766307, 0.23470116647765446], 'size': [0.033663755439403885, 0.20172185302840845, 0.0]}, 'small_block': {'pos': [0.6140097595303955, -0.3535133918987863, 0.1097032402875184], 'size': [0.04461973939918376, 0.0849493067344041, 0.09534921802665242]}}"
2.5469999999998305,0.4279995480247874,0.0,0.4,0.4220197501948991,-1.2625148378572549e-07,0.3999980411247663,"{'table_obstacle': {'pos': [0.3825981920028062, 0.37518922255766707, 0.1646257963690813], 'size': [0.049837904948193595, 0.0813235869879147, 0.05243307039854257]}, 'pillar_obstacle': {'pos': [0.39994824830915515, -0.3824307480766307, 0.23470116647765446], 'size': [0.033663755439403885, 0.20172185302840845, 0.0]}, 'small_block': {'pos': [0.6140097595303955, -0.3535133918987863, 0.1097032402875184], 'size': [0.04461973939918376, 0.0849493067344041, 0.09534921802665242]}}"
2.5479999999998304,0.4279995480247874,0.0,0.4,0.42205894812716876,-1.1165123936550956e-07,0.39999801028187526,"{'table_obstacle': {'pos': [0.3825981920028062, 0.37518922255766707, 0.1646257963690813], 'size': [0.049837904948193595, 0.0813235869879147, 0.05243307039854257]}, 'pillar_obstacle': {'pos': [0.39994824830915515, -0.3824307480766307, 0.23470116647765446], 'size': [0.033663755439403885, 0.20172185302840845, 0.0]}, 'small_block': {'pos': [0.6140097595303955, -0.3535133918987863, 0.1097032402875184], 'size': [0.04461973939918376, 0.0849493067344041, 0.09534921802665242]}}"
2.5489999999998303,0.4279995480247874,0.0,0.4,0.42210640324925364,-8.760259234495903e-08,0.3999979441966073,"{'table_obstacle': {'pos': [0.3825981920028062, 0.37518922255766707, 0.1646257963690813], 'size': [0.049837904948193595, 0.0813235869879147, 0.05243307039854257]}, 'pillar_obstacle': {'pos': [0.39994824830915515, -0.3824307480766307, 0.23470116647765446], 'size': [0.033663755439403885, 0.20172185302840845, 0.0]}, 'small_block': {'pos': [0.6140097595303955, -0.3535133918987863, 0.1097032402875184], 'size': [0.04461973939918376, 0.0849493067344041, 0.09534921802665242]}}"
2.54999999999983,0.4279995480247874,0.0,0.4,0.4221603170743415,-5.878722291280113e-08,0.3999978573189427,"{'table_obstacle': {'pos': [0.3825981920028062, 0.37518922255766707, 0.1646257963690813], 'size': [0.049837904948193595, 0.0813235869879147, 0.05243307039854257]}, 'pillar_obstacle': {'pos': [0.39994824830915515, -0.3824307480766307, 0.23470116647765446], 'size': [0.033663755439403885, 0.20172185302840845, 0.0]}, 'small_block': {'pos': [0.6140097595303955, -0.3535133918987863, 0.1097032402875184], 'size': [0.04461973939918376, 0.0849493067344041, 0.09534921802665242]}}"
2.55099999999983,0.4279995480247874,0.0,0.4,0.42221923704867137,-2.8417009137481688e-08,0.399997759793417,"{'table_obstacle': {'pos': [0.3825981920028062, 0.37518922255766707, 0.1646257963690813], 'size': [0.049837904948193595, 0.0813235869879147, 0.05243307039854257]}, 'pillar_obstacle': {'pos': [0.39994824830915515, -0.3824307480766307, 0.23470116647765446], 'size': [0.033663755439403885, 0.20172185302840845, 0.0]}, 'small_block': {'pos': [0.6140097595303955, -0.3535133918987863, 0.1097032402875184], 'size': [0.04461973939918376, 0.0849493067344041, 0.09534921802665242]}}"
2.55199999999983,0.4279995480247874,0.0,0.4,0.42228199061446764,1.3719095971987185e-09,0.39999765863506237,"{'table_obstacle': {'pos': [0.3825981920028062, 0.37518922255766707, 0.1646257963690813], 'size': [0.049837904948193595, 0.0813235869879147, 0.05243307039854257]}, 'pillar_obstacle': {'pos': [0.39994824830915515, -0.3824307480766307, 0.23470116647765446], 'size': [0.033663755439403885, 0.20172185302840845, 0.0]}, 'small_block': {'pos': [0.6140097595303955, -0.3535133918987863, 0.1097032402875184], 'size': [0.04461973939918376, 0.0849493067344041, 0.09534921802665242]}}"
2.55299999999983,0.4279995480247874,0.0,0.4,0.42234763182062396,2.9222709486521133e-08,0.39999755858983027,"{'table_obstacle': {'pos': [0.3825981920028062, 0.37518922255766707, 0.1646257963690813], 'size': [0.049837904948193595, 0.0813235869879147, 0.05243307039854257]}, 'pillar_obstacle': {'pos': [0.39994824830915515, -0.3824307480766307, 0.23470116647765446], 'size': [0.033663755439403885, 0.20172185302840845, 0.0]}, 'small_block': {'pos': [0.6140097595303955, -0.3535133918987863, 0.1097032402875184], 'size': [0.04461973939918376, 0.0849493067344041, 0.09534921802665242]}}"
2.5539999999998297,0.4279995480247874,0.0,0.4,0.4224153980979341,5.433599369311638e-08,0.3999974627656868,"{'table_obstacle': {'pos': [0.3825981920028062, 0.37518922255766707, 0.1646257963690813], 'size': [0.049837904948193595, 0.0813235869879147, 0.05243307039854257]}, 'pillar_obstacle': {'pos': [0.39994824830915515, -0.3824307480766307, 0.23470116647765446], 'size': [0.033663755439403885, 0.20172185302840845, 0.0]}, 'small_block': {'pos': [0.6140097595303955, -0.3535133918987863, 0.1097032402875184], 'size': [0.04461973939918376, 0.0849493067344041, 0.09534921802665242]}}"
2.5549999999998296,0.4279995480247874,0.0,0.4,0.4224846752667023,7.630464867184008e-08,0.3999973730961001,"{'table_obstacle': {'pos': [0.3825981920028062, 0.37518922255766707, 0.1646257963690813], 'size': [0.049837904948193595, 0.0813235869879147, 0.05243307039854257]}, 'pillar_obstacle': {'pos': [0.39994824830915515, -0.3824307480766307, 0.23470116647765446], 'size': [0.033663755439403885, 0.20172185302840845, 0.0]}, 'small_block': {'pos': [0.6140097595303955, -0.3535133918987863, 0.1097032402875184], 'size': [0.04461973939918376, 0.0849493067344041, 0.09534921802665242]}}"
2.5559999999998295,0.4279995480247874,0.0,0.4,0.4225549692107873,9.499176905321401e-08,0.3999972906804573,"{'table_obstacle': {'pos': [0.3825981920028062, 0.37518922255766707, 0.1646257963690813], 'size': [0.049837904948193595, 0.0813235869879147, 0.05243307039854257]}, 'pillar_obstacle': {'pos': [0.39994824830915515, -0.3824307480766307, 0.23470116647765446], 'size': [0.033663755439403885, 0.20172185302840845, 0.0]}, 'small_block': {'pos': [0.6140097595303955, -0.3535133918987863, 0.1097032402875184], 'size': [0.04461973939918376, 0.0849493067344041, 0.09534921802665242]}}"
2.5569999999998294,0.4279995480247874,0.0,0.4,0.4226258829493428,1.1044115146763544e-07,0.3999972160337621,"{'table_obstacle': {'pos': [0.3825981920028062, 0.37518922255766707, 0.1646257963690813], 'size': [0.049837904948193595, 0.0813235869879147, 0.05243307039854257]}, 'pillar_obstacle': {'pos': [0.39994824830915515, -0.3824307480766307, 0.23470116647765446], 'size': [0.033663755439403885, 0.20172185302840845, 0.0]}, 'small_block': {'pos': [0.6140097595303955, -0.3535133918987863, 0.1097032402875184], 'size': [0.04461973939918376, 0.0849493067344041, 0.09534921802665242]}}"
2.5579999999998293,0.4279995480247874,0.0,0.4,0.4226970980785323,1.2281231737406144e-07,0.399997149269278,"{'table_obstacle': {'pos': [0.3825981920028062, 0.37518922255766707, 0.1646257963690813], 'size': [0.049837904948193595, 0.0813235869879147, 0.05243307039854257]}, 'pillar_obstacle': {'pos': [0.39994824830915515, -0.3824307480766307, 0.23470116647765446], 'size': [0.033663755439403885, 0.20172185302840845, 0.0]}, 'small_block': {'pos': [0.6140097595303955, -0.3535133918987863, 0.1097032402875184], 'size': [0.04461973939918376, 0.0849493067344041, 0.09534921802665242]}}"
2.558999999999829,0.4279995480247874,0.0,0.4,0.42276835975090243,1.323339178983681e-07,0.3999970902315157,"{'table_obstacle': {'pos': [0.3825981920028062, 0.37518922255766707, 0.1646257963690813], 'size': [0.049837904948193595, 0.0813235869879147, 0.05243307039854257]}, 'pillar_obstacle': {'pos': [0.39994824830915515, -0.3824307480766307, 0.23470116647765446], 'size': [0.033663755439403885, 0.20172185302840845, 0.0]}, 'small_block': {'pos': [0.6140097595303955, -0.3535133918987863, 0.1097032402875184], 'size': [0.04461973939918376, 0.0849493067344041, 0.09534921802665242]}}"
2.559999999999829,0.4279995480247874,0.0,0.4,0.42283946451843957,1.3927083897736665e-07,0.3999970385924277,"{'table_obstacle': {'pos': [0.3825981920028062, 0.37518922255766707, 0.1646257963690813], 'size': [0.049837904948193595, 0.0813235869879147, 0.05243307039854257]}, 'pillar_obstacle': {'pos': [0.39994824830915515, -0.3824307480766307, 0.23470116647765446], 'size': [0.033663755439403885, 0.20172185302840845, 0.0]}, 'small_block': {'pos': [0.6140097595303955, -0.3535133918987863, 0.1097032402875184], 'size': [0.04461973939918376, 0.0849493067344041, 0.09534921802665242]}}"
2.560999999999829,0.4279995480247874,0.0,0.4,0.4229102504936216,1.4390144877659398e-07,0.39999699392035615,"{'table_obstacle': {'pos': [0.3825981920028062, 0.37518922255766707, 0.1646257963690813], 'size': [0.049837904948193595, 0.0813235869879147, 0.05243307039854257]}, 'pillar_obstacle': {'pos': [0.39994824830915515, -0.3824307480766307, 0.23470116647765446], 'size': [0.033663755439403885, 0.20172185302840845, 0.0]}, 'small_block': {'pos': [0.6140097595303955, -0.3535133918987863, 0.1097032402875184], 'size': [0.04461973939918376, 0.0849493067344041, 0.09534921802665242]}}"
2.561999999999829,0.4279995480247874,0.0,0.4,0.4229805893866922,1.4650229215380795e-07,0.39999695572882965,"{'table_obstacle': {'pos': [0.3825981920028062, 0.37518922255766707, 0.1646257963690813], 'size': [0.049837904948193595, 0.0813235869879147, 0.05243307039854257]}, 'pillar_obstacle': {'pos': [0.39994824830915515, -0.3824307480766307, 0.23470116647765446], 'size': [0.033663755439403885, 0.20172185302840845, 0.0]}, 'small_block': {'pos': [0.6140097595303955, -0.3535133918987863, 0.1097032402875184], 'size': [0.04461973939918376, 0.0849493067344041, 0.09534921802665242]}}"
2.5629999999998287,0.4279995480247874,0.0,0.4,0.42305038006153056,1.4733820535854158e-07,0.3999969235105195,"{'table_obstacle': {'pos': [0.3825981920028062, 0.37518922255766707, 0.1646257963690813], 'size': [0.049837904948193595, 0.0813235869879147, 0.05243307039854257]}, 'pillar_obstacle': {'pos': [0.39994824830915515, -0.3824307480766307, 0.23470116647765446], 'size': [0.033663755439403885, 0.20172185302840845, 0.0]}, 'small_block': {'pos': [0.6140097595303955, -0.3535133918987863, 0.1097032402875184], 'size': [0.04461973939918376, 0.0849493067344041, 0.09534921802665242]}}"
2.5639999999998286,0.4279995480247874,0.0,0.4,0.4231195433206257,1.4665632331209744e-07,0.39999689676030015,"{'table_obstacle': {'pos': [0.3825981920028062, 0.37518922255766707, 0.1646257963690813], 'size': [0.049837904948193595, 0.0813235869879147, 0.05243307039854257]}, 'pillar_obstacle': {'pos': [0.39994824830915515, -0.3824307480766307, 0.23470116647765446], 'size': [0.033663755439403885, 0.20172185302840845, 0.0]}, 'small_block': {'pos': [0.6140097595303955, -0.3535133918987863, 0.1097032402875184], 'size': [0.04461973939918376, 0.0849493067344041, 0.09534921802665242]}}"
2.5649999999998285,0.4279995480247874,0.0,0.4,0.4231880176848419,1.4468284594721367e-07,0.39999687499037506,"{'table_obstacle': {'pos': [0.3825981920028062, 0.37518922255766707, 0.1646257963690813], 'size': [0.049837904948193595, 0.0813235869879147, 0.05243307039854257]}, 'pillar_obstacle': {'pos': [0.39994824830915515, -0.3824307480766307, 0.23470116647765446], 'size': [0.033663755439403885, 0.20172185302840845, 0.0]}, 'small_block': {'pos': [0.6140097595303955, -0.3535133918987863, 0.1097032402875184], 'size': [0.04461973939918376, 0.0849493067344041, 0.09534921802665242]}}"
2.5659999999998284,0.4279995480247874,0.0,0.4,0.42325575597830833,1.4162172017711121e-07,0.3999968577396701,"{'table_obstacle': {'pos': [0.3825981920028062, 0.37518922255766707, 0.1646257963690813], 'size': [0.049837904948193595, 0.0813235869879147, 0.05243307039854257]}, 'pillar_obstacle': {'pos': [0.39994824830915515, -0.3824307480766307, 0.23470116647765446], 'size': [0.033663755439403885, 0.20172185302840845, 0.0]}, 'small_block': {'pos': [0.6140097595303955, -0.3535133918987863, 0.1097032402875184], 'size': [0.04461973939918376, 0.0849493067344041, 0.09534921802665242]}}"
2.5669999999998283,0.4279995480247874,0.0,0.4,0.4233227225649307,1.376546160604335e-07,0.3999968445791333,"{'table_obstacle': {'pos': [0.3825981920028062, 0.37518922255766707, 0.1646257963690813], 'size': [0.049837904948193595, 0.0813235869879147, 0.05243307039854257]}, 'pillar_obstacle': {'pos': [0.39994824830915515, -0.3824307480766307, 0.23470116647765446], 'size': [0.033663755439403885, 0.20172185302840845, 0.0]}, 'small_block': {'pos': [0.6140097595303955, -0.3535133918987863, 0.1097032402875184], 'size': [0.04461973939918376, 0.0849493067344041, 0.09534921802665242]}}"
2.567999999999828,0.4279995480247874,0.0,0.4,0.4233888911122799,1.3294174828964912e-07,0.3999968351141612,"{'table_obstacle': {'pos': [0.3825981920028062, 0.37518922255766707, 0.1646257963690813], 'size': [0.049837904948193595, 0.0813235869879147, 0.05243307039854257]}, 'pillar_obstacle': {'pos': [0.39994824830915515, -0.3824307480766307, 0.23470116647765446], 'size': [0.033663755439403885, 0.20172185302840845, 0.0]}, 'small_block': {'pos': [0.6140097595303955, -0.3535133918987863, 0.1097032402875184], 'size': [0.04461973939918376, 0.0849493067344041, 0.09534921802665242]}}"
2.568999999999828,0.4279995480247874,0.0,0.4,0.42345424278230154,1.2762321556004812e-07,0.3999968289850448,"{'table_obstacle': {'pos': [0.3825981920028062, 0.37518922255766707, 0.1646257963690813], 'size': [0.049837904948193595, 0.0813235869879147, 0.05243307039854257]}, 'pillar_obstacle': {'pos': [0.39994824830915515, -0.3824307480766307, 0.23470116647765446], 'size': [0.033663755439403885, 0.20172185302840845, 0.0]}, 'small_block': {'pos': [0.6140097595303955, -0.3535133918987863, 0.1097032402875184], 'size': [0.04461973939918376, 0.0849493067344041, 0.09534921802665242]}}"
2.569999999999828,0.4279995480247874,0.0,0.4,0.42351876476746275,1.2182062557590115e-07,0.3999968258660984,"{'table_obstacle': {'pos': [0.3825981920028062, 0.37518922255766707, 0.1646257963690813], 'size': [0.049837904948193595, 0.0813235869879147, 0.05243307039854257]}, 'pillar_obstacle': {'pos': [0.39994824830915515, -0.3824307480766307, 0.23470116647765446], 'size': [0.033663755439403885, 0.20172185302840845, 0.0]}, 'small_block': {'pos': [0.6140097595303955, -0.3535133918987863, 0.1097032402875184], 'size': [0.04461973939918376, 0.0849493067344041, 0.09534921802665242]}}"
2.570999999999828,0.4279995480247874,0.0,0.4,0.4235824491064663,1.156388487067679e-07,0.39999682546395154,"{'table_obstacle': {'pos': [0.3825981920028062, 0.37518922255766707, 0.1646257963690813], 'size': [0.049837904948193595, 0.0813235869879147, 0.05243307039854257]}, 'pillar_obstacle': {'pos': [0.39994824830915515, -0.3824307480766307, 0.23470116647765446], 'size': [0.033663755439403885, 0.20172185302840845, 0.0]}, 'small_block': {'pos': [0.6140097595303955, -0.3535133918987863, 0.1097032402875184], 'size': [0.04461973939918376, 0.0849493067344041, 0.09534921802665242]}}"
2.5719999999998278,0.4279995480247874,0.0,0.4,0.423645291726228,1.0916778625872656e-07,0.3999968275153389,"{'table_obstacle': {'pos': [0.3825981920028062, 0.37518922255766707, 0.1646257963690813], 'size': [0.049837904948193595, 0.0813235869879147, 0.05243307039854257]}, 'pillar_obstacle': {'pos': [0.39994824830915515, -0.3824307480766307, 0.23470116647765446], 'size': [0.033663755439403885, 0.20172185302840845, 0.0]}, 'small_block': {'pos': [0.6140097595303955, -0.3535133918987863, 0.1097032402875184], 'size': [0.04461973939918376, 0.0849493067344041, 0.09534921802665242]}}"
2.5729999999998276,0.4279995480247874,0.0,0.4,0.4237072916669673,1.024840838203329e-07,0.39999683178464834,"{'table_obstacle': {'pos': [0.3825981920028062, 0.37518922255766707, 0.1646257963690813], 'size': [0.049837904948193595, 0.0813235869879147, 0.05243307039854257]}, 'pillar_obstacle': {'pos': [0.39994824830915515, -0.3824307480766307, 0.23470116647765446], 'size': [0.033663755439403885, 0.20172185302840845, 0.0]}, 'small_block': {'pos': [0.6140097595303955, -0.3535133918987863, 0.1097032402875184], 'size': [0.04461973939918376, 0.0849493067344041, 0.09534921802665242]}}"
2.5739999999998275,0.4279995480247874,0.0,0.4,0.42376845045549816,9.565274436207812e-08,0.3999968380613802,"{'table_obstacle': {'pos': [0.3825981920028062, 0.37518922255766707, 0.1646257963690813], 'size': [0.049837904948193595, 0.0813235869879147, 0.05243307039854257]}, 'pillar_obstacle': {'pos': [0.39994824830915515, -0.3824307480766307, 0.23470116647765446], 'size': [0.033663755439403885, 0.20172185302840845, 0.0]}, 'small_block': {'pos': [0.6140097595303955, -0.3535133918987863, 0.1097032402875184], 'size': [0.04461973939918376, 0.0849493067344041, 0.09534921802665242]}}"
2.5749999999998274,0.4279995480247874,0.0,0.4,0.4238287715984558,8.872861581431302e-08,0.3999968461576446,"{'table_obstacle': {'pos': [0.3825981920028062, 0.37518922255766707, 0.1646257963690813], 'size': [0.049837904948193595, 0.0813235869879147, 0.05243307039854257]}, 'pillar_obstacle': {'pos': [0.39994824830915515, -0.3824307480766307, 0.23470116647765446], 'size': [0.033663755439403885, 0.20172185302840845, 0.0]}, 'small_block': {'pos': [0.6140097595303955, -0.3535133918987863, 0.1097032402875184], 'size': [0.04461973939918376, 0.0849493067344041, 0.09534921802665242]}}"
2.5759999999998273,0.4279995480247874,0.0,0.4,0.42388826017259185,8.175774195341809e-08,0.39999685590576717,"{'table_obstacle': {'pos': [0.3825981920028062, 0.37518922255766707, 0.1646257963690813], 'size': [0.049837904948193595, 0.0813235869879147, 0.05243307039854257]}, 'pillar_obstacle': {'pos': [0.39994824830915515, -0.3824307480766307, 0.23470116647765446], 'size': [0.033663755439403885, 0.20172185302840845, 0.0]}, 'small_block': {'pos': [0.6140097595303955, -0.3535133918987863, 0.1097032402875184], 'size': [0.04461973939918376, 0.0849493067344041, 0.09534921802665242]}}"
2.576999999999827,0.4279995480247874,0.0,0.4,0.42394692249362087,7.477857248008536e-08,0.3999968671560445,"{'table_obstacle': {'pos': [0.3825981920028062, 0.37518922255766707, 0.1646257963690813], 'size': [0.049837904948193595, 0.0813235869879147, 0.05243307039854257]}, 'pillar_obstacle': {'pos': [0.39994824830915515, -0.3824307480766307, 0.23470116647765446], 'size': [0.033663755439403885, 0.20172185302840845, 0.0]}, 'small_block': {'pos': [0.6140097595303955, -0.3535133918987863, 0.1097032402875184], 'size': [0.04461973939918376, 0.0849493067344041, 0.09534921802665242]}}"
2.577999999999827,0.4279995480247874,0.0,0.4,0.42400476584864377,6.782303678921424e-08,0.39999687977468296,"{'table_obstacle': {'pos': [0.3825981920028062, 0.37518922255766707, 0.1646257963690813], 'size': [0.049837904948193595, 0.0813235869879147, 0.05243307039854257]}, 'pillar_obstacle': {'pos': [0.39994824830915515, -0.3824307480766307, 0.23470116647765446], 'size': [0.033663755439403885, 0.20172185302840845, 0.0]}, 'small_block': {'pos': [0.6140097595303955, -0.3535133918987863, 0.1097032402875184], 'size': [0.04461973939918376, 0.0849493067344041, 0.09534921802665242]}}"
2.578999999999827,0.4279995480247874,0.0,0.4,0.4240617982800164,6.091749006277889e-08,0.39999689364192337,"{'table_obstacle': {'pos': [0.3825981920028062, 0.37518922255766707, 0.1646257963690813], 'size': [0.049837904948193595, 0.0813235869879147, 0.05243307039854257]}, 'pillar_obstacle': {'pos': [0.39994824830915515, -0.3824307480766307, 0.23470116647765446], 'size': [0.033663755439403885, 0.20172185302840845, 0.0]}, 'small_block': {'pos': [0.6140097595303955, -0.3535133918987863, 0.1097032402875184], 'size': [0.04461973939918376, 0.0849493067344041, 0.09534921802665242]}}"
2.579999999999827,0.4279995480247874,0.0,0.4,0.4241180284108539,5.408353905867934e-08,0.39999690865035376,"{'table_obstacle': {'pos': [0.3825981920028062, 0.37518922255766707, 0.1646257963690813], 'size': [0.049837904948193595, 0.0813235869879147, 0.05243307039854257]}, 'pillar_obstacle': {'pos': [0.39994824830915515, -0.3824307480766307, 0.23470116647765446], 'size': [0.033663755439403885, 0.20172185302840845, 0.0]}, 'small_block': {'pos': [0.6140097595303955, -0.3535133918987863, 0.1097032402875184], 'size': [0.04461973939918376, 0.0849493067344041, 0.09534921802665242]}}"
2.5809999999998268,0.4279995480247874,0.0,0.4,0.4241734653042266,4.733875895910877e-08,0.3999969247034065,"{'table_obstacle': {'pos': [0.3825981920028062, 0.37518922255766707, 0.1646257963690813], 'size': [0.049837904948193595, 0.0813235869879147, 0.05243307039854257]}, 'pillar_obstacle': {'pos': [0.39994824830915515, -0.3824307480766307, 0.23470116647765446], 'size': [0.033663755439403885, 0.20172185302840845, 0.0]}, 'small_block': {'pos': [0.6140097595303955, -0.3535133918987863, 0.1097032402875184], 'size': [0.04461973939918376, 0.0849493067344041, 0.09534921802665242]}}"
2.5819999999998267,0.4279995480247874,0.0,0.4,0.4242281183496201,4.069731423920209e-08,0.39999694171402606,"{'table_obstacle': {'pos': [0.3825981920028062, 0.37518922255766707, 0.1646257963690813], 'size': [0.049837904948193595, 0.0813235869879147, 0.05243307039854257]}, 'pillar_obstacle': {'pos': [0.39994824830915515, -0.3824307480766307, 0.23470116647765446], 'size': [0.033663755439403885, 0.20172185302840845, 0.0]}, 'small_block': {'pos': [0.6140097595303955, -0.3535133918987863, 0.1097032402875184], 'size': [0.04461973939918376, 0.0849493067344041, 0.09534921802665242]}}"
2.5829999999998265,0.4279995480247874,0.0,0.4,0.42428199717145487,3.417049178759624e-08,0.39999695960349485,"{'table_obstacle': {'pos': [0.3825981920028062, 0.37518922255766707, 0.1646257963690813], 'size': [0.049837904948193595, 0.0813235869879147, 0.05243307039854257]}, 'pillar_obstacle': {'pos': [0.39994824830915515, -0.3824307480766307, 0.23470116647765446], 'size': [0.033663755439403885, 0.20172185302840845, 0.0]}, 'small_block': {'pos': [0.6140097595303955, -0.3535133918987863, 0.1097032402875184], 'size': [0.04461973939918376, 0.0849493067344041, 0.09534921802665242]}}"
2.5839999999998264,0.4279995480247874,0.0,0.4,0.42433511155545806,2.7767158189294186e-08,0.3999969783004041,"{'table_obstacle': {'pos': [0.3825981920028062, 0.37518922255766707, 0.1646257963690813], 'size': [0.049837904948193595, 0.0813235869879147, 0.05243307039854257]}, 'pillar_obstacle': {'pos': [0.39994824830915515, -0.3824307480766307, 0.23470116647765446], 'size': [0.033663755439403885, 0.20172185302840845, 0.0]}, 'small_block': {'pos': [0.6140097595303955, -0.3535133918987863, 0.1097032402875184], 'size': [0.04461973939918376, 0.0849493067344041, 0.09534921802665242]}}"
2.5849999999998263,0.4279995480247874,0.0,0.4,0.42438747138947575,2.1494149394736728e-08,0.3999969977397566,"{'table_obstacle': {'pos': [0.3825981920028062, 0.37518922255766707, 0.1646257963690813], 'size': [0.049837904948193595, 0.0813235869879147, 0.05243307039854257]}, 'pillar_obstacle': {'pos': [0.39994824830915515, -0.3824307480766307, 0.23470116647765446], 'size': [0.033663755439403885, 0.20172185302840845, 0.0]}, 'small_block': {'pos': [0.6140097595303955, -0.3535133918987863, 0.1097032402875184], 'size': [0.04461973939918376, 0.0849493067344041, 0.09534921802665242]}}"
2.585999999999826,0.4279995480247874,0.0,0.4,0.4244390866159688,1.5356603158760033e-08,0.3999970178621831,"{'table_obstacle': {'pos': [0.3825981920028062, 0.37518922255766707, 0.1646257963690813], 'size': [0.049837904948193595, 0.0813235869879147, 0.05243307039854257]}, 'pillar_obstacle': {'pos': [0.39994824830915515, -0.3824307480766307, 0.23470116647765446], 'size': [0.033663755439403885, 0.20172185302840845, 0.0]}, 'small_block': {'pos': [0.6140097595303955, -0.3535133918987863, 0.1097032402875184], 'size': [0.04461973939918376, 0.0849493067344041, 0.09534921802665242]}}"
2.586999999999826,0.4279995480247874,0.0,0.4,0.4244899671939621,9.358241257733055e-09,0.3999970386132638,"{'table_obstacle': {'pos': [0.3825981920028062, 0.37518922255766707, 0.1646257963690813], 'size': [0.049837904948193595, 0.0813235869879147, 0.05243307039854257]}, 'pillar_obstacle': {'pos': [0.39994824830915515, -0.3824307480766307, 0.23470116647765446], 'size': [0.033663755439403885, 0.20172185302840845, 0.0]}, 'small_block': {'pos': [0.6140097595303955, -0.3535133918987863, 0.1097032402875184], 'size': [0.04461973939918376, 0.0849493067344041, 0.09534921802665242]}}"
2.587999999999826,0.4279995480247874,0.0,0.4,0.42454012306863526,3.501607860848611e-09,0.3999970599429399,"{'table_obstacle': {'pos': [0.3825981920028062, 0.37518922255766707, 0.1646257963690813], 'size': [0.049837904948193595, 0.0813235869879147, 0.05243307039854257]}, 'pillar_obstacle': {'pos': [0.39994824830915515, -0.3824307480766307, 0.23470116647765446], 'size': [0.033663755439403885, 0.20172185302840845, 0.0]}, 'small_block': {'pos': [0.6140097595303955, -0.3535133918987863, 0.1097032402875184], 'size': [0.04461973939918376, 0.0849493067344041, 0.09534921802665242]}}"
2.588999999999826,0.4279995480247874,0.0,0.4,0.42458956414709714,-2.2117295722533187e-09,0.39999708180500454,"{'table_obstacle': {'pos': [0.3825981920028062, 0.37518922255766707, 0.1646257963690813], 'size': [0.049837904948193595, 0.0813235869879147, 0.05243307039854257]}, 'pillar_obstacle': {'pos': [0.39994824830915515, -0.3824307480766307, 0.23470116647765446], 'size': [0.033663755439403885, 0.20172185302840845, 0.0]}, 'small_block': {'pos': [0.6140097595303955, -0.3535133918987863, 0.1097032402875184], 'size': [0.04461973939918376, 0.0849493067344041, 0.09534921802665242]}}"
2.5899999999998258,0.4279995480247874,0.0,0.4,0.42463830027915794,-7.781009461869695e-09,0.3999971041566634,"{'table_obstacle': {'pos': [0.3825981920028062, 0.37518922255766707, 0.1646257963690813], 'size': [0.049837904948193595, 0.0813235869879147, 0.05243307039854257]}, 'pillar_obstacle': {'pos': [0.39994824830915515, -0.3824307480766307, 0.23470116647765446], 'size': [0.033663755439403885, 0.20172185302840845, 0.0]}, 'small_block': {'pos': [0.6140097595303955, -0.3535133918987863, 0.1097032402875184], 'size': [0.04461973939918376, 0.0849493067344041, 0.09534921802665242]}}"
2.5909999999998257,0.4279995480247874,0.0,0.4,0.42468634124214283,-1.3206134157125799e-08,0.3999971269581547,"{'table_obstacle': {'pos': [0.3825981920028062, 0.37518922255766707, 0.1646257963690813], 'size': [0.049837904948193595, 0.0813235869879147, 0.05243307039854257]}, 'pillar_obstacle': {'pos': [0.39994824830915515, -0.3824307480766307, 0.23470116647765446], 'size': [0.033663755439403885, 0.20172185302840845, 0.0]}, 'small_block': {'pos': [0.6140097595303955, -0.3535133918987863, 0.1097032402875184], 'size': [0.04461973939918376, 0.0849493067344041, 0.09534921802665242]}}"
2.5919999999998256,0.4279995480247874,0.0,0.4,0.42473369672896893,-1.8487550051565545e-08,0.39999715017242216,"{'table_obstacle': {'pos': [0.3825981920028062, 0.37518922255766707, 0.1646257963690813], 'size': [0.049837904948193595, 0.0813235869879147, 0.05243307039854257]}, 'pillar_obstacle': {'pos': [0.39994824830915515, -0.3824307480766307, 0.23470116647765446], 'size': [0.033663755439403885, 0.20172185302840845, 0.0]}, 'small_block': {'pos': [0.6140097595303955, -0.3535133918987863, 0.1097032402875184], 'size': [0.04461973939918376, 0.0849493067344041, 0.09534921802665242]}}"
2.5929999999998254,0.4279995480247874,0.0,0.4,0.42478037633886223,-2.3626147041075347e-08,0.3999971737648323,"{'table_obstacle': {'pos': [0.3825981920028062, 0.37518922255766707, 0.1646257963690813], 'size': [0.049837904948193595, 0.0813235869879147, 0.05243307039854257]}, 'pillar_obstacle': {'pos': [0.39994824830915515, -0.3824307480766307, 0.23470116647765446], 'size': [0.033663755439403885, 0.20172185302840845, 0.0]}, 'small_block': {'pos': [0.6140097595303955, -0.3535133918987863, 0.1097032402875184], 'size': [0.04461973939918376, 0.0849493067344041, 0.09534921802665242]}}"
2.5939999999998253,0.4279995480247874,0.0,0.4,0.42482638957020147,-2.862317450570483e-08,0.39999719770292963,"{'table_obstacle': {'pos': [0.3825981920028062, 0.37518922255766707, 0.1646257963690813], 'size': [0.049837904948193595, 0.0813235869879147, 0.05243307039854257]}, 'pillar_obstacle': {'pos': [0.39994824830915515, -0.3824307480766307, 0.23470116647765446], 'size': [0.033663755439403885, 0.20172185302840845, 0.0]}, 'small_block': {'pos': [0.6140097595303955, -0.3535133918987863, 0.1097032402875184], 'size': [0.04461973939918376, 0.0849493067344041, 0.09534921802665242]}}"
2.5949999999998252,0.4279995480247874,0.0,0.4,0.42487174581508447,-3.348017208635694e-08,0.39999722195622645,"{'table_obstacle': {'pos': [0.3825981920028062, 0.37518922255766707, 0.1646257963690813], 'size': [0.049837904948193595, 0.0813235869879147, 0.05243307039854257]}, 'pillar_obstacle': {'pos': [0.39994824830915515, -0.3824307480766307, 0.23470116647765446], 'size': [0.033663755439403885, 0.20172185302840845, 0.0]}, 'small_block': {'pos': [0.6140097595303955, -0.3535133918987863, 0.1097032402875184], 'size': [0.04461973939918376, 0.0849493067344041, 0.09534921802665242]}}"
2.595999999999825,0.4279995480247874,0.0,0.4,0.4249164543552783,-3.819891026850548e-08,0.39999724649601937,"{'table_obstacle': {'pos': [0.3825981920028062, 0.37518922255766707, 0.1646257963690813], 'size': [0.049837904948193595, 0.0813235869879147, 0.05243307039854257]}, 'pillar_obstacle': {'pos': [0.39994824830915515, -0.3824307480766307, 0.23470116647765446], 'size': [0.033663755439403885, 0.20172185302840845, 0.0]}, 'small_block': {'pos': [0.6140097595303955, -0.3535133918987863, 0.1097032402875184], 'size': [0.04461973939918376, 0.0849493067344041, 0.09534921802665242]}}"
2.596999999999825,0.4279995480247874,0.0,0.4,0.42496052435928733,-4.27813424128269e-08,0.3999972712952322,"{'table_obstacle': {'pos': [0.3825981920028062, 0.37518922255766707, 0.1646257963690813], 'size': [0.049837904948193595, 0.0813235869879147, 0.05243307039854257]}, 'pillar_obstacle': {'pos': [0.39994824830915515, -0.3824307480766307, 0.23470116647765446], 'size': [0.033663755439403885, 0.20172185302840845, 0.0]}, 'small_block': {'pos': [0.6140097595303955, -0.3535133918987863, 0.1097032402875184], 'size': [0.04461973939918376, 0.0849493067344041, 0.09534921802665242]}}"
2.597999999999825,0.4279995480247874,0.0,0.4,0.42500396488032094,-4.722956515539594e-08,0.3999972963282774,"{'table_obstacle': {'pos': [0.3825981920028062, 0.37518922255766707, 0.1646257963690813], 'size': [0.049837904948193595, 0.0813235869879147, 0.05243307039854257]}, 'pillar_obstacle': {'pos': [0.39994824830915515, -0.3824307480766307, 0.23470116647765446], 'size': [0.033663755439403885, 0.20172185302840845, 0.0]}, 'small_block': {'pos': [0.6140097595303955, -0.3535133918987863, 0.1097032402875184], 'size': [0.04461973939918376, 0.0849493067344041, 0.09534921802665242]}}"
2.598999999999825,0.4279995480247874,0.0,0.4,0.4250467848549846,-5.1545783291912426e-08,0.3999973215709364,"{'table_obstacle': {'pos': [0.3825981920028062, 0.37518922255766707, 0.1646257963690813], 'size': [0.049837904948193595, 0.0813235869879147, 0.05243307039854257]}, 'pillar_obstacle': {'pos': [0.39994824830915515, -0.3824307480766307, 0.23470116647765446], 'size': [0.033663755439403885, 0.20172185302840845, 0.0]}, 'small_block': {'pos': [0.6140097595303955, -0.3535133918987863, 0.1097032402875184], 'size': [0.04461973939918376, 0.0849493067344041, 0.09534921802665242]}}"
2.5999999999998247,0.4279995480247874,0.0,0.4,0.42508899310255155,-5.573228403477793e-08,0.39999734700025463,"{'table_obstacle': {'pos': [0.3825981920028062, 0.37518922255766707, 0.1646257963690813], 'size': [0.049837904948193595, 0.0813235869879147, 0.05243307039854257]}, 'pillar_obstacle': {'pos': [0.39994824830915515, -0.3824307480766307, 0.23470116647765446], 'size': [0.033663755439403885, 0.20172185302840845, 0.0]}, 'small_block': {'pos': [0.6140097595303955, -0.3535133918987863, 0.1097032402875184], 'size': [0.04461973939918376, 0.0849493067344041, 0.09534921802665242]}}"
2.6009999999998246,0.4279995480247874,0.0,0.4,0.4251305983246998,-5.979141293373653e-08,0.3999973725944503,"{'table_obstacle': {'pos': [0.3825981920028062, 0.37518922255766707, 0.1646257963690813], 'size': [0.049837904948193595, 0.0813235869879147, 0.05243307039854257]}, 'pillar_obstacle': {'pos': [0.39994824830915515, -0.3824307480766307, 0.23470116647765446], 'size': [0.033663755439403885, 0.20172185302840845, 0.0]}, 'small_block': {'pos': [0.6140097595303955, -0.3535133918987863, 0.1097032402875184], 'size': [0.04461973939918376, 0.0849493067344041, 0.09534921802665242]}}"
2.6019999999998245,0.4279995480247874,0.0,0.4,0.4251716091056212,-6.372555530865096e-08,0.3999973983328334,"{'table_obstacle': {'pos': [0.3825981920028062, 0.37518922255766707, 0.1646257963690813], 'size': [0.049837904948193595, 0.0813235869879147, 0.05243307039854257]}, 'pillar_obstacle': {'pos': [0.39994824830915515, -0.3824307480766307, 0.23470116647765446], 'size': [0.033663755439403885, 0.20172185302840845, 0.0]}, 'small_block': {'pos': [0.6140097595303955, -0.3535133918987863, 0.1097032402875184], 'size': [0.04461973939918376, 0.0849493067344041, 0.09534921802665242]}}"
2.6029999999998243,0.4279995480247874,0.0,0.4,0.4252120339124264,-6.753712148652387e-08,0.39999742419573325,"{'table_obstacle': {'pos': [0.3825981920028062, 0.37518922255766707, 0.1646257963690813], 'size': [0.049837904948193595, 0.0813235869879147, 0.05243307039854257]}, 'pillar_obstacle': {'pos': [0.39994824830915515, -0.3824307480766307, 0.23470116647765446], 'size': [0.033663755439403885, 0.20172185302840845, 0.0]}, 'small_block': {'pos': [0.6140097595303955, -0.3535133918987863, 0.1097032402875184], 'size': [0.04461973939918376, 0.0849493067344041, 0.09534921802665242]}}"
2.6039999999998242,0.4279995480247874,0.0,0.4,0.42525188109578804,-7.122853332616188e-08,0.3999974501644359,"{'table_obstacle': {'pos': [0.3825981920028062, 0.37518922255766707, 0.1646257963690813], 'size': [0.049837904948193595, 0.0813235869879147, 0.05243307039854257]}, 'pillar_obstacle': {'pos': [0.39994824830915515, -0.3824307480766307, 0.23470116647765446], 'size': [0.033663755439403885, 0.20172185302840845, 0.0]}, 'small_block': {'pos': [0.6140097595303955, -0.3535133918987863, 0.1097032402875184], 'size': [0.04461973939918376, 0.0849493067344041, 0.09534921802665242]}}"
2.604999999999824,0.4279995480247874,0.0,0.4,0.42529115889076674,-7.480221423500537e-08,0.39999747622112736,"{'table_obstacle': {'pos': [0.3825981920028062, 0.37518922255766707, 0.1646257963690813], 'size': [0.049837904948193595, 0.0813235869879147, 0.05243307039854257]}, 'pillar_obstacle': {'pos': [0.39994824830915515, -0.3824307480766307, 0.23470116647765446], 'size': [0.033663755439403885, 0.20172185302840845, 0.0]}, 'small_block': {'pos': [0.6140097595303955, -0.3535133918987863, 0.1097032402875184], 'size': [0.04461973939918376, 0.0849493067344041, 0.09534921802665242]}}"
2.605999999999824,0.4279995480247874,0.0,0.4,0.42532987541778533,-7.826058081660075e-08,0.399997502348843,"{'table_obstacle': {'pos': [0.3825981920028062, 0.37518922255766707, 0.1646257963690813], 'size': [0.049837904948193595, 0.0813235869879147, 0.05243307039854257]}, 'pillar_obstacle': {'pos': [0.39994824830915515, -0.3824307480766307, 0.23470116647765446], 'size': [0.033663755439403885, 0.20172185302840845, 0.0]}, 'small_block': {'pos': [0.6140097595303955, -0.3535133918987863, 0.1097032402875184], 'size': [0.04461973939918376, 0.0849493067344041, 0.09534921802665242]}}"
2.606999999999824,0.4279995480247874,0.0,0.4,0.42536803868371775,-8.160603576875543e-08,0.3999975285314207,"{'table_obstacle': {'pos': [0.3825981920028062, 0.37518922255766707, 0.1646257963690813], 'size': [0.049837904948193595, 0.0813235869879147, 0.05243307039854257]}, 'pillar_obstacle': {'pos': [0.39994824830915515, -0.3824307480766307, 0.23470116647765446], 'size': [0.033663755439403885, 0.20172185302840845, 0.0]}, 'small_block': {'pos': [0.6140097595303955, -0.3535133918987863, 0.1097032402875184], 'size': [0.04461973939918376, 0.0849493067344041, 0.09534921802665242]}}"
2.607999999999824,0.4279995480247874,0.0,0.4,0.42540565658306523,-8.484096313953707e-08,0.3999975547534602,"{'table_obstacle': {'pos': [0.3825981920028062, 0.37518922255766707, 0.1646257963690813], 'size': [0.049837904948193595, 0.0813235869879147, 0.05243307039854257]}, 'pillar_obstacle': {'pos': [0.39994824830915515, -0.3824307480766307, 0.23470116647765446], 'size': [0.033663755439403885, 0.20172185302840845, 0.0]}, 'small_block': {'pos': [0.6140097595303955, -0.3535133918987863, 0.1097032402875184], 'size': [0.04461973939918376, 0.0849493067344041, 0.09534921802665242]}}"
2.6089999999998237,0.4279995480247874,0.0,0.4,0.4254427368992006,-8.796772258493372e-08,0.3999975810002855,"{'table_obstacle': {'pos': [0.3825981920028062, 0.37518922255766707, 0.1646257963690813], 'size': [0.049837904948193595, 0.0813235869879147, 0.05243307039854257]}, 'pillar_obstacle': {'pos': [0.39994824830915515, -0.3824307480766307, 0.23470116647765446], 'size': [0.033663755439403885, 0.20172185302840845, 0.0]}, 'small_block': {'pos': [0.6140097595303955, -0.3535133918987863, 0.1097032402875184], 'size': [0.04461973939918376, 0.0849493067344041, 0.09534921802665242]}}"
2.6099999999998236,0.4279995480247874,0.0,0.4,0.42547928730566054,-9.098864706517341e-08,0.3999976072579096,"{'table_obstacle': {'pos': [0.3825981920028062, 0.37518922255766707, 0.1646257963690813], 'size': [0.049837904948193595, 0.0813235869879147, 0.05243307039854257]}, 'pillar_obstacle': {'pos': [0.39994824830915515, -0.3824307480766307, 0.23470116647765446], 'size': [0.033663755439403885, 0.20172185302840845, 0.0]}, 'small_block': {'pos': [0.6140097595303955, -0.3535133918987863, 0.1097032402875184], 'size': [0.04461973939918376, 0.0849493067344041, 0.09534921802665242]}}"
2.6109999999998235,0.4279995480247874,0.0,0.4,0.4255153153674782,-9.390603948942009e-08,0.399997633513003,"{'table_obstacle': {'pos': [0.3825981920028062, 0.37518922255766707, 0.1646257963690813], 'size': [0.049837904948193595, 0.0813235869879147, 0.05243307039854257]}, 'pillar_obstacle': {'pos': [0.39994824830915515, -0.3824307480766307, 0.23470116647765446], 'size': [0.033663755439403885, 0.20172185302840845, 0.0]}, 'small_block': {'pos': [0.6140097595303955, -0.3535133918987863, 0.1097032402875184], 'size': [0.04461973939918376, 0.0849493067344041, 0.09534921802665242]}}"
2.6119999999998234,0.4279995480247874,0.0,0.4,0.4255508285425386,-9.672217117778751e-08,0.39999765975286344,"{'table_obstacle': {'pos': [0.3825981920028062, 0.37518922255766707, 0.1646257963690813], 'size': [0.049837904948193595, 0.0813235869879147, 0.05243307039854257]}, 'pillar_obstacle': {'pos': [0.39994824830915515, -0.3824307480766307, 0.23470116647765446], 'size': [0.033663755439403885, 0.20172185302840845, 0.0]}, 'small_block': {'pos': [0.6140097595303955, -0.3535133918987863, 0.1097032402875184], 'size': [0.04461973939918376, 0.0849493067344041, 0.09534921802665242]}}"
2.6129999999998232,0.4279995480247874,0.0,0.4,0.42558583418295126,-9.94392791640211e-08,0.39999768596539076,"{'table_obstacle': {'pos': [0.3825981920028062, 0.37518922255766707, 0.1646257963690813], 'size': [0.049837904948193595, 0.0813235869879147, 0.05243307039854257]}, 'pillar_obstacle': {'pos': [0.39994824830915515, -0.3824307480766307, 0.23470116647765446], 'size': [0.033663755439403885, 0.20172185302840845, 0.0]}, 'small_block': {'pos': [0.6140097595303955, -0.3535133918987863, 0.1097032402875184], 'size': [0.04461973939918376, 0.0849493067344041, 0.09534921802665242]}}"
2.613999999999823,0.4279995480247874,0.0,0.4,0.4256203395364332,-1.020595659718335e-07,0.3999977121390582,"{'table_obstacle': {'pos': [0.3825981920028062, 0.37518922255766707, 0.1646257963690813], 'size': [0.049837904948193595, 0.0813235869879147, 0.05243307039854257]}, 'pillar_obstacle': {'pos': [0.39994824830915515, -0.3824307480766307, 0.23470116647765446], 'size': [0.033663755439403885, 0.20172185302840845, 0.0]}, 'small_block': {'pos': [0.6140097595303955, -0.3535133918987863, 0.1097032402875184], 'size': [0.04461973939918376, 0.0849493067344041, 0.09534921802665242]}}"
2.614999999999823,0.4279995480247874,0.0,0.4,0.42565435174769595,-1.0458519831909159e-07,0.3999977382628916,"{'table_obstacle': {'pos': [0.3825981920028062, 0.37518922255766707, 0.1646257963690813], 'size': [0.049837904948193595, 0.0813235869879147, 0.05243307039854257]}, 'pillar_obstacle': {'pos': [0.39994824830915515, -0.3824307480766307, 0.23470116647765446], 'size': [0.033663755439403885, 0.20172185302840845, 0.0]}, 'small_block': {'pos': [0.6140097595303955, -0.3535133918987863, 0.1097032402875184], 'size': [0.04461973939918376, 0.0849493067344041, 0.09534921802665242]}}"
2.615999999999823,0.4279995480247874,0.0,0.4,0.42568787785983175,-1.0701830644803013e-07,0.3999977643264446,"{'table_obstacle': {'pos': [0.3825981920028062, 0.37518922255766707, 0.1646257963690813], 'size': [0.049837904948193595, 0.0813235869879147, 0.05243307039854257]}, 'pillar_obstacle': {'pos': [0.39994824830915515, -0.3824307480766307, 0.23470116647765446], 'size': [0.033663755439403885, 0.20172185302840845, 0.0]}, 'small_block': {'pos': [0.6140097595303955, -0.3535133918987863, 0.1097032402875184], 'size': [0.04461973939918376, 0.0849493067344041, 0.09534921802665242]}}"
2.616999999999823,0.4279995480247874,0.0,0.4,0.4257209248156939,-1.0936098424915572e-07,0.3999977903197786,"{'table_obstacle': {'pos': [0.3825981920028062, 0.37518922255766707, 0.1646257963690813], 'size': [0.049837904948193595, 0.0813235869879147, 0.05243307039854257]}, 'pillar_obstacle': {'pos': [0.39994824830915515, -0.3824307480766307, 0.23470116647765446], 'size': [0.033663755439403885, 0.20172185302840845, 0.0]}, 'small_block': {'pos': [0.6140097595303955, -0.3535133918987863, 0.1097032402875184], 'size': [0.04461973939918376, 0.0849493067344041, 0.09534921802665242]}}"
2.6179999999998227,0.4279995480247874,0.0,0.4,0.4257534994592743,-1.1161528818123995e-07,0.39999781623344227,"{'table_obstacle': {'pos': [0.3825981920028062, 0.37518922255766707, 0.1646257963690813], 'size': [0.049837904948193595, 0.0813235869879147, 0.05243307039854257]}, 'pillar_obstacle': {'pos': [0.39994824830915515, -0.3824307480766307, 0.23470116647765446], 'size': [0.033663755439403885, 0.20172185302840845, 0.0]}, 'small_block': {'pos': [0.6140097595303955, -0.3535133918987863, 0.1097032402875184], 'size': [0.04461973939918376, 0.0849493067344041, 0.09534921802665242]}}"
2.6189999999998226,0.4279995480247874,0.0,0.4,0.425785608537066,-1.13783238055921e-07,0.3999978420584532,"{'table_obstacle': {'pos': [0.3825981920028062, 0.37518922255766707, 0.1646257963690813], 'size': [0.049837904948193595, 0.0813235869879147, 0.05243307039854257]}, 'pillar_obstacle': {'pos': [0.39994824830915515, -0.3824307480766307, 0.23470116647765446], 'size': [0.033663755439403885, 0.20172185302840845, 0.0]}, 'small_block': {'pos': [0.6140097595303955, -0.3535133918987863, 0.1097032402875184], 'size': [0.04461973939918376, 0.0849493067344041, 0.09534921802665242]}}"
2.6199999999998225,0.4279995480247874,0.0,0.4,0.4258172586994199,-1.1586681692648387e-07,0.3999978677862791,"{'table_obstacle': {'pos': [0.3825981920028062, 0.37518922255766707, 0.1646257963690813], 'size': [0.049837904948193595, 0.0813235869879147, 0.05243307039854257]}, 'pillar_obstacle': {'pos': [0.39994824830915515, -0.3824307480766307, 0.23470116647765446], 'size': [0.033663755439403885, 0.20172185302840845, 0.0]}, 'small_block': {'pos': [0.6140097595303955, -0.3535133918987863, 0.1097032402875184], 'size': [0.04461973939918376, 0.0849493067344041, 0.09534921802665242]}}"
2.6209999999998224,0.4279995480247874,0.0,0.4,0.42584845650188446,-1.1786797100030256e-07,0.3999978934088201,"{'table_obstacle': {'pos': [0.3825981920028062, 0.37518922255766707, 0.1646257963690813], 'size': [0.049837904948193595, 0.0813235869879147, 0.05243307039854257]}, 'pillar_obstacle': {'pos': [0.39994824830915515, -0.3824307480766307, 0.23470116647765446], 'size': [0.033663755439403885, 0.20172185302840845, 0.0]}, 'small_block': {'pos': [0.6140097595303955, -0.3535133918987863, 0.1097032402875184], 'size': [0.04461973939918376, 0.0849493067344041, 0.09534921802665242]}}"
2.6219999999998223,0.4279995480247874,0.0,0.4,0.425879208406535,-1.1978861041196716e-07,0.39999791891839387,"{'table_obstacle': {'pos': [0.3825981920028062, 0.37518922255766707, 0.1646257963690813], 'size': [0.049837904948193595, 0.0813235869879147, 0.05243307039854257]}, 'pillar_obstacle': {'pos': [0.39994824830915515, -0.3824307480766307, 0.23470116647765446], 'size': [0.033663755439403885, 0.20172185302840845, 0.0]}, 'small_block': {'pos': [0.6140097595303955, -0.3535133918987863, 0.1097032402875184], 'size': [0.04461973939918376, 0.0849493067344041, 0.09534921802665242]}}"
2.622999999999822,0.4279995480247874,0.0,0.4,0.4259095207832866,-1.2163060874630463e-07,0.39999794430771807,"{'table_obstacle': {'pos': [0.3825981920028062, 0.37518922255766707, 0.1646257963690813], 'size': [0.049837904948193595, 0.0813235869879147, 0.05243307039854257]}, 'pillar_obstacle': {'pos': [0.39994824830915515, -0.3824307480766307, 0.23470116647765446], 'size': [0.033663755439403885, 0.20172185302840845, 0.0]}, 'small_block': {'pos': [0.6140097595303955, -0.3535133918987863, 0.1097032402875184], 'size': [0.04461973939918376, 0.0849493067344041, 0.09534921802665242]}}"
2.623999999999822,0.4279995480247874,0.0,0.4,0.42593939991119295,-1.233958046163043e-07,0.3999979695698968,"{'table_obstacle': {'pos': [0.3825981920028062, 0.37518922255766707, 0.1646257963690813], 'size': [0.049837904948193595, 0.0813235869879147, 0.05243307039854257]}, 'pillar_obstacle': {'pos': [0.39994824830915515, -0.3824307480766307, 0.23470116647765446], 'size': [0.033663755439403885, 0.20172185302840845, 0.0]}, 'small_block': {'pos': [0.6140097595303955, -0.3535133918987863, 0.1097032402875184], 'size': [0.04461973939918376, 0.0849493067344041, 0.09534921802665242]}}"
2.624999999999822,0.4279995480247874,0.0,0.4,0.4259688519797281,-1.2508600076576327e-07,0.399997994698404,"{'table_obstacle': {'pos': [0.3825981920028062, 0.37518922255766707, 0.1646257963690813], 'size': [0.049837904948193595, 0.0813235869879147, 0.05243307039854257]}, 'pillar_obstacle': {'pos': [0.39994824830915515, -0.3824307480766307, 0.23470116647765446], 'size': [0.033663755439403885, 0.20172185302840845, 0.0]}, 'small_block': {'pos': [0.6140097595303955, -0.3535133918987863, 0.1097032402875184], 'size': [0.04461973939918376, 0.0849493067344041, 0.09534921802665242]}}"
2.625999999999822,0.4279995480247874,0.0,0.4,0.42599788309005443,-1.2670296539382993e-07,0.39999801968707255,"{'table_obstacle': {'pos': [0.3825981920028062, 0.37518922255766707, 0.1646257963690813], 'size': [0.049837904948193595, 0.0813235869879147, 0.05243307039854257]}, 'pillar_obstacle': {'pos': [0.39994824830915515, -0.3824307480766307, 0.23470116647765446], 'size': [0.033663755439403885, 0.20172185302840845, 0.0]}, 'small_block': {'pos': [0.6140097595303955, -0.3535133918987863, 0.1097032402875184], 'size': [0.04461973939918376, 0.0849493067344041, 0.09534921802665242]}}"
2.6269999999998217,0.43199953000688723,0.0,0.4,0.42602649925627273,-1.2824843298301633e-07,0.39999804453007815,"{'table_obstacle': {'pos': [0.3825981920028062, 0.37518922255766707, 0.1646257963690813], 'size': [0.049837904948193595, 0.0813235869879147, 0.05243307039854257]}, 'pillar_obstacle': {'pos': [0.39994824830915515, -0.3824307480766307, 0.23470116647765446], 'size': [0.033663755439403885, 0.20172185302840845, 0.0]}, 'small_block': {'pos': [0.6140097595303955, -0.3535133918987863, 0.1097032402875184], 'size': [0.04461973939918376, 0.0849493067344041, 0.09534921802665242]}}"
2.6279999999998216,0.43199953000688723,0.0,0.4,0.426065597747277,-1.1337543778753692e-07,0.39999801203772956,"{'table_obstacle': {'pos': [0.3825981920028062, 0.37518922255766707, 0.1646257963690813], 'size': [0.049837904948193595, 0.0813235869879147, 0.05243307039854257]}, 'pillar_obstacle': {'pos': [0.39994824830915515, -0.3824307480766307, 0.23470116647765446], 'size': [0.033663755439403885, 0.20172185302840845, 0.0]}, 'small_block': {'pos': [0.6140097595303955, -0.3535133918987863, 0.1097032402875184], 'size': [0.04461973939918376, 0.0849493067344041, 0.09534921802665242]}}"
2.6289999999998215,0.43199953000688723,0.0,0.4,0.42611295347524286,-8.887713703022981e-08,0.39999794328093263,"{'table_obstacle': {'pos': [0.3825981920028062, 0.37518922255766707, 0.1646257963690813], 'size': [0.049837904948193595, 0.0813235869879147, 0.05243307039854257]}, 'pillar_obstacle': {'pos': [0.39994824830915515, -0.3824307480766307, 0.23470116647765446], 'size': [0.033663755439403885, 0.20172185302840845, 0.0]}, 'small_block': {'pos': [0.6140097595303955, -0.3535133918987863, 0.1097032402875184], 'size': [0.04461973939918376, 0.0849493067344041, 0.09534921802665242]}}"
2.6299999999998214,0.43199953000688723,0.0,0.4,0.42616676848796786,-5.9520282690997114e-08,0.39999785320866227,"{'table_obstacle': {'pos': [0.3825981920028062, 0.37518922255766707, 0.1646257963690813], 'size': [0.049837904948193595, 0.0813235869879147, 0.05243307039854257]}, 'pillar_obstacle': {'pos': [0.39994824830915515, -0.3824307480766307, 0.23470116647765446], 'size': [0.033663755439403885, 0.20172185302840845, 0.0]}, 'small_block': {'pos': [0.6140097595303955, -0.3535133918987863, 0.1097032402875184], 'size': [0.04461973939918376, 0.0849493067344041, 0.09534921802665242]}}"
2.6309999999998213,0.43199953000688723,0.0,0.4,0.42622559060369536,-2.857581915686136e-08,0.39999775231168316,"{'table_obstacle': {'pos': [0.3825981920028062, 0.37518922255766707, 0.1646257963690813], 'size': [0.049837904948193595, 0.0813235869879147, 0.05243307039854257]}, 'pillar_obstacle': {'pos': [0.39994824830915515, -0.3824307480766307, 0.23470116647765446], 'size': [0.033663755439403885, 0.20172185302840845, 0.0]}, 'small_block': {'pos': [0.6140097595303955, -0.3535133918987863, 0.1097032402875184], 'size': [0.04461973939918376, 0.0849493067344041, 0.09534921802665242]}}"
2.631999999999821,0.43199953000688723,0.0,0.4,0.4262882475171238,1.7802629581815141e-09,0.39999764783786074,"{'table_obstacle': {'pos': [0.3825981920028062, 0.37518922255766707, 0.1646257963690813], 'size': [0.049837904948193595, 0.0813235869879147, 0.05243307039854257]}, 'pillar_obstacle': {'pos': [0.39994824830915515, -0.3824307480766307, 0.23470116647765446], 'size': [0.033663755439403885, 0.20172185302840845, 0.0]}, 'small_block': {'pos': [0.6140097595303955, -0.3535133918987863, 0.1097032402875184], 'size': [0.04461973939918376, 0.0849493067344041, 0.09534921802665242]}}"
2.632999999999821,0.43199953000688723,0.0,0.4,0.42635379344220936,3.016535063007229e-08,0.3999975446827802,"{'table_obstacle': {'pos': [0.3825981920028062, 0.37518922255766707, 0.1646257963690813], 'size': [0.049837904948193595, 0.0813235869879147, 0.05243307039854257]}, 'pillar_obstacle': {'pos': [0.39994824830915515, -0.3824307480766307, 0.23470116647765446], 'size': [0.033663755439403885, 0.20172185302840845, 0.0]}, 'small_block': {'pos': [0.6140097595303955, -0.3535133918987863, 0.1097032402875184], 'size': [0.04461973939918376, 0.0849493067344041, 0.09534921802665242]}}"
2.633999999999821,0.43199953000688723,0.0,0.4,0.42642146591133234,5.5764429089917024e-08,0.39999744604382703,"{'table_obstacle': {'pos': [0.3825981920028062, 0.37518922255766707, 0.1646257963690813], 'size': [0.049837904948193595, 0.0813235869879147, 0.05243307039854257]}, 'pillar_obstacle': {'pos': [0.39994824830915515, -0.3824307480766307, 0.23470116647765446], 'size': [0.033663755439403885, 0.20172185302840845, 0.0]}, 'small_block': {'pos': [0.6140097595303955, -0.3535133918987863, 0.1097032402875184], 'size': [0.04461973939918376, 0.0849493067344041, 0.09534921802665242]}}"
2.634999999999821,0.43199953000688723,0.0,0.4,0.4264906508007157,7.816201535316612e-08,0.39999735390104196,"{'table_obstacle': {'pos': [0.3825981920028062, 0.37518922255766707, 0.1646257963690813], 'size': [0.049837904948193595, 0.0813235869879147, 0.05243307039854257]}, 'pillar_obstacle': {'pos': [0.39994824830915515, -0.3824307480766307, 0.23470116647765446], 'size': [0.033663755439403885, 0.20172185302840845, 0.0]}, 'small_block': {'pos': [0.6140097595303955, -0.3535133918987863, 0.1097032402875184], 'size': [0.04461973939918376, 0.0849493067344041, 0.09534921802665242]}}"
2.6359999999998207,0.43199953000688723,0.0,0.4,0.42656085401769367,9.721790043743187e-08,0.3999972693705413,"{'table_obstacle': {'pos': [0.3825981920028062, 0.37518922255766707, 0.1646257963690813], 'size': [0.049837904948193595, 0.0813235869879147, 0.05243307039854257]}, 'pillar_obstacle': {'pos': [0.39994824830915515, -0.3824307480766307, 0.23470116647765446], 'size': [0.033663755439403885, 0.20172185302840845, 0.0]}, 'small_block': {'pos': [0.6140097595303955, -0.3535133918987863, 0.1097032402875184], 'size': [0.04461973939918376, 0.0849493067344041, 0.09534921802665242]}}"
2.6369999999998206,0.43199953000688723,0.0,0.4,0.4266316785822265,1.129760267842747e-07,0.3999971929638714,"{'table_obstacle': {'pos': [0.3825981920028062, 0.37518922255766707, 0.1646257963690813], 'size': [0.049837904948193595, 0.0813235869879147, 0.05243307039854257]}, 'pillar_obstacle': {'pos': [0.39994824830915515, -0.3824307480766307, 0.23470116647765446], 'size': [0.033663755439403885, 0.20172185302840845, 0.0]}, 'small_block': {'pos': [0.6140097595303955, -0.3535133918987863, 0.1097032402875184], 'size': [0.04461973939918376, 0.0849493067344041, 0.09534921802665242]}}"
2.6379999999998205,0.43199953000688723,0.0,0.4,0.4267028060758124,1.2559832382279035e-07,0.39999712477773675,"{'table_obstacle': {'pos': [0.3825981920028062, 0.37518922255766707, 0.1646257963690813], 'size': [0.049837904948193595, 0.0813235869879147, 0.05243307039854257]}, 'pillar_obstacle': {'pos': [0.39994824830915515, -0.3824307480766307, 0.23470116647765446], 'size': [0.033663755439403885, 0.20172185302840845, 0.0]}, 'small_block': {'pos': [0.6140097595303955, -0.3535133918987863, 0.1097032402875184], 'size': [0.04461973939918376, 0.0849493067344041, 0.09534921802665242]}}"
2.6389999999998204,0.43199953000688723,0.0,0.4,0.42677398162612,1.3531725098601035e-07,0.3999970646321259,"{'table_obstacle': {'pos': [0.3825981920028062, 0.37518922255766707, 0.1646257963690813], 'size': [0.049837904948193595, 0.0813235869879147, 0.05243307039854257]}, 'pillar_obstacle': {'pos': [0.39994824830915515, -0.3824307480766307, 0.23470116647765446], 'size': [0.033663755439403885, 0.20172185302840845, 0.0]}, 'small_block': {'pos': [0.6140097595303955, -0.3535133918987863, 0.1097032402875184], 'size': [0.04461973939918376, 0.0849493067344041, 0.09534921802665242]}}"
2.6399999999998203,0.43199953000688723,0.0,0.4,0.42684500175385504,1.424022852675731e-07,0.39999701217017103,"{'table_obstacle': {'pos': [0.3825981920028062, 0.37518922255766707, 0.1646257963690813], 'size': [0.049837904948193595, 0.0813235869879147, 0.05243307039854257]}, 'pillar_obstacle': {'pos': [0.39994824830915515, -0.3824307480766307, 0.23470116647765446], 'size': [0.033663755439403885, 0.20172185302840845, 0.0]}, 'small_block': {'pos': [0.6140097595303955, -0.3535133918987863, 0.1097032402875184], 'size': [0.04461973939918376, 0.0849493067344041, 0.09534921802665242]}}"
2.64099999999982,0.43199953000688723,0.0,0.4,0.4269157045365436,1.4713673375700688e-07,0.39999696692965836,"{'table_obstacle': {'pos': [0.3825981920028062, 0.37518922255766707, 0.1646257963690813], 'size': [0.049837904948193595, 0.0813235869879147, 0.05243307039854257]}, 'pillar_obstacle': {'pos': [0.39994824830915515, -0.3824307480766307, 0.23470116647765446], 'size': [0.033663755439403885, 0.20172185302840845, 0.0]}, 'small_block': {'pos': [0.6140097595303955, -0.3535133918987863, 0.1097032402875184], 'size': [0.04461973939918376, 0.0849493067344041, 0.09534921802665242]}}"
2.64199999999982,0.43199953000688723,0.0,0.4,0.42698596164773506,1.4980213135474148e-07,0.39999692839357476,"{'table_obstacle': {'pos': [0.3825981920028062, 0.37518922255766707, 0.1646257963690813], 'size': [0.049837904948193595, 0.0813235869879147, 0.05243307039854257]}, 'pillar_obstacle': {'pos': [0.39994824830915515, -0.3824307480766307, 0.23470116647765446], 'size': [0.033663755439403885, 0.20172185302840845, 0.0]}, 'small_block': {'pos': [0.6140097595303955, -0.3535133918987863, 0.1097032402875184], 'size': [0.04461973939918376, 0.0849493067344041, 0.09534921802665242]}}"
2.64299999999982,0.43199953000688723,0.0,0.4,0.4270556719142037,1.5066815523455882e-07,0.399996896025204,"{'table_obstacle': {'pos': [0.3825981920028062, 0.37518922255766707, 0.1646257963690813], 'size': [0.049837904948193595, 0.0813235869879147, 0.05243307039854257]}, 'pillar_obstacle': {'pos': [0.39994824830915515, -0.3824307480766307, 0.23470116647765446], 'size': [0.033663755439403885, 0.20172185302840845, 0.0]}, 'small_block': {'pos': [0.6140097595303955, -0.3535133918987863, 0.1097032402875184], 'size': [0.04461973939918376, 0.0849493067344041, 0.09534921802665242]}}"
2.64399999999982,0.43199953000688723,0.0,0.4,0.4271247561018248,1.4998650891082156e-07,0.3999968692918984,"{'table_obstacle': {'pos': [0.3825981920028062, 0.37518922255766707, 0.1646257963690813], 'size': [0.049837904948193595, 0.0813235869879147, 0.05243307039854257]}, 'pillar_obstacle': {'pos': [0.39994824830915515, -0.3824307480766307, 0.23470116647765446], 'size': [0.033663755439403885, 0.20172185302840845, 0.0]}, 'small_block': {'pos': [0.6140097595303955, -0.3535133918987863, 0.1097032402875184], 'size': [0.04461973939918376, 0.0849493067344041, 0.09534921802665242]}}"
2.6449999999998197,0.43199953000688723,0.0,0.4,0.42719315269591696,1.479876149457775e-07,0.39999684768059973,"{'table_obstacle': {'pos': [0.3825981920028062, 0.37518922255766707, 0.1646257963690813], 'size': [0.049837904948193595, 0.0813235869879147, 0.05243307039854257]}, 'pillar_obstacle': {'pos': [0.39994824830915515, -0.3824307480766307, 0.23470116647765446], 'size': [0.033663755439403885, 0.20172185302840845, 0.0]}, 'small_block': {'pos': [0.6140097595303955, -0.3535133918987863, 0.1097032402875184], 'size': [0.04461973939918376, 0.0849493067344041, 0.09534921802665242]}}"
2.6459999999998196,0.43199953000688723,0.0,0.4,0.4272608144864849,1.4487926197336469e-07,0.39999683070740916,"{'table_obstacle': {'pos': [0.3825981920028062, 0.37518922255766707, 0.1646257963690813], 'size': [0.049837904948193595, 0.0813235869879147, 0.05243307039854257]}, 'pillar_obstacle': {'pos': [0.39994824830915515, -0.3824307480766307, 0.23470116647765446], 'size': [0.033663755439403885, 0.20172185302840845, 0.0]}, 'small_block': {'pos': [0.6140097595303955, -0.3535133918987863, 0.1097032402875184], 'size': [0.04461973939918376, 0.0849493067344041, 0.09534921802665242]}}"
2.6469999999998195,0.43199953000688723,0.0,0.4,0.42732770580492013,1.4084657067354778e-07,0.3999968179229128,"{'table_obstacle': {'pos': [0.3825981920028062, 0.37518922255766707, 0.1646257963690813], 'size': [0.049837904948193595, 0.0813235869879147, 0.05243307039854257]}, 'pillar_obstacle': {'pos': [0.39994824830915515, -0.3824307480766307, 0.23470116647765446], 'size': [0.033663755439403885, 0.20172185302840845, 0.0]}, 'small_block': {'pos': [0.6140097595303955, -0.3535133918987863, 0.1097032402875184], 'size': [0.04461973939918376, 0.0849493067344041, 0.09534921802665242]}}"
2.6479999999998194,0.43199953000688723,0.0,0.4,0.4273938002879634,1.360528238462618e-07,0.3999968089145337,"{'table_obstacle': {'pos': [0.3825981920028062, 0.37518922255766707, 0.1646257963690813], 'size': [0.049837904948193595, 0.0813235869879147, 0.05243307039854257]}, 'pillar_obstacle': {'pos': [0.39994824830915515, -0.3824307480766307, 0.23470116647765446], 'size': [0.033663755439403885, 0.20172185302840845, 0.0]}, 'small_block': {'pos': [0.6140097595303955, -0.3535133918987863, 0.1097032402875184], 'size': [0.04461973939918376, 0.0849493067344041, 0.09534921802665242]}}"
2.6489999999998193,0.43199953000688723,0.0,0.4,0.42745907906841246,1.3064082291142071e-07,0.399996803306843,"{'table_obstacle': {'pos': [0.3825981920028062, 0.37518922255766707, 0.1646257963690813], 'size': [0.049837904948193595, 0.0813235869879147, 0.05243307039854257]}, 'pillar_obstacle': {'pos': [0.39994824830915515, -0.3824307480766307, 0.23470116647765446], 'size': [0.033663755439403885, 0.20172185302840845, 0.0]}, 'small_block': {'pos': [0.6140097595303955, -0.3535133918987863, 0.1097032402875184], 'size': [0.04461973939918376, 0.0849493067344041, 0.09534921802665242]}}"
2.649999999999819,0.43199953000688723,0.0,0.4,0.4275235293112141,1.2473454019955462e-07,0.39999680076051636,"{'table_obstacle': {'pos': [0.3825981920028062, 0.37518922255766707, 0.1646257963690813], 'size': [0.049837904948193595, 0.0813235869879147, 0.05243307039854257]}, 'pillar_obstacle': {'pos': [0.39994824830915515, -0.3824307480766307, 0.23470116647765446], 'size': [0.033663755439403885, 0.20172185302840845, 0.0]}, 'small_block': {'pos': [0.6140097595303955, -0.3535133918987863, 0.1097032402875184], 'size': [0.04461973939918376, 0.0849493067344041, 0.09534921802665242]}}"
2.650999999999819,0.43199953000688723,0.0,0.4,0.4275871430290963,1.1844090026532619e-07,0.3999968009704337,"{'table_obstacle': {'pos': [0.3825981920028062, 0.37518922255766707, 0.1646257963690813], 'size': [0.049837904948193595, 0.0813235869879147, 0.05243307039854257]}, 'pillar_obstacle': {'pos': [0.39994824830915515, -0.3824307480766307, 0.23470116647765446], 'size': [0.033663755439403885, 0.20172185302840845, 0.0]}, 'small_block': {'pos': [0.6140097595303955, -0.3535133918987863, 0.1097032402875184], 'size': [0.04461973939918376, 0.0849493067344041, 0.09534921802665242]}}"
2.651999999999819,0.43199953000688723,0.0,0.4,0.4276499161244386,1.1185157819693457e-07,0.39999680366328016,"{'table_obstacle': {'pos': [0.3825981920028062, 0.37518922255766707, 0.1646257963690813], 'size': [0.049837904948193595, 0.0813235869879147, 0.05243307039854257]}, 'pillar_obstacle': {'pos': [0.39994824830915515, -0.3824307480766307, 0.23470116647765446], 'size': [0.033663755439403885, 0.20172185302840845, 0.0]}, 'small_block': {'pos': [0.6140097595303955, -0.3535133918987863, 0.1097032402875184], 'size': [0.04461973939918376, 0.0849493067344041, 0.09534921802665242]}}"
2.652999999999819,0.43199953000688723,0.0,0.4,0.427711847614255,1.0504474325571421e-07,0.39999680859489845,"{'table_obstacle': {'pos': [0.3825981920028062, 0.37518922255766707, 0.1646257963690813], 'size': [0.049837904948193595, 0.0813235869879147, 0.05243307039854257]}, 'pillar_obstacle': {'pos': [0.39994824830915515, -0.3824307480766307, 0.23470116647765446], 'size': [0.033663755439403885, 0.20172185302840845, 0.0]}, 'small_block': {'pos': [0.6140097595303955, -0.3535133918987863, 0.1097032402875184], 'size': [0.04461973939918376, 0.0849493067344041, 0.09534921802665242]}}"
2.6539999999998187,0.43199953000688723,0.0,0.4,0.42777293900337005,9.808670041362024e-08,0.3999968155475728,"{'table_obstacle': {'pos': [0.3825981920028062, 0.37518922255766707, 0.1646257963690813], 'size': [0.049837904948193595, 0.0813235869879147, 0.05243307039854257]}, 'pillar_obstacle': {'pos': [0.39994824830915515, -0.3824307480766307, 0.23470116647765446], 'size': [0.033663755439403885, 0.20172185302840845, 0.0]}, 'small_block': {'pos': [0.6140097595303955, -0.3535133918987863, 0.1097032402875184], 'size': [0.04461973939918376, 0.0849493067344041, 0.09534921802665242]}}"
2.6549999999998186,0.43199953000688723,0.0,0.4,0.42783319377753676,9.103340498287079e-08,0.3999968243273567,"{'table_obstacle': {'pos': [0.3825981920028062, 0.37518922255766707, 0.1646257963690813], 'size': [0.049837904948193595, 0.0813235869879147, 0.05243307039854257]}, 'pillar_obstacle': {'pos': [0.39994824830915515, -0.3824307480766307, 0.23470116647765446], 'size': [0.033663755439403885, 0.20172185302840845, 0.0]}, 'small_block': {'pos': [0.6140097595303955, -0.3535133918987863, 0.1097032402875184], 'size': [0.04461973939918376, 0.0849493067344041, 0.09534921802665242]}}"
2.6559999999998185,0.43199953000688723,0.0,0.4,0.42789261699362596,8.393183752495896e-08,0.3999968347615252,"{'table_obstacle': {'pos': [0.3825981920028062, 0.37518922255766707, 0.1646257963690813], 'size': [0.049837904948193595, 0.0813235869879147, 0.05243307039854257]}, 'pillar_obstacle': {'pos': [0.39994824830915515, -0.3824307480766307, 0.23470116647765446], 'size': [0.033663755439403885, 0.20172185302840845, 0.0]}, 'small_block': {'pos': [0.6140097595303955, -0.3535133918987863, 0.1097032402875184], 'size': [0.04461973939918376, 0.0849493067344041, 0.09534921802665242]}}"
2.6569999999998184,0.43199953000688723,0.0,0.4,0.4279512149483787,7.682123677780768e-08,0.3999968466961953,"{'table_obstacle': {'pos': [0.3825981920028062, 0.37518922255766707, 0.1646257963690813], 'size': [0.049837904948193595, 0.0813235869879147, 0.05243307039854257]}, 'pillar_obstacle': {'pos': [0.39994824830915515, -0.3824307480766307, 0.23470116647765446], 'size': [0.033663755439403885, 0.20172185302840845, 0.0]}, 'small_block': {'pos': [0.6140097595303955, -0.3535133918987863, 0.1097032402875184], 'size': [0.04461973939918376, 0.0849493067344041, 0.09534921802665242]}}"
2.6579999999998183,0.43199953000688723,0.0,0.4,0.42800899491073763,6.973419383405078e-08,0.39999685999414075,"{'table_obstacle': {'pos': [0.3825981920028062, 0.37518922255766707, 0.1646257963690813], 'size': [0.049837904948193595, 0.0813235869879147, 0.05243307039854257]}, 'pillar_obstacle': {'pos': [0.39994824830915515, -0.3824307480766307, 0.23470116647765446], 'size': [0.033663755439403885, 0.20172185302840845, 0.0]}, 'small_block': {'pos': [0.6140097595303955, -0.3535133918987863, 0.1097032402875184], 'size': [0.04461973939918376, 0.0849493067344041, 0.09534921802665242]}}"
2.658999999999818,0.43199953000688723,0.0,0.4,0.42806596490563753,6.269761459682657e-08,0.39999687453280797,"{'table_obstacle': {'pos': [0.3825981920028062, 0.37518922255766707, 0.1646257963690813], 'size': [0.049837904948193595, 0.0813235869879147, 0.05243307039854257]}, 'pillar_obstacle': {'pos': [0.39994824830915515, -0.3824307480766307, 0.23470116647765446], 'size': [0.033663755439403885, 0.20172185302840845, 0.0]}, 'small_block': {'pos': [0.6140097595303955, -0.3535133918987863, 0.1097032402875184], 'size': [0.04461973939918376, 0.0849493067344041, 0.09534921802665242]}}"
2.659999999999818,0.43199953000688723,0.0,0.4,0.4281221335394365,5.5733562365591875e-08,0.39999689020253487,"{'table_obstacle': {'pos': [0.3825981920028062, 0.37518922255766707, 0.1646257963690813], 'size': [0.049837904948193595, 0.0813235869879147, 0.05243307039854257]}, 'pillar_obstacle': {'pos': [0.39994824830915515, -0.3824307480766307, 0.23470116647765446], 'size': [0.033663755439403885, 0.20172185302840845, 0.0]}, 'small_block': {'pos': [0.6140097595303955, -0.3535133918987863, 0.1097032402875184], 'size': [0.04461973939918376, 0.0849493067344041, 0.09534921802665242]}}"
2.660999999999818,0.43199953000688723,0.0,0.4,0.4281775098590474,4.885998862926071e-08,0.39999690690496514,"{'table_obstacle': {'pos': [0.3825981920028062, 0.37518922255766707, 0.1646257963690813], 'size': [0.049837904948193595, 0.0813235869879147, 0.05243307039854257]}, 'pillar_obstacle': {'pos': [0.39994824830915515, -0.3824307480766307, 0.23470116647765446], 'size': [0.033663755439403885, 0.20172185302840845, 0.0]}, 'small_block': {'pos': [0.6140097595303955, -0.3535133918987863, 0.1097032402875184], 'size': [0.04461973939918376, 0.0849493067344041, 0.09534921802665242]}}"
2.661999999999818,0.43199953000688723,0.0,0.4,0.4282321032383421,4.209136518926593e-08,0.39999692455164393,"{'table_obstacle': {'pos': [0.3825981920028062, 0.37518922255766707, 0.1646257963690813], 'size': [0.049837904948193595, 0.0813235869879147, 0.05243307039854257]}, 'pillar_obstacle': {'pos': [0.39994824830915515, -0.3824307480766307, 0.23470116647765446], 'size': [0.033663755439403885, 0.20172185302840845, 0.0]}, 'small_block': {'pos': [0.6140097595303955, -0.3535133918987863, 0.1097032402875184], 'size': [0.04461973939918376, 0.0849493067344041, 0.09534921802665242]}}"
2.6629999999998177,0.43199953000688723,0.0,0.4,0.4282859232866198,3.543922752665853e-08,0.39999694306278194,"{'table_obstacle': {'pos': [0.3825981920028062, 0.37518922255766707, 0.1646257963690813], 'size': [0.049837904948193595, 0.0813235869879147, 0.05243307039854257]}, 'pillar_obstacle': {'pos': [0.39994824830915515, -0.3824307480766307, 0.23470116647765446], 'size': [0.033663755439403885, 0.20172185302840845, 0.0]}, 'small_block': {'pos': [0.6140097595303955, -0.3535133918987863, 0.1097032402875184], 'size': [0.04461973939918376, 0.0849493067344041, 0.09534921802665242]}}"
2.6639999999998176,0.43199953000688723,0.0,0.4,0.4283389797749356,2.891264170949425e-08,0.39999696236617327,"{'table_obstacle': {'pos': [0.3825981920028062, 0.37518922255766707, 0.1646257963690813], 'size': [0.049837904948193595, 0.0813235869879147, 0.05243307039854257]}, 'pillar_obstacle': {'pos': [0.39994824830915515, -0.3824307480766307, 0.23470116647765446], 'size': [0.033663755439403885, 0.20172185302840845, 0.0]}, 'small_block': {'pos': [0.6140097595303955, -0.3535133918987863, 0.1097032402875184], 'size': [0.04461973939918376, 0.0849493067344041, 0.09534921802665242]}}"
2.6649999999998175,0.43199953000688723,0.0,0.4,0.4283912825768739,2.251860119588719e-08,0.39999698239625275,"{'table_obstacle': {'pos': [0.3825981920028062, 0.37518922255766707, 0.1646257963690813], 'size': [0.049837904948193595, 0.0813235869879147, 0.05243307039854257]}, 'pillar_obstacle': {'pos': [0.39994824830915515, -0.3824307480766307, 0.23470116647765446], 'size': [0.033663755439403885, 0.20172185302840845, 0.0]}, 'small_block': {'pos': [0.6140097595303955, -0.3535133918987863, 0.1097032402875184], 'size': [0.04461973939918376, 0.0849493067344041, 0.09534921802665242]}}"
2.6659999999998174,0.43199953000688723,0.0,0.4,0.4284428416210111,1.6262366464211415e-08,0.39999700309327346,"{'table_obstacle': {'pos': [0.3825981920028062, 0.37518922255766707, 0.1646257963690813], 'size': [0.049837904948193595, 0.0813235869879147, 0.05243307039854257]}, 'pillar_obstacle': {'pos': [0.39994824830915515, -0.3824307480766307, 0.23470116647765446], 'size': [0.033663755439403885, 0.20172185302840845, 0.0]}, 'small_block': {'pos': [0.6140097595303955, -0.3535133918987863, 0.1097032402875184], 'size': [0.04461973939918376, 0.0849493067344041, 0.09534921802665242]}}"
2.6669999999998173,0.43199953000688723,0.0,0.4,0.4284936668528346,1.0147752149855828e-08,0.39999702440259527,"{'table_obstacle': {'pos': [0.3825981920028062, 0.37518922255766707, 0.1646257963690813], 'size': [0.049837904948193595, 0.0813235869879147, 0.05243307039854257]}, 'pillar_obstacle': {'pos': [0.39994824830915515, -0.3824307480766307, 0.23470116647765446], 'size': [0.033663755439403885, 0.20172185302840845, 0.0]}, 'small_block': {'pos': [0.6140097595303955, -0.3535133918987863, 0.1097032402875184], 'size': [0.04461973939918376, 0.0849493067344041, 0.09534921802665242]}}"
2.667999999999817,0.43199953000688723,0.0,0.4,0.4285437682043085,4.177370289698805e-09,0.3999970462740692,"{'table_obstacle': {'pos': [0.3825981920028062, 0.37518922255766707, 0.1646257963690813], 'size': [0.049837904948193595, 0.0813235869879147, 0.05243307039854257]}, 'pillar_obstacle': {'pos': [0.39994824830915515, -0.3824307480766307, 0.23470116647765446], 'size': [0.033663755439403885, 0.20172185302840845, 0.0]}, 'small_block': {'pos': [0.6140097595303955, -0.3535133918987863, 0.1097032402875184], 'size': [0.04461973939918376, 0.0849493067344041, 0.09534921802665242]}}"
2.668999999999817,0.43199953000688723,0.0,0.4,0.42859315556962646,-1.6471636364516574e-09,0.3999970686615032,"{'table_obstacle': {'pos': [0.3825981920028062, 0.37518922255766707, 0.1646257963690813], 'size': [0.049837904948193595, 0.0813235869879147, 0.05243307039854257]}, 'pillar_obstacle': {'pos': [0.39994824830915515, -0.3824307480766307, 0.23470116647765446], 'size': [0.033663755439403885, 0.20172185302840845, 0.0]}, 'small_block': {'pos': [0.6140097595303955, -0.3535133918987863, 0.1097032402875184], 'size': [0.04461973939918376, 0.0849493067344041, 0.09534921802665242]}}"
2.669999999999817,0.43199953000688723,0.0,0.4,0.4286418387859637,-7.325058099640552e-09,0.3999970915222048,"{'table_obstacle': {'pos': [0.3825981920028062, 0.37518922255766707, 0.1646257963690813], 'size': [0.049837904948193595, 0.0813235869879147, 0.05243307039854257]}, 'pillar_obstacle': {'pos': [0.39994824830915515, -0.3824307480766307, 0.23470116647765446], 'size': [0.033663755439403885, 0.20172185302840845, 0.0]}, 'small_block': {'pos': [0.6140097595303955, -0.3535133918987863, 0.1097032402875184], 'size': [0.04461973939918376, 0.0849493067344041, 0.09534921802665242]}}"
2.670999999999817,0.43199953000688723,0.0,0.4,0.4286898276182729,-1.2856199538169884e-08,0.39999711481658334,"{'table_obstacle': {'pos': [0.3825981920028062, 0.37518922255766707, 0.1646257963690813], 'size': [0.049837904948193595, 0.0813235869879147, 0.05243307039854257]}, 'pillar_obstacle': {'pos': [0.39994824830915515, -0.3824307480766307, 0.23470116647765446], 'size': [0.033663755439403885, 0.20172185302840845, 0.0]}, 'small_block': {'pos': [0.6140097595303955, -0.3535133918987863, 0.1097032402875184], 'size': [0.04461973939918376, 0.0849493067344041, 0.09534921802665242]}}"
2.6719999999998167,0.43199953000688723,0.0,0.4,0.42873713174734923,-1.8241029955459316e-08,0.39999713850780894,"{'table_obstacle': {'pos': [0.3825981920028062, 0.37518922255766707, 0.1646257963690813], 'size': [0.049837904948193595, 0.0813235869879147, 0.05243307039854257]}, 'pillar_obstacle': {'pos': [0.39994824830915515, -0.3824307480766307, 0.23470116647765446], 'size': [0.033663755439403885, 0.20172185302840845, 0.0]}, 'small_block': {'pos': [0.6140097595303955, -0.3535133918987863, 0.1097032402875184], 'size': [0.04461973939918376, 0.0849493067344041, 0.09534921802665242]}}"
2.6729999999998166,0.43199953000688723,0.0,0.4,0.4287837607605299,-2.348044482902507e-08,0.3999971625615179,"{'table_obstacle': {'pos': [0.3825981920028062, 0.37518922255766707, 0.1646257963690813], 'size': [0.049837904948193595, 0.0813235869879147, 0.05243307039854257]}, 'pillar_obstacle': {'pos': [0.39994824830915515, -0.3824307480766307, 0.23470116647765446], 'size': [0.033663755439403885, 0.20172185302840845, 0.0]}, 'small_block': {'pos': [0.6140097595303955, -0.3535133918987863, 0.1097032402875184], 'size': [0.04461973939918376, 0.0849493067344041, 0.09534921802665242]}}"
2.6739999999998165,0.43199953000688723,0.0,0.4,0.42882972414453147,-2.857570751062295e-08,0.3999971869455595,"{'table_obstacle': {'pos': [0.3825981920028062, 0.37518922255766707, 0.1646257963690813], 'size': [0.049837904948193595, 0.0813235869879147, 0.05243307039854257]}, 'pillar_obstacle': {'pos': [0.39994824830915515, -0.3824307480766307, 0.23470116647765446], 'size': [0.033663755439403885, 0.20172185302840845, 0.0]}, 'small_block': {'pos': [0.6140097595303955, -0.3535133918987863, 0.1097032402875184], 'size': [0.04461973939918376, 0.0849493067344041, 0.09534921802665242]}}"
2.6749999999998164,0.43199953000688723,0.0,0.4,0.4288750312800028,-3.3528377295321854e-08,0.39999721162977603,"{'table_obstacle': {'pos': [0.3825981920028062, 0.37518922255766707, 0.1646257963690813], 'size': [0.049837904948193595, 0.0813235869879147, 0.05243307039854257]}, 'pillar_obstacle': {'pos': [0.39994824830915515, -0.3824307480766307, 0.23470116647765446], 'size': [0.033663755439403885, 0.20172185302840845, 0.0]}, 'small_block': {'pos': [0.6140097595303955, -0.3535133918987863, 0.1097032402875184], 'size': [0.04461973939918376, 0.0849493067344041, 0.09534921802665242]}}"
2.6759999999998163,0.43199953000688723,0.0,0.4,0.4289196914374677,-3.8340250414606406e-08,0.39999723658581393,"{'table_obstacle': {'pos': [0.3825981920028062, 0.37518922255766707, 0.1646257963690813], 'size': [0.049837904948193595, 0.0813235869879147, 0.05243307039854257]}, 'pillar_obstacle': {'pos': [0.39994824830915515, -0.3824307480766307, 0.23470116647765446], 'size': [0.033663755439403885, 0.20172185302840845, 0.0]}, 'small_block': {'pos': [0.6140097595303955, -0.3535133918987863, 0.1097032402875184], 'size': [0.04461973939918376, 0.0849493067344041, 0.09534921802665242]}}"
2.676999999999816,0.43199953000688723,0.0,0.4,0.4289637137743848,-4.3013309944324474e-08,0.3999972617869599,"{'table_obstacle': {'pos': [0.3825981920028062, 0.37518922255766707, 0.1646257963690813], 'size': [0.049837904948193595, 0.0813235869879147, 0.05243307039854257]}, 'pillar_obstacle': {'pos': [0.39994824830915515, -0.3824307480766307, 0.23470116647765446], 'size': [0.033663755439403885, 0.20172185302840845, 0.0]}, 'small_block': {'pos': [0.6140097595303955, -0.3535133918987863, 0.1097032402875184], 'size': [0.04461973939918376, 0.0849493067344041, 0.09534921802665242]}}"
2.677999999999816,0.43199953000688723,0.0,0.4,0.42900710733310865,-4.754968528394788e-08,0.3999972872079986,"{'table_obstacle': {'pos': [0.3825981920028062, 0.37518922255766707, 0.1646257963690813], 'size': [0.049837904948193595, 0.0813235869879147, 0.05243307039854257]}, 'pillar_obstacle': {'pos': [0.39994824830915515, -0.3824307480766307, 0.23470116647765446], 'size': [0.033663755439403885, 0.20172185302840845, 0.0]}, 'small_block': {'pos': [0.6140097595303955, -0.3535133918987863, 0.1097032402875184], 'size': [0.04461973939918376, 0.0849493067344041, 0.09534921802665242]}}"
2.678999999999816,0.43199953000688723,0.0,0.4,0.4290498810395741,-5.195161741342808e-08,0.39999731282508866,"{'table_obstacle': {'pos': [0.3825981920028062, 0.37518922255766707, 0.1646257963690813], 'size': [0.049837904948193595, 0.0813235869879147, 0.05243307039854257]}, 'pillar_obstacle': {'pos': [0.39994824830915515, -0.3824307480766307, 0.23470116647765446], 'size': [0.033663755439403885, 0.20172185302840845, 0.0]}, 'small_block': {'pos': [0.6140097595303955, -0.3535133918987863, 0.1097032402875184], 'size': [0.04461973939918376, 0.0849493067344041, 0.09534921802665242]}}"
2.679999999999816,0.43199953000688723,0.0,0.4,0.429092043702563,-5.622143111989835e-08,0.3999973386156562,"{'table_obstacle': {'pos': [0.3825981920028062, 0.37518922255766707, 0.1646257963690813], 'size': [0.049837904948193595, 0.0813235869879147, 0.05243307039854257]}, 'pillar_obstacle': {'pos': [0.39994824830915515, -0.3824307480766307, 0.23470116647765446], 'size': [0.033663755439403885, 0.20172185302840845, 0.0]}, 'small_block': {'pos': [0.6140097595303955, -0.3535133918987863, 0.1097032402875184], 'size': [0.04461973939918376, 0.0849493067344041, 0.09534921802665242]}}"
2.6809999999998158,0.43199953000688723,0.0,0.4,0.4291336040134346,-6.03615112603818e-08,0.3999973645582987,"{'table_obstacle': {'pos': [0.3825981920028062, 0.37518922255766707, 0.1646257963690813], 'size': [0.049837904948193595, 0.0813235869879147, 0.05243307039854257]}, 'pillar_obstacle': {'pos': [0.39994824830915515, -0.3824307480766307, 0.23470116647765446], 'size': [0.033663755439403885, 0.20172185302840845, 0.0]}, 'small_block': {'pos': [0.6140097595303955, -0.3535133918987863, 0.1097032402875184], 'size': [0.04461973939918376, 0.0849493067344041, 0.09534921802665242]}}"
2.6819999999998156,0.43199953000688723,0.0,0.4,0.42917457054623137,-6.437428423160802e-08,0.3999973906327035,"{'table_obstacle': {'pos': [0.3825981920028062, 0.37518922255766707, 0.1646257963690813], 'size': [0.049837904948193595, 0.0813235869879147, 0.05243307039854257]}, 'pillar_obstacle': {'pos': [0.39994824830915515, -0.3824307480766307, 0.23470116647765446], 'size': [0.033663755439403885, 0.20172185302840845, 0.0]}, 'small_block': {'pos': [0.6140097595303955, -0.3535133918987863, 0.1097032402875184], 'size': [0.04461973939918376, 0.0849493067344041, 0.09534921802665242]}}"
2.6829999999998155,0.43199953000688723,0.0,0.4,0.42921495175807967,-6.826220154642045e-08,0.3999974168195736,"{'table_obstacle': {'pos': [0.3825981920028062, 0.37518922255766707, 0.1646257963690813], 'size': [0.049837904948193595, 0.0813235869879147, 0.05243307039854257]}, 'pillar_obstacle': {'pos': [0.39994824830915515, -0.3824307480766307, 0.23470116647765446], 'size': [0.033663755439403885, 0.20172185302840845, 0.0]}, 'small_block': {'pos': [0.6140097595303955, -0.3535133918987863, 0.1097032402875184], 'size': [0.04461973939918376, 0.0849493067344041, 0.09534921802665242]}}"
2.6839999999998154,0.43199953000688723,0.0,0.4,0.4292547559898274,-7.202772700488729e-08,0.39999744310056395,"{'table_obstacle': {'pos': [0.3825981920028062, 0.37518922255766707, 0.1646257963690813], 'size': [0.049837904948193595, 0.0813235869879147, 0.05243307039854257]}, 'pillar_obstacle': {'pos': [0.39994824830915515, -0.3824307480766307, 0.23470116647765446], 'size': [0.033663755439403885, 0.20172185302840845, 0.0]}, 'small_block': {'pos': [0.6140097595303955, -0.3535133918987863, 0.1097032402875184], 'size': [0.04461973939918376, 0.0849493067344041, 0.09534921802665242]}}"
2.6849999999998153,0.43199953000688723,0.0,0.4,0.42929399146686753,-7.567332640896348e-08,0.399997469458223,"{'table_obstacle': {'pos': [0.3825981920028062, 0.37518922255766707, 0.1646257963690813], 'size': [0.049837904948193595, 0.0813235869879147, 0.05243307039854257]}, 'pillar_obstacle': {'pos': [0.39994824830915515, -0.3824307480766307, 0.23470116647765446], 'size': [0.033663755439403885, 0.20172185302840845, 0.0]}, 'small_block': {'pos': [0.6140097595303955, -0.3535133918987863, 0.1097032402875184], 'size': [0.04461973939918376, 0.0849493067344041, 0.09534921802665242]}}"
2.685999999999815,0.43199953000688723,0.0,0.4,0.4293326663001098,-7.920145881191447e-08,0.39999749587594124,"{'table_obstacle': {'pos': [0.3825981920028062, 0.37518922255766707, 0.1646257963690813], 'size': [0.049837904948193595, 0.0813235869879147, 0.05243307039854257]}, 'pillar_obstacle': {'pos': [0.39994824830915515, -0.3824307480766307, 0.23470116647765446], 'size': [0.033663755439403885, 0.20172185302840845, 0.0]}, 'small_block': {'pos': [0.6140097595303955, -0.3535133918987863, 0.1097032402875184], 'size': [0.04461973939918376, 0.0849493067344041, 0.09534921802665242]}}"
2.686999999999815,0.43199953000688723,0.0,0.4,0.4293707884870643,-8.261456942876563e-08,0.3999975223379054,"{'table_obstacle': {'pos': [0.3825981920028062, 0.37518922255766707, 0.1646257963690813], 'size': [0.049837904948193595, 0.0813235869879147, 0.05243307039854257]}, 'pillar_obstacle': {'pos': [0.39994824830915515, -0.3824307480766307, 0.23470116647765446], 'size': [0.033663755439403885, 0.20172185302840845, 0.0]}, 'small_block': {'pos': [0.6140097595303955, -0.3535133918987863, 0.1097032402875184], 'size': [0.04461973939918376, 0.0849493067344041, 0.09534921802665242]}}"
2.687999999999815,0.43199953000688723,0.0,0.4,0.42940836591301607,-8.591508419601364e-08,0.3999975488290555,"{'table_obstacle': {'pos': [0.3825981920028062, 0.37518922255766707, 0.1646257963690813], 'size': [0.049837904948193595, 0.0813235869879147, 0.05243307039854257]}, 'pillar_obstacle': {'pos': [0.39994824830915515, -0.3824307480766307, 0.23470116647765446], 'size': [0.033663755439403885, 0.20172185302840845, 0.0]}, 'small_block': {'pos': [0.6140097595303955, -0.3535133918987863, 0.1097032402875184], 'size': [0.04461973939918376, 0.0849493067344041, 0.09534921802665242]}}"
2.688999999999815,0.43199953000688723,0.0,0.4,0.4294454063522651,-8.910540502911712e-08,0.3999975753350473,"{'table_obstacle': {'pos': [0.3825981920028062, 0.37518922255766707, 0.1646257963690813], 'size': [0.049837904948193595, 0.0813235869879147, 0.05243307039854257]}, 'pillar_obstacle': {'pos': [0.39994824830915515, -0.3824307480766307, 0.23470116647765446], 'size': [0.033663755439403885, 0.20172185302840845, 0.0]}, 'small_block': {'pos': [0.6140097595303955, -0.3535133918987863, 0.1097032402875184], 'size': [0.04461973939918376, 0.0849493067344041, 0.09534921802665242]}}"
2.6899999999998148,0.43199953000688723,0.0,0.4,0.4294819174694182,-9.218790632584748e-08,0.3999976018422179,"{'table_obstacle': {'pos': [0.3825981920028062, 0.37518922255766707, 0.1646257963690813], 'size': [0.049837904948193595, 0.0813235869879147, 0.05243307039854257]}, 'pillar_obstacle': {'pos': [0.39994824830915515, -0.3824307480766307, 0.23470116647765446], 'size': [0.033663755439403885, 0.20172185302840845, 0.0]}, 'small_block': {'pos': [0.6140097595303955, -0.3535133918987863, 0.1097032402875184], 'size': [0.04461973939918376, 0.0849493067344041, 0.09534921802665242]}}"
2.6909999999998147,0.43199953000688723,0.0,0.4,0.42951790682071683,-9.516493270802732e-08,0.39999762833755254,"{'table_obstacle': {'pos': [0.3825981920028062, 0.37518922255766707, 0.1646257963690813], 'size': [0.049837904948193595, 0.0813235869879147, 0.05243307039854257]}, 'pillar_obstacle': {'pos': [0.39994824830915515, -0.3824307480766307, 0.23470116647765446], 'size': [0.033663755439403885, 0.20172185302840845, 0.0]}, 'small_block': {'pos': [0.6140097595303955, -0.3535133918987863, 0.1097032402875184], 'size': [0.04461973939918376, 0.0849493067344041, 0.09534921802665242]}}"
2.6919999999998145,0.43199953000688723,0.0,0.4,0.42955338185539,-9.803879539619388e-08,0.39999765480865646,"{'table_obstacle': {'pos': [0.3825981920028062, 0.37518922255766707, 0.1646257963690813], 'size': [0.049837904948193595, 0.0813235869879147, 0.05243307039854257]}, 'pillar_obstacle': {'pos': [0.39994824830915515, -0.3824307480766307, 0.23470116647765446], 'size': [0.033663755439403885, 0.20172185302840845, 0.0]}, 'small_block': {'pos': [0.6140097595303955, -0.3535133918987863, 0.1097032402875184], 'size': [0.04461973939918376, 0.0849493067344041, 0.09534921802665242]}}"
2.6929999999998144,0.43199953000688723,0.0,0.4,0.4295883499170264,-1.0081177227911092e-07,0.3999976812437268,"{'table_obstacle': {'pos': [0.3825981920028062, 0.37518922255766707, 0.1646257963690813], 'size': [0.049837904948193595, 0.0813235869879147, 0.05243307039854257]}, 'pillar_obstacle': {'pos': [0.39994824830915515, -0.3824307480766307, 0.23470116647765446], 'size': [0.033663755439403885, 0.20172185302840845, 0.0]}, 'small_block': {'pos': [0.6140097595303955, -0.3535133918987863, 0.1097032402875184], 'size': [0.04461973939918376, 0.0849493067344041, 0.09534921802665242]}}"
2.6939999999998143,0.43199953000688723,0.0,0.4,0.4296228182449531,-1.0348610524481916e-07,0.3999977076315268,"{'table_obstacle': {'pos': [0.3825981920028062, 0.37518922255766707, 0.1646257963690813], 'size': [0.049837904948193595, 0.0813235869879147, 0.05243307039854257]}, 'pillar_obstacle': {'pos': [0.39994824830915515, -0.3824307480766307, 0.23470116647765446], 'size': [0.033663755439403885, 0.20172185302840845, 0.0]}, 'small_block': {'pos': [0.6140097595303955, -0.3535133918987863, 0.1097032402875184], 'size': [0.04461973939918376, 0.0849493067344041, 0.09534921802665242]}}"
2.694999999999814,0.43199953000688723,0.0,0.4,0.42965679397562095,-1.0606400029404907e-07,0.39999773396136395,"{'table_obstacle': {'pos': [0.3825981920028062, 0.37518922255766707, 0.1646257963690813], 'size': [0.049837904948193595, 0.0813235869879147, 0.05243307039854257]}, 'pillar_obstacle': {'pos': [0.39994824830915515, -0.3824307480766307, 0.23470116647765446], 'size': [0.033663755439403885, 0.20172185302840845, 0.0]}, 'small_block': {'pos': [0.6140097595303955, -0.3535133918987863, 0.1097032402875184], 'size': [0.04461973939918376, 0.0849493067344041, 0.09534921802665242]}}"
2.695999999999814,0.43199953000688723,0.0,0.4,0.4296902841439886,-1.0854762612969433e-07,0.399997760223064,"{'table_obstacle': {'pos': [0.3825981920028062, 0.37518922255766707, 0.1646257963690813], 'size': [0.049837904948193595, 0.0813235869879147, 0.05243307039854257]}, 'pillar_obstacle': {'pos': [0.39994824830915515, -0.3824307480766307, 0.23470116647765446], 'size': [0.033663755439403885, 0.20172185302840845, 0.0]}, 'small_block': {'pos': [0.6140097595303955, -0.3535133918987863, 0.1097032402875184], 'size': [0.04461973939918376, 0.0849493067344041, 0.09534921802665242]}}"
2.696999999999814,0.43199953000688723,0.0,0.4,0.42972329568490103,-1.1093911414048636e-07,0.39999778640695355,"{'table_obstacle': {'pos': [0.3825981920028062, 0.37518922255766707, 0.1646257963690813], 'size': [0.049837904948193595, 0.0813235869879147, 0.05243307039854257]}, 'pillar_obstacle': {'pos': [0.39994824830915515, -0.3824307480766307, 0.23470116647765446], 'size': [0.033663755439403885, 0.20172185302840845, 0.0]}, 'small_block': {'pos': [0.6140097595303955, -0.3535133918987863, 0.1097032402875184], 'size': [0.04461973939918376, 0.0849493067344041, 0.09534921802665242]}}"
2.697999999999814,0.43199953000688723,0.0,0.4,0.42975583543446405,-1.1324055853518496e-07,0.3999978125038384,"{'table_obstacle': {'pos': [0.3825981920028062, 0.37518922255766707, 0.1646257963690813], 'size': [0.049837904948193595, 0.0813235869879147, 0.05243307039854257]}, 'pillar_obstacle': {'pos': [0.39994824830915515, -0.3824307480766307, 0.23470116647765446], 'size': [0.033663755439403885, 0.20172185302840845, 0.0]}, 'small_block': {'pos': [0.6140097595303955, -0.3535133918987863, 0.1097032402875184], 'size': [0.04461973939918376, 0.0849493067344041, 0.09534921802665242]}}"
2.6989999999998138,0.43199953000688723,0.0,0.4,0.4297879101314064,-1.1545401561103375e-07,0.3999978385049846,"{'table_obstacle': {'pos': [0.3825981920028062, 0.37518922255766707, 0.1646257963690813], 'size': [0.049837904948193595, 0.0813235869879147, 0.05243307039854257]}, 'pillar_obstacle': {'pos': [0.39994824830915515, -0.3824307480766307, 0.23470116647765446], 'size': [0.033663755439403885, 0.20172185302840845, 0.0]}, 'small_block': {'pos': [0.6140097595303955, -0.3535133918987863, 0.1097032402875184], 'size': [0.04461973939918376, 0.0849493067344041, 0.09534921802665242]}}"
2.6999999999998137,0.43199953000688723,0.0,0.4,0.4298195264184323,-1.1758150446521126e-07,0.39999786440210106,"{'table_obstacle': {'pos': [0.3825981920028062, 0.37518922255766707, 0.1646257963690813], 'size': [0.049837904948193595, 0.0813235869879147, 0.05243307039854257]}, 'pillar_obstacle': {'pos': [0.39994824830915515, -0.3824307480766307, 0.23470116647765446], 'size': [0.033663755439403885, 0.20172185302840845, 0.0]}, 'small_block': {'pos': [0.6140097595303955, -0.3535133918987863, 0.1097032402875184], 'size': [0.04461973939918376, 0.0849493067344041, 0.09534921802665242]}}"
2.7009999999998136,0.43199953000688723,0.0,0.4,0.4298506908435614,-1.1962500656741883e-07,0.3999978901873221,"{'table_obstacle': {'pos': [0.3825981920028062, 0.37518922255766707, 0.1646257963690813], 'size': [0.049837904948193595, 0.0813235869879147, 0.05243307039854257]}, 'pillar_obstacle': {'pos': [0.39994824830915515, -0.3824307480766307, 0.23470116647765446], 'size': [0.033663755439403885, 0.20172185302840845, 0.0]}, 'small_block': {'pos': [0.6140097595303955, -0.3535133918987863, 0.1097032402875184], 'size': [0.04461973939918376, 0.0849493067344041, 0.09534921802665242]}}"
2.7019999999998134,0.43199953000688723,0.0,0.4,0.42988140986145484,-1.2158646673744153e-07,0.39999791585319155,"{'table_obstacle': {'pos': [0.3825981920028062, 0.37518922255766707, 0.1646257963690813], 'size': [0.049837904948193595, 0.0813235869879147, 0.05243307039854257]}, 'pillar_obstacle': {'pos': [0.39994824830915515, -0.3824307480766307, 0.23470116647765446], 'size': [0.033663755439403885, 0.20172185302840845, 0.0]}, 'small_block': {'pos': [0.6140097595303955, -0.3535133918987863, 0.1097032402875184], 'size': [0.04461973939918376, 0.0849493067344041, 0.09534921802665242]}}"
2.7029999999998133,0.43199953000688723,0.0,0.4,0.4299116898347263,-1.2346779305793427e-07,0.3999979413926466,"{'table_obstacle': {'pos': [0.3825981920028062, 0.37518922255766707, 0.1646257963690813], 'size': [0.049837904948193595, 0.0813235869879147, 0.05243307039854257]}, 'pillar_obstacle': {'pos': [0.39994824830915515, -0.3824307480766307, 0.23470116647765446], 'size': [0.033663755439403885, 0.20172185302840845, 0.0]}, 'small_block': {'pos': [0.6140097595303955, -0.3535133918987863, 0.1097032402875184], 'size': [0.04461973939918376, 0.0849493067344041, 0.09534921802665242]}}"
2.703999999999813,0.43199953000688723,0.0,0.4,0.42994153703523946,-1.2527085724063414e-07,0.3999979667990038,"{'table_obstacle': {'pos': [0.3825981920028062, 0.37518922255766707, 0.1646257963690813], 'size': [0.049837904948193595, 0.0813235869879147, 0.05243307039854257]}, 'pillar_obstacle': {'pos': [0.39994824830915515, -0.3824307480766307, 0.23470116647765446], 'size': [0.033663755439403885, 0.20172185302840845, 0.0]}, 'small_block': {'pos': [0.6140097595303955, -0.3535133918987863, 0.1097032402875184], 'size': [0.04461973939918376, 0.0849493067344041, 0.09534921802665242]}}"
2.704999999999813,0.43199953000688723,0.0,0.4,0.4299709576453887,-1.2699749510731863e-07,0.39999799206594316,"{'table_obstacle': {'pos': [0.3825981920028062, 0.37518922255766707, 0.1646257963690813], 'size': [0.049837904948193595, 0.0813235869879147, 0.05243307039854257]}, 'pillar_obstacle': {'pos': [0.39994824830915515, -0.3824307480766307, 0.23470116647765446], 'size': [0.033663755439403885, 0.20172185302840845, 0.0]}, 'small_block': {'pos': [0.6140097595303955, -0.3535133918987863, 0.1097032402875184], 'size': [0.04461973939918376, 0.0849493067344041, 0.09534921802665242]}}"
2.705999999999813,0.43599951165838713,0.0,0.4,0.42999995775936334,-1.2864950761368052e-07,0.3999980171874963,"{'table_obstacle': {'pos': [0.3825981920028062, 0.37518922255766707, 0.1646257963690813], 'size': [0.049837904948193595, 0.0813235869879147, 0.05243307039854257]}, 'pillar_obstacle': {'pos': [0.39994824830915515, -0.3824307480766307, 0.23470116647765446], 'size': [0.033663755439403885, 0.20172185302840845, 0.0]}, 'small_block': {'pos': [0.6140097595303955, -0.3535133918987863, 0.1097032402875184], 'size': [0.04461973939918376, 0.0849493067344041, 0.09534921802665242]}}"
2.706999999999813,0.43599951165838713,0.0,0.4,0.4300394325258744,-1.1357945740837788e-07,0.39999798323487923,"{'table_obstacle': {'pos': [0.3825981920028062, 0.37518922255766707, 0.1646257963690813], 'size': [0.049837904948193595, 0.0813235869879147, 0.05243307039854257]}, 'pillar_obstacle': {'pos': [0.39994824830915515, -0.3824307480766307, 0.23470116647765446], 'size': [0.033663755439403885, 0.20172185302840845, 0.0]}, 'small_block': {'pos': [0.6140097595303955, -0.3535133918987863, 0.1097032402875184], 'size': [0.04461973939918376, 0.0849493067344041, 0.09534921802665242]}}"
2.707999999999813,0.43599951165838713,0.0,0.4,0.43008715772225786,-8.870240680145761e-08,0.39999791196622886,"{'table_obstacle': {'pos': [0.3825981920028062, 0.37518922255766707, 0.1646257963690813], 'size': [0.049837904948193595, 0.0813235869879147, 0.05243307039854257]}, 'pillar_obstacle': {'pos': [0.39994824830915515, -0.3824307480766307, 0.23470116647765446], 'size': [0.033663755439403885, 0.20172185302840845, 0.0]}, 'small_block': {'pos': [0.6140097595303955, -0.3535133918987863, 0.1097032402875184], 'size': [0.04461973939918376, 0.0849493067344041, 0.09534921802665242]}}"
2.7089999999998127,0.43599951165838713,0.0,0.4,0.43014133603842175,-5.887155759036844e-08,0.39999781882168767,"{'table_obstacle': {'pos': [0.3825981920028062, 0.37518922255766707, 0.1646257963690813], 'size': [0.049837904948193595, 0.0813235869879147, 0.05243307039854257]}, 'pillar_obstacle': {'pos': [0.39994824830915515, -0.3824307480766307, 0.23470116647765446], 'size': [0.033663755439403885, 0.20172185302840845, 0.0]}, 'small_block': {'pos': [0.6140097595303955, -0.3535133918987863, 0.1097032402875184], 'size': [0.04461973939918376, 0.0849493067344041, 0.09534921802665242]}}"
2.7099999999998126,0.43599951165838713,0.0,0.4,0.43020051576949775,-2.7417898097796262e-08,0.3999977146356622,"{'table_obstacle': {'pos': [0.3825981920028062, 0.37518922255766707, 0.1646257963690813], 'size': [0.049837904948193595, 0.0813235869879147, 0.05243307039854257]}, 'pillar_obstacle': {'pos': [0.39994824830915515, -0.3824307480766307, 0.23470116647765446], 'size': [0.033663755439403885, 0.20172185302840845, 0.0]}, 'small_block': {'pos': [0.6140097595303955, -0.3535133918987863, 0.1097032402875184], 'size': [0.04461973939918376, 0.0849493067344041, 0.09534921802665242]}}"
2.7109999999998124,0.43599951165838713,0.0,0.4,0.4302635249649967,3.442050064880777e-09,0.39999760688973146,"{'table_obstacle': {'pos': [0.3825981920028062, 0.37518922255766707, 0.1646257963690813], 'size': [0.049837904948193595, 0.0813235869879147, 0.05243307039854257]}, 'pillar_obstacle': {'pos': [0.39994824830915515, -0.3824307480766307, 0.23470116647765446], 'size': [0.033663755439403885, 0.20172185302840845, 0.0]}, 'small_block': {'pos': [0.6140097595303955, -0.3535133918987863, 0.1097032402875184], 'size': [0.04461973939918376, 0.0849493067344041, 0.09534921802665242]}}"
2.7119999999998123,0.43599951165838713,0.0,0.4,0.43032941810382547,3.22994253184464e-08,0.39999750063216966,"{'table_obstacle': {'pos': [0.3825981920028062, 0.37518922255766707, 0.1646257963690813], 'size': [0.049837904948193595, 0.0813235869879147, 0.05243307039854257]}, 'pillar_obstacle': {'pos': [0.39994824830915515, -0.3824307480766307, 0.23470116647765446], 'size': [0.033663755439403885, 0.20172185302840845, 0.0]}, 'small_block': {'pos': [0.6140097595303955, -0.3535133918987863, 0.1097032402875184], 'size': [0.04461973939918376, 0.0849493067344041, 0.09534921802665242]}}"
2.7129999999998122,0.43599951165838713,0.0,0.4,0.4303974329175038,5.832329774615823e-08,0.39999739915409316,"{'table_obstacle': {'pos': [0.3825981920028062, 0.37518922255766707, 0.1646257963690813], 'size': [0.049837904948193595, 0.0813235869879147, 0.05243307039854257]}, 'pillar_obstacle': {'pos': [0.39994824830915515, -0.3824307480766307, 0.23470116647765446], 'size': [0.033663755439403885, 0.20172185302840845, 0.0]}, 'small_block': {'pos': [0.6140097595303955, -0.3535133918987863, 0.1097032402875184], 'size': [0.04461973939918376, 0.0849493067344041, 0.09534921802665242]}}"
2.713999999999812,0.43599951165838713,0.0,0.4,0.4304669554335148,8.108963331164145e-08,0.39999730448703236,"{'table_obstacle': {'pos': [0.3825981920028062, 0.37518922255766707, 0.1646257963690813], 'size': [0.049837904948193595, 0.0813235869879147, 0.05243307039854257]}, 'pillar_obstacle': {'pos': [0.39994824830915515, -0.3824307480766307, 0.23470116647765446], 'size': [0.033663755439403885, 0.20172185302840845, 0.0]}, 'small_block': {'pos': [0.6140097595303955, -0.3535133918987863, 0.1097032402875184], 'size': [0.04461973939918376, 0.0849493067344041, 0.09534921802665242]}}"
2.714999999999812,0.43599951165838713,0.0,0.4,0.43053749167591554,1.004548212006394e-07,0.399997217768921,"{'table_obstacle': {'pos': [0.3825981920028062, 0.37518922255766707, 0.1646257963690813], 'size': [0.049837904948193595, 0.0813235869879147, 0.05243307039854257]}, 'pillar_obstacle': {'pos': [0.39994824830915515, -0.3824307480766307, 0.23470116647765446], 'size': [0.033663755439403885, 0.20172185302840845, 0.0]}, 'small_block': {'pos': [0.6140097595303955, -0.3535133918987863, 0.1097032402875184], 'size': [0.04461973939918376, 0.0849493067344041, 0.09534921802665242]}}"
2.715999999999812,0.43599951165838713,0.0,0.4,0.43060864475674904,1.1646290876117313e-07,0.3999971395128101,"{'table_obstacle': {'pos': [0.3825981920028062, 0.37518922255766707, 0.1646257963690813], 'size': [0.049837904948193595, 0.0813235869879147, 0.05243307039854257]}, 'pillar_obstacle': {'pos': [0.39994824830915515, -0.3824307480766307, 0.23470116647765446], 'size': [0.033663755439403885, 0.20172185302840845, 0.0]}, 'small_block': {'pos': [0.6140097595303955, -0.3535133918987863, 0.1097032402875184], 'size': [0.04461973939918376, 0.0849493067344041, 0.09534921802665242]}}"
2.716999999999812,0.43599951165838713,0.0,0.4,0.4306800963322609,1.2927823090740367e-07,0.39999706980350064,"{'table_obstacle': {'pos': [0.3825981920028062, 0.37518922255766707, 0.1646257963690813], 'size': [0.049837904948193595, 0.0813235869879147, 0.05243307039854257]}, 'pillar_obstacle': {'pos': [0.39994824830915515, -0.3824307480766307, 0.23470116647765446], 'size': [0.033663755439403885, 0.20172185302840845, 0.0]}, 'small_block': {'pos': [0.6140097595303955, -0.3535133918987863, 0.1097032402875184], 'size': [0.04461973939918376, 0.0849493067344041, 0.09534921802665242]}}"
2.7179999999998117,0.43599951165838713,0.0,0.4,0.43075159159289345,1.3913707744655376e-07,0.3999970084407017,"{'table_obstacle': {'pos': [0.3825981920028062, 0.37518922255766707, 0.1646257963690813], 'size': [0.049837904948193595, 0.0813235869879147, 0.05243307039854257]}, 'pillar_obstacle': {'pos': [0.39994824830915515, -0.3824307480766307, 0.23470116647765446], 'size': [0.033663755439403885, 0.20172185302840845, 0.0]}, 'small_block': {'pos': [0.6140097595303955, -0.3535133918987863, 0.1097032402875184], 'size': [0.04461973939918376, 0.0849493067344041, 0.09534921802665242]}}"
2.7189999999998116,0.43599951165838713,0.0,0.4,0.4308229271140573,1.4631355320163025e-07,0.39999695504250515,"{'table_obstacle': {'pos': [0.3825981920028062, 0.37518922255766707, 0.1646257963690813], 'size': [0.049837904948193595, 0.0813235869879147, 0.05243307039854257]}, 'pillar_obstacle': {'pos': [0.39994824830915515, -0.3824307480766307, 0.23470116647765446], 'size': [0.033663755439403885, 0.20172185302840845, 0.0]}, 'small_block': {'pos': [0.6140097595303955, -0.3535133918987863, 0.1097032402875184], 'size': [0.04461973939918376, 0.0849493067344041, 0.09534921802665242]}}"
2.7199999999998115,0.43599951165838713,0.0,0.4,0.43089394102273143,1.5109594920545662e-07,0.39999690911944574,"{'table_obstacle': {'pos': [0.3825981920028062, 0.37518922255766707, 0.1646257963690813], 'size': [0.049837904948193595, 0.0813235869879147, 0.05243307039854257]}, 'pillar_obstacle': {'pos': [0.39994824830915515, -0.3824307480766307, 0.23470116647765446], 'size': [0.033663755439403885, 0.20172185302840845, 0.0]}, 'small_block': {'pos': [0.6140097595303955, -0.3535133918987863, 0.1097032402875184], 'size': [0.04461973939918376, 0.0849493067344041, 0.09534921802665242]}}"
2.7209999999998113,0.43599951165838713,0.0,0.4,0.4309645050386698,1.537708371684094e-07,0.3999968701268031,"{'table_obstacle': {'pos': [0.3825981920028062, 0.37518922255766707, 0.1646257963690813], 'size': [0.049837904948193595, 0.0813235869879147, 0.05243307039854257]}, 'pillar_obstacle': {'pos': [0.39994824830915515, -0.3824307480766307, 0.23470116647765446], 'size': [0.033663755439403885, 0.20172185302840845, 0.0]}, 'small_block': {'pos': [0.6140097595303955, -0.3535133918987863, 0.1097032402875184], 'size': [0.04461973939918376, 0.0849493067344041, 0.09534921802665242]}}"
2.7219999999998112,0.43599951165838713,0.0,0.4,0.4310345180330061,1.546127820242386e-07,0.3999968375008709,"{'table_obstacle': {'pos': [0.3825981920028062, 0.37518922255766707, 0.1646257963690813], 'size': [0.049837904948193595, 0.0813235869879147, 0.05243307039854257]}, 'pillar_obstacle': {'pos': [0.39994824830915515, -0.3824307480766307, 0.23470116647765446], 'size': [0.033663755439403885, 0.20172185302840845, 0.0]}, 'small_block': {'pos': [0.6140097595303955, -0.3535133918987863, 0.1097032402875184], 'size': [0.04461973939918376, 0.0849493067344041, 0.09534921802665242]}}"
2.722999999999811,0.43599951165838713,0.0,0.4,0.43110390081508804,1.538780987642343e-07,0.39999681068347004,"{'table_obstacle': {'pos': [0.3825981920028062, 0.37518922255766707, 0.1646257963690813], 'size': [0.049837904948193595, 0.0813235869879147, 0.05243307039854257]}, 'pillar_obstacle': {'pos': [0.39994824830915515, -0.3824307480766307, 0.23470116647765446], 'size': [0.033663755439403885, 0.20172185302840845, 0.0]}, 'small_block': {'pos': [0.6140097595303955, -0.3535133918987863, 0.1097032402875184], 'size': [0.04461973939918376, 0.0849493067344041, 0.09534921802665242]}}"
2.723999999999811,0.43599951165838713,0.0,0.4,0.4311725919134569,1.5180147209699953e-07,0.39999678913790504,"{'table_obstacle': {'pos': [0.3825981920028062, 0.37518922255766707, 0.1646257963690813], 'size': [0.049837904948193595, 0.0813235869879147, 0.05243307039854257]}, 'pillar_obstacle': {'pos': [0.39994824830915515, -0.3824307480766307, 0.23470116647765446], 'size': [0.033663755439403885, 0.20172185302840845, 0.0]}, 'small_block': {'pos': [0.6140097595303955, -0.3535133918987863, 0.1097032402875184], 'size': [0.04461973939918376, 0.0849493067344041, 0.09534921802665242]}}"
2.724999999999811,0.43599951165838713,0.0,0.4,0.43124054416148905,1.4859456552658617e-07,0.39999677235875064,"{'table_obstacle': {'pos': [0.3825981920028062, 0.37518922255766707, 0.1646257963690813], 'size': [0.049837904948193595, 0.0813235869879147, 0.05243307039854257]}, 'pillar_obstacle': {'pos': [0.39994824830915515, -0.3824307480766307, 0.23470116647765446], 'size': [0.033663755439403885, 0.20172185302840845, 0.0]}, 'small_block': {'pos': [0.6140097595303955, -0.3535133918987863, 0.1097032402875184], 'size': [0.04461973939918376, 0.0849493067344041, 0.09534921802665242]}}"
2.725999999999811,0.43599951165838713,0.0,0.4,0.4313077219343282,1.4444597960662734e-07,0.39999675987724415,"{'table_obstacle': {'pos': [0.3825981920028062, 0.37518922255766707, 0.1646257963690813], 'size': [0.049837904948193595, 0.0813235869879147, 0.05243307039854257]}, 'pillar_obstacle': {'pos': [0.39994824830915515, -0.3824307480766307, 0.23470116647765446], 'size': [0.033663755439403885, 0.20172185302840845, 0.0]}, 'small_block': {'pos': [0.6140097595303955, -0.3535133918987863, 0.1097032402875184], 'size': [0.04461973939918376, 0.0849493067344041, 0.09534921802665242]}}"
2.7269999999998107,0.43599951165838713,0.0,0.4,0.43137409891296313,1.3952208761063767e-07,0.39999675126360024,"{'table_obstacle': {'pos': [0.3825981920028062, 0.37518922255766707, 0.1646257963690813], 'size': [0.049837904948193595, 0.0813235869879147, 0.05243307039854257]}, 'pillar_obstacle': {'pos': [0.39994824830915515, -0.3824307480766307, 0.23470116647765446], 'size': [0.033663755439403885, 0.20172185302840845, 0.0]}, 'small_block': {'pos': [0.6140097595303955, -0.3535133918987863, 0.1097032402875184], 'size': [0.04461973939918376, 0.0849493067344041, 0.09534921802665242]}}"
2.7279999999998106,0.43599951165838713,0.0,0.4,0.43143965627496683,1.3396841226584683e-07,0.399996746127221,"{'table_obstacle': {'pos': [0.3825981920028062, 0.37518922255766707, 0.1646257963690813], 'size': [0.049837904948193595, 0.0813235869879147, 0.05243307039854257]}, 'pillar_obstacle': {'pos': [0.39994824830915515, -0.3824307480766307, 0.23470116647765446], 'size': [0.033663755439403885, 0.20172185302840845, 0.0]}, 'small_block': {'pos': [0.6140097595303955, -0.3535133918987863, 0.1097032402875184], 'size': [0.04461973939918376, 0.0849493067344041, 0.09534921802665242]}}"
2.7289999999998105,0.43599951165838713,0.0,0.4,0.43150438123056795,1.2791130348565852e-07,0.3999967441155122,"{'table_obstacle': {'pos': [0.3825981920028062, 0.37518922255766707, 0.1646257963690813], 'size': [0.049837904948193595, 0.0813235869879147, 0.05243307039854257]}, 'pillar_obstacle': {'pos': [0.39994824830915515, -0.3824307480766307, 0.23470116647765446], 'size': [0.033663755439403885, 0.20172185302840845, 0.0]}, 'small_block': {'pos': [0.6140097595303955, -0.3535133918987863, 0.1097032402875184], 'size': [0.04461973939918376, 0.0849493067344041, 0.09534921802665242]}}"
2.7299999999998104,0.43599951165838713,0.0,0.4,0.43156826583822494,1.214597478795876e-07,0.3999967449118214,"{'table_obstacle': {'pos': [0.3825981920028062, 0.37518922255766707, 0.1646257963690813], 'size': [0.049837904948193595, 0.0813235869879147, 0.05243307039854257]}, 'pillar_obstacle': {'pos': [0.39994824830915515, -0.3824307480766307, 0.23470116647765446], 'size': [0.033663755439403885, 0.20172185302840845, 0.0]}, 'small_block': {'pos': [0.6140097595303955, -0.3535133918987863, 0.1097032402875184], 'size': [0.04461973939918376, 0.0849493067344041, 0.09534921802665242]}}"
2.7309999999998102,0.43599951165838713,0.0,0.4,0.43163130604642136,1.1470719951961483e-07,0.39999674823286935,"{'table_obstacle': {'pos': [0.3825981920028062, 0.37518922255766707, 0.1646257963690813], 'size': [0.049837904948193595, 0.0813235869879147, 0.05243307039854257]}, 'pillar_obstacle': {'pos': [0.39994824830915515, -0.3824307480766307, 0.23470116647765446], 'size': [0.033663755439403885, 0.20172185302840845, 0.0]}, 'small_block': {'pos': [0.6140097595303955, -0.3535133918987863, 0.1097032402875184], 'size': [0.04461973939918376, 0.0849493067344041, 0.09534921802665242]}}"
2.73199999999981,0.43599951165838713,0.0,0.4,0.43169350091855996,1.077333518673781e-07,0.3999967538259348,"{'table_obstacle': {'pos': [0.3825981920028062, 0.37518922255766707, 0.1646257963690813], 'size': [0.049837904948193595, 0.0813235869879147, 0.05243307039854257]}, 'pillar_obstacle': {'pos': [0.39994824830915515, -0.3824307480766307, 0.23470116647765446], 'size': [0.033663755439403885, 0.20172185302840845, 0.0]}, 'small_block': {'pos': [0.6140097595303955, -0.3535133918987863, 0.1097032402875184], 'size': [0.04461973939918376, 0.0849493067344041, 0.09534921802665242]}}"
2.73299999999981,0.43599951165838713,0.0,0.4,0.4317548520060488,1.0060580996768427e-07,0.39999676146597785,"{'table_obstacle': {'pos': [0.3825981920028062, 0.37518922255766707, 0.1646257963690813], 'size': [0.049837904948193595, 0.0813235869879147, 0.05243307039854257]}, 'pillar_obstacle': {'pos': [0.39994824830915515, -0.3824307480766307, 0.23470116647765446], 'size': [0.033663755439403885, 0.20172185302840845, 0.0]}, 'small_block': {'pos': [0.6140097595303955, -0.3535133918987863, 0.1097032402875184], 'size': [0.04461973939918376, 0.0849493067344041, 0.09534921802665242]}}"
2.73399999999981,0.43599951165838713,0.0,0.4,0.43181536284133104,9.338163149761029e-08,0.3999967709528155,"{'table_obstacle': {'pos': [0.3825981920028062, 0.37518922255766707, 0.1646257963690813], 'size': [0.049837904948193595, 0.0813235869879147, 0.05243307039854257]}, 'pillar_obstacle': {'pos': [0.39994824830915515, -0.3824307480766307, 0.23470116647765446], 'size': [0.033663755439403885, 0.20172185302840845, 0.0]}, 'small_block': {'pos': [0.6140097595303955, -0.3535133918987863, 0.1097032402875184], 'size': [0.04461973939918376, 0.0849493067344041, 0.09534921802665242]}}"
2.73499999999981,0.43599951165838713,0.0,0.4,0.4318750385279872,8.610872655411555e-08,0.3999967821084365,"{'table_obstacle': {'pos': [0.3825981920028062, 0.37518922255766707, 0.1646257963690813], 'size': [0.049837904948193595, 0.0813235869879147, 0.05243307039854257]}, 'pillar_obstacle': {'pos': [0.39994824830915515, -0.3824307480766307, 0.23470116647765446], 'size': [0.033663755439403885, 0.20172185302840845, 0.0]}, 'small_block': {'pos': [0.6140097595303955, -0.3535133918987863, 0.1097032402875184], 'size': [0.04461973939918376, 0.0849493067344041, 0.09534921802665242]}}"
2.7359999999998097,0.43599951165838713,0.0,0.4,0.43193388540940864,7.882711358557051e-08,0.39999679477449585,"{'table_obstacle': {'pos': [0.3825981920028062, 0.37518922255766707, 0.1646257963690813], 'size': [0.049837904948193595, 0.0813235869879147, 0.05243307039854257]}, 'pillar_obstacle': {'pos': [0.39994824830915515, -0.3824307480766307, 0.23470116647765446], 'size': [0.033663755439403885, 0.20172185302840845, 0.0]}, 'small_block': {'pos': [0.6140097595303955, -0.3535133918987863, 0.1097032402875184], 'size': [0.04461973939918376, 0.0849493067344041, 0.09534921802665242]}}"
2.7369999999998096,0.43599951165838713,0.0,0.4,0.43199191080105986,7.157003385089923e-08,0.3999968088100158,"{'table_obstacle': {'pos': [0.3825981920028062, 0.37518922255766707, 0.1646257963690813], 'size': [0.049837904948193595, 0.0813235869879147, 0.05243307039854257]}, 'pillar_obstacle': {'pos': [0.39994824830915515, -0.3824307480766307, 0.23470116647765446], 'size': [0.033663755439403885, 0.20172185302840845, 0.0]}, 'small_block': {'pos': [0.6140097595303955, -0.3535133918987863, 0.1097032402875184], 'size': [0.04461973939918376, 0.0849493067344041, 0.09534921802665242]}}"
2.7379999999998095,0.43599951165838713,0.0,0.4,0.43204912277420143,6.436493176109482e-08,0.3999968240893047,"{'table_obstacle': {'pos': [0.3825981920028062, 0.37518922255766707, 0.1646257963690813], 'size': [0.049837904948193595, 0.0813235869879147, 0.05243307039854257]}, 'pillar_obstacle': {'pos': [0.39994824830915515, -0.3824307480766307, 0.23470116647765446], 'size': [0.033663755439403885, 0.20172185302840845, 0.0]}, 'small_block': {'pos': [0.6140097595303955, -0.3535133918987863, 0.1097032402875184], 'size': [0.04461973939918376, 0.0849493067344041, 0.09534921802665242]}}"
2.7389999999998094,0.43599951165838713,0.0,0.4,0.4321055299812671,5.7234313830073434e-08,0.3999968405000857,"{'table_obstacle': {'pos': [0.3825981920028062, 0.37518922255766707, 0.1646257963690813], 'size': [0.049837904948193595, 0.0813235869879147, 0.05243307039854257]}, 'pillar_obstacle': {'pos': [0.39994824830915515, -0.3824307480766307, 0.23470116647765446], 'size': [0.033663755439403885, 0.20172185302840845, 0.0]}, 'small_block': {'pos': [0.6140097595303955, -0.3535133918987863, 0.1097032402875184], 'size': [0.04461973939918376, 0.0849493067344041, 0.09534921802665242]}}"
2.7399999999998093,0.43599951165838713,0.0,0.4,0.43216114151494417,5.019649244105385e-08,0.39999685794183526,"{'table_obstacle': {'pos': [0.3825981920028062, 0.37518922255766707, 0.1646257963690813], 'size': [0.049837904948193595, 0.0813235869879147, 0.05243307039854257]}, 'pillar_obstacle': {'pos': [0.39994824830915515, -0.3824307480766307, 0.23470116647765446], 'size': [0.033663755439403885, 0.20172185302840845, 0.0]}, 'small_block': {'pos': [0.6140097595303955, -0.3535133918987863, 0.1097032402875184], 'size': [0.04461973939918376, 0.0849493067344041, 0.09534921802665242]}}"
2.740999999999809,0.43599951165838713,0.0,0.4,0.4322159667945355,4.326623163162019e-08,0.3999968763243115,"{'table_obstacle': {'pos': [0.3825981920028062, 0.37518922255766707, 0.1646257963690813], 'size': [0.049837904948193595, 0.0813235869879147, 0.05243307039854257]}, 'pillar_obstacle': {'pos': [0.39994824830915515, -0.3824307480766307, 0.23470116647765446], 'size': [0.033663755439403885, 0.20172185302840845, 0.0]}, 'small_block': {'pos': [0.6140097595303955, -0.3535133918987863, 0.1097032402875184], 'size': [0.04461973939918376, 0.0849493067344041, 0.09534921802665242]}}"
2.741999999999809,0.43599951165838713,0.0,0.4,0.4322700154743924,3.645529960947863e-08,0.3999968955662607,"{'table_obstacle': {'pos': [0.3825981920028062, 0.37518922255766707, 0.1646257963690813], 'size': [0.049837904948193595, 0.0813235869879147, 0.05243307039854257]}, 'pillar_obstacle': {'pos': [0.39994824830915515, -0.3824307480766307, 0.23470116647765446], 'size': [0.033663755439403885, 0.20172185302840845, 0.0]}, 'small_block': {'pos': [0.6140097595303955, -0.3535133918987863, 0.1097032402875184], 'size': [0.04461973939918376, 0.0849493067344041, 0.09534921802665242]}}"
2.742999999999809,0.43599951165838713,0.0,0.4,0.43232329737021147,2.9772945191722245e-08,0.39999691559428696,"{'table_obstacle': {'pos': [0.3825981920028062, 0.37518922255766707, 0.1646257963690813], 'size': [0.049837904948193595, 0.0813235869879147, 0.05243307039854257]}, 'pillar_obstacle': {'pos': [0.39994824830915515, -0.3824307480766307, 0.23470116647765446], 'size': [0.033663755439403885, 0.20172185302840845, 0.0]}, 'small_block': {'pos': [0.6140097595303955, -0.3535133918987863, 0.1097032402875184], 'size': [0.04461973939918376, 0.0849493067344041, 0.09534921802665242]}}"
2.743999999999809,0.43599951165838713,0.0,0.4,0.4323758223997825,2.3226302560811765e-08,0.39999693634186295,"{'table_obstacle': {'pos': [0.3825981920028062, 0.37518922255766707, 0.1646257963690813], 'size': [0.049837904948193595, 0.0813235869879147, 0.05243307039854257]}, 'pillar_obstacle': {'pos': [0.39994824830915515, -0.3824307480766307, 0.23470116647765446], 'size': [0.033663755439403885, 0.20172185302840845, 0.0]}, 'small_block': {'pos': [0.6140097595303955, -0.3535133918987863, 0.1097032402875184], 'size': [0.04461973939918376, 0.0849493067344041, 0.09534921802665242]}}"
2.7449999999998087,0.43599951165838713,0.0,0.4,0.4324276005354309,1.6820737891135764e-08,0.39999695774847555,"{'table_obstacle': {'pos': [0.3825981920028062, 0.37518922255766707, 0.1646257963690813], 'size': [0.049837904948193595, 0.0813235869879147, 0.05243307039854257]}, 'pillar_obstacle': {'pos': [0.39994824830915515, -0.3824307480766307, 0.23470116647765446], 'size': [0.033663755439403885, 0.20172185302840845, 0.0]}, 'small_block': {'pos': [0.6140097595303955, -0.3535133918987863, 0.1097032402875184], 'size': [0.04461973939918376, 0.0849493067344041, 0.09534921802665242]}}"
2.7459999999998086,0.43599951165838713,0.0,0.4,0.43247864176591944,1.0560140837146605e-08,0.3999969797588792,"{'table_obstacle': {'pos': [0.3825981920028062, 0.37518922255766707, 0.1646257963690813], 'size': [0.049837904948193595, 0.0813235869879147, 0.05243307039854257]}, 'pillar_obstacle': {'pos': [0.39994824830915515, -0.3824307480766307, 0.23470116647765446], 'size': [0.033663755439403885, 0.20172185302840845, 0.0]}, 'small_block': {'pos': [0.6140097595303955, -0.3535133918987863, 0.1097032402875184], 'size': [0.04461973939918376, 0.0849493067344041, 0.09534921802665242]}}"
2.7469999999998085,0.43599951165838713,0.0,0.4,0.43252895606600017,4.447174724153197e-09,0.3999970023224565,"{'table_obstacle': {'pos': [0.3825981920028062, 0.37518922255766707, 0.1646257963690813], 'size': [0.049837904948193595, 0.0813235869879147, 0.05243307039854257]}, 'pillar_obstacle': {'pos': [0.39994824830915515, -0.3824307480766307, 0.23470116647765446], 'size': [0.033663755439403885, 0.20172185302840845, 0.0]}, 'small_block': {'pos': [0.6140097595303955, -0.3535133918987863, 0.1097032402875184], 'size': [0.04461973939918376, 0.0849493067344041, 0.09534921802665242]}}"
2.7479999999998084,0.43599951165838713,0.0,0.4,0.4325785533721568,-1.516514979690199e-09,0.3999970253926606,"{'table_obstacle': {'pos': [0.3825981920028062, 0.37518922255766707, 0.1646257963690813], 'size': [0.049837904948193595, 0.0813235869879147, 0.05243307039854257]}, 'pillar_obstacle': {'pos': [0.39994824830915515, -0.3824307480766307, 0.23470116647765446], 'size': [0.033663755439403885, 0.20172185302840845, 0.0]}, 'small_block': {'pos': [0.6140097595303955, -0.3535133918987863, 0.1097032402875184], 'size': [0.04461973939918376, 0.0849493067344041, 0.09534921802665242]}}"
2.7489999999998083,0.43599951165838713,0.0,0.4,0.43262744356334937,-7.330123896968913e-09,0.3999970489265379,"{'table_obstacle': {'pos': [0.3825981920028062, 0.37518922255766707, 0.1646257963690813], 'size': [0.049837904948193595, 0.0813235869879147, 0.05243307039854257]}, 'pillar_obstacle': {'pos': [0.39994824830915515, -0.3824307480766307, 0.23470116647765446], 'size': [0.033663755439403885, 0.20172185302840845, 0.0]}, 'small_block': {'pos': [0.6140097595303955, -0.3535133918987863, 0.1097032402875184], 'size': [0.04461973939918376, 0.0849493067344041, 0.09534921802665242]}}"
2.749999999999808,0.43599951165838713,0.0,0.4,0.43267563644580453,-1.2993539569636489e-08,0.3999970728843156,"{'table_obstacle': {'pos': [0.3825981920028062, 0.37518922255766707, 0.1646257963690813], 'size': [0.049837904948193595, 0.0813235869879147, 0.05243307039854257]}, 'pillar_obstacle': {'pos': [0.39994824830915515, -0.3824307480766307, 0.23470116647765446], 'size': [0.033663755439403885, 0.20172185302840845, 0.0]}, 'small_block': {'pos': [0.6140097595303955, -0.3535133918987863, 0.1097032402875184], 'size': [0.04461973939918376, 0.0849493067344041, 0.09534921802665242]}}"
2.750999999999808,0.43599951165838713,0.0,0.4,0.4327231417410753,-1.8507216913268953e-08,0.39999709722904647,"{'table_obstacle': {'pos': [0.3825981920028062, 0.37518922255766707, 0.1646257963690813], 'size': [0.049837904948193595, 0.0813235869879147, 0.05243307039854257]}, 'pillar_obstacle': {'pos': [0.39994824830915515, -0.3824307480766307, 0.23470116647765446], 'size': [0.033663755439403885, 0.20172185302840845, 0.0]}, 'small_block': {'pos': [0.6140097595303955, -0.3535133918987863, 0.1097032402875184], 'size': [0.04461973939918376, 0.0849493067344041, 0.09534921802665242]}}"
2.751999999999808,0.43599951165838713,0.0,0.4,0.43276996907674226,-2.3872074442704874e-08,0.3999971219263039,"{'table_obstacle': {'pos': [0.3825981920028062, 0.37518922255766707, 0.1646257963690813], 'size': [0.049837904948193595, 0.0813235869879147, 0.05243307039854257]}, 'pillar_obstacle': {'pos': [0.39994824830915515, -0.3824307480766307, 0.23470116647765446], 'size': [0.033663755439403885, 0.20172185302840845, 0.0]}, 'small_block': {'pos': [0.6140097595303955, -0.3535133918987863, 0.1097032402875184], 'size': [0.04461973939918376, 0.0849493067344041, 0.09534921802665242]}}"
2.752999999999808,0.43599951165838713,0.0,0.4,0.43281612797924623,-2.9089405197118133e-08,0.39999714694391625,"{'table_obstacle': {'pos': [0.3825981920028062, 0.37518922255766707, 0.1646257963690813], 'size': [0.049837904948193595, 0.0813235869879147, 0.05243307039854257]}, 'pillar_obstacle': {'pos': [0.39994824830915515, -0.3824307480766307, 0.23470116647765446], 'size': [0.033663755439403885, 0.20172185302840845, 0.0]}, 'small_block': {'pos': [0.6140097595303955, -0.3535133918987863, 0.1097032402875184], 'size': [0.04461973939918376, 0.0849493067344041, 0.09534921802665242]}}"
2.7539999999998077,0.43599951165838713,0.0,0.4,0.4328616278684448,-3.416080607236571e-08,0.39999717225174264,"{'table_obstacle': {'pos': [0.3825981920028062, 0.37518922255766707, 0.1646257963690813], 'size': [0.049837904948193595, 0.0813235869879147, 0.05243307039854257]}, 'pillar_obstacle': {'pos': [0.39994824830915515, -0.3824307480766307, 0.23470116647765446], 'size': [0.033663755439403885, 0.20172185302840845, 0.0]}, 'small_block': {'pos': [0.6140097595303955, -0.3535133918987863, 0.1097032402875184], 'size': [0.04461973939918376, 0.0849493067344041, 0.09534921802665242]}}"
2.7549999999998076,0.43599951165838713,0.0,0.4,0.4329064780535539,-3.9088114446407e-08,0.39999719782147514,"{'table_obstacle': {'pos': [0.3825981920028062, 0.37518922255766707, 0.1646257963690813], 'size': [0.049837904948193595, 0.0813235869879147, 0.05243307039854257]}, 'pillar_obstacle': {'pos': [0.39994824830915515, -0.3824307480766307, 0.23470116647765446], 'size': [0.033663755439403885, 0.20172185302840845, 0.0]}, 'small_block': {'pos': [0.6140097595303955, -0.3535133918987863, 0.1097032402875184], 'size': [0.04461973939918376, 0.0849493067344041, 0.09534921802665242]}}"
2.7559999999998075,0.43599951165838713,0.0,0.4,0.43295068773021345,-4.3873359729418006e-08,0.3999972236264692,"{'table_obstacle': {'pos': [0.3825981920028062, 0.37518922255766707, 0.1646257963690813], 'size': [0.049837904948193595, 0.0813235869879147, 0.05243307039854257]}, 'pillar_obstacle': {'pos': [0.39994824830915515, -0.3824307480766307, 0.23470116647765446], 'size': [0.033663755439403885, 0.20172185302840845, 0.0]}, 'small_block': {'pos': [0.6140097595303955, -0.3535133918987863, 0.1097032402875184], 'size': [0.04461973939918376, 0.0849493067344041, 0.09534921802665242]}}"
2.7569999999998074,0.43599951165838713,0.0,0.4,0.4329942659784483,-4.8518720204278e-08,0.3999972496415976,"{'table_obstacle': {'pos': [0.3825981920028062, 0.37518922255766707, 0.1646257963690813], 'size': [0.049837904948193595, 0.0813235869879147, 0.05243307039854257]}, 'pillar_obstacle': {'pos': [0.39994824830915515, -0.3824307480766307, 0.23470116647765446], 'size': [0.033663755439403885, 0.20172185302840845, 0.0]}, 'small_block': {'pos': [0.6140097595303955, -0.3535133918987863, 0.1097032402875184], 'size': [0.04461973939918376, 0.0849493067344041, 0.09534921802665242]}}"
2.7579999999998073,0.43599951165838713,0.0,0.4,0.43303722176135817,-5.3026488367035196e-08,0.39999727584312306,"{'table_obstacle': {'pos': [0.3825981920028062, 0.37518922255766707, 0.1646257963690813], 'size': [0.049837904948193595, 0.0813235869879147, 0.05243307039854257]}, 'pillar_obstacle': {'pos': [0.39994824830915515, -0.3824307480766307, 0.23470116647765446], 'size': [0.033663755439403885, 0.20172185302840845, 0.0]}, 'small_block': {'pos': [0.6140097595303955, -0.3535133918987863, 0.1097032402875184], 'size': [0.04461973939918376, 0.0849493067344041, 0.09534921802665242]}}"
2.758999999999807,0.43599951165838713,0.0,0.4,0.4330795639243875,-5.739904227411765e-08,0.3999973022085863,"{'table_obstacle': {'pos': [0.3825981920028062, 0.37518922255766707, 0.1646257963690813], 'size': [0.049837904948193595, 0.0813235869879147, 0.05243307039854257]}, 'pillar_obstacle': {'pos': [0.39994824830915515, -0.3824307480766307, 0.23470116647765446], 'size': [0.033663755439403885, 0.20172185302840845, 0.0]}, 'small_block': {'pos': [0.6140097595303955, -0.3535133918987863, 0.1097032402875184], 'size': [0.04461973939918376, 0.0849493067344041, 0.09534921802665242]}}"
2.759999999999807,0.43599951165838713,0.0,0.4,0.4331213011950619,-6.16388214465703e-08,0.3999973287167098,"{'table_obstacle': {'pos': [0.3825981920028062, 0.37518922255766707, 0.1646257963690813], 'size': [0.049837904948193595, 0.0813235869879147, 0.05243307039854257]}, 'pillar_obstacle': {'pos': [0.39994824830915515, -0.3824307480766307, 0.23470116647765446], 'size': [0.033663755439403885, 0.20172185302840845, 0.0]}, 'small_block': {'pos': [0.6140097595303955, -0.3535133918987863, 0.1097032402875184], 'size': [0.04461973939918376, 0.0849493067344041, 0.09534921802665242]}}"
2.760999999999807,0.43599951165838713,0.0,0.4,0.43316244218309674,-6.574830798840276e-08,0.39999735534731207,"{'table_obstacle': {'pos': [0.3825981920028062, 0.37518922255766707, 0.1646257963690813], 'size': [0.049837904948193595, 0.0813235869879147, 0.05243307039854257]}, 'pillar_obstacle': {'pos': [0.39994824830915515, -0.3824307480766307, 0.23470116647765446], 'size': [0.033663755439403885, 0.20172185302840845, 0.0]}, 'small_block': {'pos': [0.6140097595303955, -0.3535133918987863, 0.1097032402875184], 'size': [0.04461973939918376, 0.0849493067344041, 0.09534921802665242]}}"
2.761999999999807,0.43599951165838713,0.0,0.4,0.43320299538080453,-6.97300094751234e-08,0.39999738208123325,"{'table_obstacle': {'pos': [0.3825981920028062, 0.37518922255766707, 0.1646257963690813], 'size': [0.049837904948193595, 0.0813235869879147, 0.05243307039854257]}, 'pillar_obstacle': {'pos': [0.39994824830915515, -0.3824307480766307, 0.23470116647765446], 'size': [0.033663755439403885, 0.20172185302840845, 0.0]}, 'small_block': {'pos': [0.6140097595303955, -0.3535133918987863, 0.1097032402875184], 'size': [0.04461973939918376, 0.0849493067344041, 0.09534921802665242]}}"
2.7629999999998067,0.43599951165838713,0.0,0.4,0.4332429691637364,-7.358644630243544e-08,0.39999740890026925,"{'table_obstacle': {'pos': [0.3825981920028062, 0.37518922255766707, 0.1646257963690813], 'size': [0.049837904948193595, 0.0813235869879147, 0.05243307039854257]}, 'pillar_obstacle': {'pos': [0.39994824830915515, -0.3824307480766307, 0.23470116647765446], 'size': [0.033663755439403885, 0.20172185302840845, 0.0]}, 'small_block': {'pos': [0.6140097595303955, -0.3535133918987863, 0.1097032402875184], 'size': [0.04461973939918376, 0.0849493067344041, 0.09534921802665242]}}"
2.7639999999998066,0.43599951165838713,0.0,0.4,0.43328237179151374,-7.732014074475749e-08,0.3999974357871109,"{'table_obstacle': {'pos': [0.3825981920028062, 0.37518922255766707, 0.1646257963690813], 'size': [0.049837904948193595, 0.0813235869879147, 0.05243307039854257]}, 'pillar_obstacle': {'pos': [0.39994824830915515, -0.3824307480766307, 0.23470116647765446], 'size': [0.033663755439403885, 0.20172185302840845, 0.0]}, 'small_block': {'pos': [0.6140097595303955, -0.3535133918987863, 0.1097032402875184], 'size': [0.04461973939918376, 0.0849493067344041, 0.09534921802665242]}}"
2.7649999999998065,0.43599951165838713,0.0,0.4,0.43332121140880114,-8.093360815710697e-08,0.3999974627252939,"{'table_obstacle': {'pos': [0.3825981920028062, 0.37518922255766707, 0.1646257963690813], 'size': [0.049837904948193595, 0.0813235869879147, 0.05243307039854257]}, 'pillar_obstacle': {'pos': [0.39994824830915515, -0.3824307480766307, 0.23470116647765446], 'size': [0.033663755439403885, 0.20172185302840845, 0.0]}, 'small_block': {'pos': [0.6140097595303955, -0.3535133918987863, 0.1097032402875184], 'size': [0.04461973939918376, 0.0849493067344041, 0.09534921802665242]}}"
2.7659999999998064,0.43599951165838713,0.0,0.4,0.4333594960464,-8.442934996059625e-08,0.39999748969914967,"{'table_obstacle': {'pos': [0.3825981920028062, 0.37518922255766707, 0.1646257963690813], 'size': [0.049837904948193595, 0.0813235869879147, 0.05243307039854257]}, 'pillar_obstacle': {'pos': [0.39994824830915515, -0.3824307480766307, 0.23470116647765446], 'size': [0.033663755439403885, 0.20172185302840845, 0.0]}, 'small_block': {'pos': [0.6140097595303955, -0.3535133918987863, 0.1097032402875184], 'size': [0.04461973939918376, 0.0849493067344041, 0.09534921802665242]}}"
2.7669999999998063,0.43599951165838713,0.0,0.4,0.4333972336224257,-8.78098478631261e-08,0.3999975166937637,"{'table_obstacle': {'pos': [0.3825981920028062, 0.37518922255766707, 0.1646257963690813], 'size': [0.049837904948193595, 0.0813235869879147, 0.05243307039854257]}, 'pillar_obstacle': {'pos': [0.39994824830915515, -0.3824307480766307, 0.23470116647765446], 'size': [0.033663755439403885, 0.20172185302840845, 0.0]}, 'small_block': {'pos': [0.6140097595303955, -0.3535133918987863, 0.1097032402875184], 'size': [0.04461973939918376, 0.0849493067344041, 0.09534921802665242]}}"
2.767999999999806,0.43599951165838713,0.0,0.4,0.4334344319435552,-9.107755875670931e-08,0.3999975436949367,"{'table_obstacle': {'pos': [0.3825981920028062, 0.37518922255766707, 0.1646257963690813], 'size': [0.049837904948193595, 0.0813235869879147, 0.05243307039854257]}, 'pillar_obstacle': {'pos': [0.39994824830915515, -0.3824307480766307, 0.23470116647765446], 'size': [0.033663755439403885, 0.20172185302840845, 0.0]}, 'small_block': {'pos': [0.6140097595303955, -0.3535133918987863, 0.1097032402875184], 'size': [0.04461973939918376, 0.0849493067344041, 0.09534921802665242]}}"
2.768999999999806,0.43599951165838713,0.0,0.4,0.43347109870632355,-9.423491199965513e-08,0.399997570689149,"{'table_obstacle': {'pos': [0.3825981920028062, 0.37518922255766707, 0.1646257963690813], 'size': [0.049837904948193595, 0.0813235869879147, 0.05243307039854257]}, 'pillar_obstacle': {'pos': [0.39994824830915515, -0.3824307480766307, 0.23470116647765446], 'size': [0.033663755439403885, 0.20172185302840845, 0.0]}, 'small_block': {'pos': [0.6140097595303955, -0.3535133918987863, 0.1097032402875184], 'size': [0.04461973939918376, 0.0849493067344041, 0.09534921802665242]}}"
2.769999999999806,0.43599951165838713,0.0,0.4,0.4335072414984576,-9.728430552143279e-08,0.39999759766352877,"{'table_obstacle': {'pos': [0.3825981920028062, 0.37518922255766707, 0.1646257963690813], 'size': [0.049837904948193595, 0.0813235869879147, 0.05243307039854257]}, 'pillar_obstacle': {'pos': [0.39994824830915515, -0.3824307480766307, 0.23470116647765446], 'size': [0.033663755439403885, 0.20172185302840845, 0.0]}, 'small_block': {'pos': [0.6140097595303955, -0.3535133918987863, 0.1097032402875184], 'size': [0.04461973939918376, 0.0849493067344041, 0.09534921802665242]}}"
2.770999999999806,0.43599951165838713,0.0,0.4,0.4335428678002356,-1.0022810440385947e-07,0.3999976246058217,"{'table_obstacle': {'pos': [0.3825981920028062, 0.37518922255766707, 0.1646257963690813], 'size': [0.049837904948193595, 0.0813235869879147, 0.05243307039854257]}, 'pillar_obstacle': {'pos': [0.39994824830915515, -0.3824307480766307, 0.23470116647765446], 'size': [0.033663755439403885, 0.20172185302840845, 0.0]}, 'small_block': {'pos': [0.6140097595303955, -0.3535133918987863, 0.1097032402875184], 'size': [0.04461973939918376, 0.0849493067344041, 0.09534921802665242]}}"
2.7719999999998057,0.43599951165838713,0.0,0.4,0.4335779849858629,-1.0306863860514166e-07,0.3999976515043642,"{'table_obstacle': {'pos': [0.3825981920028062, 0.37518922255766707, 0.1646257963690813], 'size': [0.049837904948193595, 0.0813235869879147, 0.05243307039854257]}, 'pillar_obstacle': {'pos': [0.39994824830915515, -0.3824307480766307, 0.23470116647765446], 'size': [0.033663755439403885, 0.20172185302840845, 0.0]}, 'small_block': {'pos': [0.6140097595303955, -0.3535133918987863, 0.1097032402875184], 'size': [0.04461973939918376, 0.0849493067344041, 0.09534921802665242]}}"
2.7729999999998056,0.43599951165838713,0.0,0.4,0.4336126003248591,-1.0580820195845295e-07,0.39999767834805683,"{'table_obstacle': {'pos': [0.3825981920028062, 0.37518922255766707, 0.1646257963690813], 'size': [0.049837904948193595, 0.0813235869879147, 0.05243307039854257]}, 'pillar_obstacle': {'pos': [0.39994824830915515, -0.3824307480766307, 0.23470116647765446], 'size': [0.033663755439403885, 0.20172185302840845, 0.0]}, 'small_block': {'pos': [0.6140097595303955, -0.3535133918987863, 0.1097032402875184], 'size': [0.04461973939918376, 0.0849493067344041, 0.09534921802665242]}}"
2.7739999999998055,0.43599951165838713,0.0,0.4,0.43364672098344687,-1.0844905088211703e-07,0.39999770512634114,"{'table_obstacle': {'pos': [0.3825981920028062, 0.37518922255766707, 0.1646257963690813], 'size': [0.049837904948193595, 0.0813235869879147, 0.05243307039854257]}, 'pillar_obstacle': {'pos': [0.39994824830915515, -0.3824307480766307, 0.23470116647765446], 'size': [0.033663755439403885, 0.20172185302840845, 0.0]}, 'small_block': {'pos': [0.6140097595303955, -0.3535133918987863, 0.1097032402875184], 'size': [0.04461973939918376, 0.0849493067344041, 0.09534921802665242]}}"
2.7749999999998054,0.43599951165838713,0.0,0.4,0.43368035402594196,-1.1099340440665398e-07,0.399997731829176,"{'table_obstacle': {'pos': [0.3825981920028062, 0.37518922255766707, 0.1646257963690813], 'size': [0.049837904948193595, 0.0813235869879147, 0.05243307039854257]}, 'pillar_obstacle': {'pos': [0.39994824830915515, -0.3824307480766307, 0.23470116647765446], 'size': [0.033663755439403885, 0.20172185302840845, 0.0]}, 'small_block': {'pos': [0.6140097595303955, -0.3535133918987863, 0.1097032402875184], 'size': [0.04461973939918376, 0.0849493067344041, 0.09534921802665242]}}"
2.7759999999998053,0.43599951165838713,0.0,0.4,0.4337135064161387,-1.1344344333986168e-07,0.39999775844701907,"{'table_obstacle': {'pos': [0.3825981920028062, 0.37518922255766707, 0.1646257963690813], 'size': [0.049837904948193595, 0.0813235869879147, 0.05243307039854257]}, 'pillar_obstacle': {'pos': [0.39994824830915515, -0.3824307480766307, 0.23470116647765446], 'size': [0.033663755439403885, 0.20172185302840845, 0.0]}, 'small_block': {'pos': [0.6140097595303955, -0.3535133918987863, 0.1097032402875184], 'size': [0.04461973939918376, 0.0849493067344041, 0.09534921802665242]}}"
2.776999999999805,0.43599951165838713,0.0,0.4,0.43374618501868806,-1.1580131007032015e-07,0.3999977849708035,"{'table_obstacle': {'pos': [0.3825981920028062, 0.37518922255766707, 0.1646257963690813], 'size': [0.049837904948193595, 0.0813235869879147, 0.05243307039854257]}, 'pillar_obstacle': {'pos': [0.39994824830915515, -0.3824307480766307, 0.23470116647765446], 'size': [0.033663755439403885, 0.20172185302840845, 0.0]}, 'small_block': {'pos': [0.6140097595303955, -0.3535133918987863, 0.1097032402875184], 'size': [0.04461973939918376, 0.0849493067344041, 0.09534921802665242]}}"
2.777999999999805,0.43599951165838713,0.0,0.4,0.4337783966004659,-1.1806910858863974e-07,0.39999781139192164,"{'table_obstacle': {'pos': [0.3825981920028062, 0.37518922255766707, 0.1646257963690813], 'size': [0.049837904948193595, 0.0813235869879147, 0.05243307039854257]}, 'pillar_obstacle': {'pos': [0.39994824830915515, -0.3824307480766307, 0.23470116647765446], 'size': [0.033663755439403885, 0.20172185302840845, 0.0]}, 'small_block': {'pos': [0.6140097595303955, -0.3535133918987863, 0.1097032402875184], 'size': [0.04461973939918376, 0.0849493067344041, 0.09534921802665242]}}"
2.778999999999805,0.43599951165838713,0.0,0.4,0.43381014783193184,-1.2024890425286522e-07,0.39999783770220604,"{'table_obstacle': {'pos': [0.3825981920028062, 0.37518922255766707, 0.1646257963690813], 'size': [0.049837904948193595, 0.0813235869879147, 0.05243307039854257]}, 'pillar_obstacle': {'pos': [0.39994824830915515, -0.3824307480766307, 0.23470116647765446], 'size': [0.033663755439403885, 0.20172185302840845, 0.0]}, 'small_block': {'pos': [0.6140097595303955, -0.3535133918987863, 0.1097032402875184], 'size': [0.04461973939918376, 0.0849493067344041, 0.09534921802665242]}}"
2.779999999999805,0.43599951165838713,0.0,0.4,0.4338414452884725,-1.223427250188939e-07,0.39999786389391195,"{'table_obstacle': {'pos': [0.3825981920028062, 0.37518922255766707, 0.1646257963690813], 'size': [0.049837904948193595, 0.0813235869879147, 0.05243307039854257]}, 'pillar_obstacle': {'pos': [0.39994824830915515, -0.3824307480766307, 0.23470116647765446], 'size': [0.033663755439403885, 0.20172185302840845, 0.0]}, 'small_block': {'pos': [0.6140097595303955, -0.3535133918987863, 0.1097032402875184], 'size': [0.04461973939918376, 0.0849493067344041, 0.09534921802665242]}}"
2.7809999999998047,0.43599951165838713,0.0,0.4,0.433872295451735,-1.243525604797743e-07,0.39999788995970254,"{'table_obstacle': {'pos': [0.3825981920028062, 0.37518922255766707, 0.1646257963690813], 'size': [0.049837904948193595, 0.0813235869879147, 0.05243307039854257]}, 'pillar_obstacle': {'pos': [0.39994824830915515, -0.3824307480766307, 0.23470116647765446], 'size': [0.033663755439403885, 0.20172185302840845, 0.0]}, 'small_block': {'pos': [0.6140097595303955, -0.3535133918987863, 0.1097032402875184], 'size': [0.04461973939918376, 0.0849493067344041, 0.09534921802665242]}}"
2.7819999999998046,0.43599951165838713,0.0,0.4,0.4339027047109421,-1.2628036288166577e-07,0.39999791589263134,"{'table_obstacle': {'pos': [0.3825981920028062, 0.37518922255766707, 0.1646257963690813], 'size': [0.049837904948193595, 0.0813235869879147, 0.05243307039854257]}, 'pillar_obstacle': {'pos': [0.39994824830915515, -0.3824307480766307, 0.23470116647765446], 'size': [0.033663755439403885, 0.20172185302840845, 0.0]}, 'small_block': {'pos': [0.6140097595303955, -0.3535133918987863, 0.1097032402875184], 'size': [0.04461973939918376, 0.0849493067344041, 0.09534921802665242]}}"
2.7829999999998045,0.43599951165838713,0.0,0.4,0.4339326793641944,-1.2812804735468867e-07,0.399997941686129,"{'table_obstacle': {'pos': [0.3825981920028062, 0.37518922255766707, 0.1646257963690813], 'size': [0.049837904948193595, 0.0813235869879147, 0.05243307039854257]}, 'pillar_obstacle': {'pos': [0.39994824830915515, -0.3824307480766307, 0.23470116647765446], 'size': [0.033663755439403885, 0.20172185302840845, 0.0]}, 'small_block': {'pos': [0.6140097595303955, -0.3535133918987863, 0.1097032402875184], 'size': [0.04461973939918376, 0.0849493067344041, 0.09534921802665242]}}"
2.7839999999998044,0.43599951165838713,0.0,0.4,0.43396222561975656,-1.2989749244630108e-07,0.399997967333988,"{'table_obstacle': {'pos': [0.3825981920028062, 0.37518922255766707, 0.1646257963690813], 'size': [0.049837904948193595, 0.0813235869879147, 0.05243307039854257]}, 'pillar_obstacle': {'pos': [0.39994824830915515, -0.3824307480766307, 0.23470116647765446], 'size': [0.033663755439403885, 0.20172185302840845, 0.0]}, 'small_block': {'pos': [0.6140097595303955, -0.3535133918987863, 0.1097032402875184], 'size': [0.04461973939918376, 0.0849493067344041, 0.09534921802665242]}}"
2.7849999999998043,0.43599951165838713,0.0,0.4,0.4339913495973274,-1.3159054063981582e-07,0.3999979928303498,"{'table_obstacle': {'pos': [0.3825981920028062, 0.37518922255766707, 0.1646257963690813], 'size': [0.049837904948193595, 0.0813235869879147, 0.05243307039854257]}, 'pillar_obstacle': {'pos': [0.39994824830915515, -0.3824307480766307, 0.23470116647765446], 'size': [0.033663755439403885, 0.20172185302840845, 0.0]}, 'small_block': {'pos': [0.6140097595303955, -0.3535133918987863, 0.1097032402875184], 'size': [0.04461973939918376, 0.0849493067344041, 0.09534921802665242]}}"
2.785999999999804,0.43999949296692836,0.0,0.4,0.4340200573292929,-1.3320899857149914e-07,0.39999801816969055,"{'table_obstacle': {'pos': [0.3825981920028062, 0.37518922255766707, 0.1646257963690813], 'size': [0.049837904948193595, 0.0813235869879147, 0.05243307039854257]}, 'pillar_obstacle': {'pos': [0.39994824830915515, -0.3824307480766307, 0.23470116647765446], 'size': [0.033663755439403885, 0.20172185302840845, 0.0]}, 'small_block': {'pos': [0.6140097595303955, -0.3535133918987863, 0.1097032402875184], 'size': [0.04461973939918376, 0.0849493067344041, 0.09534921802665242]}}"
2.786999999999804,0.43999949296692836,0.0,0.4,0.43405924161880316,-1.1779382963127121e-07,0.3999979826792464,"{'table_obstacle': {'pos': [0.3825981920028062, 0.37518922255766707, 0.1646257963690813], 'size': [0.049837904948193595, 0.0813235869879147, 0.05243307039854257]}, 'pillar_obstacle': {'pos': [0.39994824830915515, -0.3824307480766307, 0.23470116647765446], 'size': [0.033663755439403885, 0.20172185302840845, 0.0]}, 'small_block': {'pos': [0.6140097595303955, -0.3535133918987863, 0.1097032402875184], 'size': [0.04461973939918376, 0.0849493067344041, 0.09534921802665242]}}"
2.787999999999804,0.43999949296692836,0.0,0.4,0.4341066790196816,-9.238650783993274e-08,0.39999790883844716,"{'table_obstacle': {'pos': [0.3825981920028062, 0.37518922255766707, 0.1646257963690813], 'size': [0.049837904948193595, 0.0813235869879147, 0.05243307039854257]}, 'pillar_obstacle': {'pos': [0.39994824830915515, -0.3824307480766307, 0.23470116647765446], 'size': [0.033663755439403885, 0.20172185302840845, 0.0]}, 'small_block': {'pos': [0.6140097595303955, -0.3535133918987863, 0.1097032402875184], 'size': [0.04461973939918376, 0.0849493067344041, 0.09534921802665242]}}"
2.788999999999804,0.43999949296692836,0.0,0.4,0.4341605727605729,-6.192983568019298e-08,0.3999978125982122,"{'table_obstacle': {'pos': [0.3825981920028062, 0.37518922255766707, 0.1646257963690813], 'size': [0.049837904948193595, 0.0813235869879147, 0.05243307039854257]}, 'pillar_obstacle': {'pos': [0.39994824830915515, -0.3824307480766307, 0.23470116647765446], 'size': [0.033663755439403885, 0.20172185302840845, 0.0]}, 'small_block': {'pos': [0.6140097595303955, -0.3535133918987863, 0.1097032402875184], 'size': [0.04461973939918376, 0.0849493067344041, 0.09534921802665242]}}"
2.7899999999998037,0.43999949296692836,0.0,0.4,0.43421947150008333,-2.9816994995198796e-08,0.39999770514622035,"{'table_obstacle': {'pos': [0.3825981920028062, 0.37518922255766707, 0.1646257963690813], 'size': [0.049837904948193595, 0.0813235869879147, 0.05243307039854257]}, 'pillar_obstacle': {'pos': [0.39994824830915515, -0.3824307480766307, 0.23470116647765446], 'size': [0.033663755439403885, 0.20172185302840845, 0.0]}, 'small_block': {'pos': [0.6140097595303955, -0.3535133918987863, 0.1097032402875184], 'size': [0.04461973939918376, 0.0849493067344041, 0.09534921802665242]}}"
2.7909999999998036,0.43999949296692836,0.0,0.4,0.4342822035225305,1.6935447924796728e-09,0.39999759420066194,"{'table_obstacle': {'pos': [0.3825981920028062, 0.37518922255766707, 0.1646257963690813], 'size': [0.049837904948193595, 0.0813235869879147, 0.05243307039854257]}, 'pillar_obstacle': {'pos': [0.39994824830915515, -0.3824307480766307, 0.23470116647765446], 'size': [0.033663755439403885, 0.20172185302840845, 0.0]}, 'small_block': {'pos': [0.6140097595303955, -0.3535133918987863, 0.1097032402875184], 'size': [0.04461973939918376, 0.0849493067344041, 0.09534921802665242]}}"
2.7919999999998035,0.43999949296692836,0.0,0.4,0.4343478234477132,3.1165790710615666e-08,0.39999748496101856,"{'table_obstacle': {'pos': [0.3825981920028062, 0.37518922255766707, 0.1646257963690813], 'size': [0.049837904948193595, 0.0813235869879147, 0.05243307039854257]}, 'pillar_obstacle': {'pos': [0.39994824830915515, -0.3824307480766307, 0.23470116647765446], 'size': [0.033663755439403885, 0.20172185302840845, 0.0]}, 'small_block': {'pos': [0.6140097595303955, -0.3535133918987863, 0.1097032402875184], 'size': [0.04461973939918376, 0.0849493067344041, 0.09534921802665242]}}"
2.7929999999998034,0.43999949296692836,0.0,0.4,0.43441556908002976,5.775239404373015e-08,0.39999738080795233,"{'table_obstacle': {'pos': [0.3825981920028062, 0.37518922255766707, 0.1646257963690813], 'size': [0.049837904948193595, 0.0813235869879147, 0.05243307039854257]}, 'pillar_obstacle': {'pos': [0.39994824830915515, -0.3824307480766307, 0.23470116647765446], 'size': [0.033663755439403885, 0.20172185302840845, 0.0]}, 'small_block': {'pos': [0.6140097595303955, -0.3535133918987863, 0.1097032402875184], 'size': [0.04461973939918376, 0.0849493067344041, 0.09534921802665242]}}"
2.7939999999998033,0.43999949296692836,0.0,0.4,0.4344848264711025,8.102053591651665e-08,0.3999972838187778,"{'table_obstacle': {'pos': [0.3825981920028062, 0.37518922255766707, 0.1646257963690813], 'size': [0.049837904948193595, 0.0813235869879147, 0.05243307039854257]}, 'pillar_obstacle': {'pos': [0.39994824830915515, -0.3824307480766307, 0.23470116647765446], 'size': [0.033663755439403885, 0.20172185302840845, 0.0]}, 'small_block': {'pos': [0.6140097595303955, -0.3535133918987863, 0.1097032402875184], 'size': [0.04461973939918376, 0.0849493067344041, 0.09534921802665242]}}"
2.794999999999803,0.43999949296692836,0.0,0.4,0.4345551016346902,1.0082315519316689e-07,0.3999971951468337,"{'table_obstacle': {'pos': [0.3825981920028062, 0.37518922255766707, 0.1646257963690813], 'size': [0.049837904948193595, 0.0813235869879147, 0.05243307039854257]}, 'pillar_obstacle': {'pos': [0.39994824830915515, -0.3824307480766307, 0.23470116647765446], 'size': [0.033663755439403885, 0.20172185302840845, 0.0]}, 'small_block': {'pos': [0.6140097595303955, -0.3535133918987863, 0.1097032402875184], 'size': [0.04461973939918376, 0.0849493067344041, 0.09534921802665242]}}"
2.795999999999803,0.43999949296692836,0.0,0.4,0.4346259976486726,1.1720447920662049e-07,0.39999711530010845,"{'table_obstacle': {'pos': [0.3825981920028062, 0.37518922255766707, 0.1646257963690813], 'size': [0.049837904948193595, 0.0813235869879147, 0.05243307039854257]}, 'pillar_obstacle': {'pos': [0.39994824830915515, -0.3824307480766307, 0.23470116647765446], 'size': [0.033663755439403885, 0.20172185302840845, 0.0]}, 'small_block': {'pos': [0.6140097595303955, -0.3535133918987863, 0.1097032402875184], 'size': [0.04461973939918376, 0.0849493067344041, 0.09534921802665242]}}"
2.796999999999803,0.43999949296692836,0.0,0.4,0.4346971961190369,1.3033140404300546e-07,0.39999704434513733,"{'table_obstacle': {'pos': [0.3825981920028062, 0.37518922255766707, 0.1646257963690813], 'size': [0.049837904948193595, 0.0813235869879147, 0.05243307039854257]}, 'pillar_obstacle': {'pos': [0.39994824830915515, -0.3824307480766307, 0.23470116647765446], 'size': [0.033663755439403885, 0.20172185302840845, 0.0]}, 'small_block': {'pos': [0.6140097595303955, -0.3535133918987863, 0.1097032402875184], 'size': [0.04461973939918376, 0.0849493067344041, 0.09534921802665242]}}"
2.797999999999803,0.43999949296692836,0.0,0.4,0.4347684421755488,1.404442528722585e-07,0.39999698205541157,"{'table_obstacle': {'pos': [0.3825981920028062, 0.37518922255766707, 0.1646257963690813], 'size': [0.049837904948193595, 0.0813235869879147, 0.05243307039854257]}, 'pillar_obstacle': {'pos': [0.39994824830915515, -0.3824307480766307, 0.23470116647765446], 'size': [0.033663755439403885, 0.20172185302840845, 0.0]}, 'small_block': {'pos': [0.6140097595303955, -0.3535133918987863, 0.1097032402875184], 'size': [0.04461973939918376, 0.0849493067344041, 0.09534921802665242]}}"
2.7989999999998028,0.43999949296692836,0.0,0.4,0.4348395323266285,1.4782198645428049e-07,0.3999969280185934,"{'table_obstacle': {'pos': [0.3825981920028062, 0.37518922255766707, 0.1646257963690813], 'size': [0.049837904948193595, 0.0813235869879147, 0.05243307039854257]}, 'pillar_obstacle': {'pos': [0.39994824830915515, -0.3824307480766307, 0.23470116647765446], 'size': [0.033663755439403885, 0.20172185302840845, 0.0]}, 'small_block': {'pos': [0.6140097595303955, -0.3535133918987863, 0.1097032402875184], 'size': [0.04461973939918376, 0.0849493067344041, 0.09534921802665242]}}"
2.7999999999998026,0.43999949296692836,0.0,0.4,0.43491030462888614,1.5275811707923998e-07,0.39999688171318126,"{'table_obstacle': {'pos': [0.3825981920028062, 0.37518922255766707, 0.1646257963690813], 'size': [0.049837904948193595, 0.0813235869879147, 0.05243307039854257]}, 'pillar_obstacle': {'pos': [0.39994824830915515, -0.3824307480766307, 0.23470116647765446], 'size': [0.033663755439403885, 0.20172185302840845, 0.0]}, 'small_block': {'pos': [0.6140097595303955, -0.3535133918987863, 0.1097032402875184], 'size': [0.04461973939918376, 0.0849493067344041, 0.09534921802665242]}}"
2.8009999999998025,0.43999949296692836,0.0,0.4,0.4349806307303938,1.5554448848826645e-07,0.3999968425625816,"{'table_obstacle': {'pos': [0.3825981920028062, 0.37518922255766707, 0.1646257963690813], 'size': [0.049837904948193595, 0.0813235869879147, 0.05243307039854257]}, 'pillar_obstacle': {'pos': [0.39994824830915515, -0.3824307480766307, 0.23470116647765446], 'size': [0.033663755439403885, 0.20172185302840845, 0.0]}, 'small_block': {'pos': [0.6140097595303955, -0.3535133918987863, 0.1097032402875184], 'size': [0.04461973939918376, 0.0849493067344041, 0.09534921802665242]}}"
2.8019999999998024,0.43999949296692836,0.0,0.4,0.4350504094307143,1.5646078172123502e-07,0.3999968099725299,"{'table_obstacle': {'pos': [0.3825981920028062, 0.37518922255766707, 0.1646257963690813], 'size': [0.049837904948193595, 0.0813235869879147, 0.05243307039854257]}, 'pillar_obstacle': {'pos': [0.39994824830915515, -0.3824307480766307, 0.23470116647765446], 'size': [0.033663755439403885, 0.20172185302840845, 0.0]}, 'small_block': {'pos': [0.6140097595303955, -0.3535133918987863, 0.1097032402875184], 'size': [0.04461973939918376, 0.0849493067344041, 0.09534921802665242]}}"
2.8029999999998023,0.43999949296692836,0.0,0.4,0.4351195614686898,1.5576813862209635e-07,0.39999678335631034,"{'table_obstacle': {'pos': [0.3825981920028062, 0.37518922255766707, 0.1646257963690813], 'size': [0.049837904948193595, 0.0813235869879147, 0.05243307039854257]}, 'pillar_obstacle': {'pos': [0.39994824830915515, -0.3824307480766307, 0.23470116647765446], 'size': [0.033663755439403885, 0.20172185302840845, 0.0]}, 'small_block': {'pos': [0.6140097595303955, -0.3535133918987863, 0.1097032402875184], 'size': [0.04461973939918376, 0.0849493067344041, 0.09534921802665242]}}"
2.803999999999802,0.43999949296692836,0.0,0.4,0.43518802530402817,1.5370570580344236e-07,0.39999676215110236,"{'table_obstacle': {'pos': [0.3825981920028062, 0.37518922255766707, 0.1646257963690813], 'size': [0.049837904948193595, 0.0813235869879147, 0.05243307039854257]}, 'pillar_obstacle': {'pos': [0.39994824830915515, -0.3824307480766307, 0.23470116647765446], 'size': [0.033663755439403885, 0.20172185302840845, 0.0]}, 'small_block': {'pos': [0.6140097595303955, -0.3535133918987863, 0.1097032402875184], 'size': [0.04461973939918376, 0.0849493067344041, 0.09534921802665242]}}"
2.804999999999802,0.43999949296692836,0.0,0.4,0.4352557537033091,1.5048920696097494e-07,0.3999967458279312,"{'table_obstacle': {'pos': [0.3825981920028062, 0.37518922255766707, 0.1646257963690813], 'size': [0.049837904948193595, 0.0813235869879147, 0.05243307039854257]}, 'pillar_obstacle': {'pos': [0.39994824830915515, -0.3824307480766307, 0.23470116647765446], 'size': [0.033663755439403885, 0.20172185302840845, 0.0]}, 'small_block': {'pos': [0.6140097595303955, -0.3535133918987863, 0.1097032402875184], 'size': [0.04461973939918376, 0.0849493067344041, 0.09534921802665242]}}"
2.805999999999802,0.43999949296692836,0.0,0.4,0.43532271097710373,1.463108909591937e-07,0.3999967338970739,"{'table_obstacle': {'pos': [0.3825981920028062, 0.37518922255766707, 0.1646257963690813], 'size': [0.049837904948193595, 0.0813235869879147, 0.05243307039854257]}, 'pillar_obstacle': {'pos': [0.39994824830915515, -0.3824307480766307, 0.23470116647765446], 'size': [0.033663755439403885, 0.20172185302840845, 0.0]}, 'small_block': {'pos': [0.6140097595303955, -0.3535133918987863, 0.1097032402875184], 'size': [0.04461973939918376, 0.0849493067344041, 0.09534921802665242]}}"
2.806999999999802,0.43999949296692836,0.0,0.4,0.43538887074411875,1.4134037497937753e-07,0.3999967259102886,"{'table_obstacle': {'pos': [0.3825981920028062, 0.37518922255766707, 0.1646257963690813], 'size': [0.049837904948193595, 0.0813235869879147, 0.05243307039854257]}, 'pillar_obstacle': {'pos': [0.39994824830915515, -0.3824307480766307, 0.23470116647765446], 'size': [0.033663755439403885, 0.20172185302840845, 0.0]}, 'small_block': {'pos': [0.6140097595303955, -0.3535133918987863, 0.1097032402875184], 'size': [0.04461973939918376, 0.0849493067344041, 0.09534921802665242]}}"
2.8079999999998018,0.43999949296692836,0.0,0.4,0.4354542141219184,1.3572604249806353e-07,0.3999967214608729,"{'table_obstacle': {'pos': [0.3825981920028062, 0.37518922255766707, 0.1646257963690813], 'size': [0.049837904948193595, 0.0813235869879147, 0.05243307039854257]}, 'pillar_obstacle': {'pos': [0.39994824830915515, -0.3824307480766307, 0.23470116647765446], 'size': [0.033663755439403885, 0.20172185302840845, 0.0]}, 'small_block': {'pos': [0.6140097595303955, -0.3535133918987863, 0.1097032402875184], 'size': [0.04461973939918376, 0.0849493067344041, 0.09534921802665242]}}"
2.8089999999998017,0.43999949296692836,0.0,0.4,0.43551872826292587,1.2959674569283705e-07,0.3999967201822978,"{'table_obstacle': {'pos': [0.3825981920028062, 0.37518922255766707, 0.1646257963690813], 'size': [0.049837904948193595, 0.0813235869879147, 0.05243307039854257]}, 'pillar_obstacle': {'pos': [0.39994824830915515, -0.3824307480766307, 0.23470116647765446], 'size': [0.033663755439403885, 0.20172185302840845, 0.0]}, 'small_block': {'pos': [0.6140097595303955, -0.3535133918987863, 0.1097032402875184], 'size': [0.04461973939918376, 0.0849493067344041, 0.09534921802665242]}}"
2.8099999999998015,0.43999949296692836,0.0,0.4,0.43558240516989216,1.230636475505776e-07,0.39999672174594175,"{'table_obstacle': {'pos': [0.3825981920028062, 0.37518922255766707, 0.1646257963690813], 'size': [0.049837904948193595, 0.0813235869879147, 0.05243307039854257]}, 'pillar_obstacle': {'pos': [0.39994824830915515, -0.3824307480766307, 0.23470116647765446], 'size': [0.033663755439403885, 0.20172185302840845, 0.0]}, 'small_block': {'pos': [0.6140097595303955, -0.3535133918987863, 0.1097032402875184], 'size': [0.04461973939918376, 0.0849493067344041, 0.09534921802665242]}}"
2.8109999999998014,0.43999949296692836,0.0,0.4,0.43564524073757155,1.1622208261564022e-07,0.3999967258583195,"{'table_obstacle': {'pos': [0.3825981920028062, 0.37518922255766707, 0.1646257963690813], 'size': [0.049837904948193595, 0.0813235869879147, 0.05243307039854257]}, 'pillar_obstacle': {'pos': [0.39994824830915515, -0.3824307480766307, 0.23470116647765446], 'size': [0.033663755439403885, 0.20172185302840845, 0.0]}, 'small_block': {'pos': [0.6140097595303955, -0.3535133918987863, 0.1097032402875184], 'size': [0.04461973939918376, 0.0849493067344041, 0.09534921802665242]}}"
2.8119999999998013,0.43999949296692836,0.0,0.4,0.43570723397748296,1.0915336171042587e-07,0.3999967322580669,"{'table_obstacle': {'pos': [0.3825981920028062, 0.37518922255766707, 0.1646257963690813], 'size': [0.049837904948193595, 0.0813235869879147, 0.05243307039854257]}, 'pillar_obstacle': {'pos': [0.39994824830915515, -0.3824307480766307, 0.23470116647765446], 'size': [0.033663755439403885, 0.20172185302840845, 0.0]}, 'small_block': {'pos': [0.6140097595303955, -0.3535133918987863, 0.1097032402875184], 'size': [0.04461973939918376, 0.0849493067344041, 0.09534921802665242]}}"
2.812999999999801,0.43999949296692836,0.0,0.4,0.4357683863908657,1.0192647319119886e-07,0.39999674071287383,"{'table_obstacle': {'pos': [0.3825981920028062, 0.37518922255766707, 0.1646257963690813], 'size': [0.049837904948193595, 0.0813235869879147, 0.05243307039854257]}, 'pillar_obstacle': {'pos': [0.39994824830915515, -0.3824307480766307, 0.23470116647765446], 'size': [0.033663755439403885, 0.20172185302840845, 0.0]}, 'small_block': {'pos': [0.6140097595303955, -0.3535133918987863, 0.1097032402875184], 'size': [0.04461973939918376, 0.0849493067344041, 0.09534921802665242]}}"
2.813999999999801,0.43999949296692836,0.0,0.4,0.4358287014615813,9.45996530591919e-08,0.399996751016487,"{'table_obstacle': {'pos': [0.3825981920028062, 0.37518922255766707, 0.1646257963690813], 'size': [0.049837904948193595, 0.0813235869879147, 0.05243307039854257]}, 'pillar_obstacle': {'pos': [0.39994824830915515, -0.3824307480766307, 0.23470116647765446], 'size': [0.033663755439403885, 0.20172185302840845, 0.0]}, 'small_block': {'pos': [0.6140097595303955, -0.3535133918987863, 0.1097032402875184], 'size': [0.04461973939918376, 0.0849493067344041, 0.09534921802665242]}}"
2.814999999999801,0.43999949296692836,0.0,0.4,0.43588818424609554,8.722181036994529e-08,0.3999967629858651,"{'table_obstacle': {'pos': [0.3825981920028062, 0.37518922255766707, 0.1646257963690813], 'size': [0.049837904948193595, 0.0813235869879147, 0.05243307039854257]}, 'pillar_obstacle': {'pos': [0.39994824830915515, -0.3824307480766307, 0.23470116647765446], 'size': [0.033663755439403885, 0.20172185302840845, 0.0]}, 'small_block': {'pos': [0.6140097595303955, -0.3535133918987863, 0.1097032402875184], 'size': [0.04461973939918376, 0.0849493067344041, 0.09534921802665242]}}"
2.815999999999801,0.43999949296692836,0.0,0.4,0.4359468410420394,7.983380643851922e-08,0.399996776458529,"{'table_obstacle': {'pos': [0.3825981920028062, 0.37518922255766707, 0.1646257963690813], 'size': [0.049837904948193595, 0.0813235869879147, 0.05243307039854257]}, 'pillar_obstacle': {'pos': [0.39994824830915515, -0.3824307480766307, 0.23470116647765446], 'size': [0.033663755439403885, 0.20172185302840845, 0.0]}, 'small_block': {'pos': [0.6140097595303955, -0.3535133918987863, 0.1097032402875184], 'size': [0.04461973939918376, 0.0849493067344041, 0.09534921802665242]}}"
2.8169999999998008,0.43999949296692836,0.0,0.4,0.43600467912036645,7.246959025235675e-08,0.39999679129013654,"{'table_obstacle': {'pos': [0.3825981920028062, 0.37518922255766707, 0.1646257963690813], 'size': [0.049837904948193595, 0.0813235869879147, 0.05243307039854257]}, 'pillar_obstacle': {'pos': [0.39994824830915515, -0.3824307480766307, 0.23470116647765446], 'size': [0.033663755439403885, 0.20172185302840845, 0.0]}, 'small_block': {'pos': [0.6140097595303955, -0.3535133918987863, 0.1097032402875184], 'size': [0.04461973939918376, 0.0849493067344041, 0.09534921802665242]}}"
2.8179999999998007,0.43999949296692836,0.0,0.4,0.43606170650898446,6.515719900107429e-08,0.3999968073522872,"{'table_obstacle': {'pos': [0.3825981920028062, 0.37518922255766707, 0.1646257963690813], 'size': [0.049837904948193595, 0.0813235869879147, 0.05243307039854257]}, 'pillar_obstacle': {'pos': [0.39994824830915515, -0.3824307480766307, 0.23470116647765446], 'size': [0.033663755439403885, 0.20172185302840845, 0.0]}, 'small_block': {'pos': [0.6140097595303955, -0.3535133918987863, 0.1097032402875184], 'size': [0.04461973939918376, 0.0849493067344041, 0.09534921802665242]}}"
2.8189999999998006,0.43999949296692836,0.0,0.4,0.4361179318180457,5.7919631322918463e-08,0.3999968245305548,"{'table_obstacle': {'pos': [0.3825981920028062, 0.37518922255766707, 0.1646257963690813], 'size': [0.049837904948193595, 0.0813235869879147, 0.05243307039854257]}, 'pillar_obstacle': {'pos': [0.39994824830915515, -0.3824307480766307, 0.23470116647765446], 'size': [0.033663755439403885, 0.20172185302840845, 0.0]}, 'small_block': {'pos': [0.6140097595303955, -0.3535133918987863, 0.1097032402875184], 'size': [0.04461973939918376, 0.0849493067344041, 0.09534921802665242]}}"
2.8199999999998004,0.43999949296692836,0.0,0.4,0.4361733640989545,5.077560769322458e-08,0.39999684272273783,"{'table_obstacle': {'pos': [0.3825981920028062, 0.37518922255766707, 0.1646257963690813], 'size': [0.049837904948193595, 0.0813235869879147, 0.05243307039854257]}, 'pillar_obstacle': {'pos': [0.39994824830915515, -0.3824307480766307, 0.23470116647765446], 'size': [0.033663755439403885, 0.20172185302840845, 0.0]}, 'small_block': {'pos': [0.6140097595303955, -0.3535133918987863, 0.1097032402875184], 'size': [0.04461973939918376, 0.0849493067344041, 0.09534921802665242]}}"
2.8209999999998003,0.43999949296692836,0.0,0.4,0.4362280127306589,4.3740226092784564e-08,0.39999686183731453,"{'table_obstacle': {'pos': [0.3825981920028062, 0.37518922255766707, 0.1646257963690813], 'size': [0.049837904948193595, 0.0813235869879147, 0.05243307039854257]}, 'pillar_obstacle': {'pos': [0.39994824830915515, -0.3824307480766307, 0.23470116647765446], 'size': [0.033663755439403885, 0.20172185302840845, 0.0]}, 'small_block': {'pos': [0.6140097595303955, -0.3535133918987863, 0.1097032402875184], 'size': [0.04461973939918376, 0.0849493067344041, 0.09534921802665242]}}"
2.8219999999998002,0.43999949296692836,0.0,0.4,0.43628188732802564,3.682552855514641e-08,0.39999688179208626,"{'table_obstacle': {'pos': [0.3825981920028062, 0.37518922255766707, 0.1646257963690813], 'size': [0.049837904948193595, 0.0813235869879147, 0.05243307039854257]}, 'pillar_obstacle': {'pos': [0.39994824830915515, -0.3824307480766307, 0.23470116647765446], 'size': [0.033663755439403885, 0.20172185302840845, 0.0]}, 'small_block': {'pos': [0.6140097595303955, -0.3535133918987863, 0.1097032402875184], 'size': [0.04461973939918376, 0.0849493067344041, 0.09534921802665242]}}"
2.8229999999998,0.43999949296692836,0.0,0.4,0.4363349976680836,3.004098450540598e-08,0.39999690251298925,"{'table_obstacle': {'pos': [0.3825981920028062, 0.37518922255766707, 0.1646257963690813], 'size': [0.049837904948193595, 0.0813235869879147, 0.05243307039854257]}, 'pillar_obstacle': {'pos': [0.39994824830915515, -0.3824307480766307, 0.23470116647765446], 'size': [0.033663755439403885, 0.20172185302840845, 0.0]}, 'small_block': {'pos': [0.6140097595303955, -0.3535133918987863, 0.1097032402875184], 'size': [0.04461973939918376, 0.0849493067344041, 0.09534921802665242]}}"
2.8239999999998,0.43999949296692836,0.0,0.4,0.43638735363072423,2.3393905496295116e-08,0.39999692393306296,"{'table_obstacle': {'pos': [0.3825981920028062, 0.37518922255766707, 0.1646257963690813], 'size': [0.049837904948193595, 0.0813235869879147, 0.05243307039854257]}, 'pillar_obstacle': {'pos': [0.39994824830915515, -0.3824307480766307, 0.23470116647765446], 'size': [0.033663755439403885, 0.20172185302840845, 0.0]}, 'small_block': {'pos': [0.6140097595303955, -0.3535133918987863, 0.1097032402875184], 'size': [0.04461973939918376, 0.0849493067344041, 0.09534921802665242]}}"
2.8249999999998,0.43999949296692836,0.0,0.4,0.436438965151104,1.6889797049359934e-08,0.39999694599155083,"{'table_obstacle': {'pos': [0.3825981920028062, 0.37518922255766707, 0.1646257963690813], 'size': [0.049837904948193595, 0.0813235869879147, 0.05243307039854257]}, 'pillar_obstacle': {'pos': [0.39994824830915515, -0.3824307480766307, 0.23470116647765446], 'size': [0.033663755439403885, 0.20172185302840845, 0.0]}, 'small_block': {'pos': [0.6140097595303955, -0.3535133918987863, 0.1097032402875184], 'size': [0.04461973939918376, 0.0849493067344041, 0.09534921802665242]}}"
2.8259999999998,0.43999949296692836,0.0,0.4,0.43648984218150794,1.053265782619645e-08,0.3999969686331238,"{'table_obstacle': {'pos': [0.3825981920028062, 0.37518922255766707, 0.1646257963690813], 'size': [0.049837904948193595, 0.0813235869879147, 0.05243307039854257]}, 'pillar_obstacle': {'pos': [0.39994824830915515, -0.3824307480766307, 0.23470116647765446], 'size': [0.033663755439403885, 0.20172185302840845, 0.0]}, 'small_block': {'pos': [0.6140097595303955, -0.3535133918987863, 0.1097032402875184], 'size': [0.04461973939918376, 0.0849493067344041, 0.09534921802665242]}}"
2.8269999999997997,0.43999949296692836,0.0,0.4,0.4365399946608699,4.325233023024883e-09,0.39999699180720893,"{'table_obstacle': {'pos': [0.3825981920028062, 0.37518922255766707, 0.1646257963690813], 'size': [0.049837904948193595, 0.0813235869879147, 0.05243307039854257]}, 'pillar_obstacle': {'pos': [0.39994824830915515, -0.3824307480766307, 0.23470116647765446], 'size': [0.033663755439403885, 0.20172185302840845, 0.0]}, 'small_block': {'pos': [0.6140097595303955, -0.3535133918987863, 0.1097032402875184], 'size': [0.04461973939918376, 0.0849493067344041, 0.09534921802665242]}}"
2.8279999999997996,0.43999949296692836,0.0,0.4,0.4365894324904862,-1.7307718948013142e-09,0.39999701546740996,"{'table_obstacle': {'pos': [0.3825981920028062, 0.37518922255766707, 0.1646257963690813], 'size': [0.049837904948193595, 0.0813235869879147, 0.05243307039854257]}, 'pillar_obstacle': {'pos': [0.39994824830915515, -0.3824307480766307, 0.23470116647765446], 'size': [0.033663755439403885, 0.20172185302840845, 0.0]}, 'small_block': {'pos': [0.6140097595303955, -0.3535133918987863, 0.1097032402875184], 'size': [0.04461973939918376, 0.0849493067344041, 0.09534921802665242]}}"
2.8289999999997995,0.43999949296692836,0.0,0.4,0.43663816551473456,-7.634509932317501e-09,0.3999970395710086,"{'table_obstacle': {'pos': [0.3825981920028062, 0.37518922255766707, 0.1646257963690813], 'size': [0.049837904948193595, 0.0813235869879147, 0.05243307039854257]}, 'pillar_obstacle': {'pos': [0.39994824830915515, -0.3824307480766307, 0.23470116647765446], 'size': [0.033663755439403885, 0.20172185302840845, 0.0]}, 'small_block': {'pos': [0.6140097595303955, -0.3535133918987863, 0.1097032402875184], 'size': [0.04461973939918376, 0.0849493067344041, 0.09534921802665242]}}"
2.8299999999997993,0.43999949296692836,0.0,0.4,0.43668620350584264,-1.3385842182993389e-08,0.39999706407853486,"{'table_obstacle': {'pos': [0.3825981920028062, 0.37518922255766707, 0.1646257963690813], 'size': [0.049837904948193595, 0.0813235869879147, 0.05243307039854257]}, 'pillar_obstacle': {'pos': [0.39994824830915515, -0.3824307480766307, 0.23470116647765446], 'size': [0.033663755439403885, 0.20172185302840845, 0.0]}, 'small_block': {'pos': [0.6140097595303955, -0.3535133918987863, 0.1097032402875184], 'size': [0.04461973939918376, 0.0849493067344041, 0.09534921802665242]}}"
2.8309999999997992,0.43999949296692836,0.0,0.4,0.4367335561519255,-1.8985209408380383e-08,0.3999970889533972,"{'table_obstacle': {'pos': [0.3825981920028062, 0.37518922255766707, 0.1646257963690813], 'size': [0.049837904948193595, 0.0813235869879147, 0.05243307039854257]}, 'pillar_obstacle': {'pos': [0.39994824830915515, -0.3824307480766307, 0.23470116647765446], 'size': [0.033663755439403885, 0.20172185302840845, 0.0]}, 'small_block': {'pos': [0.6140097595303955, -0.3535133918987863, 0.1097032402875184], 'size': [0.04461973939918376, 0.0849493067344041, 0.09534921802665242]}}"
2.831999999999799,0.43999949296692836,0.0,0.4,0.43678023304767005,-2.443352601189896e-08,0.3999971141615662,"{'table_obstacle': {'pos': [0.3825981920028062, 0.37518922255766707, 0.1646257963690813], 'size': [0.049837904948193595, 0.0813235869879147, 0.05243307039854257]}, 'pillar_obstacle': {'pos': [0.39994824830915515, -0.3824307480766307, 0.23470116647765446], 'size': [0.033663755439403885, 0.20172185302840845, 0.0]}, 'small_block': {'pos': [0.6140097595303955, -0.3535133918987863, 0.1097032402875184], 'size': [0.04461973939918376, 0.0849493067344041, 0.09534921802665242]}}"
2.832999999999799,0.43999949296692836,0.0,0.4,0.436826243687152,-2.973209047177056e-08,0.39999713967129935,"{'table_obstacle': {'pos': [0.3825981920028062, 0.37518922255766707, 0.1646257963690813], 'size': [0.049837904948193595, 0.0813235869879147, 0.05243307039854257]}, 'pillar_obstacle': {'pos': [0.39994824830915515, -0.3824307480766307, 0.23470116647765446], 'size': [0.033663755439403885, 0.20172185302840845, 0.0]}, 'small_block': {'pos': [0.6140097595303955, -0.3535133918987863, 0.1097032402875184], 'size': [0.04461973939918376, 0.0849493067344041, 0.09534921802665242]}}"
2.833999999999799,0.43999949296692836,0.0,0.4,0.4368715974583744,-3.488251080065577e-08,0.3999971654529078,"{'table_obstacle': {'pos': [0.3825981920028062, 0.37518922255766707, 0.1646257963690813], 'size': [0.049837904948193595, 0.0813235869879147, 0.05243307039854257]}, 'pillar_obstacle': {'pos': [0.39994824830915515, -0.3824307480766307, 0.23470116647765446], 'size': [0.033663755439403885, 0.20172185302840845, 0.0]}, 'small_block': {'pos': [0.6140097595303955, -0.3535133918987863, 0.1097032402875184], 'size': [0.04461973939918376, 0.0849493067344041, 0.09534921802665242]}}"
2.834999999999799,0.43999949296692836,0.0,0.4,0.4369163036391999,-3.988664235026475e-08,0.3999971914785511,"{'table_obstacle': {'pos': [0.3825981920028062, 0.37518922255766707, 0.1646257963690813], 'size': [0.049837904948193595, 0.0813235869879147, 0.05243307039854257]}, 'pillar_obstacle': {'pos': [0.39994824830915515, -0.3824307480766307, 0.23470116647765446], 'size': [0.033663755439403885, 0.20172185302840845, 0.0]}, 'small_block': {'pos': [0.6140097595303955, -0.3535133918987863, 0.1097032402875184], 'size': [0.04461973939918376, 0.0849493067344041, 0.09534921802665242]}}"
2.8359999999997987,0.43999949296692836,0.0,0.4,0.4369603713943999,-4.474653689805619e-08,0.3999972177220637,"{'table_obstacle': {'pos': [0.3825981920028062, 0.37518922255766707, 0.1646257963690813], 'size': [0.049837904948193595, 0.0813235869879147, 0.05243307039854257]}, 'pillar_obstacle': {'pos': [0.39994824830915515, -0.3824307480766307, 0.23470116647765446], 'size': [0.033663755439403885, 0.20172185302840845, 0.0]}, 'small_block': {'pos': [0.6140097595303955, -0.3535133918987863, 0.1097032402875184], 'size': [0.04461973939918376, 0.0849493067344041, 0.09534921802665242]}}"
2.8369999999997986,0.43999949296692836,0.0,0.4,0.437003809773607,-4.946439818890837e-08,0.3999972441588037,"{'table_obstacle': {'pos': [0.3825981920028062, 0.37518922255766707, 0.1646257963690813], 'size': [0.049837904948193595, 0.0813235869879147, 0.05243307039854257]}, 'pillar_obstacle': {'pos': [0.39994824830915515, -0.3824307480766307, 0.23470116647765446], 'size': [0.033663755439403885, 0.20172185302840845, 0.0]}, 'small_block': {'pos': [0.6140097595303955, -0.3535133918987863, 0.1097032402875184], 'size': [0.04461973939918376, 0.0849493067344041, 0.09534921802665242]}}"
2.8379999999997985,0.43999949296692836,0.0,0.4,0.4370466277099921,-5.4042548045910606e-08,0.3999972707655201,"{'table_obstacle': {'pos': [0.3825981920028062, 0.37518922255766707, 0.1646257963690813], 'size': [0.049837904948193595, 0.0813235869879147, 0.05243307039854257]}, 'pillar_obstacle': {'pos': [0.39994824830915515, -0.3824307480766307, 0.23470116647765446], 'size': [0.033663755439403885, 0.20172185302840845, 0.0]}, 'small_block': {'pos': [0.6140097595303955, -0.3535133918987863, 0.1097032402875184], 'size': [0.04461973939918376, 0.0849493067344041, 0.09534921802665242]}}"
2.8389999999997984,0.43999949296692836,0.0,0.4,0.4370888340195265,-5.848339584211663e-08,0.3999972975202404,"{'table_obstacle': {'pos': [0.3825981920028062, 0.37518922255766707, 0.1646257963690813], 'size': [0.049837904948193595, 0.0813235869879147, 0.05243307039854257]}, 'pillar_obstacle': {'pos': [0.39994824830915515, -0.3824307480766307, 0.23470116647765446], 'size': [0.033663755439403885, 0.20172185302840845, 0.0]}, 'small_block': {'pos': [0.6140097595303955, -0.3535133918987863, 0.1097032402875184], 'size': [0.04461973939918376, 0.0849493067344041, 0.09534921802665242]}}"
2.8399999999997982,0.43999949296692836,0.0,0.4,0.43713043740070645,-6.278941415399714e-08,0.3999973244021703,"{'table_obstacle': {'pos': [0.3825981920028062, 0.37518922255766707, 0.1646257963690813], 'size': [0.049837904948193595, 0.0813235869879147, 0.05243307039854257]}, 'pillar_obstacle': {'pos': [0.39994824830915515, -0.3824307480766307, 0.23470116647765446], 'size': [0.033663755439403885, 0.20172185302840845, 0.0]}, 'small_block': {'pos': [0.6140097595303955, -0.3535133918987863, 0.1097032402875184], 'size': [0.04461973939918376, 0.0849493067344041, 0.09534921802665242]}}"
2.840999999999798,0.43999949296692836,0.0,0.4,0.43717144643465655,-6.696311954483478e-08,0.39999735139160625,"{'table_obstacle': {'pos': [0.3825981920028062, 0.37518922255766707, 0.1646257963690813], 'size': [0.049837904948193595, 0.0813235869879147, 0.05243307039854257]}, 'pillar_obstacle': {'pos': [0.39994824830915515, -0.3824307480766307, 0.23470116647765446], 'size': [0.033663755439403885, 0.20172185302840845, 0.0]}, 'small_block': {'pos': [0.6140097595303955, -0.3535133918987863, 0.1097032402875184], 'size': [0.04461973939918376, 0.0849493067344041, 0.09534921802665242]}}"
2.841999999999798,0.43999949296692836,0.0,0.4,0.4372118695855248,-7.100705502895435e-08,0.3999973784698591,"{'table_obstacle': {'pos': [0.3825981920028062, 0.37518922255766707, 0.1646257963690813], 'size': [0.049837904948193595, 0.0813235869879147, 0.05243307039854257]}, 'pillar_obstacle': {'pos': [0.39994824830915515, -0.3824307480766307, 0.23470116647765446], 'size': [0.033663755439403885, 0.20172185302840845, 0.0]}, 'small_block': {'pos': [0.6140097595303955, -0.3535133918987863, 0.1097032402875184], 'size': [0.04461973939918376, 0.0849493067344041, 0.09534921802665242]}}"
2.842999999999798,0.43999949296692836,0.0,0.4,0.4372517152011204,-7.49237772718434e-08,0.39999740561918734,"{'table_obstacle': {'pos': [0.3825981920028062, 0.37518922255766707, 0.1646257963690813], 'size': [0.049837904948193595, 0.0813235869879147, 0.05243307039854257]}, 'pillar_obstacle': {'pos': [0.39994824830915515, -0.3824307480766307, 0.23470116647765446], 'size': [0.033663755439403885, 0.20172185302840845, 0.0]}, 'small_block': {'pos': [0.6140097595303955, -0.3535133918987863, 0.1097032402875184], 'size': [0.04461973939918376, 0.0849493067344041, 0.09534921802665242]}}"
2.843999999999798,0.43999949296692836,0.0,0.4,0.4372909915137334,-7.871584524246666e-08,0.39999743282273675,"{'table_obstacle': {'pos': [0.3825981920028062, 0.37518922255766707, 0.1646257963690813], 'size': [0.049837904948193595, 0.0813235869879147, 0.05243307039854257]}, 'pillar_obstacle': {'pos': [0.39994824830915515, -0.3824307480766307, 0.23470116647765446], 'size': [0.033663755439403885, 0.20172185302840845, 0.0]}, 'small_block': {'pos': [0.6140097595303955, -0.3535133918987863, 0.1097032402875184], 'size': [0.04461973939918376, 0.0849493067344041, 0.09534921802665242]}}"
2.8449999999997977,0.43999949296692836,0.0,0.4,0.43732970664110465,-8.238581131576504e-08,0.3999974600644872,"{'table_obstacle': {'pos': [0.3825981920028062, 0.37518922255766707, 0.1646257963690813], 'size': [0.049837904948193595, 0.0813235869879147, 0.05243307039854257]}, 'pillar_obstacle': {'pos': [0.39994824830915515, -0.3824307480766307, 0.23470116647765446], 'size': [0.033663755439403885, 0.20172185302840845, 0.0]}, 'small_block': {'pos': [0.6140097595303955, -0.3535133918987863, 0.1097032402875184], 'size': [0.04461973939918376, 0.0849493067344041, 0.09534921802665242]}}"
2.8459999999997976,0.43999949296692836,0.0,0.4,0.43736786858751014,-8.593621399977741e-08,0.3999974873292041,"{'table_obstacle': {'pos': [0.3825981920028062, 0.37518922255766707, 0.1646257963690813], 'size': [0.049837904948193595, 0.0813235869879147, 0.05243307039854257]}, 'pillar_obstacle': {'pos': [0.39994824830915515, -0.3824307480766307, 0.23470116647765446], 'size': [0.033663755439403885, 0.20172185302840845, 0.0]}, 'small_block': {'pos': [0.6140097595303955, -0.3535133918987863, 0.1097032402875184], 'size': [0.04461973939918376, 0.0849493067344041, 0.09534921802665242]}}"
2.8469999999997975,0.43999949296692836,0.0,0.4,0.4374054852449324,-8.93695718551604e-08,0.39999751460239624,"{'table_obstacle': {'pos': [0.3825981920028062, 0.37518922255766707, 0.1646257963690813], 'size': [0.049837904948193595, 0.0813235869879147, 0.05243307039854257]}, 'pillar_obstacle': {'pos': [0.39994824830915515, -0.3824307480766307, 0.23470116647765446], 'size': [0.033663755439403885, 0.20172185302840845, 0.0]}, 'small_block': {'pos': [0.6140097595303955, -0.3535133918987863, 0.1097032402875184], 'size': [0.04461973939918376, 0.0849493067344041, 0.09534921802665242]}}"
2.8479999999997974,0.43999949296692836,0.0,0.4,0.43744256439430074,-9.268837879255816e-08,0.3999975418702775,"{'table_obstacle': {'pos': [0.3825981920028062, 0.37518922255766707, 0.1646257963690813], 'size': [0.049837904948193595, 0.0813235869879147, 0.05243307039854257]}, 'pillar_obstacle': {'pos': [0.39994824830915515, -0.3824307480766307, 0.23470116647765446], 'size': [0.033663755439403885, 0.20172185302840845, 0.0]}, 'small_block': {'pos': [0.6140097595303955, -0.3535133918987863, 0.1097032402875184], 'size': [0.04461973939918376, 0.0849493067344041, 0.09534921802665242]}}"
2.8489999999997973,0.43999949296692836,0.0,0.4,0.43747911370678294,-9.589510084383033e-08,0.3999975691197293,"{'table_obstacle': {'pos': [0.3825981920028062, 0.37518922255766707, 0.1646257963690813], 'size': [0.049837904948193595, 0.0813235869879147, 0.05243307039854257]}, 'pillar_obstacle': {'pos': [0.39994824830915515, -0.3824307480766307, 0.23470116647765446], 'size': [0.033663755439403885, 0.20172185302840845, 0.0]}, 'small_block': {'pos': [0.6140097595303955, -0.3535133918987863, 0.1097032402875184], 'size': [0.04461973939918376, 0.0849493067344041, 0.09534921802665242]}}"
2.849999999999797,0.43999949296692836,0.0,0.4,0.43751514074511133,-9.899217216046353e-08,0.39999759633827137,"{'table_obstacle': {'pos': [0.3825981920028062, 0.37518922255766707, 0.1646257963690813], 'size': [0.049837904948193595, 0.0813235869879147, 0.05243307039854257]}, 'pillar_obstacle': {'pos': [0.39994824830915515, -0.3824307480766307, 0.23470116647765446], 'size': [0.033663755439403885, 0.20172185302840845, 0.0]}, 'small_block': {'pos': [0.6140097595303955, -0.3535133918987863, 0.1097032402875184], 'size': [0.04461973939918376, 0.0849493067344041, 0.09534921802665242]}}"
2.850999999999797,0.43999949296692836,0.0,0.4,0.4375506529649382,-1.0198199390408109e-07,0.39999762351402884,"{'table_obstacle': {'pos': [0.3825981920028062, 0.37518922255766707, 0.1646257963690813], 'size': [0.049837904948193595, 0.0813235869879147, 0.05243307039854257]}, 'pillar_obstacle': {'pos': [0.39994824830915515, -0.3824307480766307, 0.23470116647765446], 'size': [0.033663755439403885, 0.20172185302840845, 0.0]}, 'small_block': {'pos': [0.6140097595303955, -0.3535133918987863, 0.1097032402875184], 'size': [0.04461973939918376, 0.0849493067344041, 0.09534921802665242]}}"
2.851999999999797,0.43999949296692836,0.0,0.4,0.43758565771620417,-1.0486693130710102e-07,0.3999976506357065,"{'table_obstacle': {'pos': [0.3825981920028062, 0.37518922255766707, 0.1646257963690813], 'size': [0.049837904948193595, 0.0813235869879147, 0.05243307039854257]}, 'pillar_obstacle': {'pos': [0.39994824830915515, -0.3824307480766307, 0.23470116647765446], 'size': [0.033663755439403885, 0.20172185302840845, 0.0]}, 'small_block': {'pos': [0.6140097595303955, -0.3535133918987863, 0.1097032402875184], 'size': [0.04461973939918376, 0.0849493067344041, 0.09534921802665242]}}"
2.852999999999797,0.43999949296692836,0.0,0.4,0.4376201622445204,-1.0764931361202672e-07,0.3999976776925631,"{'table_obstacle': {'pos': [0.3825981920028062, 0.37518922255766707, 0.1646257963690813], 'size': [0.049837904948193595, 0.0813235869879147, 0.05243307039854257]}, 'pillar_obstacle': {'pos': [0.39994824830915515, -0.3824307480766307, 0.23470116647765446], 'size': [0.033663755439403885, 0.20172185302840845, 0.0]}, 'small_block': {'pos': [0.6140097595303955, -0.3535133918987863, 0.1097032402875184], 'size': [0.04461973939918376, 0.0849493067344041, 0.09534921802665242]}}"
2.8539999999997967,0.43999949296692836,0.0,0.4,0.4376541736925524,-1.1033143158797935e-07,0.3999977046743876,"{'table_obstacle': {'pos': [0.3825981920028062, 0.37518922255766707, 0.1646257963690813], 'size': [0.049837904948193595, 0.0813235869879147, 0.05243307039854257]}, 'pillar_obstacle': {'pos': [0.39994824830915515, -0.3824307480766307, 0.23470116647765446], 'size': [0.033663755439403885, 0.20172185302840845, 0.0]}, 'small_block': {'pos': [0.6140097595303955, -0.3535133918987863, 0.1097032402875184], 'size': [0.04461973939918376, 0.0849493067344041, 0.09534921802665242]}}"
2.8549999999997966,0.43999949296692836,0.0,0.4,0.4376876991014038,-1.1291553861683959e-07,0.3999977315714762,"{'table_obstacle': {'pos': [0.3825981920028062, 0.37518922255766707, 0.1646257963690813], 'size': [0.049837904948193595, 0.0813235869879147, 0.05243307039854257]}, 'pillar_obstacle': {'pos': [0.39994824830915515, -0.3824307480766307, 0.23470116647765446], 'size': [0.033663755439403885, 0.20172185302840845, 0.0]}, 'small_block': {'pos': [0.6140097595303955, -0.3535133918987863, 0.1097032402875184], 'size': [0.04461973939918376, 0.0849493067344041, 0.09534921802665242]}}"
2.8559999999997965,0.43999949296692836,0.0,0.4,0.43772074541199707,-1.1540384873695242e-07,0.3999977583746128,"{'table_obstacle': {'pos': [0.3825981920028062, 0.37518922255766707, 0.1646257963690813], 'size': [0.049837904948193595, 0.0813235869879147, 0.05243307039854257]}, 'pillar_obstacle': {'pos': [0.39994824830915515, -0.3824307480766307, 0.23470116647765446], 'size': [0.033663755439403885, 0.20172185302840845, 0.0]}, 'small_block': {'pos': [0.6140097595303955, -0.3535133918987863, 0.1097032402875184], 'size': [0.04461973939918376, 0.0849493067344041, 0.09534921802665242]}}"
2.8569999999997964,0.43999949296692836,0.0,0.4,0.4377533194664459,-1.1779853747762053e-07,0.39999778507504685,"{'table_obstacle': {'pos': [0.3825981920028062, 0.37518922255766707, 0.1646257963690813], 'size': [0.049837904948193595, 0.0813235869879147, 0.05243307039854257]}, 'pillar_obstacle': {'pos': [0.39994824830915515, -0.3824307480766307, 0.23470116647765446], 'size': [0.033663755439403885, 0.20172185302840845, 0.0]}, 'small_block': {'pos': [0.6140097595303955, -0.3535133918987863, 0.1097032402875184], 'size': [0.04461973939918376, 0.0849493067344041, 0.09534921802665242]}}"
2.8579999999997963,0.43999949296692836,0.0,0.4,0.4377854280094196,-1.201017413434928e-07,0.3999978116644779,"{'table_obstacle': {'pos': [0.3825981920028062, 0.37518922255766707, 0.1646257963690813], 'size': [0.049837904948193595, 0.0813235869879147, 0.05243307039854257]}, 'pillar_obstacle': {'pos': [0.39994824830915515, -0.3824307480766307, 0.23470116647765446], 'size': [0.033663755439403885, 0.20172185302840845, 0.0]}, 'small_block': {'pos': [0.6140097595303955, -0.3535133918987863, 0.1097032402875184], 'size': [0.04461973939918376, 0.0849493067344041, 0.09534921802665242]}}"
2.858999999999796,0.43999949296692836,0.0,0.4,0.4378170776894956,-1.2231555763536815e-07,0.3999978381350352,"{'table_obstacle': {'pos': [0.3825981920028062, 0.37518922255766707, 0.1646257963690813], 'size': [0.049837904948193595, 0.0813235869879147, 0.05243307039854257]}, 'pillar_obstacle': {'pos': [0.39994824830915515, -0.3824307480766307, 0.23470116647765446], 'size': [0.033663755439403885, 0.20172185302840845, 0.0]}, 'small_block': {'pos': [0.6140097595303955, -0.3535133918987863, 0.1097032402875184], 'size': [0.04461973939918376, 0.0849493067344041, 0.09534921802665242]}}"
2.859999999999796,0.43999949296692836,0.0,0.4,0.4378482750604991,-1.244420455027295e-07,0.3999978644792622,"{'table_obstacle': {'pos': [0.3825981920028062, 0.37518922255766707, 0.1646257963690813], 'size': [0.049837904948193595, 0.0813235869879147, 0.05243307039854257]}, 'pillar_obstacle': {'pos': [0.39994824830915515, -0.3824307480766307, 0.23470116647765446], 'size': [0.033663755439403885, 0.20172185302840845, 0.0]}, 'small_block': {'pos': [0.6140097595303955, -0.3535133918987863, 0.1097032402875184], 'size': [0.04461973939918376, 0.0849493067344041, 0.09534921802665242]}}"
2.860999999999796,0.43999949296692836,0.0,0.4,0.43787902658282984,-1.2648322541189556e-07,0.3999978906901002,"{'table_obstacle': {'pos': [0.3825981920028062, 0.37518922255766707, 0.1646257963690813], 'size': [0.049837904948193595, 0.0813235869879147, 0.05243307039854257]}, 'pillar_obstacle': {'pos': [0.39994824830915515, -0.3824307480766307, 0.23470116647765446], 'size': [0.033663755439403885, 0.20172185302840845, 0.0]}, 'small_block': {'pos': [0.6140097595303955, -0.3535133918987863, 0.1097032402875184], 'size': [0.04461973939918376, 0.0849493067344041, 0.09534921802665242]}}"
2.861999999999796,0.43999949296692836,0.0,0.4,0.4379093386247748,-1.2844108009143517e-07,0.39999791676087326,"{'table_obstacle': {'pos': [0.3825981920028062, 0.37518922255766707, 0.1646257963690813], 'size': [0.049837904948193595, 0.0813235869879147, 0.05243307039854257]}, 'pillar_obstacle': {'pos': [0.39994824830915515, -0.3824307480766307, 0.23470116647765446], 'size': [0.033663755439403885, 0.20172185302840845, 0.0]}, 'small_block': {'pos': [0.6140097595303955, -0.3535133918987863, 0.1097032402875184], 'size': [0.04461973939918376, 0.0849493067344041, 0.09534921802665242]}}"
2.8629999999997957,0.43999949296692836,0.0,0.4,0.43793921746380454,-1.3031755421634237e-07,0.3999979426852721,"{'table_obstacle': {'pos': [0.3825981920028062, 0.37518922255766707, 0.1646257963690813], 'size': [0.049837904948193595, 0.0813235869879147, 0.05243307039854257]}, 'pillar_obstacle': {'pos': [0.39994824830915515, -0.3824307480766307, 0.23470116647765446], 'size': [0.033663755439403885, 0.20172185302840845, 0.0]}, 'small_block': {'pos': [0.6140097595303955, -0.3535133918987863, 0.1097032402875184], 'size': [0.04461973939918376, 0.0849493067344041, 0.09534921802665242]}}"
2.8639999999997956,0.43999949296692836,0.0,0.4,0.4379686692878546,-1.321145556936206e-07,0.3999979684573431,"{'table_obstacle': {'pos': [0.3825981920028062, 0.37518922255766707, 0.1646257963690813], 'size': [0.049837904948193595, 0.0813235869879147, 0.05243307039854257]}, 'pillar_obstacle': {'pos': [0.39994824830915515, -0.3824307480766307, 0.23470116647765446], 'size': [0.033663755439403885, 0.20172185302840845, 0.0]}, 'small_block': {'pos': [0.6140097595303955, -0.3535133918987863, 0.1097032402875184], 'size': [0.04461973939918376, 0.0849493067344041, 0.09534921802665242]}}"
2.8649999999997955,0.443999473919446,0.0,0.4,0.43799770019659173,-1.3383395538492568e-07,0.3999979940714716,"{'table_obstacle': {'pos': [0.3825981920028062, 0.37518922255766707, 0.1646257963690813], 'size': [0.049837904948193595, 0.0813235869879147, 0.05243307039854257]}, 'pillar_obstacle': {'pos': [0.39994824830915515, -0.3824307480766307, 0.23470116647765446], 'size': [0.033663755439403885, 0.20172185302840845, 0.0]}, 'small_block': {'pos': [0.6140097595303955, -0.3535133918987863, 0.1097032402875184], 'size': [0.04461973939918376, 0.0849493067344041, 0.09534921802665242]}}"
2.8659999999997954,0.443999473919446,0.0,0.4,0.43803720070297714,-1.1820068340449704e-07,0.39999795708555863,"{'table_obstacle': {'pos': [0.3825981920028062, 0.37518922255766707, 0.1646257963690813], 'size': [0.049837904948193595, 0.0813235869879147, 0.05243307039854257]}, 'pillar_obstacle': {'pos': [0.39994824830915515, -0.3824307480766307, 0.23470116647765446], 'size': [0.033663755439403885, 0.20172185302840845, 0.0]}, 'small_block': {'pos': [0.6140097595303955, -0.3535133918987863, 0.1097032402875184], 'size': [0.04461973939918376, 0.0849493067344041, 0.09534921802665242]}}"
2.8669999999997953,0.443999473919446,0.0,0.4,0.4380849482709759,-9.238444240008491e-08,0.3999978806808342,"{'table_obstacle': {'pos': [0.3825981920028062, 0.37518922255766707, 0.1646257963690813], 'size': [0.049837904948193595, 0.0813235869879147, 0.05243307039854257]}, 'pillar_obstacle': {'pos': [0.39994824830915515, -0.3824307480766307, 0.23470116647765446], 'size': [0.033663755439403885, 0.20172185302840845, 0.0]}, 'small_block': {'pos': [0.6140097595303955, -0.3535133918987863, 0.1097032402875184], 'size': [0.04461973939918376, 0.0849493067344041, 0.09534921802665242]}}"
2.867999999999795,0.443999473919446,0.0,0.4,0.43813914680030047,-6.141896045354807e-08,0.3999977813091517,"{'table_obstacle': {'pos': [0.3825981920028062, 0.37518922255766707, 0.1646257963690813], 'size': [0.049837904948193595, 0.0813235869879147, 0.05243307039854257]}, 'pillar_obstacle': {'pos': [0.39994824830915515, -0.3824307480766307, 0.23470116647765446], 'size': [0.033663755439403885, 0.20172185302840845, 0.0]}, 'small_block': {'pos': [0.6140097595303955, -0.3535133918987863, 0.1097032402875184], 'size': [0.04461973939918376, 0.0849493067344041, 0.09534921802665242]}}"
2.868999999999795,0.443999473919446,0.0,0.4,0.43819834544352887,-2.8760565308909745e-08,0.3999976705082056,"{'table_obstacle': {'pos': [0.3825981920028062, 0.37518922255766707, 0.1646257963690813], 'size': [0.049837904948193595, 0.0813235869879147, 0.05243307039854257]}, 'pillar_obstacle': {'pos': [0.39994824830915515, -0.3824307480766307, 0.23470116647765446], 'size': [0.033663755439403885, 0.20172185302840845, 0.0]}, 'small_block': {'pos': [0.6140097595303955, -0.3535133918987863, 0.1097032402875184], 'size': [0.04461973939918376, 0.0849493067344041, 0.09534921802665242]}}"
2.869999999999795,0.443999473919446,0.0,0.4,0.43826137284813116,3.2896551873235325e-09,0.3999975562338884,"{'table_obstacle': {'pos': [0.3825981920028062, 0.37518922255766707, 0.1646257963690813], 'size': [0.049837904948193595, 0.0813235869879147, 0.05243307039854257]}, 'pillar_obstacle': {'pos': [0.39994824830915515, -0.3824307480766307, 0.23470116647765446], 'size': [0.033663755439403885, 0.20172185302840845, 0.0]}, 'small_block': {'pos': [0.6140097595303955, -0.3535133918987863, 0.1097032402875184], 'size': [0.04461973939918376, 0.0849493067344041, 0.09534921802665242]}}"
2.870999999999795,0.443999473919446,0.0,0.4,0.43832728390081366,3.326811196539285e-08,0.3999974438406998,"{'table_obstacle': {'pos': [0.3825981920028062, 0.37518922255766707, 0.1646257963690813], 'size': [0.049837904948193595, 0.0813235869879147, 0.05243307039854257]}, 'pillar_obstacle': {'pos': [0.39994824830915515, -0.3824307480766307, 0.23470116647765446], 'size': [0.033663755439403885, 0.20172185302840845, 0.0]}, 'small_block': {'pos': [0.6140097595303955, -0.3535133918987863, 0.1097032402875184], 'size': [0.04461973939918376, 0.0849493067344041, 0.09534921802665242]}}"
2.8719999999997947,0.443999473919446,0.0,0.4,0.4383953166024579,6.031072868126277e-08,0.3999973368042227,"{'table_obstacle': {'pos': [0.3825981920028062, 0.37518922255766707, 0.1646257963690813], 'size': [0.049837904948193595, 0.0813235869879147, 0.05243307039854257]}, 'pillar_obstacle': {'pos': [0.39994824830915515, -0.3824307480766307, 0.23470116647765446], 'size': [0.033663755439403885, 0.20172185302840845, 0.0]}, 'small_block': {'pos': [0.6140097595303955, -0.3535133918987863, 0.1097032402875184], 'size': [0.04461973939918376, 0.0849493067344041, 0.09534921802665242]}}"
2.8729999999997946,0.443999473919446,0.0,0.4,0.4384648571500075,8.397570378937841e-08,0.39999723725368497,"{'table_obstacle': {'pos': [0.3825981920028062, 0.37518922255766707, 0.1646257963690813], 'size': [0.049837904948193595, 0.0813235869879147, 0.05243307039854257]}, 'pillar_obstacle': {'pos': [0.39994824830915515, -0.3824307480766307, 0.23470116647765446], 'size': [0.033663755439403885, 0.20172185302840845, 0.0]}, 'small_block': {'pos': [0.6140097595303955, -0.3535133918987863, 0.1097032402875184], 'size': [0.04461973939918376, 0.0849493067344041, 0.09534921802665242]}}"
2.8739999999997945,0.443999473919446,0.0,0.4,0.4385354116657102,1.0411240729025529e-07,0.39999714636416117,"{'table_obstacle': {'pos': [0.3825981920028062, 0.37518922255766707, 0.1646257963690813], 'size': [0.049837904948193595, 0.0813235869879147, 0.05243307039854257]}, 'pillar_obstacle': {'pos': [0.39994824830915515, -0.3824307480766307, 0.23470116647765446], 'size': [0.033663755439403885, 0.20172185302840845, 0.0]}, 'small_block': {'pos': [0.6140097595303955, -0.3535133918987863, 0.1097032402875184], 'size': [0.04461973939918376, 0.0849493067344041, 0.09534921802665242]}}"
2.8749999999997944,0.443999473919446,0.0,0.4,0.4386065833097341,1.2076518563033727e-07,0.39999706464474877,"{'table_obstacle': {'pos': [0.3825981920028062, 0.37518922255766707, 0.1646257963690813], 'size': [0.049837904948193595, 0.0813235869879147, 0.05243307039854257]}, 'pillar_obstacle': {'pos': [0.39994824830915515, -0.3824307480766307, 0.23470116647765446], 'size': [0.033663755439403885, 0.20172185302840845, 0.0]}, 'small_block': {'pos': [0.6140097595303955, -0.3535133918987863, 0.1097032402875184], 'size': [0.04461973939918376, 0.0849493067344041, 0.09534921802665242]}}"
2.8759999999997943,0.443999473919446,0.0,0.4,0.43867805375200264,1.3410347164562506e-07,0.3999969921494992,"{'table_obstacle': {'pos': [0.3825981920028062, 0.37518922255766707, 0.1646257963690813], 'size': [0.049837904948193595, 0.0813235869879147, 0.05243307039854257]}, 'pillar_obstacle': {'pos': [0.39994824830915515, -0.3824307480766307, 0.23470116647765446], 'size': [0.033663755439403885, 0.20172185302840845, 0.0]}, 'small_block': {'pos': [0.6140097595303955, -0.3535133918987863, 0.1097032402875184], 'size': [0.04461973939918376, 0.0849493067344041, 0.09534921802665242]}}"
2.876999999999794,0.443999473919446,0.0,0.4,0.4387495681736209,1.4437162347894176e-07,0.39999692863095043,"{'table_obstacle': {'pos': [0.3825981920028062, 0.37518922255766707, 0.1646257963690813], 'size': [0.049837904948193595, 0.0813235869879147, 0.05243307039854257]}, 'pillar_obstacle': {'pos': [0.39994824830915515, -0.3824307480766307, 0.23470116647765446], 'size': [0.033663755439403885, 0.20172185302840845, 0.0]}, 'small_block': {'pos': [0.6140097595303955, -0.3535133918987863, 0.1097032402875184], 'size': [0.04461973939918376, 0.0849493067344041, 0.09534921802665242]}}"
2.877999999999794,0.443999473919446,0.0,0.4,0.4388209231259459,1.5185347425537842e-07,0.39999687365101777,"{'table_obstacle': {'pos': [0.3825981920028062, 0.37518922255766707, 0.1646257963690813], 'size': [0.049837904948193595, 0.0813235869879147, 0.05243307039854257]}, 'pillar_obstacle': {'pos': [0.39994824830915515, -0.3824307480766307, 0.23470116647765446], 'size': [0.033663755439403885, 0.20172185302840845, 0.0]}, 'small_block': {'pos': [0.6140097595303955, -0.3535133918987863, 0.1097032402875184], 'size': [0.04461973939918376, 0.0849493067344041, 0.09534921802665242]}}"
2.878999999999794,0.443999473919446,0.0,0.4,0.438891956703141,1.5684778313729524e-07,0.39999682666025005,"{'table_obstacle': {'pos': [0.3825981920028062, 0.37518922255766707, 0.1646257963690813], 'size': [0.049837904948193595, 0.0813235869879147, 0.05243307039854257]}, 'pillar_obstacle': {'pos': [0.39994824830915515, -0.3824307480766307, 0.23470116647765446], 'size': [0.033663755439403885, 0.20172185302840845, 0.0]}, 'small_block': {'pos': [0.6140097595303955, -0.3535133918987863, 0.1097032402875184], 'size': [0.04461973939918376, 0.0849493067344041, 0.09534921802665242]}}"
2.879999999999794,0.443999473919446,0.0,0.4,0.4389625405875963,1.596516946720312e-07,0.39999678705368286,"{'table_obstacle': {'pos': [0.3825981920028062, 0.37518922255766707, 0.1646257963690813], 'size': [0.049837904948193595, 0.0813235869879147, 0.05243307039854257]}, 'pillar_obstacle': {'pos': [0.39994824830915515, -0.3824307480766307, 0.23470116647765446], 'size': [0.033663755439403885, 0.20172185302840845, 0.0]}, 'small_block': {'pos': [0.6140097595303955, -0.3535133918987863, 0.1097032402875184], 'size': [0.04461973939918376, 0.0849493067344041, 0.09534921802665242]}}"
2.8809999999997937,0.443999473919446,0.0,0.4,0.4390325736114602,1.6055003407060095e-07,0.3999967542094461,"{'table_obstacle': {'pos': [0.3825981920028062, 0.37518922255766707, 0.1646257963690813], 'size': [0.049837904948193595, 0.0813235869879147, 0.05243307039854257]}, 'pillar_obstacle': {'pos': [0.39994824830915515, -0.3824307480766307, 0.23470116647765446], 'size': [0.033663755439403885, 0.20172185302840845, 0.0]}, 'small_block': {'pos': [0.6140097595303955, -0.3535133918987863, 0.1097032402875184], 'size': [0.04461973939918376, 0.0849493067344041, 0.09534921802665242]}}"
2.8819999999997936,0.443999473919446,0.0,0.4,0.4391019765454494,1.5980879698317782e-07,0.39999672751473414,"{'table_obstacle': {'pos': [0.3825981920028062, 0.37518922255766707, 0.1646257963690813], 'size': [0.049837904948193595, 0.0813235869879147, 0.05243307039854257]}, 'pillar_obstacle': {'pos': [0.39994824830915515, -0.3824307480766307, 0.23470116647765446], 'size': [0.033663755439403885, 0.20172185302840845, 0.0]}, 'small_block': {'pos': [0.6140097595303955, -0.3535133918987863, 0.1097032402875184], 'size': [0.04461973939918376, 0.0849493067344041, 0.09534921802665242]}}"
2.8829999999997935,0.443999473919446,0.0,0.4,0.4391706878811139,1.576716148264577e-07,0.3999967063825905,"{'table_obstacle': {'pos': [0.3825981920028062, 0.37518922255766707, 0.1646257963690813], 'size': [0.049837904948193595, 0.0813235869879147, 0.05243307039854257]}, 'pillar_obstacle': {'pos': [0.39994824830915515, -0.3824307480766307, 0.23470116647765446], 'size': [0.033663755439403885, 0.20172185302840845, 0.0]}, 'small_block': {'pos': [0.6140097595303955, -0.3535133918987863, 0.1097032402875184], 'size': [0.04461973939918376, 0.0849493067344041, 0.09534921802665242]}}"
2.8839999999997934,0.443999473919446,0.0,0.4,0.439238660417267,1.5435829053353568e-07,0.399996690262075,"{'table_obstacle': {'pos': [0.3825981920028062, 0.37518922255766707, 0.1646257963690813], 'size': [0.049837904948193595, 0.0813235869879147, 0.05243307039854257]}, 'pillar_obstacle': {'pos': [0.39994824830915515, -0.3824307480766307, 0.23470116647765446], 'size': [0.033663755439403885, 0.20172185302840845, 0.0]}, 'small_block': {'pos': [0.6140097595303955, -0.3535133918987863, 0.1097032402875184], 'size': [0.04461973939918376, 0.0849493067344041, 0.09534921802665242]}}"
2.8849999999997933,0.443999473919446,0.0,0.4,0.4393058584973467,1.5006473450779072e-07,0.3999966786437332,"{'table_obstacle': {'pos': [0.3825981920028062, 0.37518922255766707, 0.1646257963690813], 'size': [0.049837904948193595, 0.0813235869879147, 0.05243307039854257]}, 'pillar_obstacle': {'pos': [0.39994824830915515, -0.3824307480766307, 0.23470116647765446], 'size': [0.033663755439403885, 0.20172185302840845, 0.0]}, 'small_block': {'pos': [0.6140097595303955, -0.3535133918987863, 0.1097032402875184], 'size': [0.04461973939918376, 0.0849493067344041, 0.09534921802665242]}}"
2.885999999999793,0.443999473919446,0.0,0.4,0.439372255773678,1.4496381793291894e-07,0.3999966710617841,"{'table_obstacle': {'pos': [0.3825981920028062, 0.37518922255766707, 0.1646257963690813], 'size': [0.049837904948193595, 0.0813235869879147, 0.05243307039854257]}, 'pillar_obstacle': {'pos': [0.39994824830915515, -0.3824307480766307, 0.23470116647765446], 'size': [0.033663755439403885, 0.20172185302840845, 0.0]}, 'small_block': {'pos': [0.6140097595303955, -0.3535133918987863, 0.1097032402875184], 'size': [0.04461973939918376, 0.0849493067344041, 0.09534921802665242]}}"
2.886999999999793,0.443999473919446,0.0,0.4,0.4394378333982233,1.392067879881039e-07,0.3999966670940758,"{'table_obstacle': {'pos': [0.3825981920028062, 0.37518922255766707, 0.1646257963690813], 'size': [0.049837904948193595, 0.0813235869879147, 0.05243307039854257]}, 'pillar_obstacle': {'pos': [0.39994824830915515, -0.3824307480766307, 0.23470116647765446], 'size': [0.033663755439403885, 0.20172185302840845, 0.0]}, 'small_block': {'pos': [0.6140097595303955, -0.3535133918987863, 0.1097032402875184], 'size': [0.04461973939918376, 0.0849493067344041, 0.09534921802665242]}}"
2.887999999999793,0.443999473919446,0.0,0.4,0.4395025785585555,1.3292500036741635e-07,0.3999966663605701,"{'table_obstacle': {'pos': [0.3825981920028062, 0.37518922255766707, 0.1646257963690813], 'size': [0.049837904948193595, 0.0813235869879147, 0.05243307039854257]}, 'pillar_obstacle': {'pos': [0.39994824830915515, -0.3824307480766307, 0.23470116647765446], 'size': [0.033663755439403885, 0.20172185302840845, 0.0]}, 'small_block': {'pos': [0.6140097595303955, -0.3535133918987863, 0.1097032402875184], 'size': [0.04461973939918376, 0.0849493067344041, 0.09534921802665242]}}"
2.888999999999793,0.443999473919446,0.0,0.4,0.43956648329326264,1.2623178974189238e-07,0.3999966685209144,"{'table_obstacle': {'pos': [0.3825981920028062, 0.37518922255766707, 0.1646257963690813], 'size': [0.049837904948193595, 0.0813235869879147, 0.05243307039854257]}, 'pillar_obstacle': {'pos': [0.39994824830915515, -0.3824307480766307, 0.23470116647765446], 'size': [0.033663755439403885, 0.20172185302840845, 0.0]}, 'small_block': {'pos': [0.6140097595303955, -0.3535133918987863, 0.1097032402875184], 'size': [0.04461973939918376, 0.0849493067344041, 0.09534921802665242]}}"
2.8899999999997927,0.443999473919446,0.0,0.4,0.43962954353353434,1.192243639596349e-07,0.3999966732714933,"{'table_obstacle': {'pos': [0.3825981920028062, 0.37518922255766707, 0.1646257963690813], 'size': [0.049837904948193595, 0.0813235869879147, 0.05243307039854257]}, 'pillar_obstacle': {'pos': [0.39994824830915515, -0.3824307480766307, 0.23470116647765446], 'size': [0.033663755439403885, 0.20172185302840845, 0.0]}, 'small_block': {'pos': [0.6140097595303955, -0.3535133918987863, 0.1097032402875184], 'size': [0.04461973939918376, 0.0849493067344041, 0.09534921802665242]}}"
2.8909999999997926,0.443999473919446,0.0,0.4,0.43969175832782614,1.1198564014692244e-07,0.3999966803422438,"{'table_obstacle': {'pos': [0.3825981920028062, 0.37518922255766707, 0.1646257963690813], 'size': [0.049837904948193595, 0.0813235869879147, 0.05243307039854257]}, 'pillar_obstacle': {'pos': [0.39994824830915515, -0.3824307480766307, 0.23470116647765446], 'size': [0.033663755439403885, 0.20172185302840845, 0.0]}, 'small_block': {'pos': [0.6140097595303955, -0.3535133918987863, 0.1097032402875184], 'size': [0.04461973939918376, 0.0849493067344041, 0.09534921802665242]}}"
2.8919999999997925,0.443999473919446,0.0,0.4,0.43975312921471454,1.0458597648790126e-07,0.39999668949342154,"{'table_obstacle': {'pos': [0.3825981920028062, 0.37518922255766707, 0.1646257963690813], 'size': [0.049837904948193595, 0.0813235869879147, 0.05243307039854257]}, 'pillar_obstacle': {'pos': [0.39994824830915515, -0.3824307480766307, 0.23470116647765446], 'size': [0.033663755439403885, 0.20172185302840845, 0.0]}, 'small_block': {'pos': [0.6140097595303955, -0.3535133918987863, 0.1097032402875184], 'size': [0.04461973939918376, 0.0849493067344041, 0.09534921802665242]}}"
2.8929999999997924,0.443999473919446,0.0,0.4,0.43981365971569747,9.708477075361708e-08,0.39999670051245023,"{'table_obstacle': {'pos': [0.3825981920028062, 0.37518922255766707, 0.1646257963690813], 'size': [0.049837904948193595, 0.0813235869879147, 0.05243307039854257]}, 'pillar_obstacle': {'pos': [0.39994824830915515, -0.3824307480766307, 0.23470116647765446], 'size': [0.033663755439403885, 0.20172185302840845, 0.0]}, 'small_block': {'pos': [0.6140097595303955, -0.3535133918987863, 0.1097032402875184], 'size': [0.04461973939918376, 0.0849493067344041, 0.09534921802665242]}}"
2.8939999999997923,0.443999473919446,0.0,0.4,0.43987335492508206,8.95319125637253e-08,0.39999671321093344,"{'table_obstacle': {'pos': [0.3825981920028062, 0.37518922255766707, 0.1646257963690813], 'size': [0.049837904948193595, 0.0813235869879147, 0.05243307039854257]}, 'pillar_obstacle': {'pos': [0.39994824830915515, -0.3824307480766307, 0.23470116647765446], 'size': [0.033663755439403885, 0.20172185302840845, 0.0]}, 'small_block': {'pos': [0.6140097595303955, -0.3535133918987863, 0.1097032402875184], 'size': [0.04461973939918376, 0.0849493067344041, 0.09534921802665242]}}"
2.894999999999792,0.443999473919446,0.0,0.4,0.4399322211784579,8.196908612164032e-08,0.399996727421878,"{'table_obstacle': {'pos': [0.3825981920028062, 0.37518922255766707, 0.1646257963690813], 'size': [0.049837904948193595, 0.0813235869879147, 0.05243307039854257]}, 'pillar_obstacle': {'pos': [0.39994824830915515, -0.3824307480766307, 0.23470116647765446], 'size': [0.033663755439403885, 0.20172185302840845, 0.0]}, 'small_block': {'pos': [0.6140097595303955, -0.3535133918987863, 0.1097032402875184], 'size': [0.04461973939918376, 0.0849493067344041, 0.09534921802665242]}}"
2.895999999999792,0.443999473919446,0.0,0.4,0.4399902657847726,7.443092719381473e-08,0.39999674299715315,"{'table_obstacle': {'pos': [0.3825981920028062, 0.37518922255766707, 0.1646257963690813], 'size': [0.049837904948193595, 0.0813235869879147, 0.05243307039854257]}, 'pillar_obstacle': {'pos': [0.39994824830915515, -0.3824307480766307, 0.23470116647765446], 'size': [0.033663755439403885, 0.20172185302840845, 0.0]}, 'small_block': {'pos': [0.6140097595303955, -0.3535133918987863, 0.1097032402875184], 'size': [0.04461973939918376, 0.0849493067344041, 0.09534921802665242]}}"
2.896999999999792,0.443999473919446,0.0,0.4,0.4400474968098933,6.694604184742336e-08,0.3999967598051931,"{'table_obstacle': {'pos': [0.3825981920028062, 0.37518922255766707, 0.1646257963690813], 'size': [0.049837904948193595, 0.0813235869879147, 0.05243307039854257]}, 'pillar_obstacle': {'pos': [0.39994824830915515, -0.3824307480766307, 0.23470116647765446], 'size': [0.033663755439403885, 0.20172185302840845, 0.0]}, 'small_block': {'pos': [0.6140097595303955, -0.3535133918987863, 0.1097032402875184], 'size': [0.04461973939918376, 0.0849493067344041, 0.09534921802665242]}}"
2.897999999999792,0.443999473919446,0.0,0.4,0.44010392290183126,5.953789792335743e-08,0.3999967777289412,"{'table_obstacle': {'pos': [0.3825981920028062, 0.37518922255766707, 0.1646257963690813], 'size': [0.049837904948193595, 0.0813235869879147, 0.05243307039854257]}, 'pillar_obstacle': {'pos': [0.39994824830915515, -0.3824307480766307, 0.23470116647765446], 'size': [0.033663755439403885, 0.20172185302840845, 0.0]}, 'small_block': {'pos': [0.6140097595303955, -0.3535133918987863, 0.1097032402875184], 'size': [0.04461973939918376, 0.0849493067344041, 0.09534921802665242]}}"
2.8989999999997917,0.443999473919446,0.0,0.4,0.44015955314969457,5.222559804477221e-08,0.39999679666401927,"{'table_obstacle': {'pos': [0.3825981920028062, 0.37518922255766707, 0.1646257963690813], 'size': [0.049837904948193595, 0.0813235869879147, 0.05243307039854257]}, 'pillar_obstacle': {'pos': [0.39994824830915515, -0.3824307480766307, 0.23470116647765446], 'size': [0.033663755439403885, 0.20172185302840845, 0.0]}, 'small_block': {'pos': [0.6140097595303955, -0.3535133918987863, 0.1097032402875184], 'size': [0.04461973939918376, 0.0849493067344041, 0.09534921802665242]}}"
2.8999999999997916,0.443999473919446,0.0,0.4,0.4402143969699309,4.502455027675578e-08,0.39999681651711766,"{'table_obstacle': {'pos': [0.3825981920028062, 0.37518922255766707, 0.1646257963690813], 'size': [0.049837904948193595, 0.0813235869879147, 0.05243307039854257]}, 'pillar_obstacle': {'pos': [0.39994824830915515, -0.3824307480766307, 0.23470116647765446], 'size': [0.033663755439403885, 0.20172185302840845, 0.0]}, 'small_block': {'pos': [0.6140097595303955, -0.3535133918987863, 0.1097032402875184], 'size': [0.04461973939918376, 0.0849493067344041, 0.09534921802665242]}}"
2.9009999999997915,0.443999473919446,0.0,0.4,0.44026846401466085,3.7947044107421886e-08,0.3999968372045768,"{'table_obstacle': {'pos': [0.3825981920028062, 0.37518922255766707, 0.1646257963690813], 'size': [0.049837904948193595, 0.0813235869879147, 0.05243307039854257]}, 'pillar_obstacle': {'pos': [0.39994824830915515, -0.3824307480766307, 0.23470116647765446], 'size': [0.033663755439403885, 0.20172185302840845, 0.0]}, 'small_block': {'pos': [0.6140097595303955, -0.3535133918987863, 0.1097032402875184], 'size': [0.04461973939918376, 0.0849493067344041, 0.09534921802665242]}}"
2.9019999999997914,0.443999473919446,0.0,0.4,0.4403217640978858,3.100274443675625e-08,0.3999968586511511,"{'table_obstacle': {'pos': [0.3825981920028062, 0.37518922255766707, 0.1646257963690813], 'size': [0.049837904948193595, 0.0813235869879147, 0.05243307039854257]}, 'pillar_obstacle': {'pos': [0.39994824830915515, -0.3824307480766307, 0.23470116647765446], 'size': [0.033663755439403885, 0.20172185302840845, 0.0]}, 'small_block': {'pos': [0.6140097595303955, -0.3535133918987863, 0.1097032402875184], 'size': [0.04461973939918376, 0.0849493067344041, 0.09534921802665242]}}"
2.9029999999997913,0.443999473919446,0.0,0.4,0.44037430713615916,2.419911321077807e-08,0.39999688078893025,"{'table_obstacle': {'pos': [0.3825981920028062, 0.37518922255766707, 0.1646257963690813], 'size': [0.049837904948193595, 0.0813235869879147, 0.05243307039854257]}, 'pillar_obstacle': {'pos': [0.39994824830915515, -0.3824307480766307, 0.23470116647765446], 'size': [0.033663755439403885, 0.20172185302840845, 0.0]}, 'small_block': {'pos': [0.6140097595303955, -0.3535133918987863, 0.1097032402875184], 'size': [0.04461973939918376, 0.0849493067344041, 0.09534921802665242]}}"
2.903999999999791,0.443999473919446,0.0,0.4,0.4404261031009626,1.7541769316352276e-08,0.39999690355640605,"{'table_obstacle': {'pos': [0.3825981920028062, 0.37518922255766707, 0.1646257963690813], 'size': [0.049837904948193595, 0.0813235869879147, 0.05243307039854257]}, 'pillar_obstacle': {'pos': [0.39994824830915515, -0.3824307480766307, 0.23470116647765446], 'size': [0.033663755439403885, 0.20172185302840845, 0.0]}, 'small_block': {'pos': [0.6140097595303955, -0.3535133918987863, 0.1097032402875184], 'size': [0.04461973939918376, 0.0849493067344041, 0.09534921802665242]}}"
2.904999999999791,0.443999473919446,0.0,0.4,0.44047716198054937,1.103479374019515e-08,0.39999692689766203,"{'table_obstacle': {'pos': [0.3825981920028062, 0.37518922255766707, 0.1646257963690813], 'size': [0.049837904948193595, 0.0813235869879147, 0.05243307039854257]}, 'pillar_obstacle': {'pos': [0.39994824830915515, -0.3824307480766307, 0.23470116647765446], 'size': [0.033663755439403885, 0.20172185302840845, 0.0]}, 'small_block': {'pos': [0.6140097595303955, -0.3535133918987863, 0.1097032402875184], 'size': [0.04461973939918376, 0.0849493067344041, 0.09534921802665242]}}"
2.905999999999791,0.443999473919446,0.0,0.4,0.4405274937494494,4.680988031872566e-09,0.39999695076167574,"{'table_obstacle': {'pos': [0.3825981920028062, 0.37518922255766707, 0.1646257963690813], 'size': [0.049837904948193595, 0.0813235869879147, 0.05243307039854257]}, 'pillar_obstacle': {'pos': [0.39994824830915515, -0.3824307480766307, 0.23470116647765446], 'size': [0.033663755439403885, 0.20172185302840845, 0.0]}, 'small_block': {'pos': [0.6140097595303955, -0.3535133918987863, 0.1097032402875184], 'size': [0.04461973939918376, 0.0849493067344041, 0.09534921802665242]}}"
2.906999999999791,0.443999473919446,0.0,0.4,0.4405771083441672,-1.5179080469515495e-09,0.3999969751017162,"{'table_obstacle': {'pos': [0.3825981920028062, 0.37518922255766707, 0.1646257963690813], 'size': [0.049837904948193595, 0.0813235869879147, 0.05243307039854257]}, 'pillar_obstacle': {'pos': [0.39994824830915515, -0.3824307480766307, 0.23470116647765446], 'size': [0.033663755439403885, 0.20172185302840845, 0.0]}, 'small_block': {'pos': [0.6140097595303955, -0.3535133918987863, 0.1097032402875184], 'size': [0.04461973939918376, 0.0849493067344041, 0.09534921802665242]}}"
2.9079999999997908,0.443999473919446,0.0,0.4,0.44062601564389176,-7.561032051684621e-09,0.39999699987482606,"{'table_obstacle': {'pos': [0.3825981920028062, 0.37518922255766707, 0.1646257963690813], 'size': [0.049837904948193595, 0.0813235869879147, 0.05243307039854257]}, 'pillar_obstacle': {'pos': [0.39994824830915515, -0.3824307480766307, 0.23470116647765446], 'size': [0.033663755439403885, 0.20172185302840845, 0.0]}, 'small_block': {'pos': [0.6140097595303955, -0.3535133918987863, 0.1097032402875184], 'size': [0.04461973939918376, 0.0849493067344041, 0.09534921802665242]}}"
2.9089999999997906,0.443999473919446,0.0,0.4,0.4406742254552555,-1.344824320496886e-08,0.3999970250413755,"{'table_obstacle': {'pos': [0.3825981920028062, 0.37518922255766707, 0.1646257963690813], 'size': [0.049837904948193595, 0.0813235869879147, 0.05243307039854257]}, 'pillar_obstacle': {'pos': [0.39994824830915515, -0.3824307480766307, 0.23470116647765446], 'size': [0.033663755439403885, 0.20172185302840845, 0.0]}, 'small_block': {'pos': [0.6140097595303955, -0.3535133918987863, 0.1097032402875184], 'size': [0.04461973939918376, 0.0849493067344041, 0.09534921802665242]}}"
2.9099999999997905,0.443999473919446,0.0,0.4,0.440721747500368,-1.9179993918145103e-08,0.3999970505646786,"{'table_obstacle': {'pos': [0.3825981920028062, 0.37518922255766707, 0.1646257963690813], 'size': [0.049837904948193595, 0.0813235869879147, 0.05243307039854257]}, 'pillar_obstacle': {'pos': [0.39994824830915515, -0.3824307480766307, 0.23470116647765446], 'size': [0.033663755439403885, 0.20172185302840845, 0.0]}, 'small_block': {'pos': [0.6140097595303955, -0.3535133918987863, 0.1097032402875184], 'size': [0.04461973939918376, 0.0849493067344041, 0.09534921802665242]}}"
2.9109999999997904,0.443999473919446,0.0,0.4,0.4407685914074942,-2.475721955171106e-08,0.39999707641066506,"{'table_obstacle': {'pos': [0.3825981920028062, 0.37518922255766707, 0.1646257963690813], 'size': [0.049837904948193595, 0.0813235869879147, 0.05243307039854257]}, 'pillar_obstacle': {'pos': [0.39994824830915515, -0.3824307480766307, 0.23470116647765446], 'size': [0.033663755439403885, 0.20172185302840845, 0.0]}, 'small_block': {'pos': [0.6140097595303955, -0.3535133918987863, 0.1097032402875184], 'size': [0.04461973939918376, 0.0849493067344041, 0.09534921802665242]}}"
2.9119999999997903,0.443999473919446,0.0,0.4,0.44081476670386865,-3.018124820194219e-08,0.3999971025475959,"{'table_obstacle': {'pos': [0.3825981920028062, 0.37518922255766707, 0.1646257963690813], 'size': [0.049837904948193595, 0.0813235869879147, 0.05243307039854257]}, 'pillar_obstacle': {'pos': [0.39994824830915515, -0.3824307480766307, 0.23470116647765446], 'size': [0.033663755439403885, 0.20172185302840845, 0.0]}, 'small_block': {'pos': [0.6140097595303955, -0.3535133918987863, 0.1097032402875184], 'size': [0.04461973939918376, 0.0849493067344041, 0.09534921802665242]}}"
2.91299999999979,0.443999473919446,0.0,0.4,0.4408602828102355,-3.545372448079394e-08,0.39999712894582057,"{'table_obstacle': {'pos': [0.3825981920028062, 0.37518922255766707, 0.1646257963690813], 'size': [0.049837904948193595, 0.0813235869879147, 0.05243307039854257]}, 'pillar_obstacle': {'pos': [0.39994824830915515, -0.3824307480766307, 0.23470116647765446], 'size': [0.033663755439403885, 0.20172185302840845, 0.0]}, 'small_block': {'pos': [0.6140097595303955, -0.3535133918987863, 0.1097032402875184], 'size': [0.04461973939918376, 0.0849493067344041, 0.09534921802665242]}}"
2.91399999999979,0.443999473919446,0.0,0.4,0.4409051490367766,-4.057654545280453e-08,0.39999715557756826,"{'table_obstacle': {'pos': [0.3825981920028062, 0.37518922255766707, 0.1646257963690813], 'size': [0.049837904948193595, 0.0813235869879147, 0.05243307039854257]}, 'pillar_obstacle': {'pos': [0.39994824830915515, -0.3824307480766307, 0.23470116647765446], 'size': [0.033663755439403885, 0.20172185302840845, 0.0]}, 'small_block': {'pos': [0.6140097595303955, -0.3535133918987863, 0.1097032402875184], 'size': [0.04461973939918376, 0.0849493067344041, 0.09534921802665242]}}"
2.91499999999979,0.443999473919446,0.0,0.4,0.44094937458016437,-4.55518083922411e-08,0.3999971824167649,"{'table_obstacle': {'pos': [0.3825981920028062, 0.37518922255766707, 0.1646257963690813], 'size': [0.049837904948193595, 0.0813235869879147, 0.05243307039854257]}, 'pillar_obstacle': {'pos': [0.39994824830915515, -0.3824307480766307, 0.23470116647765446], 'size': [0.033663755439403885, 0.20172185302840845, 0.0]}, 'small_block': {'pos': [0.6140097595303955, -0.3535133918987863, 0.1097032402875184], 'size': [0.04461973939918376, 0.0849493067344041, 0.09534921802665242]}}"
2.91599999999979,0.443999473919446,0.0,0.4,0.44099296852151426,-5.0381767242435027e-08,0.3999972094388789,"{'table_obstacle': {'pos': [0.3825981920028062, 0.37518922255766707, 0.1646257963690813], 'size': [0.049837904948193595, 0.0813235869879147, 0.05243307039854257]}, 'pillar_obstacle': {'pos': [0.39994824830915515, -0.3824307480766307, 0.23470116647765446], 'size': [0.033663755439403885, 0.20172185302840845, 0.0]}, 'small_block': {'pos': [0.6140097595303955, -0.3535133918987863, 0.1097032402875184], 'size': [0.04461973939918376, 0.0849493067344041, 0.09534921802665242]}}"
2.9169999999997898,0.443999473919446,0.0,0.4,0.44103593982506434,-5.506879501102887e-08,0.39999723662078496,"{'table_obstacle': {'pos': [0.3825981920028062, 0.37518922255766707, 0.1646257963690813], 'size': [0.049837904948193595, 0.0813235869879147, 0.05243307039854257]}, 'pillar_obstacle': {'pos': [0.39994824830915515, -0.3824307480766307, 0.23470116647765446], 'size': [0.033663755439403885, 0.20172185302840845, 0.0]}, 'small_block': {'pos': [0.6140097595303955, -0.3535133918987863, 0.1097032402875184], 'size': [0.04461973939918376, 0.0849493067344041, 0.09534921802665242]}}"
2.9179999999997897,0.443999473919446,0.0,0.4,0.44107829733744014,-5.96153552475882e-08,0.3999972639406474,"{'table_obstacle': {'pos': [0.3825981920028062, 0.37518922255766707, 0.1646257963690813], 'size': [0.049837904948193595, 0.0813235869879147, 0.05243307039854257]}, 'pillar_obstacle': {'pos': [0.39994824830915515, -0.3824307480766307, 0.23470116647765446], 'size': [0.033663755439403885, 0.20172185302840845, 0.0]}, 'small_block': {'pos': [0.6140097595303955, -0.3535133918987863, 0.1097032402875184], 'size': [0.04461973939918376, 0.0849493067344041, 0.09534921802665242]}}"
2.9189999999997895,0.443999473919446,0.0,0.4,0.44112004978738223,-6.402397623134956e-08,0.39999729137781687,"{'table_obstacle': {'pos': [0.3825981920028062, 0.37518922255766707, 0.1646257963690813], 'size': [0.049837904948193595, 0.0813235869879147, 0.05243307039854257]}, 'pillar_obstacle': {'pos': [0.39994824830915515, -0.3824307480766307, 0.23470116647765446], 'size': [0.033663755439403885, 0.20172185302840845, 0.0]}, 'small_block': {'pos': [0.6140097595303955, -0.3535133918987863, 0.1097032402875184], 'size': [0.04461973939918376, 0.0849493067344041, 0.09534921802665242]}}"
2.9199999999997894,0.443999473919446,0.0,0.4,0.4411612057858516,-6.82972306175722e-08,0.399997318912743,"{'table_obstacle': {'pos': [0.3825981920028062, 0.37518922255766707, 0.1646257963690813], 'size': [0.049837904948193595, 0.0813235869879147, 0.05243307039854257]}, 'pillar_obstacle': {'pos': [0.39994824830915515, -0.3824307480766307, 0.23470116647765446], 'size': [0.033663755439403885, 0.20172185302840845, 0.0]}, 'small_block': {'pos': [0.6140097595303955, -0.3535133918987863, 0.1097032402875184], 'size': [0.04461973939918376, 0.0849493067344041, 0.09534921802665242]}}"
2.9209999999997893,0.443999473919446,0.0,0.4,0.44120177382643194,-7.243771850125882e-08,0.39999734652689317,"{'table_obstacle': {'pos': [0.3825981920028062, 0.37518922255766707, 0.1646257963690813], 'size': [0.049837904948193595, 0.0813235869879147, 0.05243307039854257]}, 'pillar_obstacle': {'pos': [0.39994824830915515, -0.3824307480766307, 0.23470116647765446], 'size': [0.033663755439403885, 0.20172185302840845, 0.0]}, 'small_block': {'pos': [0.6140097595303955, -0.3535133918987863, 0.1097032402875184], 'size': [0.04461973939918376, 0.0849493067344041, 0.09534921802665242]}}"
2.921999999999789,0.443999473919446,0.0,0.4,0.44124176228596723,-7.644805416030831e-08,0.39999737420268633,"{'table_obstacle': {'pos': [0.3825981920028062, 0.37518922255766707, 0.1646257963690813], 'size': [0.049837904948193595, 0.0813235869879147, 0.05243307039854257]}, 'pillar_obstacle': {'pos': [0.39994824830915515, -0.3824307480766307, 0.23470116647765446], 'size': [0.033663755439403885, 0.20172185302840845, 0.0]}, 'small_block': {'pos': [0.6140097595303955, -0.3535133918987863, 0.1097032402875184], 'size': [0.04461973939918376, 0.0849493067344041, 0.09534921802665242]}}"
2.922999999999789,0.443999473919446,0.0,0.4,0.4412811794253889,-8.033085399588313e-08,0.39999740192343014,"{'table_obstacle': {'pos': [0.3825981920028062, 0.37518922255766707, 0.1646257963690813], 'size': [0.049837904948193595, 0.0813235869879147, 0.05243307039854257]}, 'pillar_obstacle': {'pos': [0.39994824830915515, -0.3824307480766307, 0.23470116647765446], 'size': [0.033663755439403885, 0.20172185302840845, 0.0]}, 'small_block': {'pos': [0.6140097595303955, -0.3535133918987863, 0.1097032402875184], 'size': [0.04461973939918376, 0.0849493067344041, 0.09534921802665242]}}"
2.923999999999789,0.443999473919446,0.0,0.4,0.44132003339068876,-8.408872780209803e-08,0.39999742967326746,"{'table_obstacle': {'pos': [0.3825981920028062, 0.37518922255766707, 0.1646257963690813], 'size': [0.049837904948193595, 0.0813235869879147, 0.05243307039854257]}, 'pillar_obstacle': {'pos': [0.39994824830915515, -0.3824307480766307, 0.23470116647765446], 'size': [0.033663755439403885, 0.20172185302840845, 0.0]}, 'small_block': {'pos': [0.6140097595303955, -0.3535133918987863, 0.1097032402875184], 'size': [0.04461973939918376, 0.0849493067344041, 0.09534921802665242]}}"
2.924999999999789,0.443999473919446,0.0,0.4,0.4413583322140059,-8.772427115318715e-08,0.39999745743712706,"{'table_obstacle': {'pos': [0.3825981920028062, 0.37518922255766707, 0.1646257963690813], 'size': [0.049837904948193595, 0.0813235869879147, 0.05243307039854257]}, 'pillar_obstacle': {'pos': [0.39994824830915515, -0.3824307480766307, 0.23470116647765446], 'size': [0.033663755439403885, 0.20172185302840845, 0.0]}, 'small_block': {'pos': [0.6140097595303955, -0.3535133918987863, 0.1097032402875184], 'size': [0.04461973939918376, 0.0849493067344041, 0.09534921802665242]}}"
2.9259999999997888,0.443999473919446,0.0,0.4,0.4413960838148063,-9.124005931982106e-08,0.3999974852006814,"{'table_obstacle': {'pos': [0.3825981920028062, 0.37518922255766707, 0.1646257963690813], 'size': [0.049837904948193595, 0.0813235869879147, 0.05243307039854257]}, 'pillar_obstacle': {'pos': [0.39994824830915515, -0.3824307480766307, 0.23470116647765446], 'size': [0.033663755439403885, 0.20172185302840845, 0.0]}, 'small_block': {'pos': [0.6140097595303955, -0.3535133918987863, 0.1097032402875184], 'size': [0.04461973939918376, 0.0849493067344041, 0.09534921802665242]}}"
2.9269999999997887,0.443999473919446,0.0,0.4,0.44143329600112496,-9.463864286734585e-08,0.3999975129503046,"{'table_obstacle': {'pos': [0.3825981920028062, 0.37518922255766707, 0.1646257963690813], 'size': [0.049837904948193595, 0.0813235869879147, 0.05243307039854257]}, 'pillar_obstacle': {'pos': [0.39994824830915515, -0.3824307480766307, 0.23470116647765446], 'size': [0.033663755439403885, 0.20172185302840845, 0.0]}, 'small_block': {'pos': [0.6140097595303955, -0.3535133918987863, 0.1097032402875184], 'size': [0.04461973939918376, 0.0849493067344041, 0.09534921802665242]}}"
2.9279999999997885,0.443999473919446,0.0,0.4,0.4414699764708625,-9.792254278628237e-08,0.39999754067303983,"{'table_obstacle': {'pos': [0.3825981920028062, 0.37518922255766707, 0.1646257963690813], 'size': [0.049837904948193595, 0.0813235869879147, 0.05243307039854257]}, 'pillar_obstacle': {'pos': [0.39994824830915515, -0.3824307480766307, 0.23470116647765446], 'size': [0.033663755439403885, 0.20172185302840845, 0.0]}, 'small_block': {'pos': [0.6140097595303955, -0.3535133918987863, 0.1097032402875184], 'size': [0.04461973939918376, 0.0849493067344041, 0.09534921802665242]}}"
2.9289999999997884,0.443999473919446,0.0,0.4,0.4415061328131175,-1.0109424886636379e-07,0.399997568356564,"{'table_obstacle': {'pos': [0.3825981920028062, 0.37518922255766707, 0.1646257963690813], 'size': [0.049837904948193595, 0.0813235869879147, 0.05243307039854257]}, 'pillar_obstacle': {'pos': [0.39994824830915515, -0.3824307480766307, 0.23470116647765446], 'size': [0.033663755439403885, 0.20172185302840845, 0.0]}, 'small_block': {'pos': [0.6140097595303955, -0.3535133918987863, 0.1097032402875184], 'size': [0.04461973939918376, 0.0849493067344041, 0.09534921802665242]}}"
2.9299999999997883,0.443999473919446,0.0,0.4,0.44154177250954296,-1.0415621616805635e-07,0.3999975959891593,"{'table_obstacle': {'pos': [0.3825981920028062, 0.37518922255766707, 0.1646257963690813], 'size': [0.049837904948193595, 0.0813235869879147, 0.05243307039854257]}, 'pillar_obstacle': {'pos': [0.39994824830915515, -0.3824307480766307, 0.23470116647765446], 'size': [0.033663755439403885, 0.20172185302840845, 0.0]}, 'small_block': {'pos': [0.6140097595303955, -0.3535133918987863, 0.1097032402875184], 'size': [0.04461973939918376, 0.0849493067344041, 0.09534921802665242]}}"
2.930999999999788,0.443999473919446,0.0,0.4,0.44157690293572427,-1.0711086380487486e-07,0.3999976235596842,"{'table_obstacle': {'pos': [0.3825981920028062, 0.37518922255766707, 0.1646257963690813], 'size': [0.049837904948193595, 0.0813235869879147, 0.05243307039854257]}, 'pillar_obstacle': {'pos': [0.39994824830915515, -0.3824307480766307, 0.23470116647765446], 'size': [0.033663755439403885, 0.20172185302840845, 0.0]}, 'small_block': {'pos': [0.6140097595303955, -0.3535133918987863, 0.1097032402875184], 'size': [0.04461973939918376, 0.0849493067344041, 0.09534921802665242]}}"
2.931999999999788,0.443999473919446,0.0,0.4,0.4416115313625612,-1.099605731241597e-07,0.39999765105754975,"{'table_obstacle': {'pos': [0.3825981920028062, 0.37518922255766707, 0.1646257963690813], 'size': [0.049837904948193595, 0.0813235869879147, 0.05243307039854257]}, 'pillar_obstacle': {'pos': [0.39994824830915515, -0.3824307480766307, 0.23470116647765446], 'size': [0.033663755439403885, 0.20172185302840845, 0.0]}, 'small_block': {'pos': [0.6140097595303955, -0.3535133918987863, 0.1097032402875184], 'size': [0.04461973939918376, 0.0849493067344041, 0.09534921802665242]}}"
2.932999999999788,0.443999473919446,0.0,0.4,0.4416456649576596,-1.1270768774331954e-07,0.39999767847269313,"{'table_obstacle': {'pos': [0.3825981920028062, 0.37518922255766707, 0.1646257963690813], 'size': [0.049837904948193595, 0.0813235869879147, 0.05243307039854257]}, 'pillar_obstacle': {'pos': [0.39994824830915515, -0.3824307480766307, 0.23470116647765446], 'size': [0.033663755439403885, 0.20172185302840845, 0.0]}, 'small_block': {'pos': [0.6140097595303955, -0.3535133918987863, 0.1097032402875184], 'size': [0.04461973939918376, 0.0849493067344041, 0.09534921802665242]}}"
2.933999999999788,0.443999473919446,0.0,0.4,0.44167931078671807,-1.1535451118624591e-07,0.3999977057955576,"{'table_obstacle': {'pos': [0.3825981920028062, 0.37518922255766707, 0.1646257963690813], 'size': [0.049837904948193595, 0.0813235869879147, 0.05243307039854257]}, 'pillar_obstacle': {'pos': [0.39994824830915515, -0.3824307480766307, 0.23470116647765446], 'size': [0.033663755439403885, 0.20172185302840845, 0.0]}, 'small_block': {'pos': [0.6140097595303955, -0.3535133918987863, 0.1097032402875184], 'size': [0.04461973939918376, 0.0849493067344041, 0.09534921802665242]}}"
2.934999999999788,0.443999473919446,0.0,0.4,0.44171247581491374,-1.1790330846080632e-07,0.3999977330170697,"{'table_obstacle': {'pos': [0.3825981920028062, 0.37518922255766707, 0.1646257963690813], 'size': [0.049837904948193595, 0.0813235869879147, 0.05243307039854257]}, 'pillar_obstacle': {'pos': [0.39994824830915515, -0.3824307480766307, 0.23470116647765446], 'size': [0.033663755439403885, 0.20172185302840845, 0.0]}, 'small_block': {'pos': [0.6140097595303955, -0.3535133918987863, 0.1097032402875184], 'size': [0.04461973939918376, 0.0849493067344041, 0.09534921802665242]}}"
2.9359999999997877,0.443999473919446,0.0,0.4,0.4417451669082794,-1.203563040466264e-07,0.3999977601286215,"{'table_obstacle': {'pos': [0.3825981920028062, 0.37518922255766707, 0.1646257963690813], 'size': [0.049837904948193595, 0.0813235869879147, 0.05243307039854257]}, 'pillar_obstacle': {'pos': [0.39994824830915515, -0.3824307480766307, 0.23470116647765446], 'size': [0.033663755439403885, 0.20172185302840845, 0.0]}, 'small_block': {'pos': [0.6140097595303955, -0.3535133918987863, 0.1097032402875184], 'size': [0.04461973939918376, 0.0849493067344041, 0.09534921802665242]}}"
2.9369999999997876,0.443999473919446,0.0,0.4,0.4417773908350719,-1.227156831116745e-07,0.3999977871220494,"{'table_obstacle': {'pos': [0.3825981920028062, 0.37518922255766707, 0.1646257963690813], 'size': [0.049837904948193595, 0.0813235869879147, 0.05243307039854257]}, 'pillar_obstacle': {'pos': [0.39994824830915515, -0.3824307480766307, 0.23470116647765446], 'size': [0.033663755439403885, 0.20172185302840845, 0.0]}, 'small_block': {'pos': [0.6140097595303955, -0.3535133918987863, 0.1097032402875184], 'size': [0.04461973939918376, 0.0849493067344041, 0.09534921802665242]}}"
2.9379999999997874,0.443999473919446,0.0,0.4,0.44180915426712836,-1.2498359074255093e-07,0.3999978139896189,"{'table_obstacle': {'pos': [0.3825981920028062, 0.37518922255766707, 0.1646257963690813], 'size': [0.049837904948193595, 0.0813235869879147, 0.05243307039854257]}, 'pillar_obstacle': {'pos': [0.39994824830915515, -0.3824307480766307, 0.23470116647765446], 'size': [0.033663755439403885, 0.20172185302840845, 0.0]}, 'small_block': {'pos': [0.6140097595303955, -0.3535133918987863, 0.1097032402875184], 'size': [0.04461973939918376, 0.0849493067344041, 0.09534921802665242]}}"
2.9389999999997873,0.443999473919446,0.0,0.4,0.44184046378121217,-1.2716213302871843e-07,0.3999978407240059,"{'table_obstacle': {'pos': [0.3825981920028062, 0.37518922255766707, 0.1646257963690813], 'size': [0.049837904948193595, 0.0813235869879147, 0.05243307039854257]}, 'pillar_obstacle': {'pos': [0.39994824830915515, -0.3824307480766307, 0.23470116647765446], 'size': [0.033663755439403885, 0.20172185302840845, 0.0]}, 'small_block': {'pos': [0.6140097595303955, -0.3535133918987863, 0.1097032402875184], 'size': [0.04461973939918376, 0.0849493067344041, 0.09534921802665242]}}"
2.9399999999997872,0.443999473919446,0.0,0.4,0.44187132586034267,-1.2925337630291893e-07,0.3999978673182823,"{'table_obstacle': {'pos': [0.3825981920028062, 0.37518922255766707, 0.1646257963690813], 'size': [0.049837904948193595, 0.0813235869879147, 0.05243307039854257]}, 'pillar_obstacle': {'pos': [0.39994824830915515, -0.3824307480766307, 0.23470116647765446], 'size': [0.033663755439403885, 0.20172185302840845, 0.0]}, 'small_block': {'pos': [0.6140097595303955, -0.3535133918987863, 0.1097032402875184], 'size': [0.04461973939918376, 0.0849493067344041, 0.09534921802665242]}}"
2.940999999999787,0.443999473919446,0.0,0.4,0.4419017468951117,-1.3125934836299831e-07,0.39999789376589884,"{'table_obstacle': {'pos': [0.3825981920028062, 0.37518922255766707, 0.1646257963690813], 'size': [0.049837904948193595, 0.0813235869879147, 0.05243307039854257]}, 'pillar_obstacle': {'pos': [0.39994824830915515, -0.3824307480766307, 0.23470116647765446], 'size': [0.033663755439403885, 0.20172185302840845, 0.0]}, 'small_block': {'pos': [0.6140097595303955, -0.3535133918987863, 0.1097032402875184], 'size': [0.04461973939918376, 0.0849493067344041, 0.09534921802665242]}}"
2.941999999999787,0.443999473919446,0.0,0.4,0.4419317331849857,-1.3318203841988452e-07,0.3999979200606721,"{'table_obstacle': {'pos': [0.3825981920028062, 0.37518922255766707, 0.1646257963690813], 'size': [0.049837904948193595, 0.0813235869879147, 0.05243307039854257]}, 'pillar_obstacle': {'pos': [0.39994824830915515, -0.3824307480766307, 0.23470116647765446], 'size': [0.033663755439403885, 0.20172185302840845, 0.0]}, 'small_block': {'pos': [0.6140097595303955, -0.3535133918987863, 0.1097032402875184], 'size': [0.04461973939918376, 0.0849493067344041, 0.09534921802665242]}}"
2.942999999999787,0.443999473919446,0.0,0.4,0.44196129093958997,-1.3502339785191965e-07,0.39999794619676987,"{'table_obstacle': {'pos': [0.3825981920028062, 0.37518922255766707, 0.1646257963690813], 'size': [0.049837904948193595, 0.0813235869879147, 0.05243307039854257]}, 'pillar_obstacle': {'pos': [0.39994824830915515, -0.3824307480766307, 0.23470116647765446], 'size': [0.033663755439403885, 0.20172185302840845, 0.0]}, 'small_block': {'pos': [0.6140097595303955, -0.3535133918987863, 0.1097032402875184], 'size': [0.04461973939918376, 0.0849493067344041, 0.09534921802665242]}}"
2.943999999999787,0.443999473919446,0.0,0.4,0.4419904262799795,-1.3678534005521795e-07,0.3999979721686971,"{'table_obstacle': {'pos': [0.3825981920028062, 0.37518922255766707, 0.1646257963690813], 'size': [0.049837904948193595, 0.0813235869879147, 0.05243307039854257]}, 'pillar_obstacle': {'pos': [0.39994824830915515, -0.3824307480766307, 0.23470116647765446], 'size': [0.033663755439403885, 0.20172185302840845, 0.0]}, 'small_block': {'pos': [0.6140097595303955, -0.3535133918987863, 0.1097032402875184], 'size': [0.04461973939918376, 0.0849493067344041, 0.09534921802665242]}}"
2.9449999999997867,0.4479994545021141,0.0,0.4,0.44201914523989244,-1.3846974207973993e-07,0.39999799797128466,"{'table_obstacle': {'pos': [0.3825981920028062, 0.37518922255766707, 0.1646257963690813], 'size': [0.049837904948193595, 0.0813235869879147, 0.05243307039854257]}, 'pillar_obstacle': {'pos': [0.39994824830915515, -0.3824307480766307, 0.23470116647765446], 'size': [0.033663755439403885, 0.20172185302840845, 0.0]}, 'small_block': {'pos': [0.6140097595303955, -0.3535133918987863, 0.1097032402875184], 'size': [0.04461973939918376, 0.0849493067344041, 0.09534921802665242]}}"
2.9459999999997866,0.4479994545021141,0.0,0.4,0.44205833581993886,-1.2247377527817784e-07,0.39999795938267957,"{'table_obstacle': {'pos': [0.3825981920028062, 0.37518922255766707, 0.1646257963690813], 'size': [0.049837904948193595, 0.0813235869879147, 0.05243307039854257]}, 'pillar_obstacle': {'pos': [0.39994824830915515, -0.3824307480766307, 0.23470116647765446], 'size': [0.033663755439403885, 0.20172185302840845, 0.0]}, 'small_block': {'pos': [0.6140097595303955, -0.3535133918987863, 0.1097032402875184], 'size': [0.04461973939918376, 0.0849493067344041, 0.09534921802665242]}}"
2.9469999999997865,0.4479994545021141,0.0,0.4,0.44210577631597997,-9.610011551006461e-08,0.39999788031944217,"{'table_obstacle': {'pos': [0.3825981920028062, 0.37518922255766707, 0.1646257963690813], 'size': [0.049837904948193595, 0.0813235869879147, 0.05243307039854257]}, 'pillar_obstacle': {'pos': [0.39994824830915515, -0.3824307480766307, 0.23470116647765446], 'size': [0.033663755439403885, 0.20172185302840845, 0.0]}, 'small_block': {'pos': [0.6140097595303955, -0.3535133918987863, 0.1097032402875184], 'size': [0.04461973939918376, 0.0849493067344041, 0.09534921802665242]}}"
2.9479999999997863,0.4479994545021141,0.0,0.4,0.4421596712051551,-6.447673888503978e-08,0.3999977777539729,"{'table_obstacle': {'pos': [0.3825981920028062, 0.37518922255766707, 0.1646257963690813], 'size': [0.049837904948193595, 0.0813235869879147, 0.05243307039854257]}, 'pillar_obstacle': {'pos': [0.39994824830915515, -0.3824307480766307, 0.23470116647765446], 'size': [0.033663755439403885, 0.20172185302840845, 0.0]}, 'small_block': {'pos': [0.6140097595303955, -0.3535133918987863, 0.1097032402875184], 'size': [0.04461973939918376, 0.0849493067344041, 0.09534921802665242]}}"
2.9489999999997862,0.4479994545021141,0.0,0.4,0.44221857002979126,-3.1125390245050385e-08,0.39999766358394784,"{'table_obstacle': {'pos': [0.3825981920028062, 0.37518922255766707, 0.1646257963690813], 'size': [0.049837904948193595, 0.0813235869879147, 0.05243307039854257]}, 'pillar_obstacle': {'pos': [0.39994824830915515, -0.3824307480766307, 0.23470116647765446], 'size': [0.033663755439403885, 0.20172185302840845, 0.0]}, 'small_block': {'pos': [0.6140097595303955, -0.3535133918987863, 0.1097032402875184], 'size': [0.04461973939918376, 0.0849493067344041, 0.09534921802665242]}}"
2.949999999999786,0.4479994545021141,0.0,0.4,0.44228130168927116,1.6087229258071152e-09,0.3999975460063931,"{'table_obstacle': {'pos': [0.3825981920028062, 0.37518922255766707, 0.1646257963690813], 'size': [0.049837904948193595, 0.0813235869879147, 0.05243307039854257]}, 'pillar_obstacle': {'pos': [0.39994824830915515, -0.3824307480766307, 0.23470116647765446], 'size': [0.033663755439403885, 0.20172185302840845, 0.0]}, 'small_block': {'pos': [0.6140097595303955, -0.3535133918987863, 0.1097032402875184], 'size': [0.04461973939918376, 0.0849493067344041, 0.09534921802665242]}}"
2.950999999999786,0.4479994545021141,0.0,0.4,0.4423469212215731,3.223347603028903e-08,0.39999743052997666,"{'table_obstacle': {'pos': [0.3825981920028062, 0.37518922255766707, 0.1646257963690813], 'size': [0.049837904948193595, 0.0813235869879147, 0.05243307039854257]}, 'pillar_obstacle': {'pos': [0.39994824830915515, -0.3824307480766307, 0.23470116647765446], 'size': [0.033663755439403885, 0.20172185302840845, 0.0]}, 'small_block': {'pos': [0.6140097595303955, -0.3535133918987863, 0.1097032402875184], 'size': [0.04461973939918376, 0.0849493067344041, 0.09534921802665242]}}"
2.951999999999786,0.4479994545021141,0.0,0.4,0.4424146667059476,5.986752577784629e-08,0.39999732072168087,"{'table_obstacle': {'pos': [0.3825981920028062, 0.37518922255766707, 0.1646257963690813], 'size': [0.049837904948193595, 0.0813235869879147, 0.05243307039854257]}, 'pillar_obstacle': {'pos': [0.39994824830915515, -0.3824307480766307, 0.23470116647765446], 'size': [0.033663755439403885, 0.20172185302840845, 0.0]}, 'small_block': {'pos': [0.6140097595303955, -0.3535133918987863, 0.1097032402875184], 'size': [0.04461973939918376, 0.0849493067344041, 0.09534921802665242]}}"
2.952999999999786,0.4479994545021141,0.0,0.4,0.44248392436545286,8.40598330985436e-08,0.3999972187575925,"{'table_obstacle': {'pos': [0.3825981920028062, 0.37518922255766707, 0.1646257963690813], 'size': [0.049837904948193595, 0.0813235869879147, 0.05243307039854257]}, 'pillar_obstacle': {'pos': [0.39994824830915515, -0.3824307480766307, 0.23470116647765446], 'size': [0.033663755439403885, 0.20172185302840845, 0.0]}, 'small_block': {'pos': [0.6140097595303955, -0.3535133918987863, 0.1097032402875184], 'size': [0.04461973939918376, 0.0849493067344041, 0.09534921802665242]}}"
2.9539999999997857,0.4479994545021141,0.0,0.4,0.44255420031152615,1.0465614052262346e-07,0.39999712582872576,"{'table_obstacle': {'pos': [0.3825981920028062, 0.37518922255766707, 0.1646257963690813], 'size': [0.049837904948193595, 0.0813235869879147, 0.05243307039854257]}, 'pillar_obstacle': {'pos': [0.39994824830915515, -0.3824307480766307, 0.23470116647765446], 'size': [0.033663755439403885, 0.20172185302840845, 0.0]}, 'small_block': {'pos': [0.6140097595303955, -0.3535133918987863, 0.1097032402875184], 'size': [0.04461973939918376, 0.0849493067344041, 0.09534921802665242]}}"
2.9549999999997856,0.4479994545021141,0.0,0.4,0.44262509766793146,1.2170098611393685e-07,0.39999704243928086,"{'table_obstacle': {'pos': [0.3825981920028062, 0.37518922255766707, 0.1646257963690813], 'size': [0.049837904948193595, 0.0813235869879147, 0.05243307039854257]}, 'pillar_obstacle': {'pos': [0.39994824830915515, -0.3824307480766307, 0.23470116647765446], 'size': [0.033663755439403885, 0.20172185302840845, 0.0]}, 'small_block': {'pos': [0.6140097595303955, -0.3535133918987863, 0.1097032402875184], 'size': [0.04461973939918376, 0.0849493067344041, 0.09534921802665242]}}"
2.9559999999997855,0.4479994545021141,0.0,0.4,0.44269629805092925,1.3536649732628498e-07,0.39999696862496326,"{'table_obstacle': {'pos': [0.3825981920028062, 0.37518922255766707, 0.1646257963690813], 'size': [0.049837904948193595, 0.0813235869879147, 0.05243307039854257]}, 'pillar_obstacle': {'pos': [0.39994824830915515, -0.3824307480766307, 0.23470116647765446], 'size': [0.033663755439403885, 0.20172185302840845, 0.0]}, 'small_block': {'pos': [0.6140097595303955, -0.3535133918987863, 0.1097032402875184], 'size': [0.04461973939918376, 0.0849493067344041, 0.09534921802665242]}}"
2.9569999999997854,0.4479994545021141,0.0,0.4,0.44276754657679035,1.459012755731859e-07,0.39999690411185546,"{'table_obstacle': {'pos': [0.3825981920028062, 0.37518922255766707, 0.1646257963690813], 'size': [0.049837904948193595, 0.0813235869879147, 0.05243307039854257]}, 'pillar_obstacle': {'pos': [0.39994824830915515, -0.3824307480766307, 0.23470116647765446], 'size': [0.033663755439403885, 0.20172185302840845, 0.0]}, 'small_block': {'pos': [0.6140097595303955, -0.3535133918987863, 0.1097032402875184], 'size': [0.04461973939918376, 0.0849493067344041, 0.09534921802665242]}}"
2.9579999999997852,0.4479994545021141,0.0,0.4,0.44283863972526616,1.535942623410933e-07,0.3999968484311104,"{'table_obstacle': {'pos': [0.3825981920028062, 0.37518922255766707, 0.1646257963690813], 'size': [0.049837904948193595, 0.0813235869879147, 0.05243307039854257]}, 'pillar_obstacle': {'pos': [0.39994824830915515, -0.3824307480766307, 0.23470116647765446], 'size': [0.033663755439403885, 0.20172185302840845, 0.0]}, 'small_block': {'pos': [0.6140097595303955, -0.3535133918987863, 0.1097032402875184], 'size': [0.04461973939918376, 0.0849493067344041, 0.09534921802665242]}}"
2.958999999999785,0.4479994545021141,0.0,0.4,0.4429094155152938,1.587497085249385e-07,0.39999680100085844,"{'table_obstacle': {'pos': [0.3825981920028062, 0.37518922255766707, 0.1646257963690813], 'size': [0.049837904948193595, 0.0813235869879147, 0.05243307039854257]}, 'pillar_obstacle': {'pos': [0.39994824830915515, -0.3824307480766307, 0.23470116647765446], 'size': [0.033663755439403885, 0.20172185302840845, 0.0]}, 'small_block': {'pos': [0.6140097595303955, -0.3535133918987863, 0.1097032402875184], 'size': [0.04461973939918376, 0.0849493067344041, 0.09534921802665242]}}"
2.959999999999785,0.4479994545021141,0.0,0.4,0.44297974555263314,1.616703052341407e-07,0.399996761183858,"{'table_obstacle': {'pos': [0.3825981920028062, 0.37518922255766707, 0.1646257963690813], 'size': [0.049837904948193595, 0.0813235869879147, 0.05243307039854257]}, 'pillar_obstacle': {'pos': [0.39994824830915515, -0.3824307480766307, 0.23470116647765446], 'size': [0.033663755439403885, 0.20172185302840845, 0.0]}, 'small_block': {'pos': [0.6140097595303955, -0.3535133918987863, 0.1097032402875184], 'size': [0.04461973939918376, 0.0849493067344041, 0.09534921802665242]}}"
2.960999999999785,0.4479994545021141,0.0,0.4,0.4430495285929226,1.6264625823250395e-07,0.39999672832727773,"{'table_obstacle': {'pos': [0.3825981920028062, 0.37518922255766707, 0.1646257963690813], 'size': [0.049837904948193595, 0.0813235869879147, 0.05243307039854257]}, 'pillar_obstacle': {'pos': [0.39994824830915515, -0.3824307480766307, 0.23470116647765446], 'size': [0.033663755439403885, 0.20172185302840845, 0.0]}, 'small_block': {'pos': [0.6140097595303955, -0.3535133918987863, 0.1097032402875184], 'size': [0.04461973939918376, 0.0849493067344041, 0.09534921802665242]}}"
2.961999999999785,0.4479994545021141,0.0,0.4,0.44311868533151344,1.6194863999822185e-07,0.3999967017893864,"{'table_obstacle': {'pos': [0.3825981920028062, 0.37518922255766707, 0.1646257963690813], 'size': [0.049837904948193595, 0.0813235869879147, 0.05243307039854257]}, 'pillar_obstacle': {'pos': [0.39994824830915515, -0.3824307480766307, 0.23470116647765446], 'size': [0.033663755439403885, 0.20172185302840845, 0.0]}, 'small_block': {'pos': [0.6140097595303955, -0.3535133918987863, 0.1097032402875184], 'size': [0.04461973939918376, 0.0849493067344041, 0.09534921802665242]}}"
2.9629999999997847,0.4479994545021141,0.0,0.4,0.44318715418638815,1.5982577601679616e-07,0.39999668095673363,"{'table_obstacle': {'pos': [0.3825981920028062, 0.37518922255766707, 0.1646257963690813], 'size': [0.049837904948193595, 0.0813235869879147, 0.05243307039854257]}, 'pillar_obstacle': {'pos': [0.39994824830915515, -0.3824307480766307, 0.23470116647765446], 'size': [0.033663755439403885, 0.20172185302840845, 0.0]}, 'small_block': {'pos': [0.6140097595303955, -0.3535133918987863, 0.1097032402875184], 'size': [0.04461973939918376, 0.0849493067344041, 0.09534921802665242]}}"
2.9639999999997846,0.4479994545021141,0.0,0.4,0.4432548878849765,1.5650173934408322e-07,0.3999966652544881,"{'table_obstacle': {'pos': [0.3825981920028062, 0.37518922255766707, 0.1646257963690813], 'size': [0.049837904948193595, 0.0813235869879147, 0.05243307039854257]}, 'pillar_obstacle': {'pos': [0.39994824830915515, -0.3824307480766307, 0.23470116647765446], 'size': [0.033663755439403885, 0.20172185302840845, 0.0]}, 'small_block': {'pos': [0.6140097595303955, -0.3535133918987863, 0.1097032402875184], 'size': [0.04461973939918376, 0.0849493067344041, 0.09534921802665242]}}"
2.9649999999997845,0.4479994545021141,0.0,0.4,0.44332185070172136,1.5217627792070692e-07,0.3999966541519226,"{'table_obstacle': {'pos': [0.3825981920028062, 0.37518922255766707, 0.1646257963690813], 'size': [0.049837904948193595, 0.0813235869879147, 0.05243307039854257]}, 'pillar_obstacle': {'pos': [0.39994824830915515, -0.3824307480766307, 0.23470116647765446], 'size': [0.033663755439403885, 0.20172185302840845, 0.0]}, 'small_block': {'pos': [0.6140097595303955, -0.3535133918987863, 0.1097032402875184], 'size': [0.04461973939918376, 0.0849493067344041, 0.09534921802665242]}}"
2.9659999999997844,0.4479994545021141,0.0,0.4,0.44338801622240864,1.4702567498580502e-07,0.3999966471645143,"{'table_obstacle': {'pos': [0.3825981920028062, 0.37518922255766707, 0.1646257963690813], 'size': [0.049837904948193595, 0.0813235869879147, 0.05243307039854257]}, 'pillar_obstacle': {'pos': [0.39994824830915515, -0.3824307480766307, 0.23470116647765446], 'size': [0.033663755439403885, 0.20172185302840845, 0.0]}, 'small_block': {'pos': [0.6140097595303955, -0.3535133918987863, 0.1097032402875184], 'size': [0.04461973939918376, 0.0849493067344041, 0.09534921802665242]}}"
2.9669999999997843,0.4479994545021141,0.0,0.4,0.44345336553490106,1.412041867201417e-07,0.39999664385375094,"{'table_obstacle': {'pos': [0.3825981920028062, 0.37518922255766707, 0.1646257963690813], 'size': [0.049837904948193595, 0.0813235869879147, 0.05243307039854257]}, 'pillar_obstacle': {'pos': [0.39994824830915515, -0.3824307480766307, 0.23470116647765446], 'size': [0.033663755439403885, 0.20172185302840845, 0.0]}, 'small_block': {'pos': [0.6140097595303955, -0.3535133918987863, 0.1097032402875184], 'size': [0.04461973939918376, 0.0849493067344041, 0.09534921802665242]}}"
2.967999999999784,0.4479994545021141,0.0,0.4,0.443517885765034,1.348458011363966e-07,0.3999966438254296,"{'table_obstacle': {'pos': [0.3825981920028062, 0.37518922255766707, 0.1646257963690813], 'size': [0.049837904948193595, 0.0813235869879147, 0.05243307039854257]}, 'pillar_obstacle': {'pos': [0.39994824830915515, -0.3824307480766307, 0.23470116647765446], 'size': [0.033663755439403885, 0.20172185302840845, 0.0]}, 'small_block': {'pos': [0.6140097595303955, -0.3535133918987863, 0.1097032402875184], 'size': [0.04461973939918376, 0.0849493067344041, 0.09534921802665242]}}"
2.968999999999784,0.4479994545021141,0.0,0.4,0.44358156889190814,1.2806614222104054e-07,0.3999966467270241,"{'table_obstacle': {'pos': [0.3825981920028062, 0.37518922255766707, 0.1646257963690813], 'size': [0.049837904948193595, 0.0813235869879147, 0.05243307039854257]}, 'pillar_obstacle': {'pos': [0.39994824830915515, -0.3824307480766307, 0.23470116647765446], 'size': [0.033663755439403885, 0.20172185302840845, 0.0]}, 'small_block': {'pos': [0.6140097595303955, -0.3535133918987863, 0.1097032402875184], 'size': [0.04461973939918376, 0.0849493067344041, 0.09534921802665242]}}"
2.969999999999784,0.4479994545021141,0.0,0.4,0.44364441078934486,1.2096439587162475e-07,0.39999665224453085,"{'table_obstacle': {'pos': [0.3825981920028062, 0.37518922255766707, 0.1646257963690813], 'size': [0.049837904948193595, 0.0813235869879147, 0.05243307039854257]}, 'pillar_obstacle': {'pos': [0.39994824830915515, -0.3824307480766307, 0.23470116647765446], 'size': [0.033663755439403885, 0.20172185302840845, 0.0]}, 'small_block': {'pos': [0.6140097595303955, -0.3535133918987863, 0.1097032402875184], 'size': [0.04461973939918376, 0.0849493067344041, 0.09534921802665242]}}"
2.970999999999784,0.4479994545021141,0.0,0.4,0.44370641045041037,1.1362518026002776e-07,0.39999666009908147,"{'table_obstacle': {'pos': [0.3825981920028062, 0.37518922255766707, 0.1646257963690813], 'size': [0.049837904948193595, 0.0813235869879147, 0.05243307039854257]}, 'pillar_obstacle': {'pos': [0.39994824830915515, -0.3824307480766307, 0.23470116647765446], 'size': [0.033663755439403885, 0.20172185302840845, 0.0]}, 'small_block': {'pos': [0.6140097595303955, -0.3535133918987863, 0.1097032402875184], 'size': [0.04461973939918376, 0.0849493067344041, 0.09534921802665242]}}"
2.9719999999997837,0.4479994545021141,0.0,0.4,0.4437675693601288,1.0612030947499758e-07,0.3999966700435193,"{'table_obstacle': {'pos': [0.3825981920028062, 0.37518922255766707, 0.1646257963690813], 'size': [0.049837904948193595, 0.0813235869879147, 0.05243307039854257]}, 'pillar_obstacle': {'pos': [0.39994824830915515, -0.3824307480766307, 0.23470116647765446], 'size': [0.033663755439403885, 0.20172185302840845, 0.0]}, 'small_block': {'pos': [0.6140097595303955, -0.3535133918987863, 0.1097032402875184], 'size': [0.04461973939918376, 0.0849493067344041, 0.09534921802665242]}}"
2.9729999999997836,0.4479994545021141,0.0,0.4,0.4438278909881461,9.851042057203662e-08,0.39999668185907084,"{'table_obstacle': {'pos': [0.3825981920028062, 0.37518922255766707, 0.1646257963690813], 'size': [0.049837904948193595, 0.0813235869879147, 0.05243307039854257]}, 'pillar_obstacle': {'pos': [0.39994824830915515, -0.3824307480766307, 0.23470116647765446], 'size': [0.033663755439403885, 0.20172185302840845, 0.0]}, 'small_block': {'pos': [0.6140097595303955, -0.3535133918987863, 0.1097032402875184], 'size': [0.04461973939918376, 0.0849493067344041, 0.09534921802665242]}}"
2.9739999999997835,0.4479994545021141,0.0,0.4,0.4438873803784878,9.084645430049109e-08,0.39999669535219673,"{'table_obstacle': {'pos': [0.3825981920028062, 0.37518922255766707, 0.1646257963690813], 'size': [0.049837904948193595, 0.0813235869879147, 0.05243307039854257]}, 'pillar_obstacle': {'pos': [0.39994824830915515, -0.3824307480766307, 0.23470116647765446], 'size': [0.033663755439403885, 0.20172185302840845, 0.0]}, 'small_block': {'pos': [0.6140097595303955, -0.3535133918987863, 0.1097032402875184], 'size': [0.04461973939918376, 0.0849493067344041, 0.09534921802665242]}}"
2.9749999999997834,0.4479994545021141,0.0,0.4,0.4439460438179105,8.317098178312212e-08,0.39999671035167117,"{'table_obstacle': {'pos': [0.3825981920028062, 0.37518922255766707, 0.1646257963690813], 'size': [0.049837904948193595, 0.0813235869879147, 0.05243307039854257]}, 'pillar_obstacle': {'pos': [0.39994824830915515, -0.3824307480766307, 0.23470116647765446], 'size': [0.033663755439403885, 0.20172185302840845, 0.0]}, 'small_block': {'pos': [0.6140097595303955, -0.3535133918987863, 0.1097032402875184], 'size': [0.04461973939918376, 0.0849493067344041, 0.09534921802665242]}}"
2.9759999999997833,0.4479994545021141,0.0,0.4,0.4440038885678682,7.551938415220048e-08,0.39999672670591013,"{'table_obstacle': {'pos': [0.3825981920028062, 0.37518922255766707, 0.1646257963690813], 'size': [0.049837904948193595, 0.0813235869879147, 0.05243307039854257]}, 'pillar_obstacle': {'pos': [0.39994824830915515, -0.3824307480766307, 0.23470116647765446], 'size': [0.033663755439403885, 0.20172185302840845, 0.0]}, 'small_block': {'pos': [0.6140097595303955, -0.3535133918987863, 0.1097032402875184], 'size': [0.04461973939918376, 0.0849493067344041, 0.09534921802665242]}}"
2.976999999999783,0.4479994545021141,0.0,0.4,0.4440609226479718,6.792089035352103e-08,0.39999674428056237,"{'table_obstacle': {'pos': [0.3825981920028062, 0.37518922255766707, 0.1646257963690813], 'size': [0.049837904948193595, 0.0813235869879147, 0.05243307039854257]}, 'pillar_obstacle': {'pos': [0.39994824830915515, -0.3824307480766307, 0.23470116647765446], 'size': [0.033663755439403885, 0.20172185302840845, 0.0]}, 'small_block': {'pos': [0.6140097595303955, -0.3535133918987863, 0.1097032402875184], 'size': [0.04461973939918376, 0.0849493067344041, 0.09534921802665242]}}"
2.977999999999783,0.4479994545021141,0.0,0.4,0.4441171546611232,6.039948674999544e-08,0.3999967629563512,"{'table_obstacle': {'pos': [0.3825981920028062, 0.37518922255766707, 0.1646257963690813], 'size': [0.049837904948193595, 0.0813235869879147, 0.05243307039854257]}, 'pillar_obstacle': {'pos': [0.39994824830915515, -0.3824307480766307, 0.23470116647765446], 'size': [0.033663755439403885, 0.20172185302840845, 0.0]}, 'small_block': {'pos': [0.6140097595303955, -0.3535133918987863, 0.1097032402875184], 'size': [0.04461973939918376, 0.0849493067344041, 0.09534921802665242]}}"
2.978999999999783,0.4479994545021141,0.0,0.4,0.4441725936523872,5.297470494799012e-08,0.39999678262715954,"{'table_obstacle': {'pos': [0.3825981920028062, 0.37518922255766707, 0.1646257963690813], 'size': [0.049837904948193595, 0.0813235869879147, 0.05243307039854257]}, 'pillar_obstacle': {'pos': [0.39994824830915515, -0.3824307480766307, 0.23470116647765446], 'size': [0.033663755439403885, 0.20172185302840845, 0.0]}, 'small_block': {'pos': [0.6140097595303955, -0.3535133918987863, 0.1097032402875184], 'size': [0.04461973939918376, 0.0849493067344041, 0.09534921802665242]}}"
2.979999999999783,0.4479994545021141,0.0,0.4,0.44422724899516197,4.5662305872715506e-08,0.399996803198342,"{'table_obstacle': {'pos': [0.3825981920028062, 0.37518922255766707, 0.1646257963690813], 'size': [0.049837904948193595, 0.0813235869879147, 0.05243307039854257]}, 'pillar_obstacle': {'pos': [0.39994824830915515, -0.3824307480766307, 0.23470116647765446], 'size': [0.033663755439403885, 0.20172185302840845, 0.0]}, 'small_block': {'pos': [0.6140097595303955, -0.3535133918987863, 0.1097032402875184], 'size': [0.04461973939918376, 0.0849493067344041, 0.09534921802665242]}}"
2.9809999999997827,0.4479994545021141,0.0,0.4,0.44428113029944793,3.847486647689977e-08,0.3999968245852444,"{'table_obstacle': {'pos': [0.3825981920028062, 0.37518922255766707, 0.1646257963690813], 'size': [0.049837904948193595, 0.0813235869879147, 0.05243307039854257]}, 'pillar_obstacle': {'pos': [0.39994824830915515, -0.3824307480766307, 0.23470116647765446], 'size': [0.033663755439403885, 0.20172185302840845, 0.0]}, 'small_block': {'pos': [0.6140097595303955, -0.3535133918987863, 0.1097032402875184], 'size': [0.04461973939918376, 0.0849493067344041, 0.09534921802665242]}}"
2.9819999999997826,0.4479994545021141,0.0,0.4,0.444334247337998,3.1422284266043784e-08,0.3999968467119096,"{'table_obstacle': {'pos': [0.3825981920028062, 0.37518922255766707, 0.1646257963690813], 'size': [0.049837904948193595, 0.0813235869879147, 0.05243307039854257]}, 'pillar_obstacle': {'pos': [0.39994824830915515, -0.3824307480766307, 0.23470116647765446], 'size': [0.033663755439403885, 0.20172185302840845, 0.0]}, 'small_block': {'pos': [0.6140097595303955, -0.3535133918987863, 0.1097032402875184], 'size': [0.04461973939918376, 0.0849493067344041, 0.09534921802665242]}}"
2.9829999999997825,0.4479994545021141,0.0,0.4,0.44438660998694035,2.4512208193138737e-08,0.39999686950995295,"{'table_obstacle': {'pos': [0.3825981920028062, 0.37518922255766707, 0.1646257963690813], 'size': [0.049837904948193595, 0.0813235869879147, 0.05243307039854257]}, 'pillar_obstacle': {'pos': [0.39994824830915515, -0.3824307480766307, 0.23470116647765446], 'size': [0.033663755439403885, 0.20172185302840845, 0.0]}, 'small_block': {'pos': [0.6140097595303955, -0.3535133918987863, 0.1097032402875184], 'size': [0.04461973939918376, 0.0849493067344041, 0.09534921802665242]}}"
2.9839999999997824,0.4479994545021141,0.0,0.4,0.4444382281781091,1.7750404488953637e-08,0.399996892917587,"{'table_obstacle': {'pos': [0.3825981920028062, 0.37518922255766707, 0.1646257963690813], 'size': [0.049837904948193595, 0.0813235869879147, 0.05243307039854257]}, 'pillar_obstacle': {'pos': [0.39994824830915515, -0.3824307480766307, 0.23470116647765446], 'size': [0.033663755439403885, 0.20172185302840845, 0.0]}, 'small_block': {'pos': [0.6140097595303955, -0.3535133918987863, 0.1097032402875184], 'size': [0.04461973939918376, 0.0849493067344041, 0.09534921802665242]}}"
2.9849999999997823,0.4479994545021141,0.0,0.4,0.4444891118608483,1.1141068171014412e-08,0.3999969168787783,"{'table_obstacle': {'pos': [0.3825981920028062, 0.37518922255766707, 0.1646257963690813], 'size': [0.049837904948193595, 0.0813235869879147, 0.05243307039854257]}, 'pillar_obstacle': {'pos': [0.39994824830915515, -0.3824307480766307, 0.23470116647765446], 'size': [0.033663755439403885, 0.20172185302840845, 0.0]}, 'small_block': {'pos': [0.6140097595303955, -0.3535133918987863, 0.1097032402875184], 'size': [0.04461973939918376, 0.0849493067344041, 0.09534921802665242]}}"
2.985999999999782,0.4479994545021141,0.0,0.4,0.4445392709714825,4.687087659328675e-09,0.39999694134251906,"{'table_obstacle': {'pos': [0.3825981920028062, 0.37518922255766707, 0.1646257963690813], 'size': [0.049837904948193595, 0.0813235869879147, 0.05243307039854257]}, 'pillar_obstacle': {'pos': [0.39994824830915515, -0.3824307480766307, 0.23470116647765446], 'size': [0.033663755439403885, 0.20172185302840845, 0.0]}, 'small_block': {'pos': [0.6140097595303955, -0.3535133918987863, 0.1097032402875184], 'size': [0.04461973939918376, 0.0849493067344041, 0.09534921802665242]}}"
2.986999999999782,0.4479994545021141,0.0,0.4,0.444588715408984,-1.6097334009333677e-09,0.3999969662622016,"{'table_obstacle': {'pos': [0.3825981920028062, 0.37518922255766707, 0.1646257963690813], 'size': [0.049837904948193595, 0.0813235869879147, 0.05243307039854257]}, 'pillar_obstacle': {'pos': [0.39994824830915515, -0.3824307480766307, 0.23470116647765446], 'size': [0.033663755439403885, 0.20172185302840845, 0.0]}, 'small_block': {'pos': [0.6140097595303955, -0.3535133918987863, 0.1097032402875184], 'size': [0.04461973939918376, 0.0849493067344041, 0.09534921802665242]}}"
2.987999999999782,0.4479994545021141,0.0,0.4,0.4446374550156551,-7.748487730031356e-09,0.3999969915950777,"{'table_obstacle': {'pos': [0.3825981920028062, 0.37518922255766707, 0.1646257963690813], 'size': [0.049837904948193595, 0.0813235869879147, 0.05243307039854257]}, 'pillar_obstacle': {'pos': [0.39994824830915515, -0.3824307480766307, 0.23470116647765446], 'size': [0.033663755439403885, 0.20172185302840845, 0.0]}, 'small_block': {'pos': [0.6140097595303955, -0.3535133918987863, 0.1097032402875184], 'size': [0.04461973939918376, 0.0849493067344041, 0.09534921802665242]}}"
2.988999999999782,0.4479994545021141,0.0,0.4,0.44468549956186315,-1.3729006295594953e-08,0.39999701730179704,"{'table_obstacle': {'pos': [0.3825981920028062, 0.37518922255766707, 0.1646257963690813], 'size': [0.049837904948193595, 0.0813235869879147, 0.05243307039854257]}, 'pillar_obstacle': {'pos': [0.39994824830915515, -0.3824307480766307, 0.23470116647765446], 'size': [0.033663755439403885, 0.20172185302840845, 0.0]}, 'small_block': {'pos': [0.6140097595303955, -0.3535133918987863, 0.1097032402875184], 'size': [0.04461973939918376, 0.0849493067344041, 0.09534921802665242]}}"
2.9899999999997817,0.4479994545021141,0.0,0.4,0.4447328587340523,-1.9551726223643248e-08,0.39999704334600766,"{'table_obstacle': {'pos': [0.3825981920028062, 0.37518922255766707, 0.1646257963690813], 'size': [0.049837904948193595, 0.0813235869879147, 0.05243307039854257]}, 'pillar_obstacle': {'pos': [0.39994824830915515, -0.3824307480766307, 0.23470116647765446], 'size': [0.033663755439403885, 0.20172185302840845, 0.0]}, 'small_block': {'pos': [0.6140097595303955, -0.3535133918987863, 0.1097032402875184], 'size': [0.04461973939918376, 0.0849493067344041, 0.09534921802665242]}}"
2.9909999999997816,0.4479994545021141,0.0,0.4,0.4447795421254023,-2.521757863216134e-08,0.3999970696940166,"{'table_obstacle': {'pos': [0.3825981920028062, 0.37518922255766707, 0.1646257963690813], 'size': [0.049837904948193595, 0.0813235869879147, 0.05243307039854257]}, 'pillar_obstacle': {'pos': [0.39994824830915515, -0.3824307480766307, 0.23470116647765446], 'size': [0.033663755439403885, 0.20172185302840845, 0.0]}, 'small_block': {'pos': [0.6140097595303955, -0.3535133918987863, 0.1097032402875184], 'size': [0.04461973939918376, 0.0849493067344041, 0.09534921802665242]}}"
2.9919999999997815,0.4479994545021141,0.0,0.4,0.4448255592286253,-3.0727896515074795e-08,0.39999709631449515,"{'table_obstacle': {'pos': [0.3825981920028062, 0.37518922255766707, 0.1646257963690813], 'size': [0.049837904948193595, 0.0813235869879147, 0.05243307039854257]}, 'pillar_obstacle': {'pos': [0.39994824830915515, -0.3824307480766307, 0.23470116647765446], 'size': [0.033663755439403885, 0.20172185302840845, 0.0]}, 'small_block': {'pos': [0.6140097595303955, -0.3535133918987863, 0.1097032402875184], 'size': [0.04461973939918376, 0.0849493067344041, 0.09534921802665242]}}"
2.9929999999997814,0.4479994545021141,0.0,0.4,0.44487091943048873,-3.608433638334454e-08,0.39999712317822733,"{'table_obstacle': {'pos': [0.3825981920028062, 0.37518922255766707, 0.1646257963690813], 'size': [0.049837904948193595, 0.0813235869879147, 0.05243307039854257]}, 'pillar_obstacle': {'pos': [0.39994824830915515, -0.3824307480766307, 0.23470116647765446], 'size': [0.033663755439403885, 0.20172185302840845, 0.0]}, 'small_block': {'pos': [0.6140097595303955, -0.3535133918987863, 0.1097032402875184], 'size': [0.04461973939918376, 0.0849493067344041, 0.09534921802665242]}}"
2.9939999999997813,0.4479994545021141,0.0,0.4,0.44491563200773054,-4.128881355385394e-08,0.3999971502578932,"{'table_obstacle': {'pos': [0.3825981920028062, 0.37518922255766707, 0.1646257963690813], 'size': [0.049837904948193595, 0.0813235869879147, 0.05243307039854257]}, 'pillar_obstacle': {'pos': [0.39994824830915515, -0.3824307480766307, 0.23470116647765446], 'size': [0.033663755439403885, 0.20172185302840845, 0.0]}, 'small_block': {'pos': [0.6140097595303955, -0.3535133918987863, 0.1097032402875184], 'size': [0.04461973939918376, 0.0849493067344041, 0.09534921802665242]}}"
2.994999999999781,0.4479994545021141,0.0,0.4,0.44495970612409785,-4.63434486806586e-08,0.39999717752788266,"{'table_obstacle': {'pos': [0.3825981920028062, 0.37518922255766707, 0.1646257963690813], 'size': [0.049837904948193595, 0.0813235869879147, 0.05243307039854257]}, 'pillar_obstacle': {'pos': [0.39994824830915515, -0.3824307480766307, 0.23470116647765446], 'size': [0.033663755439403885, 0.20172185302840845, 0.0]}, 'small_block': {'pos': [0.6140097595303955, -0.3535133918987863, 0.1097032402875184], 'size': [0.04461973939918376, 0.0849493067344041, 0.09534921802665242]}}"
2.995999999999781,0.4479994545021141,0.0,0.4,0.4450031508282868,-5.1250522183085404e-08,0.3999972049641338,"{'table_obstacle': {'pos': [0.3825981920028062, 0.37518922255766707, 0.1646257963690813], 'size': [0.049837904948193595, 0.0813235869879147, 0.05243307039854257]}, 'pillar_obstacle': {'pos': [0.39994824830915515, -0.3824307480766307, 0.23470116647765446], 'size': [0.033663755439403885, 0.20172185302840845, 0.0]}, 'small_block': {'pos': [0.6140097595303955, -0.3535133918987863, 0.1097032402875184], 'size': [0.04461973939918376, 0.0849493067344041, 0.09534921802665242]}}"
2.996999999999781,0.4479994545021141,0.0,0.4,0.44504597505261273,-5.601243772235243e-08,0.39999723254399566,"{'table_obstacle': {'pos': [0.3825981920028062, 0.37518922255766707, 0.1646257963690813], 'size': [0.049837904948193595, 0.0813235869879147, 0.05243307039854257]}, 'pillar_obstacle': {'pos': [0.39994824830915515, -0.3824307480766307, 0.23470116647765446], 'size': [0.033663755439403885, 0.20172185302840845, 0.0]}, 'small_block': {'pos': [0.6140097595303955, -0.3535133918987863, 0.1097032402875184], 'size': [0.04461973939918376, 0.0849493067344041, 0.09534921802665242]}}"
2.997999999999781,0.4479994545021141,0.0,0.4,0.4450881876122608,-6.063169143332694e-08,0.39999726024610527,"{'table_obstacle': {'pos': [0.3825981920028062, 0.37518922255766707, 0.1646257963690813], 'size': [0.049837904948193595, 0.0813235869879147, 0.05243307039854257]}, 'pillar_obstacle': {'pos': [0.39994824830915515, -0.3824307480766307, 0.23470116647765446], 'size': [0.033663755439403885, 0.20172185302840845, 0.0]}, 'small_block': {'pos': [0.6140097595303955, -0.3535133918987863, 0.1097032402875184], 'size': [0.04461973939918376, 0.0849493067344041, 0.09534921802665242]}}"
2.9989999999997807,0.4479994545021141,0.0,0.4,0.4451297972050081,-6.511084620121866e-08,0.3999972880502847,"{'table_obstacle': {'pos': [0.3825981920028062, 0.37518922255766707, 0.1646257963690813], 'size': [0.049837904948193595, 0.0813235869879147, 0.05243307039854257]}, 'pillar_obstacle': {'pos': [0.39994824830915515, -0.3824307480766307, 0.23470116647765446], 'size': [0.033663755439403885, 0.20172185302840845, 0.0]}, 'small_block': {'pos': [0.6140097595303955, -0.3535133918987863, 0.1097032402875184], 'size': [0.04461973939918376, 0.0849493067344041, 0.09534921802665242]}}"
2.9999999999997806,0.4479994545021141,0.0,0.4,0.4451708124113162,-6.945251037897119e-08,0.3999973159374488,"{'table_obstacle': {'pos': [0.3825981920028062, 0.37518922255766707, 0.1646257963690813], 'size': [0.049837904948193595, 0.0813235869879147, 0.05243307039854257]}, 'pillar_obstacle': {'pos': [0.39994824830915515, -0.3824307480766307, 0.23470116647765446], 'size': [0.033663755439403885, 0.20172185302840845, 0.0]}, 'small_block': {'pos': [0.6140097595303955, -0.3535133918987863, 0.1097032402875184], 'size': [0.04461973939918376, 0.0849493067344041, 0.09534921802665242]}}"
3.0009999999997805,0.4479994545021141,0.0,0.4,0.4452112416947267,-7.365932172257632e-08,0.3999973438895262,"{'table_obstacle': {'pos': [0.3825981920028062, 0.37518922255766707, 0.1646257963690813], 'size': [0.049837904948193595, 0.0813235869879147, 0.05243307039854257]}, 'pillar_obstacle': {'pos': [0.39994824830915515, -0.3824307480766307, 0.23470116647765446], 'size': [0.033663755439403885, 0.20172185302840845, 0.0]}, 'small_block': {'pos': [0.6140097595303955, -0.3535133918987863, 0.1097032402875184], 'size': [0.04461973939918376, 0.0849493067344041, 0.09534921802665242]}}"
3.0019999999997804,0.4479994545021141,0.0,0.4,0.44525109340248936,-7.773393180137619e-08,0.3999973718893877,"{'table_obstacle': {'pos': [0.3825981920028062, 0.37518922255766707, 0.1646257963690813], 'size': [0.049837904948193595, 0.0813235869879147, 0.05243307039854257]}, 'pillar_obstacle': {'pos': [0.39994824830915515, -0.3824307480766307, 0.23470116647765446], 'size': [0.033663755439403885, 0.20172185302840845, 0.0]}, 'small_block': {'pos': [0.6140097595303955, -0.3535133918987863, 0.1097032402875184], 'size': [0.04461973939918376, 0.0849493067344041, 0.09534921802665242]}}"
3.0029999999997803,0.4479994545021141,0.0,0.4,0.44529037576638203,-8.167899583301146e-08,0.39999739992078537,"{'table_obstacle': {'pos': [0.3825981920028062, 0.37518922255766707, 0.1646257963690813], 'size': [0.049837904948193595, 0.0813235869879147, 0.05243307039854257]}, 'pillar_obstacle': {'pos': [0.39994824830915515, -0.3824307480766307, 0.23470116647765446], 'size': [0.033663755439403885, 0.20172185302840845, 0.0]}, 'small_block': {'pos': [0.6140097595303955, -0.3535133918987863, 0.1097032402875184], 'size': [0.04461973939918376, 0.0849493067344041, 0.09534921802665242]}}"
3.00399999999978,0.4479994545021141,0.0,0.4,0.4453290969036746,-8.549716196851806e-08,0.399997427968297,"{'table_obstacle': {'pos': [0.3825981920028062, 0.37518922255766707, 0.1646257963690813], 'size': [0.049837904948193595, 0.0813235869879147, 0.05243307039854257]}, 'pillar_obstacle': {'pos': [0.39994824830915515, -0.3824307480766307, 0.23470116647765446], 'size': [0.033663755439403885, 0.20172185302840845, 0.0]}, 'small_block': {'pos': [0.6140097595303955, -0.3535133918987863, 0.1097032402875184], 'size': [0.04461973939918376, 0.0849493067344041, 0.09534921802665242]}}"
3.00499999999978,0.4479994545021141,0.0,0.4,0.445367264818211,-8.919106480516783e-08,0.3999974560172767,"{'table_obstacle': {'pos': [0.3825981920028062, 0.37518922255766707, 0.1646257963690813], 'size': [0.049837904948193595, 0.0813235869879147, 0.05243307039854257]}, 'pillar_obstacle': {'pos': [0.39994824830915515, -0.3824307480766307, 0.23470116647765446], 'size': [0.033663755439403885, 0.20172185302840845, 0.0]}, 'small_block': {'pos': [0.6140097595303955, -0.3535133918987863, 0.1097032402875184], 'size': [0.04461973939918376, 0.0849493067344041, 0.09534921802665242]}}"
3.00599999999978,0.4479994545021141,0.0,0.4,0.44540488740157896,-9.276331844048705e-08,0.39999748405381114,"{'table_obstacle': {'pos': [0.3825981920028062, 0.37518922255766707, 0.1646257963690813], 'size': [0.049837904948193595, 0.0813235869879147, 0.05243307039854257]}, 'pillar_obstacle': {'pos': [0.39994824830915515, -0.3824307480766307, 0.23470116647765446], 'size': [0.033663755439403885, 0.20172185302840845, 0.0]}, 'small_block': {'pos': [0.6140097595303955, -0.3535133918987863, 0.1097032402875184], 'size': [0.04461973939918376, 0.0849493067344041, 0.09534921802665242]}}"
3.00699999999978,0.4479994545021141,0.0,0.4,0.44544197243434724,-9.621651145700233e-08,0.3999975120646802,"{'table_obstacle': {'pos': [0.3825981920028062, 0.37518922255766707, 0.1646257963690813], 'size': [0.049837904948193595, 0.0813235869879147, 0.05243307039854257]}, 'pillar_obstacle': {'pos': [0.39994824830915515, -0.3824307480766307, 0.23470116647765446], 'size': [0.033663755439403885, 0.20172185302840845, 0.0]}, 'small_block': {'pos': [0.6140097595303955, -0.3535133918987863, 0.1097032402875184], 'size': [0.04461973939918376, 0.0849493067344041, 0.09534921802665242]}}"
3.0079999999997797,0.4479994545021141,0.0,0.4,0.4454785275873548,-9.955320406060124e-08,0.39999754003732,"{'table_obstacle': {'pos': [0.3825981920028062, 0.37518922255766707, 0.1646257963690813], 'size': [0.049837904948193595, 0.0813235869879147, 0.05243307039854257]}, 'pillar_obstacle': {'pos': [0.39994824830915515, -0.3824307480766307, 0.23470116647765446], 'size': [0.033663755439403885, 0.20172185302840845, 0.0]}, 'small_block': {'pos': [0.6140097595303955, -0.3535133918987863, 0.1097032402875184], 'size': [0.04461973939918376, 0.0849493067344041, 0.09534921802665242]}}"
3.0089999999997796,0.4479994545021141,0.0,0.4,0.44551456042303633,-1.027759234181736e-07,0.3999975679597914,"{'table_obstacle': {'pos': [0.3825981920028062, 0.37518922255766707, 0.1646257963690813], 'size': [0.049837904948193595, 0.0813235869879147, 0.05243307039854257]}, 'pillar_obstacle': {'pos': [0.39994824830915515, -0.3824307480766307, 0.23470116647765446], 'size': [0.033663755439403885, 0.20172185302840845, 0.0]}, 'small_block': {'pos': [0.6140097595303955, -0.3535133918987863, 0.1097032402875184], 'size': [0.04461973939918376, 0.0849493067344041, 0.09534921802665242]}}"
3.0099999999997795,0.4479994545021141,0.0,0.4,0.4455500783967737,-1.0588716233749335e-07,0.399997595820749,"{'table_obstacle': {'pos': [0.3825981920028062, 0.37518922255766707, 0.1646257963690813], 'size': [0.049837904948193595, 0.0813235869879147, 0.05243307039854257]}, 'pillar_obstacle': {'pos': [0.39994824830915515, -0.3824307480766307, 0.23470116647765446], 'size': [0.033663755439403885, 0.20172185302840845, 0.0]}, 'small_block': {'pos': [0.6140097595303955, -0.3535133918987863, 0.1097032402875184], 'size': [0.04461973939918376, 0.0849493067344041, 0.09534921802665242]}}"
3.0109999999997794,0.4479994545021141,0.0,0.4,0.4455850888582664,-1.0888937719909267e-07,0.39999762360941366,"{'table_obstacle': {'pos': [0.3825981920028062, 0.37518922255766707, 0.1646257963690813], 'size': [0.049837904948193595, 0.0813235869879147, 0.05243307039854257]}, 'pillar_obstacle': {'pos': [0.39994824830915515, -0.3824307480766307, 0.23470116647765446], 'size': [0.033663755439403885, 0.20172185302840845, 0.0]}, 'small_block': {'pos': [0.6140097595303955, -0.3535133918987863, 0.1097032402875184], 'size': [0.04461973939918376, 0.0849493067344041, 0.09534921802665242]}}"
3.0119999999997793,0.4479994545021141,0.0,0.4,0.445619599052909,-1.1178498634018841e-07,0.3999976513155475,"{'table_obstacle': {'pos': [0.3825981920028062, 0.37518922255766707, 0.1646257963690813], 'size': [0.049837904948193595, 0.0813235869879147, 0.05243307039854257]}, 'pillar_obstacle': {'pos': [0.39994824830915515, -0.3824307480766307, 0.23470116647765446], 'size': [0.033663755439403885, 0.20172185302840845, 0.0]}, 'small_block': {'pos': [0.6140097595303955, -0.3535133918987863, 0.1097032402875184], 'size': [0.04461973939918376, 0.0849493067344041, 0.09534921802665242]}}"
3.012999999999779,0.4479994545021141,0.0,0.4,0.44565361612317467,-1.1457636917185099e-07,0.3999976789294295,"{'table_obstacle': {'pos': [0.3825981920028062, 0.37518922255766707, 0.1646257963690813], 'size': [0.049837904948193595, 0.0813235869879147, 0.05243307039854257]}, 'pillar_obstacle': {'pos': [0.39994824830915515, -0.3824307480766307, 0.23470116647765446], 'size': [0.033663755439403885, 0.20172185302840845, 0.0]}, 'small_block': {'pos': [0.6140097595303955, -0.3535133918987863, 0.1097032402875184], 'size': [0.04461973939918376, 0.0849493067344041, 0.09534921802665242]}}"
3.013999999999779,0.4479994545021141,0.0,0.4,0.4456871471099991,-1.1726586517730784e-07,0.39999770644183363,"{'table_obstacle': {'pos': [0.3825981920028062, 0.37518922255766707, 0.1646257963690813], 'size': [0.049837904948193595, 0.0813235869879147, 0.05243307039854257]}, 'pillar_obstacle': {'pos': [0.39994824830915515, -0.3824307480766307, 0.23470116647765446], 'size': [0.033663755439403885, 0.20172185302840845, 0.0]}, 'small_block': {'pos': [0.6140097595303955, -0.3535133918987863, 0.1097032402875184], 'size': [0.04461973939918376, 0.0849493067344041, 0.09534921802665242]}}"
3.014999999999779,0.4479994545021141,0.0,0.4,0.44572019895415893,-1.1985577433355055e-07,0.3999977338440081,"{'table_obstacle': {'pos': [0.3825981920028062, 0.37518922255766707, 0.1646257963690813], 'size': [0.049837904948193595, 0.0813235869879147, 0.05243307039854257]}, 'pillar_obstacle': {'pos': [0.39994824830915515, -0.3824307480766307, 0.23470116647765446], 'size': [0.033663755439403885, 0.20172185302840845, 0.0]}, 'small_block': {'pos': [0.6140097595303955, -0.3535133918987863, 0.1097032402875184], 'size': [0.04461973939918376, 0.0849493067344041, 0.09534921802665242]}}"
3.015999999999779,0.4479994545021141,0.0,0.4,0.4457527784976421,-1.2234835582135683e-07,0.39999776112765545,"{'table_obstacle': {'pos': [0.3825981920028062, 0.37518922255766707, 0.1646257963690813], 'size': [0.049837904948193595, 0.0813235869879147, 0.05243307039854257]}, 'pillar_obstacle': {'pos': [0.39994824830915515, -0.3824307480766307, 0.23470116647765446], 'size': [0.033663755439403885, 0.20172185302840845, 0.0]}, 'small_block': {'pos': [0.6140097595303955, -0.3535133918987863, 0.1097032402875184], 'size': [0.04461973939918376, 0.0849493067344041, 0.09534921802665242]}}"
3.0169999999997787,0.4479994545021141,0.0,0.4,0.4457848924850147,-1.2474582884904275e-07,0.39999778828491434,"{'table_obstacle': {'pos': [0.3825981920028062, 0.37518922255766707, 0.1646257963690813], 'size': [0.049837904948193595, 0.0813235869879147, 0.05243307039854257]}, 'pillar_obstacle': {'pos': [0.39994824830915515, -0.3824307480766307, 0.23470116647765446], 'size': [0.033663755439403885, 0.20172185302840845, 0.0]}, 'small_block': {'pos': [0.6140097595303955, -0.3535133918987863, 0.1097032402875184], 'size': [0.04461973939918376, 0.0849493067344041, 0.09534921802665242]}}"
3.0179999999997786,0.4479994545021141,0.0,0.4,0.4458165475647682,-1.2705037195149901e-07,0.3999978153083424,"{'table_obstacle': {'pos': [0.3825981920028062, 0.37518922255766707, 0.1646257963690813], 'size': [0.049837904948193595, 0.0813235869879147, 0.05243307039854257]}, 'pillar_obstacle': {'pos': [0.39994824830915515, -0.3824307480766307, 0.23470116647765446], 'size': [0.033663755439403885, 0.20172185302840845, 0.0]}, 'small_block': {'pos': [0.6140097595303955, -0.3535133918987863, 0.1097032402875184], 'size': [0.04461973939918376, 0.0849493067344041, 0.09534921802665242]}}"
3.0189999999997785,0.4479994545021141,0.0,0.4,0.44584775029066187,-1.292641240501093e-07,0.399997842190899,"{'table_obstacle': {'pos': [0.3825981920028062, 0.37518922255766707, 0.1646257963690813], 'size': [0.049837904948193595, 0.0813235869879147, 0.05243307039854257]}, 'pillar_obstacle': {'pos': [0.39994824830915515, -0.3824307480766307, 0.23470116647765446], 'size': [0.033663755439403885, 0.20172185302840845, 0.0]}, 'small_block': {'pos': [0.6140097595303955, -0.3535133918987863, 0.1097032402875184], 'size': [0.04461973939918376, 0.0849493067344041, 0.09534921802665242]}}"
3.0199999999997784,0.4479994545021141,0.0,0.4,0.44587850712304733,-1.3138918374057024e-07,0.39999786892592987,"{'table_obstacle': {'pos': [0.3825981920028062, 0.37518922255766707, 0.1646257963690813], 'size': [0.049837904948193595, 0.0813235869879147, 0.05243307039854257]}, 'pillar_obstacle': {'pos': [0.39994824830915515, -0.3824307480766307, 0.23470116647765446], 'size': [0.033663755439403885, 0.20172185302840845, 0.0]}, 'small_block': {'pos': [0.6140097595303955, -0.3535133918987863, 0.1097032402875184], 'size': [0.04461973939918376, 0.0849493067344041, 0.09534921802665242]}}"
3.0209999999997783,0.4479994545021141,0.0,0.4,0.44590882443017965,-1.334276104448516e-07,0.39999789550715187,"{'table_obstacle': {'pos': [0.3825981920028062, 0.37518922255766707, 0.1646257963690813], 'size': [0.049837904948193595, 0.0813235869879147, 0.05243307039854257]}, 'pillar_obstacle': {'pos': [0.39994824830915515, -0.3824307480766307, 0.23470116647765446], 'size': [0.033663755439403885, 0.20172185302840845, 0.0]}, 'small_block': {'pos': [0.6140097595303955, -0.3535133918987863, 0.1097032402875184], 'size': [0.04461973939918376, 0.0849493067344041, 0.09534921802665242]}}"
3.021999999999778,0.4479994545021141,0.0,0.4,0.4459387084895147,-1.353814249383303e-07,0.39999792192863864,"{'table_obstacle': {'pos': [0.3825981920028062, 0.37518922255766707, 0.1646257963690813], 'size': [0.049837904948193595, 0.0813235869879147, 0.05243307039854257]}, 'pillar_obstacle': {'pos': [0.39994824830915515, -0.3824307480766307, 0.23470116647765446], 'size': [0.033663755439403885, 0.20172185302840845, 0.0]}, 'small_block': {'pos': [0.6140097595303955, -0.3535133918987863, 0.1097032402875184], 'size': [0.04461973939918376, 0.0849493067344041, 0.09534921802665242]}}"
3.022999999999778,0.4479994545021141,0.0,0.4,0.44596816548898893,-1.372526084972676e-07,0.39999794818480694,"{'table_obstacle': {'pos': [0.3825981920028062, 0.37518922255766707, 0.1646257963690813], 'size': [0.049837904948193595, 0.0813235869879147, 0.05243307039854257]}, 'pillar_obstacle': {'pos': [0.39994824830915515, -0.3824307480766307, 0.23470116647765446], 'size': [0.033663755439403885, 0.20172185302840845, 0.0]}, 'small_block': {'pos': [0.6140097595303955, -0.3535133918987863, 0.1097032402875184], 'size': [0.04461973939918376, 0.0849493067344041, 0.09534921802665242]}}"
3.023999999999778,0.4519994347002854,0.0,0.4,0.4459972015282848,-1.3904310519955746e-07,0.39999797427040357,"{'table_obstacle': {'pos': [0.3825981920028062, 0.37518922255766707, 0.1646257963690813], 'size': [0.049837904948193595, 0.0813235869879147, 0.05243307039854257]}, 'pillar_obstacle': {'pos': [0.39994824830915515, -0.3824307480766307, 0.23470116647765446], 'size': [0.033663755439403885, 0.20172185302840845, 0.0]}, 'small_block': {'pos': [0.6140097595303955, -0.3535133918987863, 0.1097032402875184], 'size': [0.04461973939918376, 0.0849493067344041, 0.09534921802665242]}}"
3.024999999999778,0.4519994347002854,0.0,0.4,0.4460367021488766,-1.2281747684370044e-07,0.39999793415526014,"{'table_obstacle': {'pos': [0.3825981920028062, 0.37518922255766707, 0.1646257963690813], 'size': [0.049837904948193595, 0.0813235869879147, 0.05243307039854257]}, 'pillar_obstacle': {'pos': [0.39994824830915515, -0.3824307480766307, 0.23470116647765446], 'size': [0.033663755439403885, 0.20172185302840845, 0.0]}, 'small_block': {'pos': [0.6140097595303955, -0.3535133918987863, 0.1097032402875184], 'size': [0.04461973939918376, 0.0849493067344041, 0.09534921802665242]}}"
3.0259999999997778,0.4519994347002854,0.0,0.4,0.4460844466149082,-9.601335016085428e-08,0.3999978524729735,"{'table_obstacle': {'pos': [0.3825981920028062, 0.37518922255766707, 0.1646257963690813], 'size': [0.049837904948193595, 0.0813235869879147, 0.05243307039854257]}, 'pillar_obstacle': {'pos': [0.39994824830915515, -0.3824307480766307, 0.23470116647765446], 'size': [0.033663755439403885, 0.20172185302840845, 0.0]}, 'small_block': {'pos': [0.6140097595303955, -0.3535133918987863, 0.1097032402875184], 'size': [0.04461973939918376, 0.0849493067344041, 0.09534921802665242]}}"
3.0269999999997776,0.4519994347002854,0.0,0.4,0.4461386401162268,-6.385439147343326e-08,0.3999977467075197,"{'table_obstacle': {'pos': [0.3825981920028062, 0.37518922255766707, 0.1646257963690813], 'size': [0.049837904948193595, 0.0813235869879147, 0.05243307039854257]}, 'pillar_obstacle': {'pos': [0.39994824830915515, -0.3824307480766307, 0.23470116647765446], 'size': [0.033663755439403885, 0.20172185302840845, 0.0]}, 'small_block': {'pos': [0.6140097595303955, -0.3535133918987863, 0.1097032402875184], 'size': [0.04461973939918376, 0.0849493067344041, 0.09534921802665242]}}"
3.0279999999997775,0.4519994347002854,0.0,0.4,0.4461978327184727,-2.992879997411129e-08,0.39999762911392545,"{'table_obstacle': {'pos': [0.3825981920028062, 0.37518922255766707, 0.1646257963690813], 'size': [0.049837904948193595, 0.0813235869879147, 0.05243307039854257]}, 'pillar_obstacle': {'pos': [0.39994824830915515, -0.3824307480766307, 0.23470116647765446], 'size': [0.033663755439403885, 0.20172185302840845, 0.0]}, 'small_block': {'pos': [0.6140097595303955, -0.3535133918987863, 0.1097032402875184], 'size': [0.04461973939918376, 0.0849493067344041, 0.09534921802665242]}}"
3.0289999999997774,0.4519994347002854,0.0,0.4,0.4462608537043996,3.3733641942504133e-09,0.3999975081318777,"{'table_obstacle': {'pos': [0.3825981920028062, 0.37518922255766707, 0.1646257963690813], 'size': [0.049837904948193595, 0.0813235869879147, 0.05243307039854257]}, 'pillar_obstacle': {'pos': [0.39994824830915515, -0.3824307480766307, 0.23470116647765446], 'size': [0.033663755439403885, 0.20172185302840845, 0.0]}, 'small_block': {'pos': [0.6140097595303955, -0.3535133918987863, 0.1097032402875184], 'size': [0.04461973939918376, 0.0849493067344041, 0.09534921802665242]}}"
3.0299999999997773,0.4519994347002854,0.0,0.4,0.44632675839238023,3.453093495853769e-08,0.39999738942831925,"{'table_obstacle': {'pos': [0.3825981920028062, 0.37518922255766707, 0.1646257963690813], 'size': [0.049837904948193595, 0.0813235869879147, 0.05243307039854257]}, 'pillar_obstacle': {'pos': [0.39994824830915515, -0.3824307480766307, 0.23470116647765446], 'size': [0.033663755439403885, 0.20172185302840845, 0.0]}, 'small_block': {'pos': [0.6140097595303955, -0.3535133918987863, 0.1097032402875184], 'size': [0.04461973939918376, 0.0849493067344041, 0.09534921802665242]}}"
3.030999999999777,0.4519994347002854,0.0,0.4,0.44639478506671015,6.26449643985481e-08,0.3999972766672006,"{'table_obstacle': {'pos': [0.3825981920028062, 0.37518922255766707, 0.1646257963690813], 'size': [0.049837904948193595, 0.0813235869879147, 0.05243307039854257]}, 'pillar_obstacle': {'pos': [0.39994824830915515, -0.3824307480766307, 0.23470116647765446], 'size': [0.033663755439403885, 0.20172185302840845, 0.0]}, 'small_block': {'pos': [0.6140097595303955, -0.3535133918987863, 0.1097032402875184], 'size': [0.04461973939918376, 0.0849493067344041, 0.09534921802665242]}}"
3.031999999999777,0.4519994347002854,0.0,0.4,0.44646432010075243,8.725495902636114e-08,0.39999717207771457,"{'table_obstacle': {'pos': [0.3825981920028062, 0.37518922255766707, 0.1646257963690813], 'size': [0.049837904948193595, 0.0813235869879147, 0.05243307039854257]}, 'pillar_obstacle': {'pos': [0.39994824830915515, -0.3824307480766307, 0.23470116647765446], 'size': [0.033663755439403885, 0.20172185302840845, 0.0]}, 'small_block': {'pos': [0.6140097595303955, -0.3535133918987863, 0.1097032402875184], 'size': [0.04461973939918376, 0.0849493067344041, 0.09534921802665242]}}"
3.032999999999777,0.4519994347002854,0.0,0.4,0.4465348697168577,1.0820290564840891e-07,0.3999970768732105,"{'table_obstacle': {'pos': [0.3825981920028062, 0.37518922255766707, 0.1646257963690813], 'size': [0.049837904948193595, 0.0813235869879147, 0.05243307039854257]}, 'pillar_obstacle': {'pos': [0.39994824830915515, -0.3824307480766307, 0.23470116647765446], 'size': [0.033663755439403885, 0.20172185302840845, 0.0]}, 'small_block': {'pos': [0.6140097595303955, -0.3535133918987863, 0.1097032402875184], 'size': [0.04461973939918376, 0.0849493067344041, 0.09534921802665242]}}"
3.033999999999777,0.4519994347002854,0.0,0.4,0.4466060371216956,1.2553346564288637e-07,0.39999699155918855,"{'table_obstacle': {'pos': [0.3825981920028062, 0.37518922255766707, 0.1646257963690813], 'size': [0.049837904948193595, 0.0813235869879147, 0.05243307039854257]}, 'pillar_obstacle': {'pos': [0.39994824830915515, -0.3824307480766307, 0.23470116647765446], 'size': [0.033663755439403885, 0.20172185302840845, 0.0]}, 'small_block': {'pos': [0.6140097595303955, -0.3535133918987863, 0.1097032402875184], 'size': [0.04461973939918376, 0.0849493067344041, 0.09534921802665242]}}"
3.0349999999997768,0.4519994347002854,0.0,0.4,0.44667750399483236,1.3942143630317991e-07,0.3999969161587905,"{'table_obstacle': {'pos': [0.3825981920028062, 0.37518922255766707, 0.1646257963690813], 'size': [0.049837904948193595, 0.0813235869879147, 0.05243307039854257]}, 'pillar_obstacle': {'pos': [0.39994824830915515, -0.3824307480766307, 0.23470116647765446], 'size': [0.033663755439403885, 0.20172185302840845, 0.0]}, 'small_block': {'pos': [0.6140097595303955, -0.3535133918987863, 0.1097032402875184], 'size': [0.04461973939918376, 0.0849493067344041, 0.09534921802665242]}}"
3.0359999999997767,0.4519994347002854,0.0,0.4,0.44674901550241214,1.501196644415774e-07,0.3999968503768919,"{'table_obstacle': {'pos': [0.3825981920028062, 0.37518922255766707, 0.1646257963690813], 'size': [0.049837904948193595, 0.0813235869879147, 0.05243307039854257]}, 'pillar_obstacle': {'pos': [0.39994824830915515, -0.3824307480766307, 0.23470116647765446], 'size': [0.033663755439403885, 0.20172185302840845, 0.0]}, 'small_block': {'pos': [0.6140097595303955, -0.3535133918987863, 0.1097032402875184], 'size': [0.04461973939918376, 0.0849493067344041, 0.09534921802665242]}}"
3.0369999999997765,0.4519994347002854,0.0,0.4,0.4468203681651228,1.5792221836106402e-07,0.399996793718539,"{'table_obstacle': {'pos': [0.3825981920028062, 0.37518922255766707, 0.1646257963690813], 'size': [0.049837904948193595, 0.0813235869879147, 0.05243307039854257]}, 'pillar_obstacle': {'pos': [0.39994824830915515, -0.3824307480766307, 0.23470116647765446], 'size': [0.033663755439403885, 0.20172185302840845, 0.0]}, 'small_block': {'pos': [0.6140097595303955, -0.3535133918987863, 0.1097032402875184], 'size': [0.04461973939918376, 0.0849493067344041, 0.09534921802665242]}}"
3.0379999999997764,0.4519994347002854,0.0,0.4,0.446891400037135,1.631388696522602e-07,0.3999967455734968,"{'table_obstacle': {'pos': [0.3825981920028062, 0.37518922255766707, 0.1646257963690813], 'size': [0.049837904948193595, 0.0813235869879147, 0.05243307039854257]}, 'pillar_obstacle': {'pos': [0.39994824830915515, -0.3824307480766307, 0.23470116647765446], 'size': [0.033663755439403885, 0.20172185302840845, 0.0]}, 'small_block': {'pos': [0.6140097595303955, -0.3535133918987863, 0.1097032402875184], 'size': [0.04461973939918376, 0.0849493067344041, 0.09534921802665242]}}"
3.0389999999997763,0.4519994347002854,0.0,0.4,0.44696198275604276,1.660778880176443e-07,0.39999670527571446,"{'table_obstacle': {'pos': [0.3825981920028062, 0.37518922255766707, 0.1646257963690813], 'size': [0.049837904948193595, 0.0813235869879147, 0.05243307039854257]}, 'pillar_obstacle': {'pos': [0.39994824830915515, -0.3824307480766307, 0.23470116647765446], 'size': [0.033663755439403885, 0.20172185302840845, 0.0]}, 'small_block': {'pos': [0.6140097595303955, -0.3535133918987863, 0.1097032402875184], 'size': [0.04461973939918376, 0.0849493067344041, 0.09534921802665242]}}"
3.039999999999776,0.4519994347002854,0.0,0.4,0.44703201510752977,1.6703489226618433e-07,0.3999966721443162,"{'table_obstacle': {'pos': [0.3825981920028062, 0.37518922255766707, 0.1646257963690813], 'size': [0.049837904948193595, 0.0813235869879147, 0.05243307039854257]}, 'pillar_obstacle': {'pos': [0.39994824830915515, -0.3824307480766307, 0.23470116647765446], 'size': [0.033663755439403885, 0.20172185302840845, 0.0]}, 'small_block': {'pos': [0.6140097595303955, -0.3535133918987863, 0.1097032402875184], 'size': [0.04461973939918376, 0.0849493067344041, 0.09534921802665242]}}"
3.040999999999776,0.4519994347002854,0.0,0.4,0.4471014178162994,1.6628606275808421e-07,0.3999966455110573,"{'table_obstacle': {'pos': [0.3825981920028062, 0.37518922255766707, 0.1646257963690813], 'size': [0.049837904948193595, 0.0813235869879147, 0.05243307039854257]}, 'pillar_obstacle': {'pos': [0.39994824830915515, -0.3824307480766307, 0.23470116647765446], 'size': [0.033663755439403885, 0.20172185302840845, 0.0]}, 'small_block': {'pos': [0.6140097595303955, -0.3535133918987863, 0.1097032402875184], 'size': [0.04461973939918376, 0.0849493067344041, 0.09534921802665242]}}"
3.041999999999776,0.4519994347002854,0.0,0.4,0.447170129329718,1.640844444907221e-07,0.399996624737952,"{'table_obstacle': {'pos': [0.3825981920028062, 0.37518922255766707, 0.1646257963690813], 'size': [0.049837904948193595, 0.0813235869879147, 0.05243307039854257]}, 'pillar_obstacle': {'pos': [0.39994824830915515, -0.3824307480766307, 0.23470116647765446], 'size': [0.033663755439403885, 0.20172185302840845, 0.0]}, 'small_block': {'pos': [0.6140097595303955, -0.3535133918987863, 0.1097032402875184], 'size': [0.04461973939918376, 0.0849493067344041, 0.09534921802665242]}}"
3.042999999999776,0.4519994347002854,0.0,0.4,0.44723810240508655,1.606584030503472e-07,0.3999966092278325,"{'table_obstacle': {'pos': [0.3825981920028062, 0.37518922255766707, 0.1646257963690813], 'size': [0.049837904948193595, 0.0813235869879147, 0.05243307039854257]}, 'pillar_obstacle': {'pos': [0.39994824830915515, -0.3824307480766307, 0.23470116647765446], 'size': [0.033663755439403885, 0.20172185302840845, 0.0]}, 'small_block': {'pos': [0.6140097595303955, -0.3535133918987863, 0.1097032402875184], 'size': [0.04461973939918376, 0.0849493067344041, 0.09534921802665242]}}"
3.0439999999997758,0.4519994347002854,0.0,0.4,0.44730530134746394,1.562115403777437e-07,0.39999659842990043,"{'table_obstacle': {'pos': [0.3825981920028062, 0.37518922255766707, 0.1646257963690813], 'size': [0.049837904948193595, 0.0813235869879147, 0.05243307039854257]}, 'pillar_obstacle': {'pos': [0.39994824830915515, -0.3824307480766307, 0.23470116647765446], 'size': [0.033663755439403885, 0.20172185302840845, 0.0]}, 'small_block': {'pos': [0.6140097595303955, -0.3535133918987863, 0.1097032402875184], 'size': [0.04461973939918376, 0.0849493067344041, 0.09534921802665242]}}"
3.0449999999997757,0.4519994347002854,0.0,0.4,0.44737169977412283,1.5092356377165272e-07,0.39999659184178754,"{'table_obstacle': {'pos': [0.3825981920028062, 0.37518922255766707, 0.1646257963690813], 'size': [0.049837904948193595, 0.0813235869879147, 0.05243307039854257]}, 'pillar_obstacle': {'pos': [0.39994824830915515, -0.3824307480766307, 0.23470116647765446], 'size': [0.033663755439403885, 0.20172185302840845, 0.0]}, 'small_block': {'pos': [0.6140097595303955, -0.3535133918987863, 0.1097032402875184], 'size': [0.04461973939918376, 0.0849493067344041, 0.09534921802665242]}}"
3.0459999999997756,0.4519994347002854,0.0,0.4,0.4474372788053147,1.4495174413554498e-07,0.3999965890092551,"{'table_obstacle': {'pos': [0.3825981920028062, 0.37518922255766707, 0.1646257963690813], 'size': [0.049837904948193595, 0.0813235869879147, 0.05243307039854257]}, 'pillar_obstacle': {'pos': [0.39994824830915515, -0.3824307480766307, 0.23470116647765446], 'size': [0.033663755439403885, 0.20172185302840845, 0.0]}, 'small_block': {'pos': [0.6140097595303955, -0.3535133918987863, 0.1097032402875184], 'size': [0.04461973939918376, 0.0849493067344041, 0.09534921802665242]}}"
3.0469999999997754,0.4519994347002854,0.0,0.4,0.44750202560013286,1.3843270395619844e-07,0.3999965895243454,"{'table_obstacle': {'pos': [0.3825981920028062, 0.37518922255766707, 0.1646257963690813], 'size': [0.049837904948193595, 0.0813235869879147, 0.05243307039854257]}, 'pillar_obstacle': {'pos': [0.39994824830915515, -0.3824307480766307, 0.23470116647765446], 'size': [0.033663755439403885, 0.20172185302840845, 0.0]}, 'small_block': {'pos': [0.6140097595303955, -0.3535133918987863, 0.1097032402875184], 'size': [0.04461973939918376, 0.0849493067344041, 0.09534921802665242]}}"
3.0479999999997753,0.4519994347002854,0.0,0.4,0.44756593217173524,1.3148435314886456e-07,0.39999659302258084,"{'table_obstacle': {'pos': [0.3825981920028062, 0.37518922255766707, 0.1646257963690813], 'size': [0.049837904948193595, 0.0813235869879147, 0.05243307039854257]}, 'pillar_obstacle': {'pos': [0.39994824830915515, -0.3824307480766307, 0.23470116647765446], 'size': [0.033663755439403885, 0.20172185302840845, 0.0]}, 'small_block': {'pos': [0.6140097595303955, -0.3535133918987863, 0.1097032402875184], 'size': [0.04461973939918376, 0.0849493067344041, 0.09534921802665242]}}"
3.0489999999997752,0.4519994347002854,0.0,0.4,0.4476289944287051,1.2420784934489583e-07,0.39999659917963487,"{'table_obstacle': {'pos': [0.3825981920028062, 0.37518922255766707, 0.1646257963690813], 'size': [0.049837904948193595, 0.0813235869879147, 0.05243307039854257]}, 'pillar_obstacle': {'pos': [0.39994824830915515, -0.3824307480766307, 0.23470116647765446], 'size': [0.033663755439403885, 0.20172185302840845, 0.0]}, 'small_block': {'pos': [0.6140097595303955, -0.3535133918987863, 0.1097032402875184], 'size': [0.04461973939918376, 0.0849493067344041, 0.09534921802665242]}}"
3.049999999999775,0.4519994347002854,0.0,0.4,0.4476912113994687,1.1668950188197439e-07,0.3999966077077688,"{'table_obstacle': {'pos': [0.3825981920028062, 0.37518922255766707, 0.1646257963690813], 'size': [0.049837904948193595, 0.0813235869879147, 0.05243307039854257]}, 'pillar_obstacle': {'pos': [0.39994824830915515, -0.3824307480766307, 0.23470116647765446], 'size': [0.033663755439403885, 0.20172185302840845, 0.0]}, 'small_block': {'pos': [0.6140097595303955, -0.3535133918987863, 0.1097032402875184], 'size': [0.04461973939918376, 0.0849493067344041, 0.09534921802665242]}}"
3.050999999999775,0.4519994347002854,0.0,0.4,0.4477525846049004,1.0900256660639029e-07,0.39999661835224076,"{'table_obstacle': {'pos': [0.3825981920028062, 0.37518922255766707, 0.1646257963690813], 'size': [0.049837904948193595, 0.0813235869879147, 0.05243307039854257]}, 'pillar_obstacle': {'pos': [0.39994824830915515, -0.3824307480766307, 0.23470116647765446], 'size': [0.033663755439403885, 0.20172185302840845, 0.0]}, 'small_block': {'pos': [0.6140097595303955, -0.3535133918987863, 0.1097032402875184], 'size': [0.04461973939918376, 0.0849493067344041, 0.09534921802665242]}}"
3.051999999999775,0.4519994347002854,0.0,0.4,0.4478131175508756,1.0120890410931405e-07,0.3999966308878218,"{'table_obstacle': {'pos': [0.3825981920028062, 0.37518922255766707, 0.1646257963690813], 'size': [0.049837904948193595, 0.0813235869879147, 0.05243307039854257]}, 'pillar_obstacle': {'pos': [0.39994824830915515, -0.3824307480766307, 0.23470116647765446], 'size': [0.033663755439403885, 0.20172185302840845, 0.0]}, 'small_block': {'pos': [0.6140097595303955, -0.3535133918987863, 0.1097032402875184], 'size': [0.04461973939918376, 0.0849493067344041, 0.09534921802665242]}}"
3.052999999999775,0.4519994347002854,0.0,0.4,0.4478728153179293,9.336048719684572e-08,0.39999664511550165,"{'table_obstacle': {'pos': [0.3825981920028062, 0.37518922255766707, 0.1646257963690813], 'size': [0.049837904948193595, 0.0813235869879147, 0.05243307039854257]}, 'pillar_obstacle': {'pos': [0.39994824830915515, -0.3824307480766307, 0.23470116647765446], 'size': [0.033663755439403885, 0.20172185302840845, 0.0]}, 'small_block': {'pos': [0.6140097595303955, -0.3535133918987863, 0.1097032402875184], 'size': [0.04461973939918376, 0.0849493067344041, 0.09534921802665242]}}"
3.0539999999997747,0.4519994347002854,0.0,0.4,0.44793168422951024,8.550075386682818e-08,0.39999666085943736,"{'table_obstacle': {'pos': [0.3825981920028062, 0.37518922255766707, 0.1646257963690813], 'size': [0.049837904948193595, 0.0813235869879147, 0.05243307039854257]}, 'pillar_obstacle': {'pos': [0.39994824830915515, -0.3824307480766307, 0.23470116647765446], 'size': [0.033663755439403885, 0.20172185302840845, 0.0]}, 'small_block': {'pos': [0.6140097595303955, -0.3535133918987863, 0.1097032402875184], 'size': [0.04461973939918376, 0.0849493067344041, 0.09534921802665242]}}"
3.0549999999997746,0.4519994347002854,0.0,0.4,0.4479897315838602,7.766580803413815e-08,0.39999667796416744,"{'table_obstacle': {'pos': [0.3825981920028062, 0.37518922255766707, 0.1646257963690813], 'size': [0.049837904948193595, 0.0813235869879147, 0.05243307039854257]}, 'pillar_obstacle': {'pos': [0.39994824830915515, -0.3824307480766307, 0.23470116647765446], 'size': [0.033663755439403885, 0.20172185302840845, 0.0]}, 'small_block': {'pos': [0.6140097595303955, -0.3535133918987863, 0.1097032402875184], 'size': [0.04461973939918376, 0.0849493067344041, 0.09534921802665242]}}"
3.0559999999997745,0.4519994347002854,0.0,0.4,0.44804696543739536,6.988547861400317e-08,0.39999669629209644,"{'table_obstacle': {'pos': [0.3825981920028062, 0.37518922255766707, 0.1646257963690813], 'size': [0.049837904948193595, 0.0813235869879147, 0.05243307039854257]}, 'pillar_obstacle': {'pos': [0.39994824830915515, -0.3824307480766307, 0.23470116647765446], 'size': [0.033663755439403885, 0.20172185302840845, 0.0]}, 'small_block': {'pos': [0.6140097595303955, -0.3535133918987863, 0.1097032402875184], 'size': [0.04461973939918376, 0.0849493067344041, 0.09534921802665242]}}"
3.0569999999997743,0.4519994347002854,0.0,0.4,0.44810339442977243,6.218424519487008e-08,0.3999967157212461,"{'table_obstacle': {'pos': [0.3825981920028062, 0.37518922255766707, 0.1646257963690813], 'size': [0.049837904948193595, 0.0813235869879147, 0.05243307039854257]}, 'pillar_obstacle': {'pos': [0.39994824830915515, -0.3824307480766307, 0.23470116647765446], 'size': [0.033663755439403885, 0.20172185302840845, 0.0]}, 'small_block': {'pos': [0.6140097595303955, -0.3535133918987863, 0.1097032402875184], 'size': [0.04461973939918376, 0.0849493067344041, 0.09534921802665242]}}"
3.0579999999997742,0.4519994347002854,0.0,0.4,0.4481590276426981,5.458204324348815e-08,0.39999673614326353,"{'table_obstacle': {'pos': [0.3825981920028062, 0.37518922255766707, 0.1646257963690813], 'size': [0.049837904948193595, 0.0813235869879147, 0.05243307039854257]}, 'pillar_obstacle': {'pos': [0.39994824830915515, -0.3824307480766307, 0.23470116647765446], 'size': [0.033663755439403885, 0.20172185302840845, 0.0]}, 'small_block': {'pos': [0.6140097595303955, -0.3535133918987863, 0.1097032402875184], 'size': [0.04461973939918376, 0.0849493067344041, 0.09534921802665242]}}"
3.058999999999774,0.4519994347002854,0.0,0.4,0.4482138744860476,4.7094959820277396e-08,0.3999967574616602,"{'table_obstacle': {'pos': [0.3825981920028062, 0.37518922255766707, 0.1646257963690813], 'size': [0.049837904948193595, 0.0813235869879147, 0.05243307039854257]}, 'pillar_obstacle': {'pos': [0.39994824830915515, -0.3824307480766307, 0.23470116647765446], 'size': [0.033663755439403885, 0.20172185302840845, 0.0]}, 'small_block': {'pos': [0.6140097595303955, -0.3535133918987863, 0.1097032402875184], 'size': [0.04461973939918376, 0.0849493067344041, 0.09534921802665242]}}"
3.059999999999774,0.4519994347002854,0.0,0.4,0.44826794460608715,3.973583292095398e-08,0.3999967795902742,"{'table_obstacle': {'pos': [0.3825981920028062, 0.37518922255766707, 0.1646257963690813], 'size': [0.049837904948193595, 0.0813235869879147, 0.05243307039854257]}, 'pillar_obstacle': {'pos': [0.39994824830915515, -0.3824307480766307, 0.23470116647765446], 'size': [0.033663755439403885, 0.20172185302840845, 0.0]}, 'small_block': {'pos': [0.6140097595303955, -0.3535133918987863, 0.1097032402875184], 'size': [0.04461973939918376, 0.0849493067344041, 0.09534921802665242]}}"
3.060999999999774,0.4519994347002854,0.0,0.4,0.44832124781158755,3.251476625156348e-08,0.399996802451923,"{'table_obstacle': {'pos': [0.3825981920028062, 0.37518922255766707, 0.1646257963690813], 'size': [0.049837904948193595, 0.0813235869879147, 0.05243307039854257]}, 'pillar_obstacle': {'pos': [0.39994824830915515, -0.3824307480766307, 0.23470116647765446], 'size': [0.033663755439403885, 0.20172185302840845, 0.0]}, 'small_block': {'pos': [0.6140097595303955, -0.3535133918987863, 0.1097032402875184], 'size': [0.04461973939918376, 0.0849493067344041, 0.09534921802665242]}}"
3.061999999999774,0.4519994347002854,0.0,0.4,0.44837379401441146,2.543956730888509e-08,0.3999968259772357,"{'table_obstacle': {'pos': [0.3825981920028062, 0.37518922255766707, 0.1646257963690813], 'size': [0.049837904948193595, 0.0813235869879147, 0.05243307039854257]}, 'pillar_obstacle': {'pos': [0.39994824830915515, -0.3824307480766307, 0.23470116647765446], 'size': [0.033663755439403885, 0.20172185302840845, 0.0]}, 'small_block': {'pos': [0.6140097595303955, -0.3535133918987863, 0.1097032402875184], 'size': [0.04461973939918376, 0.0849493067344041, 0.09534921802665242]}}"
3.0629999999997737,0.4519994347002854,0.0,0.4,0.44842559318181824,1.8516122381570884e-08,0.39999685010363895,"{'table_obstacle': {'pos': [0.3825981920028062, 0.37518922255766707, 0.1646257963690813], 'size': [0.049837904948193595, 0.0813235869879147, 0.05243307039854257]}, 'pillar_obstacle': {'pos': [0.39994824830915515, -0.3824307480766307, 0.23470116647765446], 'size': [0.033663755439403885, 0.20172185302840845, 0.0]}, 'small_block': {'pos': [0.6140097595303955, -0.3535133918987863, 0.1097032402875184], 'size': [0.04461973939918376, 0.0849493067344041, 0.09534921802665242]}}"
3.0639999999997736,0.4519994347002854,0.0,0.4,0.4484766552982453,1.1748713768328213e-08,0.3999968747744815,"{'table_obstacle': {'pos': [0.3825981920028062, 0.37518922255766707, 0.1646257963690813], 'size': [0.049837904948193595, 0.0813235869879147, 0.05243307039854257]}, 'pillar_obstacle': {'pos': [0.39994824830915515, -0.3824307480766307, 0.23470116647765446], 'size': [0.033663755439403885, 0.20172185302840845, 0.0]}, 'small_block': {'pos': [0.6140097595303955, -0.3535133918987863, 0.1097032402875184], 'size': [0.04461973939918376, 0.0849493067344041, 0.09534921802665242]}}"
3.0649999999997735,0.4519994347002854,0.0,0.4,0.4485269903347586,5.14028897813407e-09,0.3999968999382796,"{'table_obstacle': {'pos': [0.3825981920028062, 0.37518922255766707, 0.1646257963690813], 'size': [0.049837904948193595, 0.0813235869879147, 0.05243307039854257]}, 'pillar_obstacle': {'pos': [0.39994824830915515, -0.3824307480766307, 0.23470116647765446], 'size': [0.033663755439403885, 0.20172185302840845, 0.0]}, 'small_block': {'pos': [0.6140097595303955, -0.3535133918987863, 0.1097032402875184], 'size': [0.04461973939918376, 0.0849493067344041, 0.09534921802665242]}}"
3.0659999999997734,0.4519994347002854,0.0,0.4,0.4485766082247062,-1.307311746243886e-09,0.39999692554806615,"{'table_obstacle': {'pos': [0.3825981920028062, 0.37518922255766707, 0.1646257963690813], 'size': [0.049837904948193595, 0.0813235869879147, 0.05243307039854257]}, 'pillar_obstacle': {'pos': [0.39994824830915515, -0.3824307480766307, 0.23470116647765446], 'size': [0.033663755439403885, 0.20172185302840845, 0.0]}, 'small_block': {'pos': [0.6140097595303955, -0.3535133918987863, 0.1097032402875184], 'size': [0.04461973939918376, 0.0849493067344041, 0.09534921802665242]}}"
3.0669999999997732,0.4519994347002854,0.0,0.4,0.44862551884438756,-7.593163603151133e-09,0.39999695156083187,"{'table_obstacle': {'pos': [0.3825981920028062, 0.37518922255766707, 0.1646257963690813], 'size': [0.049837904948193595, 0.0813235869879147, 0.05243307039854257]}, 'pillar_obstacle': {'pos': [0.39994824830915515, -0.3824307480766307, 0.23470116647765446], 'size': [0.033663755439403885, 0.20172185302840845, 0.0]}, 'small_block': {'pos': [0.6140097595303955, -0.3535133918987863, 0.1097032402875184], 'size': [0.04461973939918376, 0.0849493067344041, 0.09534921802665242]}}"
3.067999999999773,0.4519994347002854,0.0,0.4,0.4486737319977802,-1.3717096283691847e-08,0.39999697793704675,"{'table_obstacle': {'pos': [0.3825981920028062, 0.37518922255766707, 0.1646257963690813], 'size': [0.049837904948193595, 0.0813235869879147, 0.05243307039854257]}, 'pillar_obstacle': {'pos': [0.39994824830915515, -0.3824307480766307, 0.23470116647765446], 'size': [0.033663755439403885, 0.20172185302840845, 0.0]}, 'small_block': {'pos': [0.6140097595303955, -0.3535133918987863, 0.1097032402875184], 'size': [0.04461973939918376, 0.0849493067344041, 0.09534921802665242]}}"
3.068999999999773,0.4519994347002854,0.0,0.4,0.44872125740454294,-1.9679558017851596e-08,0.3999970046402463,"{'table_obstacle': {'pos': [0.3825981920028062, 0.37518922255766707, 0.1646257963690813], 'size': [0.049837904948193595, 0.0813235869879147, 0.05243307039854257]}, 'pillar_obstacle': {'pos': [0.39994824830915515, -0.3824307480766307, 0.23470116647765446], 'size': [0.033663755439403885, 0.20172185302840845, 0.0]}, 'small_block': {'pos': [0.6140097595303955, -0.3535133918987863, 0.1097032402875184], 'size': [0.04461973939918376, 0.0849493067344041, 0.09534921802665242]}}"
3.069999999999773,0.4519994347002854,0.0,0.4,0.44876810469067013,-2.5481502287033436e-08,0.39999703163668,"{'table_obstacle': {'pos': [0.3825981920028062, 0.37518922255766707, 0.1646257963690813], 'size': [0.049837904948193595, 0.0813235869879147, 0.05243307039854257]}, 'pillar_obstacle': {'pos': [0.39994824830915515, -0.3824307480766307, 0.23470116647765446], 'size': [0.033663755439403885, 0.20172185302840845, 0.0]}, 'small_block': {'pos': [0.6140097595303955, -0.3535133918987863, 0.1097032402875184], 'size': [0.04461973939918376, 0.0849493067344041, 0.09534921802665242]}}"
3.070999999999773,0.4519994347002854,0.0,0.4,0.4488142833812861,-3.1124292518512914e-08,0.39999705889500736,"{'table_obstacle': {'pos': [0.3825981920028062, 0.37518922255766707, 0.1646257963690813], 'size': [0.049837904948193595, 0.0813235869879147, 0.05243307039854257]}, 'pillar_obstacle': {'pos': [0.39994824830915515, -0.3824307480766307, 0.23470116647765446], 'size': [0.033663755439403885, 0.20172185302840845, 0.0]}, 'small_block': {'pos': [0.6140097595303955, -0.3535133918987863, 0.1097032402875184], 'size': [0.04461973939918376, 0.0849493067344041, 0.09534921802665242]}}"
3.0719999999997727,0.4519994347002854,0.0,0.4,0.4488598028951642,-3.660962346789128e-08,0.3999970863860376,"{'table_obstacle': {'pos': [0.3825981920028062, 0.37518922255766707, 0.1646257963690813], 'size': [0.049837904948193595, 0.0813235869879147, 0.05243307039854257]}, 'pillar_obstacle': {'pos': [0.39994824830915515, -0.3824307480766307, 0.23470116647765446], 'size': [0.033663755439403885, 0.20172185302840845, 0.0]}, 'small_block': {'pos': [0.6140097595303955, -0.3535133918987863, 0.1097032402875184], 'size': [0.04461973939918376, 0.0849493067344041, 0.09534921802665242]}}"
3.0729999999997726,0.4519994347002854,0.0,0.4,0.4489046725406424,-4.193945379122373e-08,0.3999971140825063,"{'table_obstacle': {'pos': [0.3825981920028062, 0.37518922255766707, 0.1646257963690813], 'size': [0.049837904948193595, 0.0813235869879147, 0.05243307039854257]}, 'pillar_obstacle': {'pos': [0.39994824830915515, -0.3824307480766307, 0.23470116647765446], 'size': [0.033663755439403885, 0.20172185302840845, 0.0]}, 'small_block': {'pos': [0.6140097595303955, -0.3535133918987863, 0.1097032402875184], 'size': [0.04461973939918376, 0.0849493067344041, 0.09534921802665242]}}"
3.0739999999997725,0.4519994347002854,0.0,0.4,0.44894890151266187,-4.7115952225887085e-08,0.3999971419588839,"{'table_obstacle': {'pos': [0.3825981920028062, 0.37518922255766707, 0.1646257963690813], 'size': [0.049837904948193595, 0.0813235869879147, 0.05243307039854257]}, 'pillar_obstacle': {'pos': [0.39994824830915515, -0.3824307480766307, 0.23470116647765446], 'size': [0.033663755439403885, 0.20172185302840845, 0.0]}, 'small_block': {'pos': [0.6140097595303955, -0.3535133918987863, 0.1097032402875184], 'size': [0.04461973939918376, 0.0849493067344041, 0.09534921802665242]}}"
3.0749999999997724,0.4519994347002854,0.0,0.4,0.4489924988907067,-5.214145114968984e-08,0.39999716999120793,"{'table_obstacle': {'pos': [0.3825981920028062, 0.37518922255766707, 0.1646257963690813], 'size': [0.049837904948193595, 0.0813235869879147, 0.05243307039854257]}, 'pillar_obstacle': {'pos': [0.39994824830915515, -0.3824307480766307, 0.23470116647765446], 'size': [0.033663755439403885, 0.20172185302840845, 0.0]}, 'small_block': {'pos': [0.6140097595303955, -0.3535133918987863, 0.1097032402875184], 'size': [0.04461973939918376, 0.0849493067344041, 0.09534921802665242]}}"
3.0759999999997722,0.4519994347002854,0.0,0.4,0.44903547363747714,-5.701840829283175e-08,0.39999719815694207,"{'table_obstacle': {'pos': [0.3825981920028062, 0.37518922255766707, 0.1646257963690813], 'size': [0.049837904948193595, 0.0813235869879147, 0.05243307039854257]}, 'pillar_obstacle': {'pos': [0.39994824830915515, -0.3824307480766307, 0.23470116647765446], 'size': [0.033663755439403885, 0.20172185302840845, 0.0]}, 'small_block': {'pos': [0.6140097595303955, -0.3535133918987863, 0.1097032402875184], 'size': [0.04461973939918376, 0.0849493067344041, 0.09534921802665242]}}"
3.076999999999772,0.4519994347002854,0.0,0.4,0.4490778345981424,-6.174937648874092e-08,0.39999722643485097,"{'table_obstacle': {'pos': [0.3825981920028062, 0.37518922255766707, 0.1646257963690813], 'size': [0.049837904948193595, 0.0813235869879147, 0.05243307039854257]}, 'pillar_obstacle': {'pos': [0.39994824830915515, -0.3824307480766307, 0.23470116647765446], 'size': [0.033663755439403885, 0.20172185302840845, 0.0]}, 'small_block': {'pos': [0.6140097595303955, -0.3535133918987863, 0.1097032402875184], 'size': [0.04461973939918376, 0.0849493067344041, 0.09534921802665242]}}"
3.077999999999772,0.4519994347002854,0.0,0.4,0.4491195905000634,-6.633697624264936e-08,0.3999972548048937,"{'table_obstacle': {'pos': [0.3825981920028062, 0.37518922255766707, 0.1646257963690813], 'size': [0.049837904948193595, 0.0813235869879147, 0.05243307039854257]}, 'pillar_obstacle': {'pos': [0.39994824830915515, -0.3824307480766307, 0.23470116647765446], 'size': [0.033663755439403885, 0.20172185302840845, 0.0]}, 'small_block': {'pos': [0.6140097595303955, -0.3535133918987863, 0.1097032402875184], 'size': [0.04461973939918376, 0.0849493067344041, 0.09534921802665242]}}"
3.078999999999772,0.4519994347002854,0.0,0.4,0.4491607499528919,-7.078387584508034e-08,0.3999972832481294,"{'table_obstacle': {'pos': [0.3825981920028062, 0.37518922255766707, 0.1646257963690813], 'size': [0.049837904948193595, 0.0813235869879147, 0.05243307039854257]}, 'pillar_obstacle': {'pos': [0.39994824830915515, -0.3824307480766307, 0.23470116647765446], 'size': [0.033663755439403885, 0.20172185302840845, 0.0]}, 'small_block': {'pos': [0.6140097595303955, -0.3535133918987863, 0.1097032402875184], 'size': [0.04461973939918376, 0.0849493067344041, 0.09534921802665242]}}"
3.079999999999772,0.4519994347002854,0.0,0.4,0.44920132144896596,-7.509277197606203e-08,0.3999973117466357,"{'table_obstacle': {'pos': [0.3825981920028062, 0.37518922255766707, 0.1646257963690813], 'size': [0.049837904948193595, 0.0813235869879147, 0.05243307039854257]}, 'pillar_obstacle': {'pos': [0.39994824830915515, -0.3824307480766307, 0.23470116647765446], 'size': [0.033663755439403885, 0.20172185302840845, 0.0]}, 'small_block': {'pos': [0.6140097595303955, -0.3535133918987863, 0.1097032402875184], 'size': [0.04461973939918376, 0.0849493067344041, 0.09534921802665242]}}"
3.0809999999997717,0.4519994347002854,0.0,0.4,0.4492413133639443,-7.926637705764771e-08,0.39999734028343664,"{'table_obstacle': {'pos': [0.3825981920028062, 0.37518922255766707, 0.1646257963690813], 'size': [0.049837904948193595, 0.0813235869879147, 0.05243307039854257]}, 'pillar_obstacle': {'pos': [0.39994824830915515, -0.3824307480766307, 0.23470116647765446], 'size': [0.033663755439403885, 0.20172185302840845, 0.0]}, 'small_block': {'pos': [0.6140097595303955, -0.3535133918987863, 0.1097032402875184], 'size': [0.04461973939918376, 0.0849493067344041, 0.09534921802665242]}}"
3.0819999999997716,0.4519994347002854,0.0,0.4,0.4492807339576283,-8.330740607639844e-08,0.39999736884244014,"{'table_obstacle': {'pos': [0.3825981920028062, 0.37518922255766707, 0.1646257963690813], 'size': [0.049837904948193595, 0.0813235869879147, 0.05243307039854257]}, 'pillar_obstacle': {'pos': [0.39994824830915515, -0.3824307480766307, 0.23470116647765446], 'size': [0.033663755439403885, 0.20172185302840845, 0.0]}, 'small_block': {'pos': [0.6140097595303955, -0.3535133918987863, 0.1097032402875184], 'size': [0.04461973939918376, 0.0849493067344041, 0.09534921802665242]}}"
3.0829999999997715,0.4519994347002854,0.0,0.4,0.4493195913749319,-8.721856779904823e-08,0.3999973974083806,"{'table_obstacle': {'pos': [0.3825981920028062, 0.37518922255766707, 0.1646257963690813], 'size': [0.049837904948193595, 0.0813235869879147, 0.05243307039854257]}, 'pillar_obstacle': {'pos': [0.39994824830915515, -0.3824307480766307, 0.23470116647765446], 'size': [0.033663755439403885, 0.20172185302840845, 0.0]}, 'small_block': {'pos': [0.6140097595303955, -0.3535133918987863, 0.1097032402875184], 'size': [0.04461973939918376, 0.0849493067344041, 0.09534921802665242]}}"
3.0839999999997714,0.4519994347002854,0.0,0.4,0.44935789364696627,-9.100255650785968e-08,0.39999742596676957,"{'table_obstacle': {'pos': [0.3825981920028062, 0.37518922255766707, 0.1646257963690813], 'size': [0.049837904948193595, 0.0813235869879147, 0.05243307039854257]}, 'pillar_obstacle': {'pos': [0.39994824830915515, -0.3824307480766307, 0.23470116647765446], 'size': [0.033663755439403885, 0.20172185302840845, 0.0]}, 'small_block': {'pos': [0.6140097595303955, -0.3535133918987863, 0.1097032402875184], 'size': [0.04461973939918376, 0.0849493067344041, 0.09534921802665242]}}"
3.0849999999997713,0.4519994347002854,0.0,0.4,0.4493956486922137,-9.466204572251385e-08,0.3999974545038517,"{'table_obstacle': {'pos': [0.3825981920028062, 0.37518922255766707, 0.1646257963690813], 'size': [0.049837904948193595, 0.0813235869879147, 0.05243307039854257]}, 'pillar_obstacle': {'pos': [0.39994824830915515, -0.3824307480766307, 0.23470116647765446], 'size': [0.033663755439403885, 0.20172185302840845, 0.0]}, 'small_block': {'pos': [0.6140097595303955, -0.3535133918987863, 0.1097032402875184], 'size': [0.04461973939918376, 0.0849493067344041, 0.09534921802665242]}}"
3.085999999999771,0.4519994347002854,0.0,0.4,0.44943286431777074,-9.819968338173833e-08,0.39999748300656274,"{'table_obstacle': {'pos': [0.3825981920028062, 0.37518922255766707, 0.1646257963690813], 'size': [0.049837904948193595, 0.0813235869879147, 0.05243307039854257]}, 'pillar_obstacle': {'pos': [0.39994824830915515, -0.3824307480766307, 0.23470116647765446], 'size': [0.033663755439403885, 0.20172185302840845, 0.0]}, 'small_block': {'pos': [0.6140097595303955, -0.3535133918987863, 0.1097032402875184], 'size': [0.04461973939918376, 0.0849493067344041, 0.09534921802665242]}}"
3.086999999999771,0.4519994347002854,0.0,0.4,0.44946954822064,-1.0161808752500143e-07,0.3999975114624954,"{'table_obstacle': {'pos': [0.3825981920028062, 0.37518922255766707, 0.1646257963690813], 'size': [0.049837904948193595, 0.0813235869879147, 0.05243307039854257]}, 'pillar_obstacle': {'pos': [0.39994824830915515, -0.3824307480766307, 0.23470116647765446], 'size': [0.033663755439403885, 0.20172185302840845, 0.0]}, 'small_block': {'pos': [0.6140097595303955, -0.3535133918987863, 0.1097032402875184], 'size': [0.04461973939918376, 0.0849493067344041, 0.09534921802665242]}}"
3.087999999999771,0.4519994347002854,0.0,0.4,0.44950570798906175,-1.0491984361723683e-07,0.3999975398598635,"{'table_obstacle': {'pos': [0.3825981920028062, 0.37518922255766707, 0.1646257963690813], 'size': [0.049837904948193595, 0.0813235869879147, 0.05243307039854257]}, 'pillar_obstacle': {'pos': [0.39994824830915515, -0.3824307480766307, 0.23470116647765446], 'size': [0.033663755439403885, 0.20172185302840845, 0.0]}, 'small_block': {'pos': [0.6140097595303955, -0.3535133918987863, 0.1097032402875184], 'size': [0.04461973939918376, 0.0849493067344041, 0.09534921802665242]}}"
3.088999999999771,0.4519994347002854,0.0,0.4,0.44954135110386884,-1.0810750120327113e-07,0.3999975681874748,"{'table_obstacle': {'pos': [0.3825981920028062, 0.37518922255766707, 0.1646257963690813], 'size': [0.049837904948193595, 0.0813235869879147, 0.05243307039854257]}, 'pillar_obstacle': {'pos': [0.39994824830915515, -0.3824307480766307, 0.23470116647765446], 'size': [0.033663755439403885, 0.20172185302840845, 0.0]}, 'small_block': {'pos': [0.6140097595303955, -0.3535133918987863, 0.1097032402875184], 'size': [0.04461973939918376, 0.0849493067344041, 0.09534921802665242]}}"
3.0899999999997707,0.4519994347002854,0.0,0.4,0.449576484939861,-1.1118357265006471e-07,0.3999975964347001,"{'table_obstacle': {'pos': [0.3825981920028062, 0.37518922255766707, 0.1646257963690813], 'size': [0.049837904948193595, 0.0813235869879147, 0.05243307039854257]}, 'pillar_obstacle': {'pos': [0.39994824830915515, -0.3824307480766307, 0.23470116647765446], 'size': [0.033663755439403885, 0.20172185302840845, 0.0]}, 'small_block': {'pos': [0.6140097595303955, -0.3535133918987863, 0.1097032402875184], 'size': [0.04461973939918376, 0.0849493067344041, 0.09534921802665242]}}"
3.0909999999997706,0.4519994347002854,0.0,0.4,0.44961111676718796,-1.141505314976616e-07,0.3999976245914497,"{'table_obstacle': {'pos': [0.3825981920028062, 0.37518922255766707, 0.1646257963690813], 'size': [0.049837904948193595, 0.0813235869879147, 0.05243307039854257]}, 'pillar_obstacle': {'pos': [0.39994824830915515, -0.3824307480766307, 0.23470116647765446], 'size': [0.033663755439403885, 0.20172185302840845, 0.0]}, 'small_block': {'pos': [0.6140097595303955, -0.3535133918987863, 0.1097032402875184], 'size': [0.04461973939918376, 0.0849493067344041, 0.09534921802665242]}}"
3.0919999999997705,0.4519994347002854,0.0,0.4,0.4496452537527375,-1.1701081199311801e-07,0.39999765264814846,"{'table_obstacle': {'pos': [0.3825981920028062, 0.37518922255766707, 0.1646257963690813], 'size': [0.049837904948193595, 0.0813235869879147, 0.05243307039854257]}, 'pillar_obstacle': {'pos': [0.39994824830915515, -0.3824307480766307, 0.23470116647765446], 'size': [0.033663755439403885, 0.20172185302840845, 0.0]}, 'small_block': {'pos': [0.6140097595303955, -0.3535133918987863, 0.1097032402875184], 'size': [0.04461973939918376, 0.0849493067344041, 0.09534921802665242]}}"
3.0929999999997704,0.4519994347002854,0.0,0.4,0.4496789029615226,-1.1976680698323524e-07,0.39999768059571345,"{'table_obstacle': {'pos': [0.3825981920028062, 0.37518922255766707, 0.1646257963690813], 'size': [0.049837904948193595, 0.0813235869879147, 0.05243307039854257]}, 'pillar_obstacle': {'pos': [0.39994824830915515, -0.3824307480766307, 0.23470116647765446], 'size': [0.033663755439403885, 0.20172185302840845, 0.0]}, 'small_block': {'pos': [0.6140097595303955, -0.3535133918987863, 0.1097032402875184], 'size': [0.04461973939918376, 0.0849493067344041, 0.09534921802665242]}}"
3.0939999999997703,0.4519994347002854,0.0,0.4,0.4497120713580645,-1.2242086940976504e-07,0.3999977084255342,"{'table_obstacle': {'pos': [0.3825981920028062, 0.37518922255766707, 0.1646257963690813], 'size': [0.049837904948193595, 0.0813235869879147, 0.05243307039854257]}, 'pillar_obstacle': {'pos': [0.39994824830915515, -0.3824307480766307, 0.23470116647765446], 'size': [0.033663755439403885, 0.20172185302840845, 0.0]}, 'small_block': {'pos': [0.6140097595303955, -0.3535133918987863, 0.1097032402875184], 'size': [0.04461973939918376, 0.0849493067344041, 0.09534921802665242]}}"
3.09499999999977,0.4519994347002854,0.0,0.4,0.44974476580776923,-1.2497531007363266e-07,0.3999977361294513,"{'table_obstacle': {'pos': [0.3825981920028062, 0.37518922255766707, 0.1646257963690813], 'size': [0.049837904948193595, 0.0813235869879147, 0.05243307039854257]}, 'pillar_obstacle': {'pos': [0.39994824830915515, -0.3824307480766307, 0.23470116647765446], 'size': [0.033663755439403885, 0.20172185302840845, 0.0]}, 'small_block': {'pos': [0.6140097595303955, -0.3535133918987863, 0.1097032402875184], 'size': [0.04461973939918376, 0.0849493067344041, 0.09534921802665242]}}"
3.09599999999977,0.4519994347002854,0.0,0.4,0.4497769930782958,-1.274323991639844e-07,0.3999977636997401,"{'table_obstacle': {'pos': [0.3825981920028062, 0.37518922255766707, 0.1646257963690813], 'size': [0.049837904948193595, 0.0813235869879147, 0.05243307039854257]}, 'pillar_obstacle': {'pos': [0.39994824830915515, -0.3824307480766307, 0.23470116647765446], 'size': [0.033663755439403885, 0.20172185302840845, 0.0]}, 'small_block': {'pos': [0.6140097595303955, -0.3535133918987863, 0.1097032402875184], 'size': [0.04461973939918376, 0.0849493067344041, 0.09534921802665242]}}"
3.09699999999977,0.4519994347002854,0.0,0.4,0.44980875984090984,-1.297943653238576e-07,0.3999977911290914,"{'table_obstacle': {'pos': [0.3825981920028062, 0.37518922255766707, 0.1646257963690813], 'size': [0.049837904948193595, 0.0813235869879147, 0.05243307039854257]}, 'pillar_obstacle': {'pos': [0.39994824830915515, -0.3824307480766307, 0.23470116647765446], 'size': [0.033663755439403885, 0.20172185302840845, 0.0]}, 'small_block': {'pos': [0.6140097595303955, -0.3535133918987863, 0.1097032402875184], 'size': [0.04461973939918376, 0.0849493067344041, 0.09534921802665242]}}"
3.09799999999977,0.4519994347002854,0.0,0.4,0.4498400726718301,-1.320633965781727e-07,0.39999781841059495,"{'table_obstacle': {'pos': [0.3825981920028062, 0.37518922255766707, 0.1646257963690813], 'size': [0.049837904948193595, 0.0813235869879147, 0.05243307039854257]}, 'pillar_obstacle': {'pos': [0.39994824830915515, -0.3824307480766307, 0.23470116647765446], 'size': [0.033663755439403885, 0.20172185302840845, 0.0]}, 'small_block': {'pos': [0.6140097595303955, -0.3535133918987863, 0.1097032402875184], 'size': [0.04461973939918376, 0.0849493067344041, 0.09534921802665242]}}"
3.0989999999997697,0.4519994347002854,0.0,0.4,0.4498709380535558,-1.3424163992373115e-07,0.39999784553772505,"{'table_obstacle': {'pos': [0.3825981920028062, 0.37518922255766707, 0.1646257963690813], 'size': [0.049837904948193595, 0.0813235869879147, 0.05243307039854257]}, 'pillar_obstacle': {'pos': [0.39994824830915515, -0.3824307480766307, 0.23470116647765446], 'size': [0.033663755439403885, 0.20172185302840845, 0.0]}, 'small_block': {'pos': [0.6140097595303955, -0.3535133918987863, 0.1097032402875184], 'size': [0.04461973939918376, 0.0849493067344041, 0.09534921802665242]}}"
3.0999999999997696,0.4519994347002854,0.0,0.4,0.4499013623761842,-1.3633120232039823e-07,0.39999787250432467,"{'table_obstacle': {'pos': [0.3825981920028062, 0.37518922255766707, 0.1646257963690813], 'size': [0.049837904948193595, 0.0813235869879147, 0.05243307039854257]}, 'pillar_obstacle': {'pos': [0.39994824830915515, -0.3824307480766307, 0.23470116647765446], 'size': [0.033663755439403885, 0.20172185302840845, 0.0]}, 'small_block': {'pos': [0.6140097595303955, -0.3535133918987863, 0.1097032402875184], 'size': [0.04461973939918376, 0.0849493067344041, 0.09534921802665242]}}"
3.1009999999997695,0.4519994347002854,0.0,0.4,0.44993135193870887,-1.3833415054961314e-07,0.3999978993045908,"{'table_obstacle': {'pos': [0.3825981920028062, 0.37518922255766707, 0.1646257963690813], 'size': [0.049837904948193595, 0.0813235869879147, 0.05243307039854257]}, 'pillar_obstacle': {'pos': [0.39994824830915515, -0.3824307480766307, 0.23470116647765446], 'size': [0.033663755439403885, 0.20172185302840845, 0.0]}, 'small_block': {'pos': [0.6140097595303955, -0.3535133918987863, 0.1097032402875184], 'size': [0.04461973939918376, 0.0849493067344041, 0.09534921802665242]}}"
3.1019999999997694,0.4519994347002854,0.0,0.4,0.44996091295030693,-1.4025251216187364e-07,0.39999792593306105,"{'table_obstacle': {'pos': [0.3825981920028062, 0.37518922255766707, 0.1646257963690813], 'size': [0.049837904948193595, 0.0813235869879147, 0.05243307039854257]}, 'pillar_obstacle': {'pos': [0.39994824830915515, -0.3824307480766307, 0.23470116647765446], 'size': [0.033663755439403885, 0.20172185302840845, 0.0]}, 'small_block': {'pos': [0.6140097595303955, -0.3535133918987863, 0.1097032402875184], 'size': [0.04461973939918376, 0.0849493067344041, 0.09534921802665242]}}"
3.1029999999997693,0.4519994347002854,0.0,0.4,0.4499900515316061,-1.4208827570430653e-07,0.3999979523846007,"{'table_obstacle': {'pos': [0.3825981920028062, 0.37518922255766707, 0.1646257963690813], 'size': [0.049837904948193595, 0.0813235869879147, 0.05243307039854257]}, 'pillar_obstacle': {'pos': [0.39994824830915515, -0.3824307480766307, 0.23470116647765446], 'size': [0.033663755439403885, 0.20172185302840845, 0.0]}, 'small_block': {'pos': [0.6140097595303955, -0.3535133918987863, 0.1097032402875184], 'size': [0.04461973939918376, 0.0849493067344041, 0.09534921802665242]}}"
3.103999999999769,0.4559994144984249,0.0,0.4,0.4500187737159387,-1.4384339139949752e-07,0.39999797865438946,"{'table_obstacle': {'pos': [0.3825981920028062, 0.37518922255766707, 0.1646257963690813], 'size': [0.049837904948193595, 0.0813235869879147, 0.05243307039854257]}, 'pillar_obstacle': {'pos': [0.39994824830915515, -0.3824307480766307, 0.23470116647765446], 'size': [0.033663755439403885, 0.20172185302840845, 0.0]}, 'small_block': {'pos': [0.6140097595303955, -0.3535133918987863, 0.1097032402875184], 'size': [0.04461973939918376, 0.0849493067344041, 0.09534921802665242]}}"
3.104999999999769,0.4559994144984249,0.0,0.4,0.45005796235775064,-1.2723721691447882e-07,0.3999979368882999,"{'table_obstacle': {'pos': [0.3825981920028062, 0.37518922255766707, 0.1646257963690813], 'size': [0.049837904948193595, 0.0813235869879147, 0.05243307039854257]}, 'pillar_obstacle': {'pos': [0.39994824830915515, -0.3824307480766307, 0.23470116647765446], 'size': [0.033663755439403885, 0.20172185302840845, 0.0]}, 'small_block': {'pos': [0.6140097595303955, -0.3535133918987863, 0.1097032402875184], 'size': [0.04461973939918376, 0.0849493067344041, 0.09534921802665242]}}"
3.105999999999769,0.4559994144984249,0.0,0.4,0.45010539761552254,-9.984741925280543e-08,0.39999785247172115,"{'table_obstacle': {'pos': [0.3825981920028062, 0.37518922255766707, 0.1646257963690813], 'size': [0.049837904948193595, 0.0813235869879147, 0.05243307039854257]}, 'pillar_obstacle': {'pos': [0.39994824830915515, -0.3824307480766307, 0.23470116647765446], 'size': [0.033663755439403885, 0.20172185302840845, 0.0]}, 'small_block': {'pos': [0.6140097595303955, -0.3535133918987863, 0.1097032402875184], 'size': [0.04461973939918376, 0.0849493067344041, 0.09534921802665242]}}"
3.106999999999769,0.4559994144984249,0.0,0.4,0.45015928530133376,-6.699692435790892e-08,0.3999977434208089,"{'table_obstacle': {'pos': [0.3825981920028062, 0.37518922255766707, 0.1646257963690813], 'size': [0.049837904948193595, 0.0813235869879147, 0.05243307039854257]}, 'pillar_obstacle': {'pos': [0.39994824830915515, -0.3824307480766307, 0.23470116647765446], 'size': [0.033663755439403885, 0.20172185302840845, 0.0]}, 'small_block': {'pos': [0.6140097595303955, -0.3535133918987863, 0.1097032402875184], 'size': [0.04461973939918376, 0.0849493067344041, 0.09534921802665242]}}"
3.1079999999997687,0.4559994144984249,0.0,0.4,0.45021817590226254,-3.234282923414138e-08,0.39999762235870034,"{'table_obstacle': {'pos': [0.3825981920028062, 0.37518922255766707, 0.1646257963690813], 'size': [0.049837904948193595, 0.0813235869879147, 0.05243307039854257]}, 'pillar_obstacle': {'pos': [0.39994824830915515, -0.3824307480766307, 0.23470116647765446], 'size': [0.033663755439403885, 0.20172185302840845, 0.0]}, 'small_block': {'pos': [0.6140097595303955, -0.3535133918987863, 0.1097032402875184], 'size': [0.04461973939918376, 0.0849493067344041, 0.09534921802665242]}}"
3.1089999999997686,0.4559994144984249,0.0,0.4,0.4502808989749517,1.6783369747657839e-09,0.3999974979718068,"{'table_obstacle': {'pos': [0.3825981920028062, 0.37518922255766707, 0.1646257963690813], 'size': [0.049837904948193595, 0.0813235869879147, 0.05243307039854257]}, 'pillar_obstacle': {'pos': [0.39994824830915515, -0.3824307480766307, 0.23470116647765446], 'size': [0.033663755439403885, 0.20172185302840845, 0.0]}, 'small_block': {'pos': [0.6140097595303955, -0.3535133918987863, 0.1097032402875184], 'size': [0.04461973939918376, 0.0849493067344041, 0.09534921802665242]}}"
3.1099999999997685,0.4559994144984249,0.0,0.4,0.4503465100038746,3.3515351068189423e-08,0.39999737608499675,"{'table_obstacle': {'pos': [0.3825981920028062, 0.37518922255766707, 0.1646257963690813], 'size': [0.049837904948193595, 0.0813235869879147, 0.05243307039854257]}, 'pillar_obstacle': {'pos': [0.39994824830915515, -0.3824307480766307, 0.23470116647765446], 'size': [0.033663755439403885, 0.20172185302840845, 0.0]}, 'small_block': {'pos': [0.6140097595303955, -0.3535133918987863, 0.1097032402875184], 'size': [0.04461973939918376, 0.0849493067344041, 0.09534921802665242]}}"
3.1109999999997684,0.4559994144984249,0.0,0.4,0.4504142473613026,6.225107577434745e-08,0.39999726045606004,"{'table_obstacle': {'pos': [0.3825981920028062, 0.37518922255766707, 0.1646257963690813], 'size': [0.049837904948193595, 0.0813235869879147, 0.05243307039854257]}, 'pillar_obstacle': {'pos': [0.39994824830915515, -0.3824307480766307, 0.23470116647765446], 'size': [0.033663755439403885, 0.20172185302840845, 0.0]}, 'small_block': {'pos': [0.6140097595303955, -0.3535133918987863, 0.1097032402875184], 'size': [0.04461973939918376, 0.0849493067344041, 0.09534921802665242]}}"
3.1119999999997683,0.4559994144984249,0.0,0.4,0.4504834974525468,8.741528529764971e-08,0.39999715336254654,"{'table_obstacle': {'pos': [0.3825981920028062, 0.37518922255766707, 0.1646257963690813], 'size': [0.049837904948193595, 0.0813235869879147, 0.05243307039854257]}, 'pillar_obstacle': {'pos': [0.39994824830915515, -0.3824307480766307, 0.23470116647765446], 'size': [0.033663755439403885, 0.20172185302840845, 0.0]}, 'small_block': {'pos': [0.6140097595303955, -0.3535133918987863, 0.1097032402875184], 'size': [0.04461973939918376, 0.0849493067344041, 0.09534921802665242]}}"
3.112999999999768,0.4559994144984249,0.0,0.4,0.45055376649228224,1.0884614172036764e-07,0.39999705603457775,"{'table_obstacle': {'pos': [0.3825981920028062, 0.37518922255766707, 0.1646257963690813], 'size': [0.049837904948193595, 0.0813235869879147, 0.05243307039854257]}, 'pillar_obstacle': {'pos': [0.39994824830915515, -0.3824307480766307, 0.23470116647765446], 'size': [0.033663755439403885, 0.20172185302840845, 0.0]}, 'small_block': {'pos': [0.6140097595303955, -0.3535133918987863, 0.1097032402875184], 'size': [0.04461973939918376, 0.0849493067344041, 0.09534921802665242]}}"
3.113999999999768,0.4559994144984249,0.0,0.4,0.4506246576520166,1.265885045093642e-07,0.3999969689731251,"{'table_obstacle': {'pos': [0.3825981920028062, 0.37518922255766707, 0.1646257963690813], 'size': [0.049837904948193595, 0.0813235869879147, 0.05243307039854257]}, 'pillar_obstacle': {'pos': [0.39994824830915515, -0.3824307480766307, 0.23470116647765446], 'size': [0.033663755439403885, 0.20172185302840845, 0.0]}, 'small_block': {'pos': [0.6140097595303955, -0.3535133918987863, 0.1097032402875184], 'size': [0.04461973939918376, 0.0849493067344041, 0.09534921802665242]}}"
3.114999999999768,0.4559994144984249,0.0,0.4,0.4506958525575941,1.408200061769883e-07,0.39999689218303514,"{'table_obstacle': {'pos': [0.3825981920028062, 0.37518922255766707, 0.1646257963690813], 'size': [0.049837904948193595, 0.0813235869879147, 0.05243307039854257]}, 'pillar_obstacle': {'pos': [0.39994824830915515, -0.3824307480766307, 0.23470116647765446], 'size': [0.033663755439403885, 0.20172185302840845, 0.0]}, 'small_block': {'pos': [0.6140097595303955, -0.3535133918987863, 0.1097032402875184], 'size': [0.04461973939918376, 0.0849493067344041, 0.09534921802665242]}}"
3.115999999999768,0.4559994144984249,0.0,0.4,0.45076709630939754,1.517979596481337e-07,0.3999968253425683,"{'table_obstacle': {'pos': [0.3825981920028062, 0.37518922255766707, 0.1646257963690813], 'size': [0.049837904948193595, 0.0813235869879147, 0.05243307039854257]}, 'pillar_obstacle': {'pos': [0.39994824830915515, -0.3824307480766307, 0.23470116647765446], 'size': [0.033663755439403885, 0.20172185302840845, 0.0]}, 'small_block': {'pos': [0.6140097595303955, -0.3535133918987863, 0.1097032402875184], 'size': [0.04461973939918376, 0.0849493067344041, 0.09534921802665242]}}"
3.1169999999997677,0.4559994144984249,0.0,0.4,0.45083818535503395,1.5982181130487552e-07,0.3999967679257158,"{'table_obstacle': {'pos': [0.3825981920028062, 0.37518922255766707, 0.1646257963690813], 'size': [0.049837904948193595, 0.0813235869879147, 0.05243307039854257]}, 'pillar_obstacle': {'pos': [0.39994824830915515, -0.3824307480766307, 0.23470116647765446], 'size': [0.033663755439403885, 0.20172185302840845, 0.0]}, 'small_block': {'pos': [0.6140097595303955, -0.3535133918987863, 0.1097032402875184], 'size': [0.04461973939918376, 0.0849493067344041, 0.09534921802665242]}}"
3.1179999999997676,0.4559994144984249,0.0,0.4,0.4509089576716505,1.652071150600041e-07,0.39999671928944996,"{'table_obstacle': {'pos': [0.3825981920028062, 0.37518922255766707, 0.1646257963690813], 'size': [0.049837904948193595, 0.0813235869879147, 0.05243307039854257]}, 'pillar_obstacle': {'pos': [0.39994824830915515, -0.3824307480766307, 0.23470116647765446], 'size': [0.033663755439403885, 0.20172185302840845, 0.0]}, 'small_block': {'pos': [0.6140097595303955, -0.3535133918987863, 0.1097032402875184], 'size': [0.04461973939918376, 0.0849493067344041, 0.09534921802665242]}}"
3.1189999999997675,0.4559994144984249,0.0,0.4,0.4509792848182504,1.6826798026319933e-07,0.3999966787350307,"{'table_obstacle': {'pos': [0.3825981920028062, 0.37518922255766707, 0.1646257963690813], 'size': [0.049837904948193595, 0.0813235869879147, 0.05243307039854257]}, 'pillar_obstacle': {'pos': [0.39994824830915515, -0.3824307480766307, 0.23470116647765446], 'size': [0.033663755439403885, 0.20172185302840845, 0.0]}, 'small_block': {'pos': [0.6140097595303955, -0.3535133918987863, 0.1097032402875184], 'size': [0.04461973939918376, 0.0849493067344041, 0.09534921802665242]}}"
3.1199999999997674,0.4559994144984249,0.0,0.4,0.45104906550199786,1.6930569184814982e-07,0.39999664555019254,"{'table_obstacle': {'pos': [0.3825981920028062, 0.37518922255766707, 0.1646257963690813], 'size': [0.049837904948193595, 0.0813235869879147, 0.05243307039854257]}, 'pillar_obstacle': {'pos': [0.39994824830915515, -0.3824307480766307, 0.23470116647765446], 'size': [0.033663755439403885, 0.20172185302840845, 0.0]}, 'small_block': {'pos': [0.6140097595303955, -0.3535133918987863, 0.1097032402875184], 'size': [0.04461973939918376, 0.0849493067344041, 0.09534921802665242]}}"
3.1209999999997673,0.4559994144984249,0.0,0.4,0.4511182203702468,1.6860177650798895e-07,0.39999661903734185,"{'table_obstacle': {'pos': [0.3825981920028062, 0.37518922255766707, 0.1646257963690813], 'size': [0.049837904948193595, 0.0813235869879147, 0.05243307039854257]}, 'pillar_obstacle': {'pos': [0.39994824830915515, -0.3824307480766307, 0.23470116647765446], 'size': [0.033663755439403885, 0.20172185302840845, 0.0]}, 'small_block': {'pos': [0.6140097595303955, -0.3535133918987863, 0.1097032402875184], 'size': [0.04461973939918376, 0.0849493067344041, 0.09534921802665242]}}"
3.121999999999767,0.4559994144984249,0.0,0.4,0.45118668779488513,1.664142219250649e-07,0.3999965985315917,"{'table_obstacle': {'pos': [0.3825981920028062, 0.37518922255766707, 0.1646257963690813], 'size': [0.049837904948193595, 0.0813235869879147, 0.05243307039854257]}, 'pillar_obstacle': {'pos': [0.39994824830915515, -0.3824307480766307, 0.23470116647765446], 'size': [0.033663755439403885, 0.20172185302840845, 0.0]}, 'small_block': {'pos': [0.6140097595303955, -0.3535133918987863, 0.1097032402875184], 'size': [0.04461973939918376, 0.0849493067344041, 0.09534921802665242]}}"
3.122999999999767,0.4559994144984249,0.0,0.4,0.45125442046002334,1.6297589109427942e-07,0.39999658341149913,"{'table_obstacle': {'pos': [0.3825981920028062, 0.37518922255766707, 0.1646257963690813], 'size': [0.049837904948193595, 0.0813235869879147, 0.05243307039854257]}, 'pillar_obstacle': {'pos': [0.39994824830915515, -0.3824307480766307, 0.23470116647765446], 'size': [0.033663755439403885, 0.20172185302840845, 0.0]}, 'small_block': {'pos': [0.6140097595303955, -0.3535133918987863, 0.1097032402875184], 'size': [0.04461973939918376, 0.0849493067344041, 0.09534921802665242]}}"
3.123999999999767,0.4559994144984249,0.0,0.4,0.4513213826000389,1.58494427567652e-07,0.3999965731046345,"{'table_obstacle': {'pos': [0.3825981920028062, 0.37518922255766707, 0.1646257963690813], 'size': [0.049837904948193595, 0.0813235869879147, 0.05243307039854257]}, 'pillar_obstacle': {'pos': [0.39994824830915515, -0.3824307480766307, 0.23470116647765446], 'size': [0.033663755439403885, 0.20172185302840845, 0.0]}, 'small_block': {'pos': [0.6140097595303955, -0.3535133918987863, 0.1097032402875184], 'size': [0.04461973939918376, 0.0849493067344041, 0.09534921802665242]}}"
3.124999999999767,0.4559994144984249,0.0,0.4,0.4513875477641044,1.531531320128915e-07,0.3999965670895597,"{'table_obstacle': {'pos': [0.3825981920028062, 0.37518922255766707, 0.1646257963690813], 'size': [0.049837904948193595, 0.0813235869879147, 0.05243307039854257]}, 'pillar_obstacle': {'pos': [0.39994824830915515, -0.3824307480766307, 0.23470116647765446], 'size': [0.033663755439403885, 0.20172185302840845, 0.0]}, 'small_block': {'pos': [0.6140097595303955, -0.3535133918987863, 0.1097032402875184], 'size': [0.04461973939918376, 0.0849493067344041, 0.09534921802665242]}}"
3.1259999999997667,0.4559994144984249,0.0,0.4,0.4514528970069364,1.4711244431180775e-07,0.39999656489537616,"{'table_obstacle': {'pos': [0.3825981920028062, 0.37518922255766707, 0.1646257963690813], 'size': [0.049837904948193595, 0.0813235869879147, 0.05243307039854257]}, 'pillar_obstacle': {'pos': [0.39994824830915515, -0.3824307480766307, 0.23470116647765446], 'size': [0.033663755439403885, 0.20172185302840845, 0.0]}, 'small_block': {'pos': [0.6140097595303955, -0.3535133918987863, 0.1097032402875184], 'size': [0.04461973939918376, 0.0849493067344041, 0.09534921802665242]}}"
3.1269999999997666,0.4559994144984249,0.0,0.4,0.4515174174245783,1.4051175953159902e-07,0.39999656609968887,"{'table_obstacle': {'pos': [0.3825981920028062, 0.37518922255766707, 0.1646257963690813], 'size': [0.049837904948193595, 0.0813235869879147, 0.05243307039854257]}, 'pillar_obstacle': {'pos': [0.39994824830915515, -0.3824307480766307, 0.23470116647765446], 'size': [0.033663755439403885, 0.20172185302840845, 0.0]}, 'small_block': {'pos': [0.6140097595303955, -0.3535133918987863, 0.1097032402875184], 'size': [0.04461973939918376, 0.0849493067344041, 0.09534921802665242]}}"
3.1279999999997665,0.4559994144984249,0.0,0.4,0.4515811009695031,1.3347139872810828e-07,0.39999657032560254,"{'table_obstacle': {'pos': [0.3825981920028062, 0.37518922255766707, 0.1646257963690813], 'size': [0.049837904948193595, 0.0813235869879147, 0.05243307039854257]}, 'pillar_obstacle': {'pos': [0.39994824830915515, -0.3824307480766307, 0.23470116647765446], 'size': [0.033663755439403885, 0.20172185302840845, 0.0]}, 'small_block': {'pos': [0.6140097595303955, -0.3535133918987863, 0.1097032402875184], 'size': [0.04461973939918376, 0.0849493067344041, 0.09534921802665242]}}"
3.1289999999997664,0.4559994144984249,0.0,0.4,0.45164394349183434,1.2609460365301625e-07,0.39999657723818144,"{'table_obstacle': {'pos': [0.3825981920028062, 0.37518922255766707, 0.1646257963690813], 'size': [0.049837904948193595, 0.0813235869879147, 0.05243307039854257]}, 'pillar_obstacle': {'pos': [0.39994824830915515, -0.3824307480766307, 0.23470116647765446], 'size': [0.033663755439403885, 0.20172185302840845, 0.0]}, 'small_block': {'pos': [0.6140097595303955, -0.3535133918987863, 0.1097032402875184], 'size': [0.04461973939918376, 0.0849493067344041, 0.09534921802665242]}}"
3.1299999999997663,0.4559994144984249,0.0,0.4,0.4517059439636154,1.1846947505737504e-07,0.3999965865406841,"{'table_obstacle': {'pos': [0.3825981920028062, 0.37518922255766707, 0.1646257963690813], 'size': [0.049837904948193595, 0.0813235869879147, 0.05243307039854257]}, 'pillar_obstacle': {'pos': [0.39994824830915515, -0.3824307480766307, 0.23470116647765446], 'size': [0.033663755439403885, 0.20172185302840845, 0.0]}, 'small_block': {'pos': [0.6140097595303955, -0.3535133918987863, 0.1097032402875184], 'size': [0.04461973939918376, 0.0849493067344041, 0.09534921802665242]}}"
3.130999999999766,0.4559994144984249,0.0,0.4,0.451767103851262,1.1067080210104105e-07,0.39999659797077924,"{'table_obstacle': {'pos': [0.3825981920028062, 0.37518922255766707, 0.1646257963690813], 'size': [0.049837904948193595, 0.0813235869879147, 0.05243307039854257]}, 'pillar_obstacle': {'pos': [0.39994824830915515, -0.3824307480766307, 0.23470116647765446], 'size': [0.033663755439403885, 0.20172185302840845, 0.0]}, 'small_block': {'pos': [0.6140097595303955, -0.3535133918987863, 0.1097032402875184], 'size': [0.04461973939918376, 0.0849493067344041, 0.09534921802665242]}}"
3.131999999999766,0.4559994144984249,0.0,0.4,0.4518274266079711,1.0276175142451738e-07,0.3999966112968818,"{'table_obstacle': {'pos': [0.3825981920028062, 0.37518922255766707, 0.1646257963690813], 'size': [0.049837904948193595, 0.0813235869879147, 0.05243307039854257]}, 'pillar_obstacle': {'pos': [0.39994824830915515, -0.3824307480766307, 0.23470116647765446], 'size': [0.033663755439403885, 0.20172185302840845, 0.0]}, 'small_block': {'pos': [0.6140097595303955, -0.3535133918987863, 0.1097032402875184], 'size': [0.04461973939918376, 0.0849493067344041, 0.09534921802665242]}}"
3.132999999999766,0.4559994144984249,0.0,0.4,0.4518869172632387,9.479540269699866e-08,0.3999966263146977,"{'table_obstacle': {'pos': [0.3825981920028062, 0.37518922255766707, 0.1646257963690813], 'size': [0.049837904948193595, 0.0813235869879147, 0.05243307039854257]}, 'pillar_obstacle': {'pos': [0.39994824830915515, -0.3824307480766307, 0.23470116647765446], 'size': [0.033663755439403885, 0.20172185302840845, 0.0]}, 'small_block': {'pos': [0.6140097595303955, -0.3535133918987863, 0.1097032402875184], 'size': [0.04461973939918376, 0.0849493067344041, 0.09534921802665242]}}"
3.133999999999766,0.4559994144984249,0.0,0.4,0.45194558209098784,8.681612834178017e-08,0.3999966428440236,"{'table_obstacle': {'pos': [0.3825981920028062, 0.37518922255766707, 0.1646257963690813], 'size': [0.049837904948193595, 0.0813235869879147, 0.05243307039854257]}, 'pillar_obstacle': {'pos': [0.39994824830915515, -0.3824307480766307, 0.23470116647765446], 'size': [0.033663755439403885, 0.20172185302840845, 0.0]}, 'small_block': {'pos': [0.6140097595303955, -0.3535133918987863, 0.1097032402875184], 'size': [0.04461973939918376, 0.0849493067344041, 0.09534921802665242]}}"
3.1349999999997658,0.4559994144984249,0.0,0.4,0.4520034283413271,7.886081707075058e-08,0.3999966607258317,"{'table_obstacle': {'pos': [0.3825981920028062, 0.37518922255766707, 0.1646257963690813], 'size': [0.049837904948193595, 0.0813235869879147, 0.05243307039854257]}, 'pillar_obstacle': {'pos': [0.39994824830915515, -0.3824307480766307, 0.23470116647765446], 'size': [0.033663755439403885, 0.20172185302840845, 0.0]}, 'small_block': {'pos': [0.6140097595303955, -0.3535133918987863, 0.1097032402875184], 'size': [0.04461973939918376, 0.0849493067344041, 0.09534921802665242]}}"
3.1359999999997656,0.4559994144984249,0.0,0.4,0.4520604640238263,7.095995468262651e-08,0.3999966798196375,"{'table_obstacle': {'pos': [0.3825981920028062, 0.37518922255766707, 0.1646257963690813], 'size': [0.049837904948193595, 0.0813235869879147, 0.05243307039854257]}, 'pillar_obstacle': {'pos': [0.39994824830915515, -0.3824307480766307, 0.23470116647765446], 'size': [0.033663755439403885, 0.20172185302840845, 0.0]}, 'small_block': {'pos': [0.6140097595303955, -0.3535133918987863, 0.1097032402875184], 'size': [0.04461973939918376, 0.0849493067344041, 0.09534921802665242]}}"
3.1369999999997655,0.4559994144984249,0.0,0.4,0.452116697732486,6.31385667872605e-08,0.3999967000011519,"{'table_obstacle': {'pos': [0.3825981920028062, 0.37518922255766707, 0.1646257963690813], 'size': [0.049837904948193595, 0.0813235869879147, 0.05243307039854257]}, 'pillar_obstacle': {'pos': [0.39994824830915515, -0.3824307480766307, 0.23470116647765446], 'size': [0.033663755439403885, 0.20172185302840845, 0.0]}, 'small_block': {'pos': [0.6140097595303955, -0.3535133918987863, 0.1097032402875184], 'size': [0.04461973939918376, 0.0849493067344041, 0.09534921802665242]}}"
3.1379999999997654,0.4559994144984249,0.0,0.4,0.4521721385044587,5.5417040579045545e-08,0.39999672116019824,"{'table_obstacle': {'pos': [0.3825981920028062, 0.37518922255766707, 0.1646257963690813], 'size': [0.049837904948193595, 0.0813235869879147, 0.05243307039854257]}, 'pillar_obstacle': {'pos': [0.39994824830915515, -0.3824307480766307, 0.23470116647765446], 'size': [0.033663755439403885, 0.20172185302840845, 0.0]}, 'small_block': {'pos': [0.6140097595303955, -0.3535133918987863, 0.1097032402875184], 'size': [0.04461973939918376, 0.0849493067344041, 0.09534921802665242]}}"
3.1389999999997653,0.4559994144984249,0.0,0.4,0.4522267957060933,4.7811834692831756e-08,0.3999967431988793,"{'table_obstacle': {'pos': [0.3825981920028062, 0.37518922255766707, 0.1646257963690813], 'size': [0.049837904948193595, 0.0813235869879147, 0.05243307039854257]}, 'pillar_obstacle': {'pos': [0.39994824830915515, -0.3824307480766307, 0.23470116647765446], 'size': [0.033663755439403885, 0.20172185302840845, 0.0]}, 'small_block': {'pos': [0.6140097595303955, -0.3535133918987863, 0.1097032402875184], 'size': [0.04461973939918376, 0.0849493067344041, 0.09534921802665242]}}"
3.139999999999765,0.4559994144984249,0.0,0.4,0.4522806789410878,4.033609036734243e-08,0.3999967660299684,"{'table_obstacle': {'pos': [0.3825981920028062, 0.37518922255766707, 0.1646257963690813], 'size': [0.049837904948193595, 0.0813235869879147, 0.05243307039854257]}, 'pillar_obstacle': {'pos': [0.39994824830915515, -0.3824307480766307, 0.23470116647765446], 'size': [0.033663755439403885, 0.20172185302840845, 0.0]}, 'small_block': {'pos': [0.6140097595303955, -0.3535133918987863, 0.1097032402875184], 'size': [0.04461973939918376, 0.0849493067344041, 0.09534921802665242]}}"
3.140999999999765,0.4559994144984249,0.0,0.4,0.45233379797654205,3.300015643269228e-08,0.39999678957551094,"{'table_obstacle': {'pos': [0.3825981920028062, 0.37518922255766707, 0.1646257963690813], 'size': [0.049837904948193595, 0.0813235869879147, 0.05243307039854257]}, 'pillar_obstacle': {'pos': [0.39994824830915515, -0.3824307480766307, 0.23470116647765446], 'size': [0.033663755439403885, 0.20172185302840845, 0.0]}, 'small_block': {'pos': [0.6140097595303955, -0.3535133918987863, 0.1097032402875184], 'size': [0.04461973939918376, 0.0849493067344041, 0.09534921802665242]}}"
3.141999999999765,0.4559994144984249,0.0,0.4,0.45238616268349335,2.581203707416007e-08,0.39999681376560325,"{'table_obstacle': {'pos': [0.3825981920028062, 0.37518922255766707, 0.1646257963690813], 'size': [0.049837904948193595, 0.0813235869879147, 0.05243307039854257]}, 'pillar_obstacle': {'pos': [0.39994824830915515, -0.3824307480766307, 0.23470116647765446], 'size': [0.033663755439403885, 0.20172185302840845, 0.0]}, 'small_block': {'pos': [0.6140097595303955, -0.3535133918987863, 0.1097032402875184], 'size': [0.04461973939918376, 0.0849493067344041, 0.09534921802665242]}}"
3.142999999999765,0.4559994144984249,0.0,0.4,0.4524377829891717,1.877777349671726e-08,0.39999683853734186,"{'table_obstacle': {'pos': [0.3825981920028062, 0.37518922255766707, 0.1646257963690813], 'size': [0.049837904948193595, 0.0813235869879147, 0.05243307039854257]}, 'pillar_obstacle': {'pos': [0.39994824830915515, -0.3824307480766307, 0.23470116647765446], 'size': [0.033663755439403885, 0.20172185302840845, 0.0]}, 'small_block': {'pos': [0.6140097595303955, -0.3535133918987863, 0.1097032402875184], 'size': [0.04461973939918376, 0.0849493067344041, 0.09534921802665242]}}"
3.1439999999997648,0.4559994144984249,0.0,0.4,0.45248866883874267,1.1901768623040208e-08,0.39999686383391037,"{'table_obstacle': {'pos': [0.3825981920028062, 0.37518922255766707, 0.1646257963690813], 'size': [0.049837904948193595, 0.0813235869879147, 0.05243307039854257]}, 'pillar_obstacle': {'pos': [0.39994824830915515, -0.3824307480766307, 0.23470116647765446], 'size': [0.033663755439403885, 0.20172185302840845, 0.0]}, 'small_block': {'pos': [0.6140097595303955, -0.3535133918987863, 0.1097032402875184], 'size': [0.04461973939918376, 0.0849493067344041, 0.09534921802665242]}}"
3.1449999999997647,0.4559994144984249,0.0,0.4,0.4525388301647184,5.1870613398960146e-09,0.399996889603796,"{'table_obstacle': {'pos': [0.3825981920028062, 0.37518922255766707, 0.1646257963690813], 'size': [0.049837904948193595, 0.0813235869879147, 0.05243307039854257]}, 'pillar_obstacle': {'pos': [0.39994824830915515, -0.3824307480766307, 0.23470116647765446], 'size': [0.033663755439403885, 0.20172185302840845, 0.0]}, 'small_block': {'pos': [0.6140097595303955, -0.3535133918987863, 0.1097032402875184], 'size': [0.04461973939918376, 0.0849493067344041, 0.09534921802665242]}}"
3.1459999999997645,0.4559994144984249,0.0,0.4,0.4525882768625807,-1.3644408459286193e-09,0.39999691580011304,"{'table_obstacle': {'pos': [0.3825981920028062, 0.37518922255766707, 0.1646257963690813], 'size': [0.049837904948193595, 0.0813235869879147, 0.05243307039854257]}, 'pillar_obstacle': {'pos': [0.39994824830915515, -0.3824307480766307, 0.23470116647765446], 'size': [0.033663755439403885, 0.20172185302840845, 0.0]}, 'small_block': {'pos': [0.6140097595303955, -0.3535133918987863, 0.1097032402875184], 'size': [0.04461973939918376, 0.0849493067344041, 0.09534921802665242]}}"
3.1469999999997644,0.4559994144984249,0.0,0.4,0.45263701877142065,-7.75176614192831e-09,0.39999694238002453,"{'table_obstacle': {'pos': [0.3825981920028062, 0.37518922255766707, 0.1646257963690813], 'size': [0.049837904948193595, 0.0813235869879147, 0.05243307039854257]}, 'pillar_obstacle': {'pos': [0.39994824830915515, -0.3824307480766307, 0.23470116647765446], 'size': [0.033663755439403885, 0.20172185302840845, 0.0]}, 'small_block': {'pos': [0.6140097595303955, -0.3535133918987863, 0.1097032402875184], 'size': [0.04461973939918376, 0.0849493067344041, 0.09534921802665242]}}"
3.1479999999997643,0.4559994144984249,0.0,0.4,0.4526850656586395,-1.3974714597872855e-08,0.39999696930424433,"{'table_obstacle': {'pos': [0.3825981920028062, 0.37518922255766707, 0.1646257963690813], 'size': [0.049837904948193595, 0.0813235869879147, 0.05243307039854257]}, 'pillar_obstacle': {'pos': [0.39994824830915515, -0.3824307480766307, 0.23470116647765446], 'size': [0.033663755439403885, 0.20172185302840845, 0.0]}, 'small_block': {'pos': [0.6140097595303955, -0.3535133918987863, 0.1097032402875184], 'size': [0.04461973939918376, 0.0849493067344041, 0.09534921802665242]}}"
3.148999999999764,0.4559994144984249,0.0,0.4,0.4527324272079293,-2.0033718247600742e-08,0.39999699653660925,"{'table_obstacle': {'pos': [0.3825981920028062, 0.37518922255766707, 0.1646257963690813], 'size': [0.049837904948193595, 0.0813235869879147, 0.05243307039854257]}, 'pillar_obstacle': {'pos': [0.39994824830915515, -0.3824307480766307, 0.23470116647765446], 'size': [0.033663755439403885, 0.20172185302840845, 0.0]}, 'small_block': {'pos': [0.6140097595303955, -0.3535133918987863, 0.1097032402875184], 'size': [0.04461973939918376, 0.0849493067344041, 0.09534921802665242]}}"
3.149999999999764,0.4559994144984249,0.0,0.4,0.4527791130099079,-2.5929726095805786e-08,0.3999970240437154,"{'table_obstacle': {'pos': [0.3825981920028062, 0.37518922255766707, 0.1646257963690813], 'size': [0.049837904948193595, 0.0813235869879147, 0.05243307039854257]}, 'pillar_obstacle': {'pos': [0.39994824830915515, -0.3824307480766307, 0.23470116647765446], 'size': [0.033663755439403885, 0.20172185302840845, 0.0]}, 'small_block': {'pos': [0.6140097595303955, -0.3535133918987863, 0.1097032402875184], 'size': [0.04461973939918376, 0.0849493067344041, 0.09534921802665242]}}"
3.150999999999764,0.4559994144984249,0.0,0.4,0.4528251325548924,-3.1664106716935925e-08,0.3999970517946032,"{'table_obstacle': {'pos': [0.3825981920028062, 0.37518922255766707, 0.1646257963690813], 'size': [0.049837904948193595, 0.0813235869879147, 0.05243307039854257]}, 'pillar_obstacle': {'pos': [0.39994824830915515, -0.3824307480766307, 0.23470116647765446], 'size': [0.033663755439403885, 0.20172185302840845, 0.0]}, 'small_block': {'pos': [0.6140097595303955, -0.3535133918987863, 0.1097032402875184], 'size': [0.04461973939918376, 0.0849493067344041, 0.09534921802665242]}}"
3.151999999999764,0.4559994144984249,0.0,0.4,0.4528704952274043,-3.723856772123224e-08,0.3999970797604886,"{'table_obstacle': {'pos': [0.3825981920028062, 0.37518922255766707, 0.1646257963690813], 'size': [0.049837904948193595, 0.0813235869879147, 0.05243307039854257]}, 'pillar_obstacle': {'pos': [0.39994824830915515, -0.3824307480766307, 0.23470116647765446], 'size': [0.033663755439403885, 0.20172185302840845, 0.0]}, 'small_block': {'pos': [0.6140097595303955, -0.3535133918987863, 0.1097032402875184], 'size': [0.04461973939918376, 0.0849493067344041, 0.09534921802665242]}}"
3.1529999999997638,0.4559994144984249,0.0,0.4,0.452915210302068,-4.265508713435223e-08,0.399997107914534,"{'table_obstacle': {'pos': [0.3825981920028062, 0.37518922255766707, 0.1646257963690813], 'size': [0.049837904948193595, 0.0813235869879147, 0.05243307039854257]}, 'pillar_obstacle': {'pos': [0.39994824830915515, -0.3824307480766307, 0.23470116647765446], 'size': [0.033663755439403885, 0.20172185302840845, 0.0]}, 'small_block': {'pos': [0.6140097595303955, -0.3535133918987863, 0.1097032402875184], 'size': [0.04461973939918376, 0.0849493067344041, 0.09534921802665242]}}"
3.1539999999997637,0.4559994144984249,0.0,0.4,0.45295928694063603,-4.7915857982959535e-08,0.3999971362316483,"{'table_obstacle': {'pos': [0.3825981920028062, 0.37518922255766707, 0.1646257963690813], 'size': [0.049837904948193595, 0.0813235869879147, 0.05243307039854257]}, 'pillar_obstacle': {'pos': [0.39994824830915515, -0.3824307480766307, 0.23470116647765446], 'size': [0.033663755439403885, 0.20172185302840845, 0.0]}, 'small_block': {'pos': [0.6140097595303955, -0.3535133918987863, 0.1097032402875184], 'size': [0.04461973939918376, 0.0849493067344041, 0.09534921802665242]}}"
3.1549999999997635,0.4559994144984249,0.0,0.4,0.4530027341899181,-5.302324115832093e-08,0.399997164688317,"{'table_obstacle': {'pos': [0.3825981920028062, 0.37518922255766707, 0.1646257963690813], 'size': [0.049837904948193595, 0.0813235869879147, 0.05243307039854257]}, 'pillar_obstacle': {'pos': [0.39994824830915515, -0.3824307480766307, 0.23470116647765446], 'size': [0.033663755439403885, 0.20172185302840845, 0.0]}, 'small_block': {'pos': [0.6140097595303955, -0.3535133918987863, 0.1097032402875184], 'size': [0.04461973939918376, 0.0849493067344041, 0.09534921802665242]}}"
3.1559999999997634,0.4559994144984249,0.0,0.4,0.4530455609804386,-5.797972661611869e-08,0.3999971932624552,"{'table_obstacle': {'pos': [0.3825981920028062, 0.37518922255766707, 0.1646257963690813], 'size': [0.049837904948193595, 0.0813235869879147, 0.05243307039854257]}, 'pillar_obstacle': {'pos': [0.39994824830915515, -0.3824307480766307, 0.23470116647765446], 'size': [0.033663755439403885, 0.20172185302840845, 0.0]}, 'small_block': {'pos': [0.6140097595303955, -0.3535133918987863, 0.1097032402875184], 'size': [0.04461973939918376, 0.0849493067344041, 0.09534921802665242]}}"
3.1569999999997633,0.4559994144984249,0.0,0.4,0.4530877761256823,-6.278790136682023e-08,0.39999722193328113,"{'table_obstacle': {'pos': [0.3825981920028062, 0.37518922255766707, 0.1646257963690813], 'size': [0.049837904948193595, 0.0813235869879147, 0.05243307039854257]}, 'pillar_obstacle': {'pos': [0.39994824830915515, -0.3824307480766307, 0.23470116647765446], 'size': [0.033663755439403885, 0.20172185302840845, 0.0]}, 'small_block': {'pos': [0.6140097595303955, -0.3535133918987863, 0.1097032402875184], 'size': [0.04461973939918376, 0.0849493067344041, 0.09534921802665242]}}"
3.157999999999763,0.4559994144984249,0.0,0.4,0.4531293883218057,-6.745042269605058e-08,0.39999725068120445,"{'table_obstacle': {'pos': [0.3825981920028062, 0.37518922255766707, 0.1646257963690813], 'size': [0.049837904948193595, 0.0813235869879147, 0.05243307039854257]}, 'pillar_obstacle': {'pos': [0.39994824830915515, -0.3824307480766307, 0.23470116647765446], 'size': [0.033663755439403885, 0.20172185302840845, 0.0]}, 'small_block': {'pos': [0.6140097595303955, -0.3535133918987863, 0.1097032402875184], 'size': [0.04461973939918376, 0.0849493067344041, 0.09534921802665242]}}"
3.158999999999763,0.4559994144984249,0.0,0.4,0.4531704061477253,-7.196999651700264e-08,0.3999972794877325,"{'table_obstacle': {'pos': [0.3825981920028062, 0.37518922255766707, 0.1646257963690813], 'size': [0.049837904948193595, 0.0813235869879147, 0.05243307039854257]}, 'pillar_obstacle': {'pos': [0.39994824830915515, -0.3824307480766307, 0.23470116647765446], 'size': [0.033663755439403885, 0.20172185302840845, 0.0]}, 'small_block': {'pos': [0.6140097595303955, -0.3535133918987863, 0.1097032402875184], 'size': [0.04461973939918376, 0.0849493067344041, 0.09534921802665242]}}"
3.159999999999763,0.4559994144984249,0.0,0.4,0.45321083806550577,-7.634935948025855e-08,0.3999973083353858,"{'table_obstacle': {'pos': [0.3825981920028062, 0.37518922255766707, 0.1646257963690813], 'size': [0.049837904948193595, 0.0813235869879147, 0.05243307039854257]}, 'pillar_obstacle': {'pos': [0.39994824830915515, -0.3824307480766307, 0.23470116647765446], 'size': [0.033663755439403885, 0.20172185302840845, 0.0]}, 'small_block': {'pos': [0.6140097595303955, -0.3535133918987863, 0.1097032402875184], 'size': [0.04461973939918376, 0.0849493067344041, 0.09534921802665242]}}"
3.160999999999763,0.4559994144984249,0.0,0.4,0.4532506924209849,-8.059126321923358e-08,0.3999973372076237,"{'table_obstacle': {'pos': [0.3825981920028062, 0.37518922255766707, 0.1646257963690813], 'size': [0.049837904948193595, 0.0813235869879147, 0.05243307039854257]}, 'pillar_obstacle': {'pos': [0.39994824830915515, -0.3824307480766307, 0.23470116647765446], 'size': [0.033663755439403885, 0.20172185302840845, 0.0]}, 'small_block': {'pos': [0.6140097595303955, -0.3535133918987863, 0.1097032402875184], 'size': [0.04461973939918376, 0.0849493067344041, 0.09534921802665242]}}"
3.161999999999763,0.4559994144984249,0.0,0.4,0.4532899774445881,-8.469846362161042e-08,0.39999736608878234,"{'table_obstacle': {'pos': [0.3825981920028062, 0.37518922255766707, 0.1646257963690813], 'size': [0.049837904948193595, 0.0813235869879147, 0.05243307039854257]}, 'pillar_obstacle': {'pos': [0.39994824830915515, -0.3824307480766307, 0.23470116647765446], 'size': [0.033663755439403885, 0.20172185302840845, 0.0]}, 'small_block': {'pos': [0.6140097595303955, -0.3535133918987863, 0.1097032402875184], 'size': [0.04461973939918376, 0.0849493067344041, 0.09534921802665242]}}"
3.1629999999997627,0.4559994144984249,0.0,0.4,0.4533287012522891,-8.867371035782105e-08,0.39999739496401626,"{'table_obstacle': {'pos': [0.3825981920028062, 0.37518922255766707, 0.1646257963690813], 'size': [0.049837904948193595, 0.0813235869879147, 0.05243307039854257]}, 'pillar_obstacle': {'pos': [0.39994824830915515, -0.3824307480766307, 0.23470116647765446], 'size': [0.033663755439403885, 0.20172185302840845, 0.0]}, 'small_block': {'pos': [0.6140097595303955, -0.3535133918987863, 0.1097032402875184], 'size': [0.04461973939918376, 0.0849493067344041, 0.09534921802665242]}}"
3.1639999999997626,0.4559994144984249,0.0,0.4,0.45336687184668906,-9.251973859948696e-08,0.39999742381924774,"{'table_obstacle': {'pos': [0.3825981920028062, 0.37518922255766707, 0.1646257963690813], 'size': [0.049837904948193595, 0.0813235869879147, 0.05243307039854257]}, 'pillar_obstacle': {'pos': [0.39994824830915515, -0.3824307480766307, 0.23470116647765446], 'size': [0.033663755439403885, 0.20172185302840845, 0.0]}, 'small_block': {'pos': [0.6140097595303955, -0.3535133918987863, 0.1097032402875184], 'size': [0.04461973939918376, 0.0849493067344041, 0.09534921802665242]}}"
3.1649999999997624,0.4559994144984249,0.0,0.4,0.453404497118182,-9.623926285477899e-08,0.39999745264112235,"{'table_obstacle': {'pos': [0.3825981920028062, 0.37518922255766707, 0.1646257963690813], 'size': [0.049837904948193595, 0.0813235869879147, 0.05243307039854257]}, 'pillar_obstacle': {'pos': [0.39994824830915515, -0.3824307480766307, 0.23470116647765446], 'size': [0.033663755439403885, 0.20172185302840845, 0.0]}, 'small_block': {'pos': [0.6140097595303955, -0.3535133918987863, 0.1097032402875184], 'size': [0.04461973939918376, 0.0849493067344041, 0.09534921802665242]}}"
3.1659999999997623,0.4559994144984249,0.0,0.4,0.4534415848461911,-9.983497158332112e-08,0.3999974814169681,"{'table_obstacle': {'pos': [0.3825981920028062, 0.37518922255766707, 0.1646257963690813], 'size': [0.049837904948193595, 0.0813235869879147, 0.05243307039854257]}, 'pillar_obstacle': {'pos': [0.39994824830915515, -0.3824307480766307, 0.23470116647765446], 'size': [0.033663755439403885, 0.20172185302840845, 0.0]}, 'small_block': {'pos': [0.6140097595303955, -0.3535133918987863, 0.1097032402875184], 'size': [0.04461973939918376, 0.0849493067344041, 0.09534921802665242]}}"
3.1669999999997622,0.4559994144984249,0.0,0.4,0.45347814270045467,-1.0330952373007123e-07,0.3999975101347584,"{'table_obstacle': {'pos': [0.3825981920028062, 0.37518922255766707, 0.1646257963690813], 'size': [0.049837904948193595, 0.0813235869879147, 0.05243307039854257]}, 'pillar_obstacle': {'pos': [0.39994824830915515, -0.3824307480766307, 0.23470116647765446], 'size': [0.033663755439403885, 0.20172185302840845, 0.0]}, 'small_block': {'pos': [0.6140097595303955, -0.3535133918987863, 0.1097032402875184], 'size': [0.04461973939918376, 0.0849493067344041, 0.09534921802665242]}}"
3.167999999999762,0.4559994144984249,0.0,0.4,0.45351417824234896,-1.06665544514852e-07,0.39999753878307964,"{'table_obstacle': {'pos': [0.3825981920028062, 0.37518922255766707, 0.1646257963690813], 'size': [0.049837904948193595, 0.0813235869879147, 0.05243307039854257]}, 'pillar_obstacle': {'pos': [0.39994824830915515, -0.3824307480766307, 0.23470116647765446], 'size': [0.033663755439403885, 0.20172185302840845, 0.0]}, 'small_block': {'pos': [0.6140097595303955, -0.3535133918987863, 0.1097032402875184], 'size': [0.04461973939918376, 0.0849493067344041, 0.09534921802665242]}}"
3.168999999999762,0.4559994144984249,0.0,0.4,0.45354969892623953,-1.0990562361375649e-07,0.3999975673511,"{'table_obstacle': {'pos': [0.3825981920028062, 0.37518922255766707, 0.1646257963690813], 'size': [0.049837904948193595, 0.0813235869879147, 0.05243307039854257]}, 'pillar_obstacle': {'pos': [0.39994824830915515, -0.3824307480766307, 0.23470116647765446], 'size': [0.033663755439403885, 0.20172185302840845, 0.0]}, 'small_block': {'pos': [0.6140097595303955, -0.3535133918987863, 0.1097032402875184], 'size': [0.04461973939918376, 0.0849493067344041, 0.09534921802665242]}}"
3.169999999999762,0.4559994144984249,0.0,0.4,0.4535847121008479,-1.1303231241445928e-07,0.39999759582854216,"{'table_obstacle': {'pos': [0.3825981920028062, 0.37518922255766707, 0.1646257963690813], 'size': [0.049837904948193595, 0.0813235869879147, 0.05243307039854257]}, 'pillar_obstacle': {'pos': [0.39994824830915515, -0.3824307480766307, 0.23470116647765446], 'size': [0.033663755439403885, 0.20172185302840845, 0.0]}, 'small_block': {'pos': [0.6140097595303955, -0.3535133918987863, 0.1097032402875184], 'size': [0.04461973939918376, 0.0849493067344041, 0.09534921802665242]}}"
3.170999999999762,0.4559994144984249,0.0,0.4,0.453619225010628,-1.1604812350846498e-07,0.399997624205658,"{'table_obstacle': {'pos': [0.3825981920028062, 0.37518922255766707, 0.1646257963690813], 'size': [0.049837904948193595, 0.0813235869879147, 0.05243307039854257]}, 'pillar_obstacle': {'pos': [0.39994824830915515, -0.3824307480766307, 0.23470116647765446], 'size': [0.033663755439403885, 0.20172185302840845, 0.0]}, 'small_block': {'pos': [0.6140097595303955, -0.3535133918987863, 0.1097032402875184], 'size': [0.04461973939918376, 0.0849493067344041, 0.09534921802665242]}}"
3.1719999999997617,0.4559994144984249,0.0,0.4,0.45365324479715013,-1.1895552903904992e-07,0.3999976524732035,"{'table_obstacle': {'pos': [0.3825981920028062, 0.37518922255766707, 0.1646257963690813], 'size': [0.049837904948193595, 0.0813235869879147, 0.05243307039854257]}, 'pillar_obstacle': {'pos': [0.39994824830915515, -0.3824307480766307, 0.23470116647765446], 'size': [0.033663755439403885, 0.20172185302840845, 0.0]}, 'small_block': {'pos': [0.6140097595303955, -0.3535133918987863, 0.1097032402875184], 'size': [0.04461973939918376, 0.0849493067344041, 0.09534921802665242]}}"
3.1729999999997616,0.4559994144984249,0.0,0.4,0.4536867785004803,-1.2175696004991577e-07,0.39999768062241803,"{'table_obstacle': {'pos': [0.3825981920028062, 0.37518922255766707, 0.1646257963690813], 'size': [0.049837904948193595, 0.0813235869879147, 0.05243307039854257]}, 'pillar_obstacle': {'pos': [0.39994824830915515, -0.3824307480766307, 0.23470116647765446], 'size': [0.033663755439403885, 0.20172185302840845, 0.0]}, 'small_block': {'pos': [0.6140097595303955, -0.3535133918987863, 0.1097032402875184], 'size': [0.04461973939918376, 0.0849493067344041, 0.09534921802665242]}}"
3.1739999999997615,0.4559994144984249,0.0,0.4,0.4537198330605589,-1.244548062545759e-07,0.39999770864500334,"{'table_obstacle': {'pos': [0.3825981920028062, 0.37518922255766707, 0.1646257963690813], 'size': [0.049837904948193595, 0.0813235869879147, 0.05243307039854257]}, 'pillar_obstacle': {'pos': [0.39994824830915515, -0.3824307480766307, 0.23470116647765446], 'size': [0.033663755439403885, 0.20172185302840845, 0.0]}, 'small_block': {'pos': [0.6140097595303955, -0.3535133918987863, 0.1097032402875184], 'size': [0.04461973939918376, 0.0849493067344041, 0.09534921802665242]}}"
3.1749999999997613,0.4559994144984249,0.0,0.4,0.45375241531857197,-1.2705141520146736e-07,0.39999773653310294,"{'table_obstacle': {'pos': [0.3825981920028062, 0.37518922255766707, 0.1646257963690813], 'size': [0.049837904948193595, 0.0813235869879147, 0.05243307039854257]}, 'pillar_obstacle': {'pos': [0.39994824830915515, -0.3824307480766307, 0.23470116647765446], 'size': [0.033663755439403885, 0.20172185302840845, 0.0]}, 'small_block': {'pos': [0.6140097595303955, -0.3535133918987863, 0.1097032402875184], 'size': [0.04461973939918376, 0.0849493067344041, 0.09534921802665242]}}"
3.1759999999997612,0.4559994144984249,0.0,0.4,0.45378453201831154,-1.29549092659917e-07,0.39999776427928535,"{'table_obstacle': {'pos': [0.3825981920028062, 0.37518922255766707, 0.1646257963690813], 'size': [0.049837904948193595, 0.0813235869879147, 0.05243307039854257]}, 'pillar_obstacle': {'pos': [0.39994824830915515, -0.3824307480766307, 0.23470116647765446], 'size': [0.033663755439403885, 0.20172185302840845, 0.0]}, 'small_block': {'pos': [0.6140097595303955, -0.3535133918987863, 0.1097032402875184], 'size': [0.04461973939918376, 0.0849493067344041, 0.09534921802665242]}}"
3.176999999999761,0.4559994144984249,0.0,0.4,0.453816189807528,-1.3195010318389812e-07,0.3999977918765272,"{'table_obstacle': {'pos': [0.3825981920028062, 0.37518922255766707, 0.1646257963690813], 'size': [0.049837904948193595, 0.0813235869879147, 0.05243307039854257]}, 'pillar_obstacle': {'pos': [0.39994824830915515, -0.3824307480766307, 0.23470116647765446], 'size': [0.033663755439403885, 0.20172185302840845, 0.0]}, 'small_block': {'pos': [0.6140097595303955, -0.3535133918987863, 0.1097032402875184], 'size': [0.04461973939918376, 0.0849493067344041, 0.09534921802665242]}}"
3.177999999999761,0.4559994144984249,0.0,0.4,0.4538473952392671,-1.3425666918596256e-07,0.3999978193181936,"{'table_obstacle': {'pos': [0.3825981920028062, 0.37518922255766707, 0.1646257963690813], 'size': [0.049837904948193595, 0.0813235869879147, 0.05243307039854257]}, 'pillar_obstacle': {'pos': [0.39994824830915515, -0.3824307480766307, 0.23470116647765446], 'size': [0.033663755439403885, 0.20172185302840845, 0.0]}, 'small_block': {'pos': [0.6140097595303955, -0.3535133918987863, 0.1097032402875184], 'size': [0.04461973939918376, 0.0849493067344041, 0.09534921802665242]}}"
3.178999999999761,0.4559994144984249,0.0,0.4,0.4538781547731954,-1.3647097183859756e-07,0.39999784659802734,"{'table_obstacle': {'pos': [0.3825981920028062, 0.37518922255766707, 0.1646257963690813], 'size': [0.049837904948193595, 0.0813235869879147, 0.05243307039854257]}, 'pillar_obstacle': {'pos': [0.39994824830915515, -0.3824307480766307, 0.23470116647765446], 'size': [0.033663755439403885, 0.20172185302840845, 0.0]}, 'small_block': {'pos': [0.6140097595303955, -0.3535133918987863, 0.1097032402875184], 'size': [0.04461973939918376, 0.0849493067344041, 0.09534921802665242]}}"
3.179999999999761,0.4559994144984249,0.0,0.4,0.45390847477691004,-1.3859515138174411e-07,0.3999978737101297,"{'table_obstacle': {'pos': [0.3825981920028062, 0.37518922255766707, 0.1646257963690813], 'size': [0.049837904948193595, 0.0813235869879147, 0.05243307039854257]}, 'pillar_obstacle': {'pos': [0.39994824830915515, -0.3824307480766307, 0.23470116647765446], 'size': [0.033663755439403885, 0.20172185302840845, 0.0]}, 'small_block': {'pos': [0.6140097595303955, -0.3535133918987863, 0.1097032402875184], 'size': [0.04461973939918376, 0.0849493067344041, 0.09534921802665242]}}"
3.1809999999997607,0.4559994144984249,0.0,0.4,0.45393836152723505,-1.4063130796862586e-07,0.39999790064894947,"{'table_obstacle': {'pos': [0.3825981920028062, 0.37518922255766707, 0.1646257963690813], 'size': [0.049837904948193595, 0.0813235869879147, 0.05243307039854257]}, 'pillar_obstacle': {'pos': [0.39994824830915515, -0.3824307480766307, 0.23470116647765446], 'size': [0.033663755439403885, 0.20172185302840845, 0.0]}, 'small_block': {'pos': [0.6140097595303955, -0.3535133918987863, 0.1097032402875184], 'size': [0.04461973939918376, 0.0849493067344041, 0.09534921802665242]}}"
3.1819999999997606,0.4559994144984249,0.0,0.4,0.4539678212115008,-1.4258150115639634e-07,0.3999979274092675,"{'table_obstacle': {'pos': [0.3825981920028062, 0.37518922255766707, 0.1646257963690813], 'size': [0.049837904948193595, 0.0813235869879147, 0.05243307039854257]}, 'pillar_obstacle': {'pos': [0.39994824830915515, -0.3824307480766307, 0.23470116647765446], 'size': [0.033663755439403885, 0.20172185302840845, 0.0]}, 'small_block': {'pos': [0.6140097595303955, -0.3535133918987863, 0.1097032402875184], 'size': [0.04461973939918376, 0.0849493067344041, 0.09534921802665242]}}"
3.1829999999997605,0.4599993938800367,0.0,0.4,0.4539968599288078,-1.4444775127693924e-07,0.3999979539861849,"{'table_obstacle': {'pos': [0.3825981920028062, 0.37518922255766707, 0.1646257963690813], 'size': [0.049837904948193595, 0.0813235869879147, 0.05243307039854257]}, 'pillar_obstacle': {'pos': [0.39994824830915515, -0.3824307480766307, 0.23470116647765446], 'size': [0.033663755439403885, 0.20172185302840845, 0.0]}, 'small_block': {'pos': [0.6140097595303955, -0.3535133918987863, 0.1097032402875184], 'size': [0.04461973939918376, 0.0849493067344041, 0.09534921802665242]}}"
3.1839999999997604,0.4599993938800367,0.0,0.4,0.4540363578942114,-1.2759882317680976e-07,0.3999979106697701,"{'table_obstacle': {'pos': [0.3825981920028062, 0.37518922255766707, 0.1646257963690813], 'size': [0.049837904948193595, 0.0813235869879147, 0.05243307039854257]}, 'pillar_obstacle': {'pos': [0.39994824830915515, -0.3824307480766307, 0.23470116647765446], 'size': [0.033663755439403885, 0.20172185302840845, 0.0]}, 'small_block': {'pos': [0.6140097595303955, -0.3535133918987863, 0.1097032402875184], 'size': [0.04461973939918376, 0.0849493067344041, 0.09534921802665242]}}"
3.1849999999997602,0.4599993938800367,0.0,0.4,0.45408409629773727,-9.975460973336375e-08,0.39999782358066904,"{'table_obstacle': {'pos': [0.3825981920028062, 0.37518922255766707, 0.1646257963690813], 'size': [0.049837904948193595, 0.0813235869879147, 0.05243307039854257]}, 'pillar_obstacle': {'pos': [0.39994824830915515, -0.3824307480766307, 0.23470116647765446], 'size': [0.033663755439403885, 0.20172185302840845, 0.0]}, 'small_block': {'pos': [0.6140097595303955, -0.3535133918987863, 0.1097032402875184], 'size': [0.04461973939918376, 0.0849493067344041, 0.09534921802665242]}}"
3.18599999999976,0.4599993938800367,0.0,0.4,0.4541382817098575,-6.633889096049056e-08,0.39999771125943967,"{'table_obstacle': {'pos': [0.3825981920028062, 0.37518922255766707, 0.1646257963690813], 'size': [0.049837904948193595, 0.0813235869879147, 0.05243307039854257]}, 'pillar_obstacle': {'pos': [0.39994824830915515, -0.3824307480766307, 0.23470116647765446], 'size': [0.033663755439403885, 0.20172185302840845, 0.0]}, 'small_block': {'pos': [0.6140097595303955, -0.3535133918987863, 0.1097032402875184], 'size': [0.04461973939918376, 0.0849493067344041, 0.09534921802665242]}}"
3.18699999999976,0.4599993938800367,0.0,0.4,0.45419746517354376,-3.1078807459800306e-08,0.3999975866954794,"{'table_obstacle': {'pos': [0.3825981920028062, 0.37518922255766707, 0.1646257963690813], 'size': [0.049837904948193595, 0.0813235869879147, 0.05243307039854257]}, 'pillar_obstacle': {'pos': [0.39994824830915515, -0.3824307480766307, 0.23470116647765446], 'size': [0.033663755439403885, 0.20172185302840845, 0.0]}, 'small_block': {'pos': [0.6140097595303955, -0.3535133918987863, 0.1097032402875184], 'size': [0.04461973939918376, 0.0849493067344041, 0.09534921802665242]}}"
3.18799999999976,0.4599993938800367,0.0,0.4,0.4542604766516598,3.5418338664802225e-09,0.3999974588239337,"{'table_obstacle': {'pos': [0.3825981920028062, 0.37518922255766707, 0.1646257963690813], 'size': [0.049837904948193595, 0.0813235869879147, 0.05243307039854257]}, 'pillar_obstacle': {'pos': [0.39994824830915515, -0.3824307480766307, 0.23470116647765446], 'size': [0.033663755439403885, 0.20172185302840845, 0.0]}, 'small_block': {'pos': [0.6140097595303955, -0.3535133918987863, 0.1097032402875184], 'size': [0.04461973939918376, 0.0849493067344041, 0.09534921802665242]}}"
3.18899999999976,0.4599993938800367,0.0,0.4,0.454326371924738,3.594119455677958e-08,0.39999733363197676,"{'table_obstacle': {'pos': [0.3825981920028062, 0.37518922255766707, 0.1646257963690813], 'size': [0.049837904948193595, 0.0813235869879147, 0.05243307039854257]}, 'pillar_obstacle': {'pos': [0.39994824830915515, -0.3824307480766307, 0.23470116647765446], 'size': [0.033663755439403885, 0.20172185302840845, 0.0]}, 'small_block': {'pos': [0.6140097595303955, -0.3535133918987863, 0.1097032402875184], 'size': [0.04461973939918376, 0.0849493067344041, 0.09534921802665242]}}"
3.1899999999997597,0.4599993938800367,0.0,0.4,0.4543943895804865,6.518357638097096e-08,0.39999721497692714,"{'table_obstacle': {'pos': [0.3825981920028062, 0.37518922255766707, 0.1646257963690813], 'size': [0.049837904948193595, 0.0813235869879147, 0.05243307039854257]}, 'pillar_obstacle': {'pos': [0.39994824830915515, -0.3824307480766307, 0.23470116647765446], 'size': [0.033663755439403885, 0.20172185302840845, 0.0]}, 'small_block': {'pos': [0.6140097595303955, -0.3535133918987863, 0.1097032402875184], 'size': [0.04461973939918376, 0.0849493067344041, 0.09534921802665242]}}"
3.1909999999997596,0.4599993938800367,0.0,0.4,0.45446391618108156,9.078878288865871e-08,0.3999971051909623,"{'table_obstacle': {'pos': [0.3825981920028062, 0.37518922255766707, 0.1646257963690813], 'size': [0.049837904948193595, 0.0813235869879147, 0.05243307039854257]}, 'pillar_obstacle': {'pos': [0.39994824830915515, -0.3824307480766307, 0.23470116647765446], 'size': [0.033663755439403885, 0.20172185302840845, 0.0]}, 'small_block': {'pos': [0.6140097595303955, -0.3535133918987863, 0.1097032402875184], 'size': [0.04461973939918376, 0.0849493067344041, 0.09534921802665242]}}"
3.1919999999997595,0.4599993938800367,0.0,0.4,0.4545344580559162,1.1259101208208992e-07,0.39999700552732637,"{'table_obstacle': {'pos': [0.3825981920028062, 0.37518922255766707, 0.1646257963690813], 'size': [0.049837904948193595, 0.0813235869879147, 0.05243307039854257]}, 'pillar_obstacle': {'pos': [0.39994824830915515, -0.3824307480766307, 0.23470116647765446], 'size': [0.033663755439403885, 0.20172185302840845, 0.0]}, 'small_block': {'pos': [0.6140097595303955, -0.3535133918987863, 0.1097032402875184], 'size': [0.04461973939918376, 0.0849493067344041, 0.09534921802665242]}}"
3.1929999999997594,0.4599993938800367,0.0,0.4,0.4546056184612548,1.3063524936646614e-07,0.39999691648857655,"{'table_obstacle': {'pos': [0.3825981920028062, 0.37518922255766707, 0.1646257963690813], 'size': [0.049837904948193595, 0.0813235869879147, 0.05243307039854257]}, 'pillar_obstacle': {'pos': [0.39994824830915515, -0.3824307480766307, 0.23470116647765446], 'size': [0.033663755439403885, 0.20172185302840845, 0.0]}, 'small_block': {'pos': [0.6140097595303955, -0.3535133918987863, 0.1097032402875184], 'size': [0.04461973939918376, 0.0849493067344041, 0.09534921802665242]}}"
3.1939999999997593,0.4599993938800367,0.0,0.4,0.4546770790867414,1.4510193616681017e-07,0.39999683806694003,"{'table_obstacle': {'pos': [0.3825981920028062, 0.37518922255766707, 0.1646257963690813], 'size': [0.049837904948193595, 0.0813235869879147, 0.05243307039854257]}, 'pillar_obstacle': {'pos': [0.39994824830915515, -0.3824307480766307, 0.23470116647765446], 'size': [0.033663755439403885, 0.20172185302840845, 0.0]}, 'small_block': {'pos': [0.6140097595303955, -0.3535133918987863, 0.1097032402875184], 'size': [0.04461973939918376, 0.0849493067344041, 0.09534921802665242]}}"
3.194999999999759,0.4599993938800367,0.0,0.4,0.4547485850822101,1.562528569038692e-07,0.39999676991919364,"{'table_obstacle': {'pos': [0.3825981920028062, 0.37518922255766707, 0.1646257963690813], 'size': [0.049837904948193595, 0.0813235869879147, 0.05243307039854257]}, 'pillar_obstacle': {'pos': [0.39994824830915515, -0.3824307480766307, 0.23470116647765446], 'size': [0.033663755439403885, 0.20172185302840845, 0.0]}, 'small_block': {'pos': [0.6140097595303955, -0.3535133918987863, 0.1097032402875184], 'size': [0.04461973939918376, 0.0849493067344041, 0.09534921802665242]}}"
3.195999999999759,0.4599993938800367,0.0,0.4,0.4548199329351816,1.6439285957629504e-07,0.3999967114928111,"{'table_obstacle': {'pos': [0.3825981920028062, 0.37518922255766707, 0.1646257963690813], 'size': [0.049837904948193595, 0.0813235869879147, 0.05243307039854257]}, 'pillar_obstacle': {'pos': [0.39994824830915515, -0.3824307480766307, 0.23470116647765446], 'size': [0.033663755439403885, 0.20172185302840845, 0.0]}, 'small_block': {'pos': [0.6140097595303955, -0.3535133918987863, 0.1097032402875184], 'size': [0.04461973939918376, 0.0849493067344041, 0.09534921802665242]}}"
3.196999999999759,0.4599993938800367,0.0,0.4,0.4548909606566511,1.698433145157041e-07,0.3999966621159134,"{'table_obstacle': {'pos': [0.3825981920028062, 0.37518922255766707, 0.1646257963690813], 'size': [0.049837904948193595, 0.0813235869879147, 0.05243307039854257]}, 'pillar_obstacle': {'pos': [0.39994824830915515, -0.3824307480766307, 0.23470116647765446], 'size': [0.033663755439403885, 0.20172185302840845, 0.0]}, 'small_block': {'pos': [0.6140097595303955, -0.3535133918987863, 0.1097032402875184], 'size': [0.04461973939918376, 0.0849493067344041, 0.09534921802665242]}}"
3.197999999999759,0.4599993938800367,0.0,0.4,0.4549615398358696,1.7292420946723127e-07,0.3999966210604314,"{'table_obstacle': {'pos': [0.3825981920028062, 0.37518922255766707, 0.1646257963690813], 'size': [0.049837904948193595, 0.0813235869879147, 0.05243307039854257]}, 'pillar_obstacle': {'pos': [0.39994824830915515, -0.3824307480766307, 0.23470116647765446], 'size': [0.033663755439403885, 0.20172185302840845, 0.0]}, 'small_block': {'pos': [0.6140097595303955, -0.3535133918987863, 0.1097032402875184], 'size': [0.04461973939918376, 0.0849493067344041, 0.09534921802665242]}}"
3.1989999999997587,0.4599993938800367,0.0,0.4,0.45503156920837695,1.7394253442002724e-07,0.3999965875855326,"{'table_obstacle': {'pos': [0.3825981920028062, 0.37518922255766707, 0.1646257963690813], 'size': [0.049837904948193595, 0.0813235869879147, 0.05243307039854257]}, 'pillar_obstacle': {'pos': [0.39994824830915515, -0.3824307480766307, 0.23470116647765446], 'size': [0.033663755439403885, 0.20172185302840845, 0.0]}, 'small_block': {'pos': [0.6140097595303955, -0.3535133918987863, 0.1097032402875184], 'size': [0.04461973939918376, 0.0849493067344041, 0.09534921802665242]}}"
3.1999999999997586,0.4599993938800367,0.0,0.4,0.4551009694492043,1.7318519891787172e-07,0.3999965609666013,"{'table_obstacle': {'pos': [0.3825981920028062, 0.37518922255766707, 0.1646257963690813], 'size': [0.049837904948193595, 0.0813235869879147, 0.05243307039854257]}, 'pillar_obstacle': {'pos': [0.39994824830915515, -0.3824307480766307, 0.23470116647765446], 'size': [0.033663755439403885, 0.20172185302840845, 0.0]}, 'small_block': {'pos': [0.6140097595303955, -0.3535133918987863, 0.1097032402875184], 'size': [0.04461973939918376, 0.0849493067344041, 0.09534921802665242]}}"
3.2009999999997585,0.4599993938800367,0.0,0.4,0.45516967895799815,1.7091516537440416e-07,0.39999654051373307,"{'table_obstacle': {'pos': [0.3825981920028062, 0.37518922255766707, 0.1646257963690813], 'size': [0.049837904948193595, 0.0813235869879147, 0.05243307039854257]}, 'pillar_obstacle': {'pos': [0.39994824830915515, -0.3824307480766307, 0.23470116647765446], 'size': [0.033663755439403885, 0.20172185302840845, 0.0]}, 'small_block': {'pos': [0.6140097595303955, -0.3535133918987863, 0.1097032402875184], 'size': [0.04461973939918376, 0.0849493067344041, 0.09534921802665242]}}"
3.2019999999997584,0.4599993938800367,0.0,0.4,0.4552376504471953,1.6736982134458265e-07,0.3999965255827005,"{'table_obstacle': {'pos': [0.3825981920028062, 0.37518922255766707, 0.1646257963690813], 'size': [0.049837904948193595, 0.0813235869879147, 0.05243307039854257]}, 'pillar_obstacle': {'pos': [0.39994824830915515, -0.3824307480766307, 0.23470116647765446], 'size': [0.033663755439403885, 0.20172185302840845, 0.0]}, 'small_block': {'pos': [0.6140097595303955, -0.3535133918987863, 0.1097032402875184], 'size': [0.04461973939918376, 0.0849493067344041, 0.09534921802665242]}}"
3.2029999999997583,0.4599993938800367,0.0,0.4,0.4553048481803444,1.6276087278900446e-07,0.39999651558059174,"{'table_obstacle': {'pos': [0.3825981920028062, 0.37518922255766707, 0.1646257963690813], 'size': [0.049837904948193595, 0.0813235869879147, 0.05243307039854257]}, 'pillar_obstacle': {'pos': [0.39994824830915515, -0.3824307480766307, 0.23470116647765446], 'size': [0.033663755439403885, 0.20172185302840845, 0.0]}, 'small_block': {'pos': [0.6140097595303955, -0.3535133918987863, 0.1097032402875184], 'size': [0.04461973939918376, 0.0849493067344041, 0.09534921802665242]}}"
3.203999999999758,0.4599993938800367,0.0,0.4,0.45537124573677173,1.5727523015404305e-07,0.3999965099677498,"{'table_obstacle': {'pos': [0.3825981920028062, 0.37518922255766707, 0.1646257963690813], 'size': [0.049837904948193595, 0.0813235869879147, 0.05243307039854257]}, 'pillar_obstacle': {'pos': [0.39994824830915515, -0.3824307480766307, 0.23470116647765446], 'size': [0.033663755439403885, 0.20172185302840845, 0.0]}, 'small_block': {'pos': [0.6140097595303955, -0.3535133918987863, 0.1097032402875184], 'size': [0.04461973939918376, 0.0849493067344041, 0.09534921802665242]}}"
3.204999999999758,0.4599993938800367,0.0,0.4,0.45543682420235915,1.5107651169000998e-07,0.3999965082572138,"{'table_obstacle': {'pos': [0.3825981920028062, 0.37518922255766707, 0.1646257963690813], 'size': [0.049837904948193595, 0.0813235869879147, 0.05243307039854257]}, 'pillar_obstacle': {'pos': [0.39994824830915515, -0.3824307480766307, 0.23470116647765446], 'size': [0.033663755439403885, 0.20172185302840845, 0.0]}, 'small_block': {'pos': [0.6140097595303955, -0.3535133918987863, 0.1097032402875184], 'size': [0.04461973939918376, 0.0849493067344041, 0.09534921802665242]}}"
3.205999999999758,0.4599993938800367,0.0,0.4,0.45550157070529546,1.4430689022258294e-07,0.399996510012533,"{'table_obstacle': {'pos': [0.3825981920028062, 0.37518922255766707, 0.1646257963690813], 'size': [0.049837904948193595, 0.0813235869879147, 0.05243307039854257]}, 'pillar_obstacle': {'pos': [0.39994824830915515, -0.3824307480766307, 0.23470116647765446], 'size': [0.033663755439403885, 0.20172185302840845, 0.0]}, 'small_block': {'pos': [0.6140097595303955, -0.3535133918987863, 0.1097032402875184], 'size': [0.04461973939918376, 0.0849493067344041, 0.09534921802665242]}}"
3.206999999999758,0.4599993938800367,0.0,0.4,0.455565477231102,1.3708909698226623e-07,0.3999965148445934,"{'table_obstacle': {'pos': [0.3825981920028062, 0.37518922255766707, 0.1646257963690813], 'size': [0.049837904948193595, 0.0813235869879147, 0.05243307039854257]}, 'pillar_obstacle': {'pos': [0.39994824830915515, -0.3824307480766307, 0.23470116647765446], 'size': [0.033663755439403885, 0.20172185302840845, 0.0]}, 'small_block': {'pos': [0.6140097595303955, -0.3535133918987863, 0.1097032402875184], 'size': [0.04461973939918376, 0.0849493067344041, 0.09534921802665242]}}"
3.2079999999997577,0.4599993938800367,0.0,0.4,0.45562853966375355,1.295284532637871e-07,0.3999965224078992,"{'table_obstacle': {'pos': [0.3825981920028062, 0.37518922255766707, 0.1646257963690813], 'size': [0.049837904948193595, 0.0813235869879147, 0.05243307039854257]}, 'pillar_obstacle': {'pos': [0.39994824830915515, -0.3824307480766307, 0.23470116647765446], 'size': [0.033663755439403885, 0.20172185302840845, 0.0]}, 'small_block': {'pos': [0.6140097595303955, -0.3535133918987863, 0.1097032402875184], 'size': [0.04461973939918376, 0.0849493067344041, 0.09534921802665242]}}"
3.2089999999997576,0.4599993938800367,0.0,0.4,0.45569075700983197,1.2171484282898327e-07,0.39999653239662925,"{'table_obstacle': {'pos': [0.3825981920028062, 0.37518922255766707, 0.1646257963690813], 'size': [0.049837904948193595, 0.0813235869879147, 0.05243307039854257]}, 'pillar_obstacle': {'pos': [0.39994824830915515, -0.3824307480766307, 0.23470116647765446], 'size': [0.033663755439403885, 0.20172185302840845, 0.0]}, 'small_block': {'pos': [0.6140097595303955, -0.3535133918987863, 0.1097032402875184], 'size': [0.04461973939918376, 0.0849493067344041, 0.09534921802665242]}}"
3.2099999999997575,0.4599993938800367,0.0,0.4,0.4557521307708629,1.1372457583101876e-07,0.399996544540683,"{'table_obstacle': {'pos': [0.3825981920028062, 0.37518922255766707, 0.1646257963690813], 'size': [0.049837904948193595, 0.0813235869879147, 0.05243307039854257]}, 'pillar_obstacle': {'pos': [0.39994824830915515, -0.3824307480766307, 0.23470116647765446], 'size': [0.033663755439403885, 0.20172185302840845, 0.0]}, 'small_block': {'pos': [0.6140097595303955, -0.3535133918987863, 0.1097032402875184], 'size': [0.04461973939918376, 0.0849493067344041, 0.09534921802665242]}}"
3.2109999999997574,0.4599993938800367,0.0,0.4,0.4558126644356071,1.0562210908934984e-07,0.39999655860185723,"{'table_obstacle': {'pos': [0.3825981920028062, 0.37518922255766707, 0.1646257963690813], 'size': [0.049837904948193595, 0.0813235869879147, 0.05243307039854257]}, 'pillar_obstacle': {'pos': [0.39994824830915515, -0.3824307480766307, 0.23470116647765446], 'size': [0.033663755439403885, 0.20172185302840845, 0.0]}, 'small_block': {'pos': [0.6140097595303955, -0.3535133918987863, 0.1097032402875184], 'size': [0.04461973939918376, 0.0849493067344041, 0.09534921802665242]}}"
3.2119999999997573,0.4599993938800367,0.0,0.4,0.4558723630694686,9.746161165161234e-08,0.3999965743702438,"{'table_obstacle': {'pos': [0.3825981920028062, 0.37518922255766707, 0.1646257963690813], 'size': [0.049837904948193595, 0.0813235869879147, 0.05243307039854257]}, 'pillar_obstacle': {'pos': [0.39994824830915515, -0.3824307480766307, 0.23470116647765446], 'size': [0.033663755439403885, 0.20172185302840845, 0.0]}, 'small_block': {'pos': [0.6140097595303955, -0.3535133918987863, 0.1097032402875184], 'size': [0.04461973939918376, 0.0849493067344041, 0.09534921802665242]}}"
3.212999999999757,0.4599993938800367,0.0,0.4,0.45593123298251853,8.928836986550468e-08,0.3999965916608977,"{'table_obstacle': {'pos': [0.3825981920028062, 0.37518922255766707, 0.1646257963690813], 'size': [0.049837904948193595, 0.0813235869879147, 0.05243307039854257]}, 'pillar_obstacle': {'pos': [0.39994824830915515, -0.3824307480766307, 0.23470116647765446], 'size': [0.033663755439403885, 0.20172185302840845, 0.0]}, 'small_block': {'pos': [0.6140097595303955, -0.3535133918987863, 0.1097032402875184], 'size': [0.04461973939918376, 0.0849493067344041, 0.09534921802665242]}}"
3.213999999999757,0.4599993938800367,0.0,0.4,0.45598928146116224,8.114003587278352e-08,0.399996610310802,"{'table_obstacle': {'pos': [0.3825981920028062, 0.37518922255766707, 0.1646257963690813], 'size': [0.049837904948193595, 0.0813235869879147, 0.05243307039854257]}, 'pillar_obstacle': {'pos': [0.39994824830915515, -0.3824307480766307, 0.23470116647765446], 'size': [0.033663755439403885, 0.20172185302840845, 0.0]}, 'small_block': {'pos': [0.6140097595303955, -0.3535133918987863, 0.1097032402875184], 'size': [0.04461973939918376, 0.0849493067344041, 0.09534921802665242]}}"
3.214999999999757,0.4599993938800367,0.0,0.4,0.4560465165513292,7.304772797046168e-08,0.39999663017613224,"{'table_obstacle': {'pos': [0.3825981920028062, 0.37518922255766707, 0.1646257963690813], 'size': [0.049837904948193595, 0.0813235869879147, 0.05243307039854257]}, 'pillar_obstacle': {'pos': [0.39994824830915515, -0.3824307480766307, 0.23470116647765446], 'size': [0.033663755439403885, 0.20172185302840845, 0.0]}, 'small_block': {'pos': [0.6140097595303955, -0.3535133918987863, 0.1097032402875184], 'size': [0.04461973939918376, 0.0849493067344041, 0.09534921802665242]}}"
3.215999999999757,0.4599993938800367,0.0,0.4,0.45610294688336667,6.503699312058803e-08,0.3999966511298127,"{'table_obstacle': {'pos': [0.3825981920028062, 0.37518922255766707, 0.1646257963690813], 'size': [0.049837904948193595, 0.0813235869879147, 0.05243307039854257]}, 'pillar_obstacle': {'pos': [0.39994824830915515, -0.3824307480766307, 0.23470116647765446], 'size': [0.033663755439403885, 0.20172185302840845, 0.0]}, 'small_block': {'pos': [0.6140097595303955, -0.3535133918987863, 0.1097032402875184], 'size': [0.04461973939918376, 0.0849493067344041, 0.09534921802665242]}}"
3.2169999999997567,0.4599993938800367,0.0,0.4,0.4561585815306981,5.712864464827605e-08,0.3999966730593549,"{'table_obstacle': {'pos': [0.3825981920028062, 0.37518922255766707, 0.1646257963690813], 'size': [0.049837904948193595, 0.0813235869879147, 0.05243307039854257]}, 'pillar_obstacle': {'pos': [0.39994824830915515, -0.3824307480766307, 0.23470116647765446], 'size': [0.033663755439403885, 0.20172185302840845, 0.0]}, 'small_block': {'pos': [0.6140097595303955, -0.3535133918987863, 0.1097032402875184], 'size': [0.04461973939918376, 0.0849493067344041, 0.09534921802665242]}}"
3.2179999999997566,0.4599993938800367,0.0,0.4,0.45621342989580765,4.9339485556615825e-08,0.39999669586495235,"{'table_obstacle': {'pos': [0.3825981920028062, 0.37518922255766707, 0.1646257963690813], 'size': [0.049837904948193595, 0.0813235869879147, 0.05243307039854257]}, 'pillar_obstacle': {'pos': [0.39994824830915515, -0.3824307480766307, 0.23470116647765446], 'size': [0.033663755439403885, 0.20172185302840845, 0.0]}, 'small_block': {'pos': [0.6140097595303955, -0.3535133918987863, 0.1097032402875184], 'size': [0.04461973939918376, 0.0849493067344041, 0.09534921802665242]}}"
3.2189999999997565,0.4599993938800367,0.0,0.4,0.45626750161834534,4.1682933252959255e-08,0.39999671945781234,"{'table_obstacle': {'pos': [0.3825981920028062, 0.37518922255766707, 0.1646257963690813], 'size': [0.049837904948193595, 0.0813235869879147, 0.05243307039854257]}, 'pillar_obstacle': {'pos': [0.39994824830915515, -0.3824307480766307, 0.23470116647765446], 'size': [0.033663755439403885, 0.20172185302840845, 0.0]}, 'small_block': {'pos': [0.6140097595303955, -0.3535133918987863, 0.1097032402875184], 'size': [0.04461973939918376, 0.0849493067344041, 0.09534921802665242]}}"
3.2199999999997564,0.4599993938800367,0.0,0.4,0.4563208065011367,3.4169553835388707e-08,0.39999674375870176,"{'table_obstacle': {'pos': [0.3825981920028062, 0.37518922255766707, 0.1646257963690813], 'size': [0.049837904948193595, 0.0813235869879147, 0.05243307039854257]}, 'pillar_obstacle': {'pos': [0.39994824830915515, -0.3824307480766307, 0.23470116647765446], 'size': [0.033663755439403885, 0.20172185302840845, 0.0]}, 'small_block': {'pos': [0.6140097595303955, -0.3535133918987863, 0.1097032402875184], 'size': [0.04461973939918376, 0.0849493067344041, 0.09534921802665242]}}"
3.2209999999997563,0.4599993938800367,0.0,0.4,0.45637335445068344,2.6807520035903275e-08,0.3999967686966854,"{'table_obstacle': {'pos': [0.3825981920028062, 0.37518922255766707, 0.1646257963690813], 'size': [0.049837904948193595, 0.0813235869879147, 0.05243307039854257]}, 'pillar_obstacle': {'pos': [0.39994824830915515, -0.3824307480766307, 0.23470116647765446], 'size': [0.033663755439403885, 0.20172185302840845, 0.0]}, 'small_block': {'pos': [0.6140097595303955, -0.3535133918987863, 0.1097032402875184], 'size': [0.04461973939918376, 0.0849493067344041, 0.09534921802665242]}}"
3.221999999999756,0.4599993938800367,0.0,0.4,0.4564251554293882,1.9602999730727472e-08,0.39999679420803225,"{'table_obstacle': {'pos': [0.3825981920028062, 0.37518922255766707, 0.1646257963690813], 'size': [0.049837904948193595, 0.0813235869879147, 0.05243307039854257]}, 'pillar_obstacle': {'pos': [0.39994824830915515, -0.3824307480766307, 0.23470116647765446], 'size': [0.033663755439403885, 0.20172185302840845, 0.0]}, 'small_block': {'pos': [0.6140097595303955, -0.3535133918987863, 0.1097032402875184], 'size': [0.04461973939918376, 0.0849493067344041, 0.09534921802665242]}}"
3.222999999999756,0.4599993938800367,0.0,0.4,0.4564762194172719,1.2560488499186332e-08,0.39999682023527117,"{'table_obstacle': {'pos': [0.3825981920028062, 0.37518922255766707, 0.1646257963690813], 'size': [0.049837904948193595, 0.0813235869879147, 0.05243307039854257]}, 'pillar_obstacle': {'pos': [0.39994824830915515, -0.3824307480766307, 0.23470116647765446], 'size': [0.033663755439403885, 0.20172185302840845, 0.0]}, 'small_block': {'pos': [0.6140097595303955, -0.3535133918987863, 0.1097032402875184], 'size': [0.04461973939918376, 0.0849493067344041, 0.09534921802665242]}}"
3.223999999999756,0.4599993938800367,0.0,0.4,0.45652655638136597,5.683088061945996e-09,0.39999684672637953,"{'table_obstacle': {'pos': [0.3825981920028062, 0.37518922255766707, 0.1646257963690813], 'size': [0.049837904948193595, 0.0813235869879147, 0.05243307039854257]}, 'pillar_obstacle': {'pos': [0.39994824830915515, -0.3824307480766307, 0.23470116647765446], 'size': [0.033663755439403885, 0.20172185302840845, 0.0]}, 'small_block': {'pos': [0.6140097595303955, -0.3535133918987863, 0.1097032402875184], 'size': [0.04461973939918376, 0.0849493067344041, 0.09534921802665242]}}"
3.224999999999756,0.4599993938800367,0.0,0.4,0.4565761762513165,-1.0272551213693328e-09,0.3999968736340834,"{'table_obstacle': {'pos': [0.3825981920028062, 0.37518922255766707, 0.1646257963690813], 'size': [0.049837904948193595, 0.0813235869879147, 0.05243307039854257]}, 'pillar_obstacle': {'pos': [0.39994824830915515, -0.3824307480766307, 0.23470116647765446], 'size': [0.033663755439403885, 0.20172185302840845, 0.0]}, 'small_block': {'pos': [0.6140097595303955, -0.3535133918987863, 0.1097032402875184], 'size': [0.04461973939918376, 0.0849493067344041, 0.09534921802665242]}}"
3.2259999999997557,0.4599993938800367,0.0,0.4,0.4566250889000121,-7.569550762021389e-09,0.39999690091525686,"{'table_obstacle': {'pos': [0.3825981920028062, 0.37518922255766707, 0.1646257963690813], 'size': [0.049837904948193595, 0.0813235869879147, 0.05243307039854257]}, 'pillar_obstacle': {'pos': [0.39994824830915515, -0.3824307480766307, 0.23470116647765446], 'size': [0.033663755439403885, 0.20172185302840845, 0.0]}, 'small_block': {'pos': [0.6140097595303955, -0.3535133918987863, 0.1097032402875184], 'size': [0.04461973939918376, 0.0849493067344041, 0.09534921802665242]}}"
3.2269999999997556,0.4599993938800367,0.0,0.4,0.45667330412827234,-1.3943596205810222e-08,0.3999969285304104,"{'table_obstacle': {'pos': [0.3825981920028062, 0.37518922255766707, 0.1646257963690813], 'size': [0.049837904948193595, 0.0813235869879147, 0.05243307039854257]}, 'pillar_obstacle': {'pos': [0.39994824830915515, -0.3824307480766307, 0.23470116647765446], 'size': [0.033663755439403885, 0.20172185302840845, 0.0]}, 'small_block': {'pos': [0.6140097595303955, -0.3535133918987863, 0.1097032402875184], 'size': [0.04461973939918376, 0.0849493067344041, 0.09534921802665242]}}"
3.2279999999997555,0.4599993938800367,0.0,0.4,0.4567208316528235,-2.014983535813837e-08,0.39999695644324496,"{'table_obstacle': {'pos': [0.3825981920028062, 0.37518922255766707, 0.1646257963690813], 'size': [0.049837904948193595, 0.0813235869879147, 0.05243307039854257]}, 'pillar_obstacle': {'pos': [0.39994824830915515, -0.3824307480766307, 0.23470116647765446], 'size': [0.033663755439403885, 0.20172185302840845, 0.0]}, 'small_block': {'pos': [0.6140097595303955, -0.3535133918987863, 0.1097032402875184], 'size': [0.04461973939918376, 0.0849493067344041, 0.09534921802665242]}}"
3.2289999999997554,0.4599993938800367,0.0,0.4,0.45676768109692373,-2.618923995912248e-08,0.39999698462027916,"{'table_obstacle': {'pos': [0.3825981920028062, 0.37518922255766707, 0.1646257963690813], 'size': [0.049837904948193595, 0.0813235869879147, 0.05243307039854257]}, 'pillar_obstacle': {'pos': [0.39994824830915515, -0.3824307480766307, 0.23470116647765446], 'size': [0.033663755439403885, 0.20172185302840845, 0.0]}, 'small_block': {'pos': [0.6140097595303955, -0.3535133918987863, 0.1097032402875184], 'size': [0.04461973939918376, 0.0849493067344041, 0.09534921802665242]}}"
3.2299999999997553,0.4599993938800367,0.0,0.4,0.4568138619831344,-3.206321109347779e-08,0.3999970130305229,"{'table_obstacle': {'pos': [0.3825981920028062, 0.37518922255766707, 0.1646257963690813], 'size': [0.049837904948193595, 0.0813235869879147, 0.05243307039854257]}, 'pillar_obstacle': {'pos': [0.39994824830915515, -0.3824307480766307, 0.23470116647765446], 'size': [0.033663755439403885, 0.20172185302840845, 0.0]}, 'small_block': {'pos': [0.6140097595303955, -0.3535133918987863, 0.1097032402875184], 'size': [0.04461973939918376, 0.0849493067344041, 0.09534921802665242]}}"
3.230999999999755,0.4599993938800367,0.0,0.4,0.45685938372782287,-3.777349568832565e-08,0.39999704164520095,"{'table_obstacle': {'pos': [0.3825981920028062, 0.37518922255766707, 0.1646257963690813], 'size': [0.049837904948193595, 0.0813235869879147, 0.05243307039854257]}, 'pillar_obstacle': {'pos': [0.39994824830915515, -0.3824307480766307, 0.23470116647765446], 'size': [0.033663755439403885, 0.20172185302840845, 0.0]}, 'small_block': {'pos': [0.6140097595303955, -0.3535133918987863, 0.1097032402875184], 'size': [0.04461973939918376, 0.0849493067344041, 0.09534921802665242]}}"
3.231999999999755,0.4599993938800367,0.0,0.4,0.45690425563705783,-4.332211733629636e-08,0.3999970704375149,"{'table_obstacle': {'pos': [0.3825981920028062, 0.37518922255766707, 0.1646257963690813], 'size': [0.049837904948193595, 0.0813235869879147, 0.05243307039854257]}, 'pillar_obstacle': {'pos': [0.39994824830915515, -0.3824307480766307, 0.23470116647765446], 'size': [0.033663755439403885, 0.20172185302840845, 0.0]}, 'small_block': {'pos': [0.6140097595303955, -0.3535133918987863, 0.1097032402875184], 'size': [0.04461973939918376, 0.0849493067344041, 0.09534921802665242]}}"
3.232999999999755,0.4599993938800367,0.0,0.4,0.45694848690363615,-4.871131948313903e-08,0.3999970993824394,"{'table_obstacle': {'pos': [0.3825981920028062, 0.37518922255766707, 0.1646257963690813], 'size': [0.049837904948193595, 0.0813235869879147, 0.05243307039854257]}, 'pillar_obstacle': {'pos': [0.39994824830915515, -0.3824307480766307, 0.23470116647765446], 'size': [0.033663755439403885, 0.20172185302840845, 0.0]}, 'small_block': {'pos': [0.6140097595303955, -0.3535133918987863, 0.1097032402875184], 'size': [0.04461973939918376, 0.0849493067344041, 0.09534921802665242]}}"
3.233999999999755,0.4599993938800367,0.0,0.4,0.45699208660501045,-5.394351714687978e-08,0.3999971284565459,"{'table_obstacle': {'pos': [0.3825981920028062, 0.37518922255766707, 0.1646257963690813], 'size': [0.049837904948193595, 0.0813235869879147, 0.05243307039854257]}, 'pillar_obstacle': {'pos': [0.39994824830915515, -0.3824307480766307, 0.23470116647765446], 'size': [0.033663755439403885, 0.20172185302840845, 0.0]}, 'small_block': {'pos': [0.6140097595303955, -0.3535133918987863, 0.1097032402875184], 'size': [0.04461973939918376, 0.0849493067344041, 0.09534921802665242]}}"
3.2349999999997547,0.4599993938800367,0.0,0.4,0.45703506370195,-5.9021257272247886e-08,0.39999715763785243,"{'table_obstacle': {'pos': [0.3825981920028062, 0.37518922255766707, 0.1646257963690813], 'size': [0.049837904948193595, 0.0813235869879147, 0.05243307039854257]}, 'pillar_obstacle': {'pos': [0.39994824830915515, -0.3824307480766307, 0.23470116647765446], 'size': [0.033663755439403885, 0.20172185302840845, 0.0]}, 'small_block': {'pos': [0.6140097595303955, -0.3535133918987863, 0.1097032402875184], 'size': [0.04461973939918376, 0.0849493067344041, 0.09534921802665242]}}"
3.2359999999997546,0.4599993938800367,0.0,0.4,0.4570774270377867,-6.394718630455237e-08,0.39999718690569286,"{'table_obstacle': {'pos': [0.3825981920028062, 0.37518922255766707, 0.1646257963690813], 'size': [0.049837904948193595, 0.0813235869879147, 0.05243307039854257]}, 'pillar_obstacle': {'pos': [0.39994824830915515, -0.3824307480766307, 0.23470116647765446], 'size': [0.033663755439403885, 0.20172185302840845, 0.0]}, 'small_block': {'pos': [0.6140097595303955, -0.3535133918987863, 0.1097032402875184], 'size': [0.04461973939918376, 0.0849493067344041, 0.09534921802665242]}}"
3.2369999999997545,0.4599993938800367,0.0,0.4,0.4571191853381289,-6.872402217945856e-08,0.3999972162406033,"{'table_obstacle': {'pos': [0.3825981920028062, 0.37518922255766707, 0.1646257963690813], 'size': [0.049837904948193595, 0.0813235869879147, 0.05243307039854257]}, 'pillar_obstacle': {'pos': [0.39994824830915515, -0.3824307480766307, 0.23470116647765446], 'size': [0.033663755439403885, 0.20172185302840845, 0.0]}, 'small_block': {'pos': [0.6140097595303955, -0.3535133918987863, 0.1097032402875184], 'size': [0.04461973939918376, 0.0849493067344041, 0.09534921802665242]}}"
3.2379999999997544,0.4599993938800367,0.0,0.4,0.45716034721095383,-7.335453323028824e-08,0.39999724562422523,"{'table_obstacle': {'pos': [0.3825981920028062, 0.37518922255766707, 0.1646257963690813], 'size': [0.049837904948193595, 0.0813235869879147, 0.05243307039854257]}, 'pillar_obstacle': {'pos': [0.39994824830915515, -0.3824307480766307, 0.23470116647765446], 'size': [0.033663755439403885, 0.20172185302840845, 0.0]}, 'small_block': {'pos': [0.6140097595303955, -0.3535133918987863, 0.1097032402875184], 'size': [0.04461973939918376, 0.0849493067344041, 0.09534921802665242]}}"
3.2389999999997543,0.4599993938800367,0.0,0.4,0.45720092114699806,-7.784151849031308e-08,0.3999972750392184,"{'table_obstacle': {'pos': [0.3825981920028062, 0.37518922255766707, 0.1646257963690813], 'size': [0.049837904948193595, 0.0813235869879147, 0.05243307039854257]}, 'pillar_obstacle': {'pos': [0.39994824830915515, -0.3824307480766307, 0.23470116647765446], 'size': [0.033663755439403885, 0.20172185302840845, 0.0]}, 'small_block': {'pos': [0.6140097595303955, -0.3535133918987863, 0.1097032402875184], 'size': [0.04461973939918376, 0.0849493067344041, 0.09534921802665242]}}"
3.239999999999754,0.4599993938800367,0.0,0.4,0.45724091552038604,-8.21877930445556e-08,0.3999973044691878,"{'table_obstacle': {'pos': [0.3825981920028062, 0.37518922255766707, 0.1646257963690813], 'size': [0.049837904948193595, 0.0813235869879147, 0.05243307039854257]}, 'pillar_obstacle': {'pos': [0.39994824830915515, -0.3824307480766307, 0.23470116647765446], 'size': [0.033663755439403885, 0.20172185302840845, 0.0]}, 'small_block': {'pos': [0.6140097595303955, -0.3535133918987863, 0.1097032402875184], 'size': [0.04461973939918376, 0.0849493067344041, 0.09534921802665242]}}"
3.240999999999754,0.4599993938800367,0.0,0.4,0.4572803385894482,-8.639617600857954e-08,0.39999733389861636,"{'table_obstacle': {'pos': [0.3825981920028062, 0.37518922255766707, 0.1646257963690813], 'size': [0.049837904948193595, 0.0813235869879147, 0.05243307039854257]}, 'pillar_obstacle': {'pos': [0.39994824830915515, -0.3824307480766307, 0.23470116647765446], 'size': [0.033663755439403885, 0.20172185302840845, 0.0]}, 'small_block': {'pos': [0.6140097595303955, -0.3535133918987863, 0.1097032402875184], 'size': [0.04461973939918376, 0.0849493067344041, 0.09534921802665242]}}"
3.241999999999754,0.4599993938800367,0.0,0.4,0.4573191984976863,-9.046948029740918e-08,0.39999736331280816,"{'table_obstacle': {'pos': [0.3825981920028062, 0.37518922255766707, 0.1646257963690813], 'size': [0.049837904948193595, 0.0813235869879147, 0.05243307039854257]}, 'pillar_obstacle': {'pos': [0.39994824830915515, -0.3824307480766307, 0.23470116647765446], 'size': [0.033663755439403885, 0.20172185302840845, 0.0]}, 'small_block': {'pos': [0.6140097595303955, -0.3535133918987863, 0.1097032402875184], 'size': [0.04461973939918376, 0.0849493067344041, 0.09534921802665242]}}"
3.242999999999754,0.4599993938800367,0.0,0.4,0.4573575032748549,-9.441050397587536e-08,0.3999973926978359,"{'table_obstacle': {'pos': [0.3825981920028062, 0.37518922255766707, 0.1646257963690813], 'size': [0.049837904948193595, 0.0813235869879147, 0.05243307039854257]}, 'pillar_obstacle': {'pos': [0.39994824830915515, -0.3824307480766307, 0.23470116647765446], 'size': [0.033663755439403885, 0.20172185302840845, 0.0]}, 'small_block': {'pos': [0.6140097595303955, -0.3535133918987863, 0.1097032402875184], 'size': [0.04461973939918376, 0.0849493067344041, 0.09534921802665242]}}"
3.2439999999997537,0.4599993938800367,0.0,0.4,0.45739526083813353,-9.82220240981092e-08,0.3999974220404961,"{'table_obstacle': {'pos': [0.3825981920028062, 0.37518922255766707, 0.1646257963690813], 'size': [0.049837904948193595, 0.0813235869879147, 0.05243307039854257]}, 'pillar_obstacle': {'pos': [0.39994824830915515, -0.3824307480766307, 0.23470116647765446], 'size': [0.033663755439403885, 0.20172185302840845, 0.0]}, 'small_block': {'pos': [0.6140097595303955, -0.3535133918987863, 0.1097032402875184], 'size': [0.04461973939918376, 0.0849493067344041, 0.09534921802665242]}}"
3.2449999999997536,0.4599993938800367,0.0,0.4,0.45743247899336487,-1.0190679118165423e-07,0.3999974513282672,"{'table_obstacle': {'pos': [0.3825981920028062, 0.37518922255766707, 0.1646257963690813], 'size': [0.049837904948193595, 0.0813235869879147, 0.05243307039854257]}, 'pillar_obstacle': {'pos': [0.39994824830915515, -0.3824307480766307, 0.23470116647765446], 'size': [0.033663755439403885, 0.20172185302840845, 0.0]}, 'small_block': {'pos': [0.6140097595303955, -0.3535133918987863, 0.1097032402875184], 'size': [0.04461973939918376, 0.0849493067344041, 0.09534921802665242]}}"
3.2459999999997535,0.4599993938800367,0.0,0.4,0.4574691654363461,-1.0546752550153029e-07,0.3999974805492728,"{'table_obstacle': {'pos': [0.3825981920028062, 0.37518922255766707, 0.1646257963690813], 'size': [0.049837904948193595, 0.0813235869879147, 0.05243307039854257]}, 'pillar_obstacle': {'pos': [0.39994824830915515, -0.3824307480766307, 0.23470116647765446], 'size': [0.033663755439403885, 0.20172185302840845, 0.0]}, 'small_block': {'pos': [0.6140097595303955, -0.3535133918987863, 0.1097032402875184], 'size': [0.04461973939918376, 0.0849493067344041, 0.09534921802665242]}}"
3.2469999999997534,0.4599993938800367,0.0,0.4,0.45750532775415637,-1.0890691282103544e-07,0.399997509692248,"{'table_obstacle': {'pos': [0.3825981920028062, 0.37518922255766707, 0.1646257963690813], 'size': [0.049837904948193595, 0.0813235869879147, 0.05243307039854257]}, 'pillar_obstacle': {'pos': [0.39994824830915515, -0.3824307480766307, 0.23470116647765446], 'size': [0.033663755439403885, 0.20172185302840845, 0.0]}, 'small_block': {'pos': [0.6140097595303955, -0.3535133918987863, 0.1097032402875184], 'size': [0.04461973939918376, 0.0849493067344041, 0.09534921802665242]}}"
3.2479999999997533,0.4599993938800367,0.0,0.4,0.45754097342651157,-1.1222760234628825e-07,0.39999753874650834,"{'table_obstacle': {'pos': [0.3825981920028062, 0.37518922255766707, 0.1646257963690813], 'size': [0.049837904948193595, 0.0813235869879147, 0.05243307039854257]}, 'pillar_obstacle': {'pos': [0.39994824830915515, -0.3824307480766307, 0.23470116647765446], 'size': [0.033663755439403885, 0.20172185302840845, 0.0]}, 'small_block': {'pos': [0.6140097595303955, -0.3535133918987863, 0.1097032402875184], 'size': [0.04461973939918376, 0.0849493067344041, 0.09534921802665242]}}"
3.248999999999753,0.4599993938800367,0.0,0.4,0.45757610982713603,-1.1543220523612887e-07,0.39999756770192235,"{'table_obstacle': {'pos': [0.3825981920028062, 0.37518922255766707, 0.1646257963690813], 'size': [0.049837904948193595, 0.0813235869879147, 0.05243307039854257]}, 'pillar_obstacle': {'pos': [0.39994824830915515, -0.3824307480766307, 0.23470116647765446], 'size': [0.033663755439403885, 0.20172185302840845, 0.0]}, 'small_block': {'pos': [0.6140097595303955, -0.3535133918987863, 0.1097032402875184], 'size': [0.04461973939918376, 0.0849493067344041, 0.09534921802665242]}}"
3.249999999999753,0.4599993938800367,0.0,0.4,0.4576107442251436,-1.1852329154470596e-07,0.3999975965488851,"{'table_obstacle': {'pos': [0.3825981920028062, 0.37518922255766707, 0.1646257963690813], 'size': [0.049837904948193595, 0.0813235869879147, 0.05243307039854257]}, 'pillar_obstacle': {'pos': [0.39994824830915515, -0.3824307480766307, 0.23470116647765446], 'size': [0.033663755439403885, 0.20172185302840845, 0.0]}, 'small_block': {'pos': [0.6140097595303955, -0.3535133918987863, 0.1097032402875184], 'size': [0.04461973939918376, 0.0849493067344041, 0.09534921802665242]}}"
3.250999999999753,0.4599993938800367,0.0,0.4,0.4576448837864249,-1.2150339118742e-07,0.39999762527829563,"{'table_obstacle': {'pos': [0.3825981920028062, 0.37518922255766707, 0.1646257963690813], 'size': [0.049837904948193595, 0.0813235869879147, 0.05243307039854257]}, 'pillar_obstacle': {'pos': [0.39994824830915515, -0.3824307480766307, 0.23470116647765446], 'size': [0.033663755439403885, 0.20172185302840845, 0.0]}, 'small_block': {'pos': [0.6140097595303955, -0.3535133918987863, 0.1097032402875184], 'size': [0.04461973939918376, 0.0849493067344041, 0.09534921802665242]}}"
3.251999999999753,0.4599993938800367,0.0,0.4,0.45767853557503196,-1.2437499133177168e-07,0.39999765388153213,"{'table_obstacle': {'pos': [0.3825981920028062, 0.37518922255766707, 0.1646257963690813], 'size': [0.049837904948193595, 0.0813235869879147, 0.05243307039854257]}, 'pillar_obstacle': {'pos': [0.39994824830915515, -0.3824307480766307, 0.23470116647765446], 'size': [0.033663755439403885, 0.20172185302840845, 0.0]}, 'small_block': {'pos': [0.6140097595303955, -0.3535133918987863, 0.1097032402875184], 'size': [0.04461973939918376, 0.0849493067344041, 0.09534921802665242]}}"
3.2529999999997528,0.4599993938800367,0.0,0.4,0.45771170655456134,-1.2714053686913463e-07,0.3999976823504343,"{'table_obstacle': {'pos': [0.3825981920028062, 0.37518922255766707, 0.1646257963690813], 'size': [0.049837904948193595, 0.0813235869879147, 0.05243307039854257]}, 'pillar_obstacle': {'pos': [0.39994824830915515, -0.3824307480766307, 0.23470116647765446], 'size': [0.033663755439403885, 0.20172185302840845, 0.0]}, 'small_block': {'pos': [0.6140097595303955, -0.3535133918987863, 0.1097032402875184], 'size': [0.04461973939918376, 0.0849493067344041, 0.09534921802665242]}}"
3.2539999999997526,0.4599993938800367,0.0,0.4,0.45774440358952867,-1.2980243005364727e-07,0.3999977106772815,"{'table_obstacle': {'pos': [0.3825981920028062, 0.37518922255766707, 0.1646257963690813], 'size': [0.049837904948193595, 0.0813235869879147, 0.05243307039854257]}, 'pillar_obstacle': {'pos': [0.39994824830915515, -0.3824307480766307, 0.23470116647765446], 'size': [0.033663755439403885, 0.20172185302840845, 0.0]}, 'small_block': {'pos': [0.6140097595303955, -0.3535133918987863, 0.1097032402875184], 'size': [0.04461973939918376, 0.0849493067344041, 0.09534921802665242]}}"
3.2549999999997525,0.4599993938800367,0.0,0.4,0.4577766334467347,-1.3236303051803827e-07,0.3999977388547753,"{'table_obstacle': {'pos': [0.3825981920028062, 0.37518922255766707, 0.1646257963690813], 'size': [0.049837904948193595, 0.0813235869879147, 0.05243307039854257]}, 'pillar_obstacle': {'pos': [0.39994824830915515, -0.3824307480766307, 0.23470116647765446], 'size': [0.033663755439403885, 0.20172185302840845, 0.0]}, 'small_block': {'pos': [0.6140097595303955, -0.3535133918987863, 0.1097032402875184], 'size': [0.04461973939918376, 0.0849493067344041, 0.09534921802665242]}}"
3.2559999999997524,0.4599993938800367,0.0,0.4,0.45780840279662,-1.3482465503313904e-07,0.39999776687602245,"{'table_obstacle': {'pos': [0.3825981920028062, 0.37518922255766707, 0.1646257963690813], 'size': [0.049837904948193595, 0.0813235869879147, 0.05243307039854257]}, 'pillar_obstacle': {'pos': [0.39994824830915515, -0.3824307480766307, 0.23470116647765446], 'size': [0.033663755439403885, 0.20172185302840845, 0.0]}, 'small_block': {'pos': [0.6140097595303955, -0.3535133918987863, 0.1097032402875184], 'size': [0.04461973939918376, 0.0849493067344041, 0.09534921802665242]}}"
3.2569999999997523,0.4599993938800367,0.0,0.4,0.45783971821460817,-1.3718957764645515e-07,0.39999779473451785,"{'table_obstacle': {'pos': [0.3825981920028062, 0.37518922255766707, 0.1646257963690813], 'size': [0.049837904948193595, 0.0813235869879147, 0.05243307039854257]}, 'pillar_obstacle': {'pos': [0.39994824830915515, -0.3824307480766307, 0.23470116647765446], 'size': [0.033663755439403885, 0.20172185302840845, 0.0]}, 'small_block': {'pos': [0.6140097595303955, -0.3535133918987863, 0.1097032402875184], 'size': [0.04461973939918376, 0.0849493067344041, 0.09534921802665242]}}"
3.257999999999752,0.4599993938800367,0.0,0.4,0.45787058618243404,-1.3946003063133035e-07,0.3999978224241295,"{'table_obstacle': {'pos': [0.3825981920028062, 0.37518922255766707, 0.1646257963690813], 'size': [0.049837904948193595, 0.0813235869879147, 0.05243307039854257]}, 'pillar_obstacle': {'pos': [0.39994824830915515, -0.3824307480766307, 0.23470116647765446], 'size': [0.033663755439403885, 0.20172185302840845, 0.0]}, 'small_block': {'pos': [0.6140097595303955, -0.3535133918987863, 0.1097032402875184], 'size': [0.04461973939918376, 0.0849493067344041, 0.09534921802665242]}}"
3.258999999999752,0.4599993938800367,0.0,0.4,0.4579010130894586,-1.4163820411206247e-07,0.39999784993908355,"{'table_obstacle': {'pos': [0.3825981920028062, 0.37518922255766707, 0.1646257963690813], 'size': [0.049837904948193595, 0.0813235869879147, 0.05243307039854257]}, 'pillar_obstacle': {'pos': [0.39994824830915515, -0.3824307480766307, 0.23470116647765446], 'size': [0.033663755439403885, 0.20172185302840845, 0.0]}, 'small_block': {'pos': [0.6140097595303955, -0.3535133918987863, 0.1097032402875184], 'size': [0.04461973939918376, 0.0849493067344041, 0.09534921802665242]}}"
3.259999999999752,0.4599993938800367,0.0,0.4,0.4579310052339679,-1.4372624672036575e-07,0.3999978772739502,"{'table_obstacle': {'pos': [0.3825981920028062, 0.37518922255766707, 0.1646257963690813], 'size': [0.049837904948193595, 0.0813235869879147, 0.05243307039854257]}, 'pillar_obstacle': {'pos': [0.39994824830915515, -0.3824307480766307, 0.23470116647765446], 'size': [0.033663755439403885, 0.20172185302840845, 0.0]}, 'small_block': {'pos': [0.6140097595303955, -0.3535133918987863, 0.1097032402875184], 'size': [0.04461973939918376, 0.0849493067344041, 0.09534921802665242]}}"
3.260999999999752,0.4599993938800367,0.0,0.4,0.45796056882445807,-1.4572626640672265e-07,0.39999790442363015,"{'table_obstacle': {'pos': [0.3825981920028062, 0.37518922255766707, 0.1646257963690813], 'size': [0.049837904948193595, 0.0813235869879147, 0.05243307039854257]}, 'pillar_obstacle': {'pos': [0.39994824830915515, -0.3824307480766307, 0.23470116647765446], 'size': [0.033663755439403885, 0.20172185302840845, 0.0]}, 'small_block': {'pos': [0.6140097595303955, -0.3535133918987863, 0.1097032402875184], 'size': [0.04461973939918376, 0.0849493067344041, 0.09534921802665242]}}"
3.2619999999997518,0.4599993938800367,0.0,0.4,0.4579897099809027,-1.4764033061565946e-07,0.39999793138334133,"{'table_obstacle': {'pos': [0.3825981920028062, 0.37518922255766707, 0.1646257963690813], 'size': [0.049837904948193595, 0.0813235869879147, 0.05243307039854257]}, 'pillar_obstacle': {'pos': [0.39994824830915515, -0.3824307480766307, 0.23470116647765446], 'size': [0.033663755439403885, 0.20172185302840845, 0.0]}, 'small_block': {'pos': [0.6140097595303955, -0.3535133918987863, 0.1097032402875184], 'size': [0.04461973939918376, 0.0849493067344041, 0.09534921802665242]}}"
3.2629999999997517,0.4639993728275831,0.0,0.4,0.45801843473600473,-1.4947046678189603e-07,0.39999795814860745,"{'table_obstacle': {'pos': [0.3825981920028062, 0.37518922255766707, 0.1646257963690813], 'size': [0.049837904948193595, 0.0813235869879147, 0.05243307039854257]}, 'pillar_obstacle': {'pos': [0.39994824830915515, -0.3824307480766307, 0.23470116647765446], 'size': [0.033663755439403885, 0.20172185302840845, 0.0]}, 'small_block': {'pos': [0.6140097595303955, -0.3535133918987863, 0.1097032402875184], 'size': [0.04461973939918376, 0.0849493067344041, 0.09534921802665242]}}"
3.2639999999997515,0.4639993728275831,0.0,0.4,0.45805762043000203,-1.3222126843119236e-07,0.399997913132493,"{'table_obstacle': {'pos': [0.3825981920028062, 0.37518922255766707, 0.1646257963690813], 'size': [0.049837904948193595, 0.0813235869879147, 0.05243307039854257]}, 'pillar_obstacle': {'pos': [0.39994824830915515, -0.3824307480766307, 0.23470116647765446], 'size': [0.033663755439403885, 0.20172185302840845, 0.0]}, 'small_block': {'pos': [0.6140097595303955, -0.3535133918987863, 0.1097032402875184], 'size': [0.04461973939918376, 0.0849493067344041, 0.09534921802665242]}}"
3.2649999999997514,0.4639993728275831,0.0,0.4,0.4581050492145547,-1.0376033605473864e-07,0.39999782322724187,"{'table_obstacle': {'pos': [0.3825981920028062, 0.37518922255766707, 0.1646257963690813], 'size': [0.049837904948193595, 0.0813235869879147, 0.05243307039854257]}, 'pillar_obstacle': {'pos': [0.39994824830915515, -0.3824307480766307, 0.23470116647765446], 'size': [0.033663755439403885, 0.20172185302840845, 0.0]}, 'small_block': {'pos': [0.6140097595303955, -0.3535133918987863, 0.1097032402875184], 'size': [0.04461973939918376, 0.0849493067344041, 0.09534921802665242]}}"
3.2659999999997513,0.4639993728275831,0.0,0.4,0.45815892833080624,-6.961615089158829e-08,0.39999770751962765,"{'table_obstacle': {'pos': [0.3825981920028062, 0.37518922255766707, 0.1646257963690813], 'size': [0.049837904948193595, 0.0813235869879147, 0.05243307039854257]}, 'pillar_obstacle': {'pos': [0.39994824830915515, -0.3824307480766307, 0.23470116647765446], 'size': [0.033663755439403885, 0.20172185302840845, 0.0]}, 'small_block': {'pos': [0.6140097595303955, -0.3535133918987863, 0.1097032402875184], 'size': [0.04461973939918376, 0.0849493067344041, 0.09534921802665242]}}"
3.266999999999751,0.4639993728275831,0.0,0.4,0.4582178092775745,-3.358853493546765e-08,0.39999757937698854,"{'table_obstacle': {'pos': [0.3825981920028062, 0.37518922255766707, 0.1646257963690813], 'size': [0.049837904948193595, 0.0813235869879147, 0.05243307039854257]}, 'pillar_obstacle': {'pos': [0.39994824830915515, -0.3824307480766307, 0.23470116647765446], 'size': [0.033663755439403885, 0.20172185302840845, 0.0]}, 'small_block': {'pos': [0.6140097595303955, -0.3535133918987863, 0.1097032402875184], 'size': [0.04461973939918376, 0.0849493067344041, 0.09534921802665242]}}"
3.267999999999751,0.4639993728275831,0.0,0.4,0.4582805223156285,1.7896790918936936e-09,0.3999974479879599,"{'table_obstacle': {'pos': [0.3825981920028062, 0.37518922255766707, 0.1646257963690813], 'size': [0.049837904948193595, 0.0813235869879147, 0.05243307039854257]}, 'pillar_obstacle': {'pos': [0.39994824830915515, -0.3824307480766307, 0.23470116647765446], 'size': [0.033663755439403885, 0.20172185302840845, 0.0]}, 'small_block': {'pos': [0.6140097595303955, -0.3535133918987863, 0.1097032402875184], 'size': [0.04461973939918376, 0.0849493067344041, 0.09534921802665242]}}"
3.268999999999751,0.4639993728275831,0.0,0.4,0.4583461234079654,3.490493746630703e-08,0.399997319502185,"{'table_obstacle': {'pos': [0.3825981920028062, 0.37518922255766707, 0.1646257963690813], 'size': [0.049837904948193595, 0.0813235869879147, 0.05243307039854257]}, 'pillar_obstacle': {'pos': [0.39994824830915515, -0.3824307480766307, 0.23470116647765446], 'size': [0.033663755439403885, 0.20172185302840845, 0.0]}, 'small_block': {'pos': [0.6140097595303955, -0.3535133918987863, 0.1097032402875184], 'size': [0.04461973939918376, 0.0849493067344041, 0.09534921802665242]}}"
3.269999999999751,0.4639993728275831,0.0,0.4,0.45841385124103995,6.480234520298707e-08,0.39999719787376087,"{'table_obstacle': {'pos': [0.3825981920028062, 0.37518922255766707, 0.1646257963690813], 'size': [0.049837904948193595, 0.0813235869879147, 0.05243307039854257]}, 'pillar_obstacle': {'pos': [0.39994824830915515, -0.3824307480766307, 0.23470116647765446], 'size': [0.033663755439403885, 0.20172185302840845, 0.0]}, 'small_block': {'pos': [0.6140097595303955, -0.3535133918987863, 0.1097032402875184], 'size': [0.04461973939918376, 0.0849493067344041, 0.09534921802665242]}}"
3.2709999999997508,0.4639993728275831,0.0,0.4,0.45848309241569346,9.099142889176453e-08,0.399997085485014,"{'table_obstacle': {'pos': [0.3825981920028062, 0.37518922255766707, 0.1646257963690813], 'size': [0.049837904948193595, 0.0813235869879147, 0.05243307039854257]}, 'pillar_obstacle': {'pos': [0.39994824830915515, -0.3824307480766307, 0.23470116647765446], 'size': [0.033663755439403885, 0.20172185302840845, 0.0]}, 'small_block': {'pos': [0.6140097595303955, -0.3535133918987863, 0.1097032402875184], 'size': [0.04461973939918376, 0.0849493067344041, 0.09534921802665242]}}"
3.2719999999997507,0.4639993728275831,0.0,0.4,0.45855335325746294,1.1330234435964947e-07,0.3999969836069405,"{'table_obstacle': {'pos': [0.3825981920028062, 0.37518922255766707, 0.1646257963690813], 'size': [0.049837904948193595, 0.0813235869879147, 0.05243307039854257]}, 'pillar_obstacle': {'pos': [0.39994824830915515, -0.3824307480766307, 0.23470116647765446], 'size': [0.033663755439403885, 0.20172185302840845, 0.0]}, 'small_block': {'pos': [0.6140097595303955, -0.3535133918987863, 0.1097032402875184], 'size': [0.04461973939918376, 0.0849493067344041, 0.09534921802665242]}}"
3.2729999999997506,0.4639993728275831,0.0,0.4,0.45862423698922683,1.3178027807594533e-07,0.3999968927379819,"{'table_obstacle': {'pos': [0.3825981920028062, 0.37518922255766707, 0.1646257963690813], 'size': [0.049837904948193595, 0.0813235869879147, 0.05243307039854257]}, 'pillar_obstacle': {'pos': [0.39994824830915515, -0.3824307480766307, 0.23470116647765446], 'size': [0.033663755439403885, 0.20172185302840845, 0.0]}, 'small_block': {'pos': [0.6140097595303955, -0.3535133918987863, 0.1097032402875184], 'size': [0.04461973939918376, 0.0849493067344041, 0.09534921802665242]}}"
3.2739999999997504,0.4639993728275831,0.0,0.4,0.4586954252472756,1.466086565979983e-07,0.3999968128520974,"{'table_obstacle': {'pos': [0.3825981920028062, 0.37518922255766707, 0.1646257963690813], 'size': [0.049837904948193595, 0.0813235869879147, 0.05243307039854257]}, 'pillar_obstacle': {'pos': [0.39994824830915515, -0.3824307480766307, 0.23470116647765446], 'size': [0.033663755439403885, 0.20172185302840845, 0.0]}, 'small_block': {'pos': [0.6140097595303955, -0.3535133918987863, 0.1097032402875184], 'size': [0.04461973939918376, 0.0849493067344041, 0.09534921802665242]}}"
3.2749999999997503,0.4639993728275831,0.0,0.4,0.45876666311510805,1.5805397029343425e-07,0.3999967435792211,"{'table_obstacle': {'pos': [0.3825981920028062, 0.37518922255766707, 0.1646257963690813], 'size': [0.049837904948193595, 0.0813235869879147, 0.05243307039854257]}, 'pillar_obstacle': {'pos': [0.39994824830915515, -0.3824307480766307, 0.23470116647765446], 'size': [0.033663755439403885, 0.20172185302840845, 0.0]}, 'small_block': {'pos': [0.6140097595303955, -0.3535133918987863, 0.1097032402875184], 'size': [0.04461973939918376, 0.0849493067344041, 0.09534921802665242]}}"
3.2759999999997502,0.4639993728275831,0.0,0.4,0.45883774700598734,1.6642673613990883e-07,0.3999966843353801,"{'table_obstacle': {'pos': [0.3825981920028062, 0.37518922255766707, 0.1646257963690813], 'size': [0.049837904948193595, 0.0813235869879147, 0.05243307039854257]}, 'pillar_obstacle': {'pos': [0.39994824830915515, -0.3824307480766307, 0.23470116647765446], 'size': [0.033663755439403885, 0.20172185302840845, 0.0]}, 'small_block': {'pos': [0.6140097595303955, -0.3535133918987863, 0.1097032402875184], 'size': [0.04461973939918376, 0.0849493067344041, 0.09534921802665242]}}"
3.27699999999975,0.4639993728275831,0.0,0.4,0.4589085148523462,1.720544218087404e-07,0.39999663441542077,"{'table_obstacle': {'pos': [0.3825981920028062, 0.37518922255766707, 0.1646257963690813], 'size': [0.049837904948193595, 0.0813235869879147, 0.05243307039854257]}, 'pillar_obstacle': {'pos': [0.39994824830915515, -0.3824307480766307, 0.23470116647765446], 'size': [0.033663755439403885, 0.20172185302840845, 0.0]}, 'small_block': {'pos': [0.6140097595303955, -0.3535133918987863, 0.1097032402875184], 'size': [0.04461973939918376, 0.0849493067344041, 0.09534921802665242]}}"
3.27799999999975,0.4639993728275831,0.0,0.4,0.4589788381631214,1.752631727923525e-07,0.399996593058054,"{'table_obstacle': {'pos': [0.3825981920028062, 0.37518922255766707, 0.1646257963690813], 'size': [0.049837904948193595, 0.0813235869879147, 0.05243307039854257]}, 'pillar_obstacle': {'pos': [0.39994824830915515, -0.3824307480766307, 0.23470116647765446], 'size': [0.033663755439403885, 0.20172185302840845, 0.0]}, 'small_block': {'pos': [0.6140097595303955, -0.3535133918987863, 0.1097032402875184], 'size': [0.04461973939918376, 0.0849493067344041, 0.09534921802665242]}}"
3.27899999999975,0.4639993728275831,0.0,0.4,0.45904861559354354,1.763659550247393e-07,0.39999655949051466,"{'table_obstacle': {'pos': [0.3825981920028062, 0.37518922255766707, 0.1646257963690813], 'size': [0.049837904948193595, 0.0813235869879147, 0.05243307039854257]}, 'pillar_obstacle': {'pos': [0.39994824830915515, -0.3824307480766307, 0.23470116647765446], 'size': [0.033663755439403885, 0.20172185302840845, 0.0]}, 'small_block': {'pos': [0.6140097595303955, -0.3535133918987863, 0.1097032402875184], 'size': [0.04461973939918376, 0.0849493067344041, 0.09534921802665242]}}"
3.27999999999975,0.4639993728275831,0.0,0.4,0.459117767739519,1.7565531722905127e-07,0.39999653295830284,"{'table_obstacle': {'pos': [0.3825981920028062, 0.37518922255766707, 0.1646257963690813], 'size': [0.049837904948193595, 0.0813235869879147, 0.05243307039854257]}, 'pillar_obstacle': {'pos': [0.39994824830915515, -0.3824307480766307, 0.23470116647765446], 'size': [0.033663755439403885, 0.20172185302840845, 0.0]}, 'small_block': {'pos': [0.6140097595303955, -0.3535133918987863, 0.1097032402875184], 'size': [0.04461973939918376, 0.0849493067344041, 0.09534921802665242]}}"
3.2809999999997497,0.4639993728275831,0.0,0.4,0.4591862329235087,1.7339943536889346e-07,0.39999651274410014,"{'table_obstacle': {'pos': [0.3825981920028062, 0.37518922255766707, 0.1646257963690813], 'size': [0.049837904948193595, 0.0813235869879147, 0.05243307039854257]}, 'pillar_obstacle': {'pos': [0.39994824830915515, -0.3824307480766307, 0.23470116647765446], 'size': [0.033663755439403885, 0.20172185302840845, 0.0]}, 'small_block': {'pos': [0.6140097595303955, -0.3535133918987863, 0.1097032402875184], 'size': [0.04461973939918376, 0.0849493067344041, 0.09534921802665242]}}"
3.2819999999997496,0.4639993728275831,0.0,0.4,0.4592539637831545,1.6984044170047706e-07,0.3999964981789226,"{'table_obstacle': {'pos': [0.3825981920028062, 0.37518922255766707, 0.1646257963690813], 'size': [0.049837904948193595, 0.0813235869879147, 0.05243307039854257]}, 'pillar_obstacle': {'pos': [0.39994824830915515, -0.3824307480766307, 0.23470116647765446], 'size': [0.033663755439403885, 0.20172185302840845, 0.0]}, 'small_block': {'pos': [0.6140097595303955, -0.3535133918987863, 0.1097032402875184], 'size': [0.04461973939918376, 0.0849493067344041, 0.09534921802665242]}}"
3.2829999999997495,0.4639993728275831,0.0,0.4,0.459320924509836,1.6519430531644421e-07,0.3999964886477818,"{'table_obstacle': {'pos': [0.3825981920028062, 0.37518922255766707, 0.1646257963690813], 'size': [0.049837904948193595, 0.0813235869879147, 0.05243307039854257]}, 'pillar_obstacle': {'pos': [0.39994824830915515, -0.3824307480766307, 0.23470116647765446], 'size': [0.033663755439403885, 0.20172185302840845, 0.0]}, 'small_block': {'pos': [0.6140097595303955, -0.3535133918987863, 0.1097032402875184], 'size': [0.04461973939918376, 0.0849493067344041, 0.09534921802665242]}}"
3.2839999999997493,0.4639993728275831,0.0,0.4,0.45938708861342037,1.5965172894021896e-07,0.39999648359154344,"{'table_obstacle': {'pos': [0.3825981920028062, 0.37518922255766707, 0.1646257963690813], 'size': [0.049837904948193595, 0.0813235869879147, 0.05243307039854257]}, 'pillar_obstacle': {'pos': [0.39994824830915515, -0.3824307480766307, 0.23470116647765446], 'size': [0.033663755439403885, 0.20172185302840845, 0.0]}, 'small_block': {'pos': [0.6140097595303955, -0.3535133918987863, 0.1097032402875184], 'size': [0.04461973939918376, 0.0849493067344041, 0.09534921802665242]}}"
3.2849999999997492,0.4639993728275831,0.0,0.4,0.45945243711302247,1.5337967378146624e-07,0.399996482506215,"{'table_obstacle': {'pos': [0.3825981920028062, 0.37518922255766707, 0.1646257963690813], 'size': [0.049837904948193595, 0.0813235869879147, 0.05243307039854257]}, 'pillar_obstacle': {'pos': [0.39994824830915515, -0.3824307480766307, 0.23470116647765446], 'size': [0.033663755439403885, 0.20172185302840845, 0.0]}, 'small_block': {'pos': [0.6140097595303955, -0.3535133918987863, 0.1097032402875184], 'size': [0.04461973939918376, 0.0849493067344041, 0.09534921802665242]}}"
3.285999999999749,0.4639993728275831,0.0,0.4,0.4595169570726718,1.4652323893977677e-07,0.39999648494057605,"{'table_obstacle': {'pos': [0.3825981920028062, 0.37518922255766707, 0.1646257963690813], 'size': [0.049837904948193595, 0.0813235869879147, 0.05243307039854257]}, 'pillar_obstacle': {'pos': [0.39994824830915515, -0.3824307480766307, 0.23470116647765446], 'size': [0.033663755439403885, 0.20172185302840845, 0.0]}, 'small_block': {'pos': [0.6140097595303955, -0.3535133918987863, 0.1097032402875184], 'size': [0.04461973939918376, 0.0849493067344041, 0.09534921802665242]}}"
3.286999999999749,0.4639993728275831,0.0,0.4,0.4595806404162131,1.3920769958265541e-07,0.39999649049279407,"{'table_obstacle': {'pos': [0.3825981920028062, 0.37518922255766707, 0.1646257963690813], 'size': [0.049837904948193595, 0.0813235869879147, 0.05243307039854257]}, 'pillar_obstacle': {'pos': [0.39994824830915515, -0.3824307480766307, 0.23470116647765446], 'size': [0.033663755439403885, 0.20172185302840845, 0.0]}, 'small_block': {'pos': [0.6140097595303955, -0.3535133918987863, 0.1097032402875184], 'size': [0.04461973939918376, 0.0849493067344041, 0.09534921802665242]}}"
3.287999999999749,0.4639993728275831,0.0,0.4,0.45964348296827684,1.315405760906854e-07,0.3999964988064961,"{'table_obstacle': {'pos': [0.3825981920028062, 0.37518922255766707, 0.1646257963690813], 'size': [0.049837904948193595, 0.0813235869879147, 0.05243307039854257]}, 'pillar_obstacle': {'pos': [0.39994824830915515, -0.3824307480766307, 0.23470116647765446], 'size': [0.033663755439403885, 0.20172185302840845, 0.0]}, 'small_block': {'pos': [0.6140097595303955, -0.3535133918987863, 0.1097032402875184], 'size': [0.04461973939918376, 0.0849493067344041, 0.09534921802665242]}}"
3.288999999999749,0.4639993728275831,0.0,0.4,0.4597054836782765,1.2361364347586654e-07,0.3999965095666196,"{'table_obstacle': {'pos': [0.3825981920028062, 0.37518922255766707, 0.1646257963690813], 'size': [0.049837904948193595, 0.0813235869879147, 0.05243307039854257]}, 'pillar_obstacle': {'pos': [0.39994824830915515, -0.3824307480766307, 0.23470116647765446], 'size': [0.033663755439403885, 0.20172185302840845, 0.0]}, 'small_block': {'pos': [0.6140097595303955, -0.3535133918987863, 0.1097032402875184], 'size': [0.04461973939918376, 0.0849493067344041, 0.09534921802665242]}}"
3.2899999999997487,0.4639993728275831,0.0,0.4,0.4597666439925818,1.1550482995590776e-07,0.3999965224952612,"{'table_obstacle': {'pos': [0.3825981920028062, 0.37518922255766707, 0.1646257963690813], 'size': [0.049837904948193595, 0.0813235869879147, 0.05243307039854257]}, 'pillar_obstacle': {'pos': [0.39994824830915515, -0.3824307480766307, 0.23470116647765446], 'size': [0.033663755439403885, 0.20172185302840845, 0.0]}, 'small_block': {'pos': [0.6140097595303955, -0.3535133918987863, 0.1097032402875184], 'size': [0.04461973939918376, 0.0849493067344041, 0.09534921802665242]}}"
3.2909999999997486,0.4639993728275831,0.0,0.4,0.45982696734665846,1.0727997092367903e-07,0.3999965373476728,"{'table_obstacle': {'pos': [0.3825981920028062, 0.37518922255766707, 0.1646257963690813], 'size': [0.049837904948193595, 0.0813235869879147, 0.05243307039854257]}, 'pillar_obstacle': {'pos': [0.39994824830915515, -0.3824307480766307, 0.23470116647765446], 'size': [0.033663755439403885, 0.20172185302840845, 0.0]}, 'small_block': {'pos': [0.6140097595303955, -0.3535133918987863, 0.1097032402875184], 'size': [0.04461973939918376, 0.0849493067344041, 0.09534921802665242]}}"
3.2919999999997485,0.4639993728275831,0.0,0.4,0.4598864587543258,9.899440346849863e-08,0.399996553908493,"{'table_obstacle': {'pos': [0.3825981920028062, 0.37518922255766707, 0.1646257963690813], 'size': [0.049837904948193595, 0.0813235869879147, 0.05243307039854257]}, 'pillar_obstacle': {'pos': [0.39994824830915515, -0.3824307480766307, 0.23470116647765446], 'size': [0.033663755439403885, 0.20172185302840845, 0.0]}, 'small_block': {'pos': [0.6140097595303955, -0.3535133918987863, 0.1097032402875184], 'size': [0.04461973939918376, 0.0849493067344041, 0.09534921802665242]}}"
3.2929999999997484,0.4639993728275831,0.0,0.4,0.45994512447564445,9.06944008147206e-08,0.3999965719882678,"{'table_obstacle': {'pos': [0.3825981920028062, 0.37518922255766707, 0.1646257963690813], 'size': [0.049837904948193595, 0.0813235869879147, 0.05243307039854257]}, 'pillar_obstacle': {'pos': [0.39994824830915515, -0.3824307480766307, 0.23470116647765446], 'size': [0.033663755439403885, 0.20172185302840845, 0.0]}, 'small_block': {'pos': [0.6140097595303955, -0.3535133918987863, 0.1097032402875184], 'size': [0.04461973939918376, 0.0849493067344041, 0.09534921802665242]}}"
3.2939999999997482,0.4639993728275831,0.0,0.4,0.46000297174845817,8.241844347834281e-08,0.39999659142028,"{'table_obstacle': {'pos': [0.3825981920028062, 0.37518922255766707, 0.1646257963690813], 'size': [0.049837904948193595, 0.0813235869879147, 0.05243307039854257]}, 'pillar_obstacle': {'pos': [0.39994824830915515, -0.3824307480766307, 0.23470116647765446], 'size': [0.033663755439403885, 0.20172185302840845, 0.0]}, 'small_block': {'pos': [0.6140097595303955, -0.3535133918987863, 0.1097032402875184], 'size': [0.04461973939918376, 0.0849493067344041, 0.09534921802665242]}}"
3.294999999999748,0.4639993728275831,0.0,0.4,0.46006000857146817,7.4198342751894e-08,0.3999966120576973,"{'table_obstacle': {'pos': [0.3825981920028062, 0.37518922255766707, 0.1646257963690813], 'size': [0.049837904948193595, 0.0813235869879147, 0.05243307039854257]}, 'pillar_obstacle': {'pos': [0.39994824830915515, -0.3824307480766307, 0.23470116647765446], 'size': [0.033663755439403885, 0.20172185302840845, 0.0]}, 'small_block': {'pos': [0.6140097595303955, -0.3535133918987863, 0.1097032402875184], 'size': [0.04461973939918376, 0.0849493067344041, 0.09534921802665242]}}"
3.295999999999748,0.4639993728275831,0.0,0.4,0.4601162435290269,6.606022253056758e-08,0.39999663377102673,"{'table_obstacle': {'pos': [0.3825981920028062, 0.37518922255766707, 0.1646257963690813], 'size': [0.049837904948193595, 0.0813235869879147, 0.05243307039854257]}, 'pillar_obstacle': {'pos': [0.39994824830915515, -0.3824307480766307, 0.23470116647765446], 'size': [0.033663755439403885, 0.20172185302840845, 0.0]}, 'small_block': {'pos': [0.6140097595303955, -0.3535133918987863, 0.1097032402875184], 'size': [0.04461973939918376, 0.0849493067344041, 0.09534921802665242]}}"
3.296999999999748,0.4639993728275831,0.0,0.4,0.4601716856497015,5.802537300414218e-08,0.3999966564458627,"{'table_obstacle': {'pos': [0.3825981920028062, 0.37518922255766707, 0.1646257963690813], 'size': [0.049837904948193595, 0.0813235869879147, 0.05243307039854257]}, 'pillar_obstacle': {'pos': [0.39994824830915515, -0.3824307480766307, 0.23470116647765446], 'size': [0.033663755439403885, 0.20172185302840845, 0.0]}, 'small_block': {'pos': [0.6140097595303955, -0.3535133918987863, 0.1097032402875184], 'size': [0.04461973939918376, 0.0849493067344041, 0.09534921802665242]}}"
3.297999999999748,0.4639993728275831,0.0,0.4,0.4602263442921778,5.011098941990849e-08,0.39999667998090255,"{'table_obstacle': {'pos': [0.3825981920028062, 0.37518922255766707, 0.1646257963690813], 'size': [0.049837904948193595, 0.0813235869879147, 0.05243307039854257]}, 'pillar_obstacle': {'pos': [0.39994824830915515, -0.3824307480766307, 0.23470116647765446], 'size': [0.033663755439403885, 0.20172185302840845, 0.0]}, 'small_block': {'pos': [0.6140097595303955, -0.3535133918987863, 0.1097032402875184], 'size': [0.04461973939918376, 0.0849493067344041, 0.09534921802665242]}}"
3.2989999999997477,0.4639993728275831,0.0,0.4,0.46028022905329413,4.233080936046423e-08,0.39999670428621337,"{'table_obstacle': {'pos': [0.3825981920028062, 0.37518922255766707, 0.1646257963690813], 'size': [0.049837904948193595, 0.0813235869879147, 0.05243307039854257]}, 'pillar_obstacle': {'pos': [0.39994824830915515, -0.3824307480766307, 0.23470116647765446], 'size': [0.033663755439403885, 0.20172185302840845, 0.0]}, 'small_block': {'pos': [0.6140097595303955, -0.3535133918987863, 0.1097032402875184], 'size': [0.04461973939918376, 0.0849493067344041, 0.09534921802665242]}}"
3.2999999999997476,0.4639993728275831,0.0,0.4,0.46033334969398526,3.469565810791862e-08,0.3999967292817198,"{'table_obstacle': {'pos': [0.3825981920028062, 0.37518922255766707, 0.1646257963690813], 'size': [0.049837904948193595, 0.0813235869879147, 0.05243307039854257]}, 'pillar_obstacle': {'pos': [0.39994824830915515, -0.3824307480766307, 0.23470116647765446], 'size': [0.033663755439403885, 0.20172185302840845, 0.0]}, 'small_block': {'pos': [0.6140097595303955, -0.3535133918987863, 0.1097032402875184], 'size': [0.04461973939918376, 0.0849493067344041, 0.09534921802665242]}}"
3.3009999999997475,0.4639993728275831,0.0,0.4,0.4603857160797266,2.7213915180431495e-08,0.39999675489589226,"{'table_obstacle': {'pos': [0.3825981920028062, 0.37518922255766707, 0.1646257963690813], 'size': [0.049837904948193595, 0.0813235869879147, 0.05243307039854257]}, 'pillar_obstacle': {'pos': [0.39994824830915515, -0.3824307480766307, 0.23470116647765446], 'size': [0.033663755439403885, 0.20172185302840845, 0.0]}, 'small_block': {'pos': [0.6140097595303955, -0.3535133918987863, 0.1097032402875184], 'size': [0.04461973939918376, 0.0849493067344041, 0.09534921802665242]}}"
3.3019999999997474,0.4639993728275831,0.0,0.4,0.4604373381327115,1.9891913239363126e-08,0.39999678106461206,"{'table_obstacle': {'pos': [0.3825981920028062, 0.37518922255766707, 0.1646257963690813], 'size': [0.049837904948193595, 0.0813235869879147, 0.05243307039854257]}, 'pillar_obstacle': {'pos': [0.39994824830915515, -0.3824307480766307, 0.23470116647765446], 'size': [0.033663755439403885, 0.20172185302840845, 0.0]}, 'small_block': {'pos': [0.6140097595303955, -0.3535133918987863, 0.1097032402875184], 'size': [0.04461973939918376, 0.0849493067344041, 0.09534921802665242]}}"
3.3029999999997472,0.4639993728275831,0.0,0.4,0.4604882257935212,1.2734274246503045e-08,0.3999968077301907,"{'table_obstacle': {'pos': [0.3825981920028062, 0.37518922255766707, 0.1646257963690813], 'size': [0.049837904948193595, 0.0813235869879147, 0.05243307039854257]}, 'pillar_obstacle': {'pos': [0.39994824830915515, -0.3824307480766307, 0.23470116647765446], 'size': [0.033663755439403885, 0.20172185302840845, 0.0]}, 'small_block': {'pos': [0.6140097595303955, -0.3535133918987863, 0.1097032402875184], 'size': [0.04461973939918376, 0.0849493067344041, 0.09534921802665242]}}"
3.303999999999747,0.4639993728275831,0.0,0.4,0.4605383889904807,5.744197121973477e-09,0.3999968348405292,"{'table_obstacle': {'pos': [0.3825981920028062, 0.37518922255766707, 0.1646257963690813], 'size': [0.049837904948193595, 0.0813235869879147, 0.05243307039854257]}, 'pillar_obstacle': {'pos': [0.39994824830915515, -0.3824307480766307, 0.23470116647765446], 'size': [0.033663755439403885, 0.20172185302840845, 0.0]}, 'small_block': {'pos': [0.6140097595303955, -0.3535133918987863, 0.1097032402875184], 'size': [0.04461973939918376, 0.0849493067344041, 0.09534921802665242]}}"
3.304999999999747,0.4639993728275831,0.0,0.4,0.4605878376152287,-1.0763010697254568e-09,0.39999686234839144,"{'table_obstacle': {'pos': [0.3825981920028062, 0.37518922255766707, 0.1646257963690813], 'size': [0.049837904948193595, 0.0813235869879147, 0.05243307039854257]}, 'pillar_obstacle': {'pos': [0.39994824830915515, -0.3824307480766307, 0.23470116647765446], 'size': [0.033663755439403885, 0.20172185302840845, 0.0]}, 'small_block': {'pos': [0.6140097595303955, -0.3535133918987863, 0.1097032402875184], 'size': [0.04461973939918376, 0.0849493067344041, 0.09534921802665242]}}"
3.305999999999747,0.4639993728275831,0.0,0.4,0.4606365815033135,-7.726180482904909e-09,0.39999689021078383,"{'table_obstacle': {'pos': [0.3825981920028062, 0.37518922255766707, 0.1646257963690813], 'size': [0.049837904948193595, 0.0813235869879147, 0.05243307039854257]}, 'pillar_obstacle': {'pos': [0.39994824830915515, -0.3824307480766307, 0.23470116647765446], 'size': [0.033663755439403885, 0.20172185302840845, 0.0]}, 'small_block': {'pos': [0.6140097595303955, -0.3535133918987863, 0.1097032402875184], 'size': [0.04461973939918376, 0.0849493067344041, 0.09534921802665242]}}"
3.306999999999747,0.4639993728275831,0.0,0.4,0.4606846304188562,-1.4205206841403391e-08,0.39999691838842183,"{'table_obstacle': {'pos': [0.3825981920028062, 0.37518922255766707, 0.1646257963690813], 'size': [0.049837904948193595, 0.0813235869879147, 0.05243307039854257]}, 'pillar_obstacle': {'pos': [0.39994824830915515, -0.3824307480766307, 0.23470116647765446], 'size': [0.033663755439403885, 0.20172185302840845, 0.0]}, 'small_block': {'pos': [0.6140097595303955, -0.3535133918987863, 0.1097032402875184], 'size': [0.04461973939918376, 0.0849493067344041, 0.09534921802665242]}}"
3.3079999999997467,0.4639993728275831,0.0,0.4,0.4607319940425016,-2.0513807251606136e-08,0.3999969468452754,"{'table_obstacle': {'pos': [0.3825981920028062, 0.37518922255766707, 0.1646257963690813], 'size': [0.049837904948193595, 0.0813235869879147, 0.05243307039854257]}, 'pillar_obstacle': {'pos': [0.39994824830915515, -0.3824307480766307, 0.23470116647765446], 'size': [0.033663755439403885, 0.20172185302840845, 0.0]}, 'small_block': {'pos': [0.6140097595303955, -0.3535133918987863, 0.1097032402875184], 'size': [0.04461973939918376, 0.0849493067344041, 0.09534921802665242]}}"
3.3089999999997466,0.4639993728275831,0.0,0.4,0.4607786819620223,-2.6652948953856753e-08,0.3999969755481765,"{'table_obstacle': {'pos': [0.3825981920028062, 0.37518922255766707, 0.1646257963690813], 'size': [0.049837904948193595, 0.0813235869879147, 0.05243307039854257]}, 'pillar_obstacle': {'pos': [0.39994824830915515, -0.3824307480766307, 0.23470116647765446], 'size': [0.033663755439403885, 0.20172185302840845, 0.0]}, 'small_block': {'pos': [0.6140097595303955, -0.3535133918987863, 0.1097032402875184], 'size': [0.04461973939918376, 0.0849493067344041, 0.09534921802665242]}}"
3.3099999999997465,0.4639993728275831,0.0,0.4,0.46082470366507144,-3.2624038084252144e-08,0.39999700446648584,"{'table_obstacle': {'pos': [0.3825981920028062, 0.37518922255766707, 0.1646257963690813], 'size': [0.049837904948193595, 0.0813235869879147, 0.05243307039854257]}, 'pillar_obstacle': {'pos': [0.39994824830915515, -0.3824307480766307, 0.23470116647765446], 'size': [0.033663755439403885, 0.20172185302840845, 0.0]}, 'small_block': {'pos': [0.6140097595303955, -0.3535133918987863, 0.1097032402875184], 'size': [0.04461973939918376, 0.0849493067344041, 0.09534921802665242]}}"
3.3109999999997464,0.4639993728275831,0.0,0.4,0.4608700685336661,-3.842883519116504e-08,0.39999703357180744,"{'table_obstacle': {'pos': [0.3825981920028062, 0.37518922255766707, 0.1646257963690813], 'size': [0.049837904948193595, 0.0813235869879147, 0.05243307039854257]}, 'pillar_obstacle': {'pos': [0.39994824830915515, -0.3824307480766307, 0.23470116647765446], 'size': [0.033663755439403885, 0.20172185302840845, 0.0]}, 'small_block': {'pos': [0.6140097595303955, -0.3535133918987863, 0.1097032402875184], 'size': [0.04461973939918376, 0.0849493067344041, 0.09534921802665242]}}"
3.3119999999997463,0.4639993728275831,0.0,0.4,0.4609147858400705,-4.406938448604721e-08,0.39999706283774283,"{'table_obstacle': {'pos': [0.3825981920028062, 0.37518922255766707, 0.1646257963690813], 'size': [0.049837904948193595, 0.0813235869879147, 0.05243307039854257]}, 'pillar_obstacle': {'pos': [0.39994824830915515, -0.3824307480766307, 0.23470116647765446], 'size': [0.033663755439403885, 0.20172185302840845, 0.0]}, 'small_block': {'pos': [0.6140097595303955, -0.3535133918987863, 0.1097032402875184], 'size': [0.04461973939918376, 0.0849493067344041, 0.09534921802665242]}}"
3.312999999999746,0.4639993728275831,0.0,0.4,0.46095886474380493,-4.954795519427663e-08,0.39999709223968105,"{'table_obstacle': {'pos': [0.3825981920028062, 0.37518922255766707, 0.1646257963690813], 'size': [0.049837904948193595, 0.0813235869879147, 0.05243307039854257]}, 'pillar_obstacle': {'pos': [0.39994824830915515, -0.3824307480766307, 0.23470116647765446], 'size': [0.033663755439403885, 0.20172185302840845, 0.0]}, 'small_block': {'pos': [0.6140097595303955, -0.3535133918987863, 0.1097032402875184], 'size': [0.04461973939918376, 0.0849493067344041, 0.09534921802665242]}}"
3.313999999999746,0.4639993728275831,0.0,0.4,0.4610023142895617,-5.486699254284375e-08,0.3999971217546182,"{'table_obstacle': {'pos': [0.3825981920028062, 0.37518922255766707, 0.1646257963690813], 'size': [0.049837904948193595, 0.0813235869879147, 0.05243307039854257]}, 'pillar_obstacle': {'pos': [0.39994824830915515, -0.3824307480766307, 0.23470116647765446], 'size': [0.033663755439403885, 0.20172185302840845, 0.0]}, 'small_block': {'pos': [0.6140097595303955, -0.3535133918987863, 0.1097032402875184], 'size': [0.04461973939918376, 0.0849493067344041, 0.09534921802665242]}}"
3.314999999999746,0.4639993728275831,0.0,0.4,0.4610451434058555,-6.002907722490078e-08,0.3999971513610016,"{'table_obstacle': {'pos': [0.3825981920028062, 0.37518922255766707, 0.1646257963690813], 'size': [0.049837904948193595, 0.0813235869879147, 0.05243307039854257]}, 'pillar_obstacle': {'pos': [0.39994824830915515, -0.3824307480766307, 0.23470116647765446], 'size': [0.033663755439403885, 0.20172185302840845, 0.0]}, 'small_block': {'pos': [0.6140097595303955, -0.3535133918987863, 0.1097032402875184], 'size': [0.04461973939918376, 0.0849493067344041, 0.09534921802665242]}}"
3.315999999999746,0.4639993728275831,0.0,0.4,0.4610873609042551,-6.503689212324828e-08,0.3999971810385981,"{'table_obstacle': {'pos': [0.3825981920028062, 0.37518922255766707, 0.1646257963690813], 'size': [0.049837904948193595, 0.0813235869879147, 0.05243307039854257]}, 'pillar_obstacle': {'pos': [0.39994824830915515, -0.3824307480766307, 0.23470116647765446], 'size': [0.033663755439403885, 0.20172185302840845, 0.0]}, 'small_block': {'pos': [0.6140097595303955, -0.3535133918987863, 0.1097032402875184], 'size': [0.04461973939918376, 0.0849493067344041, 0.09534921802665242]}}"
3.3169999999997457,0.4639993728275831,0.0,0.4,0.4611289754790892,-6.98931941813372e-08,0.399997210768375,"{'table_obstacle': {'pos': [0.3825981920028062, 0.37518922255766707, 0.1646257963690813], 'size': [0.049837904948193595, 0.0813235869879147, 0.05243307039854257]}, 'pillar_obstacle': {'pos': [0.39994824830915515, -0.3824307480766307, 0.23470116647765446], 'size': [0.033663755439403885, 0.20172185302840845, 0.0]}, 'small_block': {'pos': [0.6140097595303955, -0.3535133918987863, 0.1097032402875184], 'size': [0.04461973939918376, 0.0849493067344041, 0.09534921802665242]}}"
3.3179999999997456,0.4639993728275831,0.0,0.4,0.4611699957075283,-7.460079146733128e-08,0.39999724053240326,"{'table_obstacle': {'pos': [0.3825981920028062, 0.37518922255766707, 0.1646257963690813], 'size': [0.049837904948193595, 0.0813235869879147, 0.05243307039854257]}, 'pillar_obstacle': {'pos': [0.39994824830915515, -0.3824307480766307, 0.23470116647765446], 'size': [0.033663755439403885, 0.20172185302840845, 0.0]}, 'small_block': {'pos': [0.6140097595303955, -0.3535133918987863, 0.1097032402875184], 'size': [0.04461973939918376, 0.0849493067344041, 0.09534921802665242]}}"
3.3189999999997455,0.4639993728275831,0.0,0.4,0.4612104300499653,-7.916252449986193e-08,0.39999727031376775,"{'table_obstacle': {'pos': [0.3825981920028062, 0.37518922255766707, 0.1646257963690813], 'size': [0.049837904948193595, 0.0813235869879147, 0.05243307039854257]}, 'pillar_obstacle': {'pos': [0.39994824830915515, -0.3824307480766307, 0.23470116647765446], 'size': [0.033663755439403885, 0.20172185302840845, 0.0]}, 'small_block': {'pos': [0.6140097595303955, -0.3535133918987863, 0.1097032402875184], 'size': [0.04461973939918376, 0.0849493067344041, 0.09534921802665242]}}"
3.3199999999997454,0.4639993728275831,0.0,0.4,0.4612502868506363,-8.358125121301879e-08,0.3999973000964925,"{'table_obstacle': {'pos': [0.3825981920028062, 0.37518922255766707, 0.1646257963690813], 'size': [0.049837904948193595, 0.0813235869879147, 0.05243307039854257]}, 'pillar_obstacle': {'pos': [0.39994824830915515, -0.3824307480766307, 0.23470116647765446], 'size': [0.033663755439403885, 0.20172185302840845, 0.0]}, 'small_block': {'pos': [0.6140097595303955, -0.3535133918987863, 0.1097032402875184], 'size': [0.04461973939918376, 0.0849493067344041, 0.09534921802665242]}}"
3.3209999999997453,0.4639993728275831,0.0,0.4,0.4612895743384301,-8.785983325333048e-08,0.3999973298654728,"{'table_obstacle': {'pos': [0.3825981920028062, 0.37518922255766707, 0.1646257963690813], 'size': [0.049837904948193595, 0.0813235869879147, 0.05243307039854257]}, 'pillar_obstacle': {'pos': [0.39994824830915515, -0.3824307480766307, 0.23470116647765446], 'size': [0.033663755439403885, 0.20172185302840845, 0.0]}, 'small_block': {'pos': [0.6140097595303955, -0.3535133918987863, 0.1097032402875184], 'size': [0.04461973939918376, 0.0849493067344041, 0.09534921802665242]}}"
3.321999999999745,0.4639993728275831,0.0,0.4,0.4613283006278452,-9.200112677070882e-08,0.3999973596064178,"{'table_obstacle': {'pos': [0.3825981920028062, 0.37518922255766707, 0.1646257963690813], 'size': [0.049837904948193595, 0.0813235869879147, 0.05243307039854257]}, 'pillar_obstacle': {'pos': [0.39994824830915515, -0.3824307480766307, 0.23470116647765446], 'size': [0.033663755439403885, 0.20172185302840845, 0.0]}, 'small_block': {'pos': [0.6140097595303955, -0.3535133918987863, 0.1097032402875184], 'size': [0.04461973939918376, 0.0849493067344041, 0.09534921802665242]}}"
3.322999999999745,0.4639993728275831,0.0,0.4,0.46136647372006456,-9.600797296123664e-08,0.3999973893057972,"{'table_obstacle': {'pos': [0.3825981920028062, 0.37518922255766707, 0.1646257963690813], 'size': [0.049837904948193595, 0.0813235869879147, 0.05243307039854257]}, 'pillar_obstacle': {'pos': [0.39994824830915515, -0.3824307480766307, 0.23470116647765446], 'size': [0.033663755439403885, 0.20172185302840845, 0.0]}, 'small_block': {'pos': [0.6140097595303955, -0.3535133918987863, 0.1097032402875184], 'size': [0.04461973939918376, 0.0849493067344041, 0.09534921802665242]}}"
3.323999999999745,0.4639993728275831,0.0,0.4,0.4614041015041194,-9.988319249362697e-08,0.39999741895079455,"{'table_obstacle': {'pos': [0.3825981920028062, 0.37518922255766707, 0.1646257963690813], 'size': [0.049837904948193595, 0.0813235869879147, 0.05243307039854257]}, 'pillar_obstacle': {'pos': [0.39994824830915515, -0.3824307480766307, 0.23470116647765446], 'size': [0.033663755439403885, 0.20172185302840845, 0.0]}, 'small_block': {'pos': [0.6140097595303955, -0.3535133918987863, 0.1097032402875184], 'size': [0.04461973939918376, 0.0849493067344041, 0.09534921802665242]}}"
3.324999999999745,0.4639993728275831,0.0,0.4,0.4614411917581209,-1.0362957907925324e-07,0.3999974485292675,"{'table_obstacle': {'pos': [0.3825981920028062, 0.37518922255766707, 0.1646257963690813], 'size': [0.049837904948193595, 0.0813235869879147, 0.05243307039854257]}, 'pillar_obstacle': {'pos': [0.39994824830915515, -0.3824307480766307, 0.23470116647765446], 'size': [0.033663755439403885, 0.20172185302840845, 0.0]}, 'small_block': {'pos': [0.6140097595303955, -0.3535133918987863, 0.1097032402875184], 'size': [0.04461973939918376, 0.0849493067344041, 0.09534921802665242]}}"
3.3259999999997447,0.4639993728275831,0.0,0.4,0.4614777521505452,-1.0724989541871934e-07,0.399997478029709,"{'table_obstacle': {'pos': [0.3825981920028062, 0.37518922255766707, 0.1646257963690813], 'size': [0.049837904948193595, 0.0813235869879147, 0.05243307039854257]}, 'pillar_obstacle': {'pos': [0.39994824830915515, -0.3824307480766307, 0.23470116647765446], 'size': [0.033663755439403885, 0.20172185302840845, 0.0]}, 'small_block': {'pos': [0.6140097595303955, -0.3535133918987863, 0.1097032402875184], 'size': [0.04461973939918376, 0.0849493067344041, 0.09534921802665242]}}"
3.3269999999997446,0.4639993728275831,0.0,0.4,0.46151379024155303,-1.1074687003588841e-07,0.39999750744121354,"{'table_obstacle': {'pos': [0.3825981920028062, 0.37518922255766707, 0.1646257963690813], 'size': [0.049837904948193595, 0.0813235869879147, 0.05243307039854257]}, 'pillar_obstacle': {'pos': [0.39994824830915515, -0.3824307480766307, 0.23470116647765446], 'size': [0.033663755439403885, 0.20172185302840845, 0.0]}, 'small_block': {'pos': [0.6140097595303955, -0.3535133918987863, 0.1097032402875184], 'size': [0.04461973939918376, 0.0849493067344041, 0.09534921802665242]}}"
3.3279999999997445,0.4639993728275831,0.0,0.4,0.46154931348433936,-1.1412319441260607e-07,0.3999975367534478,"{'table_obstacle': {'pos': [0.3825981920028062, 0.37518922255766707, 0.1646257963690813], 'size': [0.049837904948193595, 0.0813235869879147, 0.05243307039854257]}, 'pillar_obstacle': {'pos': [0.39994824830915515, -0.3824307480766307, 0.23470116647765446], 'size': [0.033663755439403885, 0.20172185302840845, 0.0]}, 'small_block': {'pos': [0.6140097595303955, -0.3535133918987863, 0.1097032402875184], 'size': [0.04461973939918376, 0.0849493067344041, 0.09534921802665242]}}"
3.3289999999997444,0.4639993728275831,0.0,0.4,0.4615843292264977,-1.1738152070526356e-07,0.3999975659566206,"{'table_obstacle': {'pos': [0.3825981920028062, 0.37518922255766707, 0.1646257963690813], 'size': [0.049837904948193595, 0.0813235869879147, 0.05243307039854257]}, 'pillar_obstacle': {'pos': [0.39994824830915515, -0.3824307480766307, 0.23470116647765446], 'size': [0.033663755439403885, 0.20172185302840845, 0.0]}, 'small_block': {'pos': [0.6140097595303955, -0.3535133918987863, 0.1097032402875184], 'size': [0.04461973939918376, 0.0849493067344041, 0.09534921802665242]}}"
3.3299999999997443,0.4639993728275831,0.0,0.4,0.461618844711396,-1.2052446061964785e-07,0.39999759504145954,"{'table_obstacle': {'pos': [0.3825981920028062, 0.37518922255766707, 0.1646257963690813], 'size': [0.049837904948193595, 0.0813235869879147, 0.05243307039854257]}, 'pillar_obstacle': {'pos': [0.39994824830915515, -0.3824307480766307, 0.23470116647765446], 'size': [0.033663755439403885, 0.20172185302840845, 0.0]}, 'small_block': {'pos': [0.6140097595303955, -0.3535133918987863, 0.1097032402875184], 'size': [0.04461973939918376, 0.0849493067344041, 0.09534921802665242]}}"
3.330999999999744,0.4639993728275831,0.0,0.4,0.46165286707955794,-1.2355458425051693e-07,0.3999976239991847,"{'table_obstacle': {'pos': [0.3825981920028062, 0.37518922255766707, 0.1646257963690813], 'size': [0.049837904948193595, 0.0813235869879147, 0.05243307039854257]}, 'pillar_obstacle': {'pos': [0.39994824830915515, -0.3824307480766307, 0.23470116647765446], 'size': [0.033663755439403885, 0.20172185302840845, 0.0]}, 'small_block': {'pos': [0.6140097595303955, -0.3535133918987863, 0.1097032402875184], 'size': [0.04461973939918376, 0.0849493067344041, 0.09534921802665242]}}"
3.331999999999744,0.4639993728275831,0.0,0.4,0.4616864033700401,-1.264744186900294e-07,0.3999976528214881,"{'table_obstacle': {'pos': [0.3825981920028062, 0.37518922255766707, 0.1646257963690813], 'size': [0.049837904948193595, 0.0813235869879147, 0.05243307039854257]}, 'pillar_obstacle': {'pos': [0.39994824830915515, -0.3824307480766307, 0.23470116647765446], 'size': [0.033663755439403885, 0.20172185302840845, 0.0]}, 'small_block': {'pos': [0.6140097595303955, -0.3535133918987863, 0.1097032402875184], 'size': [0.04461973939918376, 0.0849493067344041, 0.09534921802665242]}}"
3.332999999999744,0.4639993728275831,0.0,0.4,0.4617194605218122,-1.2928644821235367e-07,0.39999768150051246,"{'table_obstacle': {'pos': [0.3825981920028062, 0.37518922255766707, 0.1646257963690813], 'size': [0.049837904948193595, 0.0813235869879147, 0.05243307039854257]}, 'pillar_obstacle': {'pos': [0.39994824830915515, -0.3824307480766307, 0.23470116647765446], 'size': [0.033663755439403885, 0.20172185302840845, 0.0]}, 'small_block': {'pos': [0.6140097595303955, -0.3535133918987863, 0.1097032402875184], 'size': [0.04461973939918376, 0.0849493067344041, 0.09534921802665242]}}"
3.333999999999744,0.4639993728275831,0.0,0.4,0.46175204537512277,-1.3199311377742338e-07,0.3999977100288327,"{'table_obstacle': {'pos': [0.3825981920028062, 0.37518922255766707, 0.1646257963690813], 'size': [0.049837904948193595, 0.0813235869879147, 0.05243307039854257]}, 'pillar_obstacle': {'pos': [0.39994824830915515, -0.3824307480766307, 0.23470116647765446], 'size': [0.033663755439403885, 0.20172185302840845, 0.0]}, 'small_block': {'pos': [0.6140097595303955, -0.3535133918987863, 0.1097032402875184], 'size': [0.04461973939918376, 0.0849493067344041, 0.09534921802665242]}}"
3.3349999999997437,0.4639993728275831,0.0,0.4,0.46178416467286276,-1.3459681304600096e-07,0.39999773839943664,"{'table_obstacle': {'pos': [0.3825981920028062, 0.37518922255766707, 0.1646257963690813], 'size': [0.049837904948193595, 0.0813235869879147, 0.05243307039854257]}, 'pillar_obstacle': {'pos': [0.39994824830915515, -0.3824307480766307, 0.23470116647765446], 'size': [0.033663755439403885, 0.20172185302840845, 0.0]}, 'small_block': {'pos': [0.6140097595303955, -0.3535133918987863, 0.1097032402875184], 'size': [0.04461973939918376, 0.0849493067344041, 0.09534921802665242]}}"
3.3359999999997436,0.4639993728275831,0.0,0.4,0.4618158250619133,-1.3709990000085125e-07,0.3999977666057082,"{'table_obstacle': {'pos': [0.3825981920028062, 0.37518922255766707, 0.1646257963690813], 'size': [0.049837904948193595, 0.0813235869879147, 0.05243307039854257]}, 'pillar_obstacle': {'pos': [0.39994824830915515, -0.3824307480766307, 0.23470116647765446], 'size': [0.033663755439403885, 0.20172185302840845, 0.0]}, 'small_block': {'pos': [0.6140097595303955, -0.3535133918987863, 0.1097032402875184], 'size': [0.04461973939918376, 0.0849493067344041, 0.09534921802665242]}}"
3.3369999999997435,0.4639993728275831,0.0,0.4,0.4618470330944832,-1.3950468560438178e-07,0.39999779464141194,"{'table_obstacle': {'pos': [0.3825981920028062, 0.37518922255766707, 0.1646257963690813], 'size': [0.049837904948193595, 0.0813235869879147, 0.05243307039854257]}, 'pillar_obstacle': {'pos': [0.39994824830915515, -0.3824307480766307, 0.23470116647765446], 'size': [0.033663755439403885, 0.20172185302840845, 0.0]}, 'small_block': {'pos': [0.6140097595303955, -0.3535133918987863, 0.1097032402875184], 'size': [0.04461973939918376, 0.0849493067344041, 0.09534921802665242]}}"
3.3379999999997434,0.4639993728275831,0.0,0.4,0.4618777952294331,-1.4181343809781267e-07,0.39999782250067717,"{'table_obstacle': {'pos': [0.3825981920028062, 0.37518922255766707, 0.1646257963690813], 'size': [0.049837904948193595, 0.0813235869879147, 0.05243307039854257]}, 'pillar_obstacle': {'pos': [0.39994824830915515, -0.3824307480766307, 0.23470116647765446], 'size': [0.033663755439403885, 0.20172185302840845, 0.0]}, 'small_block': {'pos': [0.6140097595303955, -0.3535133918987863, 0.1097032402875184], 'size': [0.04461973939918376, 0.0849493067344041, 0.09534921802665242]}}"
3.3389999999997433,0.4639993728275831,0.0,0.4,0.4619081178335845,-1.440283831288194e-07,0.39999785017798284,"{'table_obstacle': {'pos': [0.3825981920028062, 0.37518922255766707, 0.1646257963690813], 'size': [0.049837904948193595, 0.0813235869879147, 0.05243307039854257]}, 'pillar_obstacle': {'pos': [0.39994824830915515, -0.3824307480766307, 0.23470116647765446], 'size': [0.033663755439403885, 0.20172185302840845, 0.0]}, 'small_block': {'pos': [0.6140097595303955, -0.3535133918987863, 0.1097032402875184], 'size': [0.04461973939918376, 0.0849493067344041, 0.09534921802665242]}}"
3.339999999999743,0.4639993728275831,0.0,0.4,0.461938007183014,-1.4615170452055366e-07,0.3999978776681452,"{'table_obstacle': {'pos': [0.3825981920028062, 0.37518922255766707, 0.1646257963690813], 'size': [0.049837904948193595, 0.0813235869879147, 0.05243307039854257]}, 'pillar_obstacle': {'pos': [0.39994824830915515, -0.3824307480766307, 0.23470116647765446], 'size': [0.033663755439403885, 0.20172185302840845, 0.0]}, 'small_block': {'pos': [0.6140097595303955, -0.3535133918987863, 0.1097032402875184], 'size': [0.04461973939918376, 0.0849493067344041, 0.09534921802665242]}}"
3.340999999999743,0.4639993728275831,0.0,0.4,0.46196746946433354,-1.4818554400361523e-07,0.39999790496630255,"{'table_obstacle': {'pos': [0.3825981920028062, 0.37518922255766707, 0.1646257963690813], 'size': [0.049837904948193595, 0.0813235869879147, 0.05243307039854257]}, 'pillar_obstacle': {'pos': [0.39994824830915515, -0.3824307480766307, 0.23470116647765446], 'size': [0.033663755439403885, 0.20172185302840845, 0.0]}, 'small_block': {'pos': [0.6140097595303955, -0.3535133918987863, 0.1097032402875184], 'size': [0.04461973939918376, 0.0849493067344041, 0.09534921802665242]}}"
3.341999999999743,0.46799935132239484,0.0,0.4,0.46199651077595205,-1.5013200272507573e-07,0.3999979320679036,"{'table_obstacle': {'pos': [0.3825981920028062, 0.37518922255766707, 0.1646257963690813], 'size': [0.049837904948193595, 0.0813235869879147, 0.05243307039854257]}, 'pillar_obstacle': {'pos': [0.39994824830915515, -0.3824307480766307, 0.23470116647765446], 'size': [0.033663755439403885, 0.20172185302840845, 0.0]}, 'small_block': {'pos': [0.6140097595303955, -0.3535133918987863, 0.1097032402875184], 'size': [0.04461973939918376, 0.0849493067344041, 0.09534921802665242]}}"
3.342999999999743,0.46799935132239484,0.0,0.4,0.46203600562420427,-1.3262550445779993e-07,0.39999788547357185,"{'table_obstacle': {'pos': [0.3825981920028062, 0.37518922255766707, 0.1646257963690813], 'size': [0.049837904948193595, 0.0813235869879147, 0.05243307039854257]}, 'pillar_obstacle': {'pos': [0.39994824830915515, -0.3824307480766307, 0.23470116647765446], 'size': [0.033663755439403885, 0.20172185302840845, 0.0]}, 'small_block': {'pos': [0.6140097595303955, -0.3535133918987863, 0.1097032402875184], 'size': [0.04461973939918376, 0.0849493067344041, 0.09534921802665242]}}"
3.3439999999997427,0.46799935132239484,0.0,0.4,0.46208373726041707,-1.0368378039418806e-07,0.3999977928324918,"{'table_obstacle': {'pos': [0.3825981920028062, 0.37518922255766707, 0.1646257963690813], 'size': [0.049837904948193595, 0.0813235869879147, 0.05243307039854257]}, 'pillar_obstacle': {'pos': [0.39994824830915515, -0.3824307480766307, 0.23470116647765446], 'size': [0.033663755439403885, 0.20172185302840845, 0.0]}, 'small_block': {'pos': [0.6140097595303955, -0.3535133918987863, 0.1097032402875184], 'size': [0.04461973939918376, 0.0849493067344041, 0.09534921802665242]}}"
3.3449999999997426,0.46799935132239484,0.0,0.4,0.4621379137333865,-6.89417789437592e-08,0.39999767377115614,"{'table_obstacle': {'pos': [0.3825981920028062, 0.37518922255766707, 0.1646257963690813], 'size': [0.049837904948193595, 0.0813235869879147, 0.05243307039854257]}, 'pillar_obstacle': {'pos': [0.39994824830915515, -0.3824307480766307, 0.23470116647765446], 'size': [0.033663755439403885, 0.20172185302840845, 0.0]}, 'small_block': {'pos': [0.6140097595303955, -0.3535133918987863, 0.1097032402875184], 'size': [0.04461973939918376, 0.0849493067344041, 0.09534921802665242]}}"
3.3459999999997425,0.46799935132239484,0.0,0.4,0.46219708713302254,-3.227327184233696e-08,0.39999754203383364,"{'table_obstacle': {'pos': [0.3825981920028062, 0.37518922255766707, 0.1646257963690813], 'size': [0.049837904948193595, 0.0813235869879147, 0.05243307039854257]}, 'pillar_obstacle': {'pos': [0.39994824830915515, -0.3824307480766307, 0.23470116647765446], 'size': [0.033663755439403885, 0.20172185302840845, 0.0]}, 'small_block': {'pos': [0.6140097595303955, -0.3535133918987863, 0.1097032402875184], 'size': [0.04461973939918376, 0.0849493067344041, 0.09534921802665242]}}"
3.3469999999997424,0.46799935132239484,0.0,0.4,0.4622600881510712,3.738987874474401e-09,0.399997407065183,"{'table_obstacle': {'pos': [0.3825981920028062, 0.37518922255766707, 0.1646257963690813], 'size': [0.049837904948193595, 0.0813235869879147, 0.05243307039854257]}, 'pillar_obstacle': {'pos': [0.39994824830915515, -0.3824307480766307, 0.23470116647765446], 'size': [0.033663755439403885, 0.20172185302840845, 0.0]}, 'small_block': {'pos': [0.6140097595303955, -0.3535133918987863, 0.1097032402875184], 'size': [0.04461973939918376, 0.0849493067344041, 0.09534921802665242]}}"
3.3479999999997423,0.46799935132239484,0.0,0.4,0.46232597306363005,3.744911403496411e-08,0.399997275181992,"{'table_obstacle': {'pos': [0.3825981920028062, 0.37518922255766707, 0.1646257963690813], 'size': [0.049837904948193595, 0.0813235869879147, 0.05243307039854257]}, 'pillar_obstacle': {'pos': [0.39994824830915515, -0.3824307480766307, 0.23470116647765446], 'size': [0.033663755439403885, 0.20172185302840845, 0.0]}, 'small_block': {'pos': [0.6140097595303955, -0.3535133918987863, 0.1097032402875184], 'size': [0.04461973939918376, 0.0849493067344041, 0.09534921802665242]}}"
3.348999999999742,0.46799935132239484,0.0,0.4,0.46239398078396843,6.78826049760197e-08,0.39999715044096507,"{'table_obstacle': {'pos': [0.3825981920028062, 0.37518922255766707, 0.1646257963690813], 'size': [0.049837904948193595, 0.0813235869879147, 0.05243307039854257]}, 'pillar_obstacle': {'pos': [0.39994824830915515, -0.3824307480766307, 0.23470116647765446], 'size': [0.033663755439403885, 0.20172185302840845, 0.0]}, 'small_block': {'pos': [0.6140097595303955, -0.3535133918987863, 0.1097032402875184], 'size': [0.04461973939918376, 0.0849493067344041, 0.09534921802665242]}}"
3.349999999999742,0.46799935132239484,0.0,0.4,0.4624634980770512,9.453845028751886e-08,0.39999703528087827,"{'table_obstacle': {'pos': [0.3825981920028062, 0.37518922255766707, 0.1646257963690813], 'size': [0.049837904948193595, 0.0813235869879147, 0.05243307039854257]}, 'pillar_obstacle': {'pos': [0.39994824830915515, -0.3824307480766307, 0.23470116647765446], 'size': [0.033663755439403885, 0.20172185302840845, 0.0]}, 'small_block': {'pos': [0.6140097595303955, -0.3535133918987863, 0.1097032402875184], 'size': [0.04461973939918376, 0.0849493067344041, 0.09534921802665242]}}"
3.350999999999742,0.46799935132239484,0.0,0.4,0.46253403138742155,1.1724261011259675e-07,0.3999969309967912,"{'table_obstacle': {'pos': [0.3825981920028062, 0.37518922255766707, 0.1646257963690813], 'size': [0.049837904948193595, 0.0813235869879147, 0.05243307039854257]}, 'pillar_obstacle': {'pos': [0.39994824830915515, -0.3824307480766307, 0.23470116647765446], 'size': [0.033663755439403885, 0.20172185302840845, 0.0]}, 'small_block': {'pos': [0.6140097595303955, -0.3535133918987863, 0.1097032402875184], 'size': [0.04461973939918376, 0.0849493067344041, 0.09534921802665242]}}"
3.351999999999742,0.46799935132239484,0.0,0.4,0.4626051840248993,1.360403956908051e-07,0.39999683808905967,"{'table_obstacle': {'pos': [0.3825981920028062, 0.37518922255766707, 0.1646257963690813], 'size': [0.049837904948193595, 0.0813235869879147, 0.05243307039854257]}, 'pillar_obstacle': {'pos': [0.39994824830915515, -0.3824307480766307, 0.23470116647765446], 'size': [0.033663755439403885, 0.20172185302840845, 0.0]}, 'small_block': {'pos': [0.6140097595303955, -0.3535133918987863, 0.1097032402875184], 'size': [0.04461973939918376, 0.0849493067344041, 0.09534921802665242]}}"
3.3529999999997417,0.46799935132239484,0.0,0.4,0.46267663769029005,1.5111819187723554e-07,0.3999967565189427,"{'table_obstacle': {'pos': [0.3825981920028062, 0.37518922255766707, 0.1646257963690813], 'size': [0.049837904948193595, 0.0813235869879147, 0.05243307039854257]}, 'pillar_obstacle': {'pos': [0.39994824830915515, -0.3824307480766307, 0.23470116647765446], 'size': [0.033663755439403885, 0.20172185302840845, 0.0]}, 'small_block': {'pos': [0.6140097595303955, -0.3535133918987863, 0.1097032402875184], 'size': [0.04461973939918376, 0.0849493067344041, 0.09534921802665242]}}"
3.3539999999997416,0.46799935132239484,0.0,0.4,0.46274813751626265,1.6274720424456088e-07,0.39999668589454274,"{'table_obstacle': {'pos': [0.3825981920028062, 0.37518922255766707, 0.1646257963690813], 'size': [0.049837904948193595, 0.0813235869879147, 0.05243307039854257]}, 'pillar_obstacle': {'pos': [0.39994824830915515, -0.3824307480766307, 0.23470116647765446], 'size': [0.033663755439403885, 0.20172185302840845, 0.0]}, 'small_block': {'pos': [0.6140097595303955, -0.3535133918987863, 0.1097032402875184], 'size': [0.04461973939918376, 0.0849493067344041, 0.09534921802665242]}}"
3.3549999999997415,0.46799935132239484,0.0,0.4,0.4628194799550615,1.7124364807745641e-07,0.39999662560485894,"{'table_obstacle': {'pos': [0.3825981920028062, 0.37518922255766707, 0.1646257963690813], 'size': [0.049837904948193595, 0.0813235869879147, 0.05243307039854257]}, 'pillar_obstacle': {'pos': [0.39994824830915515, -0.3824307480766307, 0.23470116647765446], 'size': [0.033663755439403885, 0.20172185302840845, 0.0]}, 'small_block': {'pos': [0.6140097595303955, -0.3535133918987863, 0.1097032402875184], 'size': [0.04461973939918376, 0.0849493067344041, 0.09534921802665242]}}"
3.3559999999997414,0.46799935132239484,0.0,0.4,0.46289050297163276,1.7694112880075867e-07,0.39999657491528395,"{'table_obstacle': {'pos': [0.3825981920028062, 0.37518922255766707, 0.1646257963690813], 'size': [0.049837904948193595, 0.0813235869879147, 0.05243307039854257]}, 'pillar_obstacle': {'pos': [0.39994824830915515, -0.3824307480766307, 0.23470116647765446], 'size': [0.033663755439403885, 0.20172185302840845, 0.0]}, 'small_block': {'pos': [0.6140097595303955, -0.3535133918987863, 0.1097032402875184], 'size': [0.04461973939918376, 0.0849493067344041, 0.09534921802665242]}}"
3.3569999999997413,0.46799935132239484,0.0,0.4,0.4629610781036029,1.8017199630703938e-07,0.39999653303456056,"{'table_obstacle': {'pos': [0.3825981920028062, 0.37518922255766707, 0.1646257963690813], 'size': [0.049837904948193595, 0.0813235869879147, 0.05243307039854257]}, 'pillar_obstacle': {'pos': [0.39994824830915515, -0.3824307480766307, 0.23470116647765446], 'size': [0.033663755439403885, 0.20172185302840845, 0.0]}, 'small_block': {'pos': [0.6140097595303955, -0.3535133918987863, 0.1097032402875184], 'size': [0.04461973939918376, 0.0849493067344041, 0.09534921802665242]}}"
3.357999999999741,0.46799935132239484,0.0,0.4,0.46303110403291914,1.8125523809805723e-07,0.39999649916071234,"{'table_obstacle': {'pos': [0.3825981920028062, 0.37518922255766707, 0.1646257963690813], 'size': [0.049837904948193595, 0.0813235869879147, 0.05243307039854257]}, 'pillar_obstacle': {'pos': [0.39994824830915515, -0.3824307480766307, 0.23470116647765446], 'size': [0.033663755439403885, 0.20172185302840845, 0.0]}, 'small_block': {'pos': [0.6140097595303955, -0.3535133918987863, 0.1097032402875184], 'size': [0.04461973939918376, 0.0849493067344041, 0.09534921802665242]}}"
3.358999999999741,0.46799935132239484,0.0,0.4,0.4631005013814971,1.8048908560190554e-07,0.39999647251159226,"{'table_obstacle': {'pos': [0.3825981920028062, 0.37518922255766707, 0.1646257963690813], 'size': [0.049837904948193595, 0.0813235869879147, 0.05243307039854257]}, 'pillar_obstacle': {'pos': [0.39994824830915515, -0.3824307480766307, 0.23470116647765446], 'size': [0.033663755439403885, 0.20172185302840845, 0.0]}, 'small_block': {'pos': [0.6140097595303955, -0.3535133918987863, 0.1097032402875184], 'size': [0.04461973939918376, 0.0849493067344041, 0.09534921802665242]}}"
3.359999999999741,0.46799935132239484,0.0,0.4,0.46316920849793086,1.7814696754898378e-07,0.39999645234427433,"{'table_obstacle': {'pos': [0.3825981920028062, 0.37518922255766707, 0.1646257963690813], 'size': [0.049837904948193595, 0.0813235869879147, 0.05243307039854257]}, 'pillar_obstacle': {'pos': [0.39994824830915515, -0.3824307480766307, 0.23470116647765446], 'size': [0.033663755439403885, 0.20172185302840845, 0.0]}, 'small_block': {'pos': [0.6140097595303955, -0.3535133918987863, 0.1097032402875184], 'size': [0.04461973939918376, 0.0849493067344041, 0.09534921802665242]}}"
3.360999999999741,0.46799935132239484,0.0,0.4,0.463237178046645,1.7447579364089215e-07,0.39999643796644163,"{'table_obstacle': {'pos': [0.3825981920028062, 0.37518922255766707, 0.1646257963690813], 'size': [0.049837904948193595, 0.0813235869879147, 0.05243307039854257]}, 'pillar_obstacle': {'pos': [0.39994824830915515, -0.3824307480766307, 0.23470116647765446], 'size': [0.033663755439403885, 0.20172185302840845, 0.0]}, 'small_block': {'pos': [0.6140097595303955, -0.3535133918987863, 0.1097032402875184], 'size': [0.04461973939918376, 0.0849493067344041, 0.09534921802665242]}}"
3.3619999999997408,0.46799935132239484,0.0,0.4,0.46330437424675014,1.6969582315207178e-07,0.3999964287421211,"{'table_obstacle': {'pos': [0.3825981920028062, 0.37518922255766707, 0.1646257963690813], 'size': [0.049837904948193595, 0.0813235869879147, 0.05243307039854257]}, 'pillar_obstacle': {'pos': [0.39994824830915515, -0.3824307480766307, 0.23470116647765446], 'size': [0.033663755439403885, 0.20172185302840845, 0.0]}, 'small_block': {'pos': [0.6140097595303955, -0.3535133918987863, 0.1097032402875184], 'size': [0.04461973939918376, 0.0849493067344041, 0.09534921802665242]}}"
3.3629999999997406,0.46799935132239484,0.0,0.4,0.4633707706369373,1.640015710910549e-07,0.39999642409350333,"{'table_obstacle': {'pos': [0.3825981920028062, 0.37518922255766707, 0.1646257963690813], 'size': [0.049837904948193595, 0.0813235869879147, 0.05243307039854257]}, 'pillar_obstacle': {'pos': [0.39994824830915515, -0.3824307480766307, 0.23470116647765446], 'size': [0.033663755439403885, 0.20172185302840845, 0.0]}, 'small_block': {'pos': [0.6140097595303955, -0.3535133918987863, 0.1097032402875184], 'size': [0.04461973939918376, 0.0849493067344041, 0.09534921802665242]}}"
3.3639999999997405,0.46799935132239484,0.0,0.4,0.46343634826627483,1.5756335573985648e-07,0.3999964235001245,"{'table_obstacle': {'pos': [0.3825981920028062, 0.37518922255766707, 0.1646257963690813], 'size': [0.049837904948193595, 0.0813235869879147, 0.05243307039854257]}, 'pillar_obstacle': {'pos': [0.39994824830915515, -0.3824307480766307, 0.23470116647765446], 'size': [0.033663755439403885, 0.20172185302840845, 0.0]}, 'small_block': {'pos': [0.6140097595303955, -0.3535133918987863, 0.1097032402875184], 'size': [0.04461973939918376, 0.0849493067344041, 0.09534921802665242]}}"
3.3649999999997404,0.46799935132239484,0.0,0.4,0.46350109422983854,1.5052921063941186e-07,0.39999642649634276,"{'table_obstacle': {'pos': [0.3825981920028062, 0.37518922255766707, 0.1646257963690813], 'size': [0.049837904948193595, 0.0813235869879147, 0.05243307039854257]}, 'pillar_obstacle': {'pos': [0.39994824830915515, -0.3824307480766307, 0.23470116647765446], 'size': [0.033663755439403885, 0.20172185302840845, 0.0]}, 'small_block': {'pos': [0.6140097595303955, -0.3535133918987863, 0.1097032402875184], 'size': [0.04461973939918376, 0.0849493067344041, 0.09534921802665242]}}"
3.3659999999997403,0.46799935132239484,0.0,0.4,0.46356500048353266,1.4302695733486392e-07,0.3999964326677835,"{'table_obstacle': {'pos': [0.3825981920028062, 0.37518922255766707, 0.1646257963690813], 'size': [0.049837904948193595, 0.0813235869879147, 0.05243307039854257]}, 'pillar_obstacle': {'pos': [0.39994824830915515, -0.3824307480766307, 0.23470116647765446], 'size': [0.033663755439403885, 0.20172185302840845, 0.0]}, 'small_block': {'pos': [0.6140097595303955, -0.3535133918987863, 0.1097032402875184], 'size': [0.04461973939918376, 0.0849493067344041, 0.09534921802665242]}}"
3.36699999999974,0.46799935132239484,0.0,0.4,0.4636280628849498,1.3516631302906395e-07,0.3999964416472264,"{'table_obstacle': {'pos': [0.3825981920028062, 0.37518922255766707, 0.1646257963690813], 'size': [0.049837904948193595, 0.0813235869879147, 0.05243307039854257]}, 'pillar_obstacle': {'pos': [0.39994824830915515, -0.3824307480766307, 0.23470116647765446], 'size': [0.033663755439403885, 0.20172185302840845, 0.0]}, 'small_block': {'pos': [0.6140097595303955, -0.3535133918987863, 0.1097032402875184], 'size': [0.04461973939918376, 0.0849493067344041, 0.09534921802665242]}}"
3.36799999999974,0.46799935132239484,0.0,0.4,0.4636902804172476,1.2704093733201147e-07,0.39999645311027676,"{'table_obstacle': {'pos': [0.3825981920028062, 0.37518922255766707, 0.1646257963690813], 'size': [0.049837904948193595, 0.0813235869879147, 0.05243307039854257]}, 'pillar_obstacle': {'pos': [0.39994824830915515, -0.3824307480766307, 0.23470116647765446], 'size': [0.033663755439403885, 0.20172185302840845, 0.0]}, 'small_block': {'pos': [0.6140097595303955, -0.3535133918987863, 0.1097032402875184], 'size': [0.04461973939918376, 0.0849493067344041, 0.09534921802665242]}}"
3.36899999999974,0.46799935132239484,0.0,0.4,0.46375165456119705,1.1873036542108555e-07,0.3999964667710393,"{'table_obstacle': {'pos': [0.3825981920028062, 0.37518922255766707, 0.1646257963690813], 'size': [0.049837904948193595, 0.0813235869879147, 0.05243307039854257]}, 'pillar_obstacle': {'pos': [0.39994824830915515, -0.3824307480766307, 0.23470116647765446], 'size': [0.033663755439403885, 0.20172185302840845, 0.0]}, 'small_block': {'pos': [0.6140097595303955, -0.3535133918987863, 0.1097032402875184], 'size': [0.04461973939918376, 0.0849493067344041, 0.09534921802665242]}}"
3.36999999999974,0.46799935132239484,0.0,0.4,0.46381218878719405,1.1030179673661765e-07,0.3999964823779532,"{'table_obstacle': {'pos': [0.3825981920028062, 0.37518922255766707, 0.1646257963690813], 'size': [0.049837904948193595, 0.0813235869879147, 0.05243307039854257]}, 'pillar_obstacle': {'pos': [0.39994824830915515, -0.3824307480766307, 0.23470116647765446], 'size': [0.033663755439403885, 0.20172185302840845, 0.0]}, 'small_block': {'pos': [0.6140097595303955, -0.3535133918987863, 0.1097032402875184], 'size': [0.04461973939918376, 0.0849493067344041, 0.09534921802665242]}}"
3.3709999999997398,0.46799935132239484,0.0,0.4,0.46387188814440083,1.0181172021441764e-07,0.39999649970987344,"{'table_obstacle': {'pos': [0.3825981920028062, 0.37518922255766707, 0.1646257963690813], 'size': [0.049837904948193595, 0.0813235869879147, 0.05243307039854257]}, 'pillar_obstacle': {'pos': [0.39994824830915515, -0.3824307480766307, 0.23470116647765446], 'size': [0.033663755439403885, 0.20172185302840845, 0.0]}, 'small_block': {'pos': [0.6140097595303955, -0.3535133918987863, 0.1097032402875184], 'size': [0.04461973939918376, 0.0849493067344041, 0.09534921802665242]}}"
3.3719999999997397,0.46799935132239484,0.0,0.4,0.46393075892852365,9.330737519129478e-08,0.39999651857245444,"{'table_obstacle': {'pos': [0.3825981920028062, 0.37518922255766707, 0.1646257963690813], 'size': [0.049837904948193595, 0.0813235869879147, 0.05243307039854257]}, 'pillar_obstacle': {'pos': [0.39994824830915515, -0.3824307480766307, 0.23470116647765446], 'size': [0.033663755439403885, 0.20172185302840845, 0.0]}, 'small_block': {'pos': [0.6140097595303955, -0.3535133918987863, 0.1097032402875184], 'size': [0.04461973939918376, 0.0849493067344041, 0.09534921802665242]}}"
3.3729999999997395,0.46799935132239484,0.0,0.4,0.4639888084132516,8.48280493273384e-08,0.39999653879485964,"{'table_obstacle': {'pos': [0.3825981920028062, 0.37518922255766707, 0.1646257963690813], 'size': [0.049837904948193595, 0.0813235869879147, 0.05243307039854257]}, 'pillar_obstacle': {'pos': [0.39994824830915515, -0.3824307480766307, 0.23470116647765446], 'size': [0.033663755439403885, 0.20172185302840845, 0.0]}, 'small_block': {'pos': [0.6140097595303955, -0.3535133918987863, 0.1097032402875184], 'size': [0.04461973939918376, 0.0849493067344041, 0.09534921802665242]}}"
3.3739999999997394,0.46799935132239484,0.0,0.4,0.4640460446332423,7.640622326500502e-08,0.3999965602268017,"{'table_obstacle': {'pos': [0.3825981920028062, 0.37518922255766707, 0.1646257963690813], 'size': [0.049837904948193595, 0.0813235869879147, 0.05243307039854257]}, 'pillar_obstacle': {'pos': [0.39994824830915515, -0.3824307480766307, 0.23470116647765446], 'size': [0.033663755439403885, 0.20172185302840845, 0.0]}, 'small_block': {'pos': [0.6140097595303955, -0.3535133918987863, 0.1097032402875184], 'size': [0.04461973939918376, 0.0849493067344041, 0.09534921802665242]}}"
3.3749999999997393,0.46799935132239484,0.0,0.4,0.4641024762088336,6.80685724368206e-08,0.39999658273590144,"{'table_obstacle': {'pos': [0.3825981920028062, 0.37518922255766707, 0.1646257963690813], 'size': [0.049837904948193595, 0.0813235869879147, 0.05243307039854257]}, 'pillar_obstacle': {'pos': [0.39994824830915515, -0.3824307480766307, 0.23470116647765446], 'size': [0.033663755439403885, 0.20172185302840845, 0.0]}, 'small_block': {'pos': [0.6140097595303955, -0.3535133918987863, 0.1097032402875184], 'size': [0.04461973939918376, 0.0849493067344041, 0.09534921802665242]}}"
3.375999999999739,0.46799935132239484,0.0,0.4,0.46415811220453723,5.983683772244123e-08,0.39999660620535316,"{'table_obstacle': {'pos': [0.3825981920028062, 0.37518922255766707, 0.1646257963690813], 'size': [0.049837904948193595, 0.0813235869879147, 0.05243307039854257]}, 'pillar_obstacle': {'pos': [0.39994824830915515, -0.3824307480766307, 0.23470116647765446], 'size': [0.033663755439403885, 0.20172185302840845, 0.0]}, 'small_block': {'pos': [0.6140097595303955, -0.3535133918987863, 0.1097032402875184], 'size': [0.04461973939918376, 0.0849493067344041, 0.09534921802665242]}}"
3.376999999999739,0.46799935132239484,0.0,0.4,0.4642129620148813,5.17285796136216e-08,0.39999663053186846,"{'table_obstacle': {'pos': [0.3825981920028062, 0.37518922255766707, 0.1646257963690813], 'size': [0.049837904948193595, 0.0813235869879147, 0.05243307039854257]}, 'pillar_obstacle': {'pos': [0.39994824830915515, -0.3824307480766307, 0.23470116647765446], 'size': [0.033663755439403885, 0.20172185302840845, 0.0]}, 'small_block': {'pos': [0.6140097595303955, -0.3535133918987863, 0.1097032402875184], 'size': [0.04461973939918376, 0.0849493067344041, 0.09534921802665242]}}"
3.377999999999739,0.46799935132239484,0.0,0.4,0.464267035272388,4.3757827573449486e-08,0.3999966556238796,"{'table_obstacle': {'pos': [0.3825981920028062, 0.37518922255766707, 0.1646257963690813], 'size': [0.049837904948193595, 0.0813235869879147, 0.05243307039854257]}, 'pillar_obstacle': {'pos': [0.39994824830915515, -0.3824307480766307, 0.23470116647765446], 'size': [0.033663755439403885, 0.20172185302840845, 0.0]}, 'small_block': {'pos': [0.6140097595303955, -0.3535133918987863, 0.1097032402875184], 'size': [0.04461973939918376, 0.0849493067344041, 0.09534921802665242]}}"
3.378999999999739,0.46799935132239484,0.0,0.4,0.46432034177347653,3.593563768341003e-08,0.39999668139997435,"{'table_obstacle': {'pos': [0.3825981920028062, 0.37518922255766707, 0.1646257963690813], 'size': [0.049837904948193595, 0.0813235869879147, 0.05243307039854257]}, 'pillar_obstacle': {'pos': [0.39994824830915515, -0.3824307480766307, 0.23470116647765446], 'size': [0.033663755439403885, 0.20172185302840845, 0.0]}, 'small_block': {'pos': [0.6140097595303955, -0.3535133918987863, 0.1097032402875184], 'size': [0.04461973939918376, 0.0849493067344041, 0.09534921802665242]}}"
3.3799999999997388,0.46799935132239484,0.0,0.4,0.46437289141886423,2.827056804298093e-08,0.3999967077875375,"{'table_obstacle': {'pos': [0.3825981920028062, 0.37518922255766707, 0.1646257963690813], 'size': [0.049837904948193595, 0.0813235869879147, 0.05243307039854257]}, 'pillar_obstacle': {'pos': [0.39994824830915515, -0.3824307480766307, 0.23470116647765446], 'size': [0.033663755439403885, 0.20172185302840845, 0.0]}, 'small_block': {'pos': [0.6140097595303955, -0.3535133918987863, 0.1097032402875184], 'size': [0.04461973939918376, 0.0849493067344041, 0.09534921802665242]}}"
3.3809999999997387,0.46799935132239484,0.0,0.4,0.4644246941657137,2.0769085973813047e-08,0.3999967347215758,"{'table_obstacle': {'pos': [0.3825981920028062, 0.37518922255766707, 0.1646257963690813], 'size': [0.049837904948193595, 0.0813235869879147, 0.05243307039854257]}, 'pillar_obstacle': {'pos': [0.39994824830915515, -0.3824307480766307, 0.23470116647765446], 'size': [0.033663755439403885, 0.20172185302840845, 0.0]}, 'small_block': {'pos': [0.6140097595303955, -0.3535133918987863, 0.1097032402875184], 'size': [0.04461973939918376, 0.0849493067344041, 0.09534921802665242]}}"
3.3819999999997385,0.46799935132239484,0.0,0.4,0.4644757599892747,1.3435911423745065e-08,0.3999967621437056,"{'table_obstacle': {'pos': [0.3825981920028062, 0.37518922255766707, 0.1646257963690813], 'size': [0.049837904948193595, 0.0813235869879147, 0.05243307039854257]}, 'pillar_obstacle': {'pos': [0.39994824830915515, -0.3824307480766307, 0.23470116647765446], 'size': [0.033663755439403885, 0.20172185302840845, 0.0]}, 'small_block': {'pos': [0.6140097595303955, -0.3535133918987863, 0.1097032402875184], 'size': [0.04461973939918376, 0.0849493067344041, 0.09534921802665242]}}"
3.3829999999997384,0.46799935132239484,0.0,0.4,0.4645260988522175,6.274310830432531e-09,0.3999967900012801,"{'table_obstacle': {'pos': [0.3825981920028062, 0.37518922255766707, 0.1646257963690813], 'size': [0.049837904948193595, 0.0813235869879147, 0.05243307039854257]}, 'pillar_obstacle': {'pos': [0.39994824830915515, -0.3824307480766307, 0.23470116647765446], 'size': [0.033663755439403885, 0.20172185302840845, 0.0]}, 'small_block': {'pos': [0.6140097595303955, -0.3535133918987863, 0.1097032402875184], 'size': [0.04461973939918376, 0.0849493067344041, 0.09534921802665242]}}"
3.3839999999997383,0.46799935132239484,0.0,0.4,0.46457572068018343,-7.136571977463302e-10,0.39999681824664096,"{'table_obstacle': {'pos': [0.3825981920028062, 0.37518922255766707, 0.1646257963690813], 'size': [0.049837904948193595, 0.0813235869879147, 0.05243307039854257]}, 'pillar_obstacle': {'pos': [0.39994824830915515, -0.3824307480766307, 0.23470116647765446], 'size': [0.033663755439403885, 0.20172185302840845, 0.0]}, 'small_block': {'pos': [0.6140097595303955, -0.3535133918987863, 0.1097032402875184], 'size': [0.04461973939918376, 0.0849493067344041, 0.09534921802665242]}}"
3.384999999999738,0.46799935132239484,0.0,0.4,0.4646246353423677,-7.526932095125598e-09,0.3999968468364774,"{'table_obstacle': {'pos': [0.3825981920028062, 0.37518922255766707, 0.1646257963690813], 'size': [0.049837904948193595, 0.0813235869879147, 0.05243307039854257]}, 'pillar_obstacle': {'pos': [0.39994824830915515, -0.3824307480766307, 0.23470116647765446], 'size': [0.033663755439403885, 0.20172185302840845, 0.0]}, 'small_block': {'pos': [0.6140097595303955, -0.3535133918987863, 0.1097032402875184], 'size': [0.04461973939918376, 0.0849493067344041, 0.09534921802665242]}}"
3.385999999999738,0.46799935132239484,0.0,0.4,0.46467285263616986,-1.4165277094573575e-08,0.39999687573127335,"{'table_obstacle': {'pos': [0.3825981920028062, 0.37518922255766707, 0.1646257963690813], 'size': [0.049837904948193595, 0.0813235869879147, 0.05243307039854257]}, 'pillar_obstacle': {'pos': [0.39994824830915515, -0.3824307480766307, 0.23470116647765446], 'size': [0.033663755439403885, 0.20172185302840845, 0.0]}, 'small_block': {'pos': [0.6140097595303955, -0.3535133918987863, 0.1097032402875184], 'size': [0.04461973939918376, 0.0849493067344041, 0.09534921802665242]}}"
3.386999999999738,0.46799935132239484,0.0,0.4,0.46472038227513446,-2.062913068919179e-08,0.39999690489483875,"{'table_obstacle': {'pos': [0.3825981920028062, 0.37518922255766707, 0.1646257963690813], 'size': [0.049837904948193595, 0.0813235869879147, 0.05243307039854257]}, 'pillar_obstacle': {'pos': [0.39994824830915515, -0.3824307480766307, 0.23470116647765446], 'size': [0.033663755439403885, 0.20172185302840845, 0.0]}, 'small_block': {'pos': [0.6140097595303955, -0.3535133918987863, 0.1097032402875184], 'size': [0.04461973939918376, 0.0849493067344041, 0.09534921802665242]}}"
3.387999999999738,0.46799935132239484,0.0,0.4,0.46476723387955,-2.6919483881978426e-08,0.39999693429390637,"{'table_obstacle': {'pos': [0.3825981920028062, 0.37518922255766707, 0.1646257963690813], 'size': [0.049837904948193595, 0.0813235869879147, 0.05243307039854257]}, 'pillar_obstacle': {'pos': [0.39994824830915515, -0.3824307480766307, 0.23470116647765446], 'size': [0.033663755439403885, 0.20172185302840845, 0.0]}, 'small_block': {'pos': [0.6140097595303955, -0.3535133918987863, 0.1097032402875184], 'size': [0.04461973939918376, 0.0849493067344041, 0.09534921802665242]}}"
3.3889999999997378,0.46799935132239484,0.0,0.4,0.4648134169691951,-3.303777656525578e-08,0.399996963897787,"{'table_obstacle': {'pos': [0.3825981920028062, 0.37518922255766707, 0.1646257963690813], 'size': [0.049837904948193595, 0.0813235869879147, 0.05243307039854257]}, 'pillar_obstacle': {'pos': [0.39994824830915515, -0.3824307480766307, 0.23470116647765446], 'size': [0.033663755439403885, 0.20172185302840845, 0.0]}, 'small_block': {'pos': [0.6140097595303955, -0.3535133918987863, 0.1097032402875184], 'size': [0.04461973939918376, 0.0849493067344041, 0.09534921802665242]}}"
3.3899999999997377,0.46799935132239484,0.0,0.4,0.4648589409578198,-3.8985810465545284e-08,0.3999969936780739,"{'table_obstacle': {'pos': [0.3825981920028062, 0.37518922255766707, 0.1646257963690813], 'size': [0.049837904948193595, 0.0813235869879147, 0.05243307039854257]}, 'pillar_obstacle': {'pos': [0.39994824830915515, -0.3824307480766307, 0.23470116647765446], 'size': [0.033663755439403885, 0.20172185302840845, 0.0]}, 'small_block': {'pos': [0.6140097595303955, -0.3535133918987863, 0.1097032402875184], 'size': [0.04461973939918376, 0.0849493067344041, 0.09534921802665242]}}"
3.3909999999997376,0.46799935132239484,0.0,0.4,0.46490381514902573,-4.4765677505173035e-08,0.3999970236083917,"{'table_obstacle': {'pos': [0.3825981920028062, 0.37518922255766707, 0.1646257963690813], 'size': [0.049837904948193595, 0.0813235869879147, 0.05243307039854257]}, 'pillar_obstacle': {'pos': [0.39994824830915515, -0.3824307480766307, 0.23470116647765446], 'size': [0.033663755439403885, 0.20172185302840845, 0.0]}, 'small_block': {'pos': [0.6140097595303955, -0.3535133918987863, 0.1097032402875184], 'size': [0.04461973939918376, 0.0849493067344041, 0.09534921802665242]}}"
3.3919999999997374,0.46799935132239484,0.0,0.4,0.46494804873327455,-5.037969953519401e-08,0.39999705366417954,"{'table_obstacle': {'pos': [0.3825981920028062, 0.37518922255766707, 0.1646257963690813], 'size': [0.049837904948193595, 0.0813235869879147, 0.05243307039854257]}, 'pillar_obstacle': {'pos': [0.39994824830915515, -0.3824307480766307, 0.23470116647765446], 'size': [0.033663755439403885, 0.20172185302840845, 0.0]}, 'small_block': {'pos': [0.6140097595303955, -0.3535133918987863, 0.1097032402875184], 'size': [0.04461973939918376, 0.0849493067344041, 0.09534921802665242]}}"
3.3929999999997373,0.46799935132239484,0.0,0.4,0.46499165078580396,-5.583037875573235e-08,0.3999970838225054,"{'table_obstacle': {'pos': [0.3825981920028062, 0.37518922255766707, 0.1646257963690813], 'size': [0.049837904948193595, 0.0813235869879147, 0.05243307039854257]}, 'pillar_obstacle': {'pos': [0.39994824830915515, -0.3824307480766307, 0.23470116647765446], 'size': [0.033663755439403885, 0.20172185302840845, 0.0]}, 'small_block': {'pos': [0.6140097595303955, -0.3535133918987863, 0.1097032402875184], 'size': [0.04461973939918376, 0.0849493067344041, 0.09534921802665242]}}"
3.3939999999997372,0.46799935132239484,0.0,0.4,0.46503463026527886,-6.112035577152676e-08,0.3999971140619071,"{'table_obstacle': {'pos': [0.3825981920028062, 0.37518922255766707, 0.1646257963690813], 'size': [0.049837904948193595, 0.0813235869879147, 0.05243307039854257]}, 'pillar_obstacle': {'pos': [0.39994824830915515, -0.3824307480766307, 0.23470116647765446], 'size': [0.033663755439403885, 0.20172185302840845, 0.0]}, 'small_block': {'pos': [0.6140097595303955, -0.3535133918987863, 0.1097032402875184], 'size': [0.04461973939918376, 0.0849493067344041, 0.09534921802665242]}}"
3.394999999999737,0.46799935132239484,0.0,0.4,0.4650769960130244,-6.625237568322093e-08,0.39999714436225386,"{'table_obstacle': {'pos': [0.3825981920028062, 0.37518922255766707, 0.1646257963690813], 'size': [0.049837904948193595, 0.0813235869879147, 0.05243307039854257]}, 'pillar_obstacle': {'pos': [0.39994824830915515, -0.3824307480766307, 0.23470116647765446], 'size': [0.033663755439403885, 0.20172185302840845, 0.0]}, 'small_block': {'pos': [0.6140097595303955, -0.3535133918987863, 0.1097032402875184], 'size': [0.04461973939918376, 0.0849493067344041, 0.09534921802665242]}}"
3.395999999999737,0.46799935132239484,0.0,0.4,0.46511875675273573,-7.12292592418946e-08,0.39999717470462925,"{'table_obstacle': {'pos': [0.3825981920028062, 0.37518922255766707, 0.1646257963690813], 'size': [0.049837904948193595, 0.0813235869879147, 0.05243307039854257]}, 'pillar_obstacle': {'pos': [0.39994824830915515, -0.3824307480766307, 0.23470116647765446], 'size': [0.033663755439403885, 0.20172185302840845, 0.0]}, 'small_block': {'pos': [0.6140097595303955, -0.3535133918987863, 0.1097032402875184], 'size': [0.04461973939918376, 0.0849493067344041, 0.09534921802665242]}}"
3.396999999999737,0.46799935132239484,0.0,0.4,0.4651599210905596,-7.605387985686655e-08,0.3999972050712275,"{'table_obstacle': {'pos': [0.3825981920028062, 0.37518922255766707, 0.1646257963690813], 'size': [0.049837904948193595, 0.0813235869879147, 0.05243307039854257]}, 'pillar_obstacle': {'pos': [0.39994824830915515, -0.3824307480766307, 0.23470116647765446], 'size': [0.033663755439403885, 0.20172185302840845, 0.0]}, 'small_block': {'pos': [0.6140097595303955, -0.3535133918987863, 0.1097032402875184], 'size': [0.04461973939918376, 0.0849493067344041, 0.09534921802665242]}}"
3.397999999999737,0.46799935132239484,0.0,0.4,0.46520049751548015,-8.072914417320359e-08,0.3999972354452636,"{'table_obstacle': {'pos': [0.3825981920028062, 0.37518922255766707, 0.1646257963690813], 'size': [0.049837904948193595, 0.0813235869879147, 0.05243307039854257]}, 'pillar_obstacle': {'pos': [0.39994824830915515, -0.3824307480766307, 0.23470116647765446], 'size': [0.033663755439403885, 0.20172185302840845, 0.0]}, 'small_block': {'pos': [0.6140097595303955, -0.3535133918987863, 0.1097032402875184], 'size': [0.04461973939918376, 0.0849493067344041, 0.09534921802665242]}}"
3.3989999999997367,0.46799935132239484,0.0,0.4,0.46524049439994236,-8.52579761400354e-08,0.39999726581089784,"{'table_obstacle': {'pos': [0.3825981920028062, 0.37518922255766707, 0.1646257963690813], 'size': [0.049837904948193595, 0.0813235869879147, 0.05243307039854257]}, 'pillar_obstacle': {'pos': [0.39994824830915515, -0.3824307480766307, 0.23470116647765446], 'size': [0.033663755439403885, 0.20172185302840845, 0.0]}, 'small_block': {'pos': [0.6140097595303955, -0.3535133918987863, 0.1097032402875184], 'size': [0.04461973939918376, 0.0849493067344041, 0.09534921802665242]}}"
3.3999999999997366,0.46799935132239484,0.0,0.4,0.4652799200006649,-8.964330446310693e-08,0.3999972961531646,"{'table_obstacle': {'pos': [0.3825981920028062, 0.37518922255766707, 0.1646257963690813], 'size': [0.049837904948193595, 0.0813235869879147, 0.05243307039854257]}, 'pillar_obstacle': {'pos': [0.39994824830915515, -0.3824307480766307, 0.23470116647765446], 'size': [0.033663755439403885, 0.20172185302840845, 0.0]}, 'small_block': {'pos': [0.6140097595303955, -0.3535133918987863, 0.1097032402875184], 'size': [0.04461973939918376, 0.0849493067344041, 0.09534921802665242]}}"
3.4009999999997365,0.46799935132239484,0.0,0.4,0.46531878245960134,-9.388805140240604e-08,0.3999973264579145,"{'table_obstacle': {'pos': [0.3825981920028062, 0.37518922255766707, 0.1646257963690813], 'size': [0.049837904948193595, 0.0813235869879147, 0.05243307039854257]}, 'pillar_obstacle': {'pos': [0.39994824830915515, -0.3824307480766307, 0.23470116647765446], 'size': [0.033663755439403885, 0.20172185302840845, 0.0]}, 'small_block': {'pos': [0.6140097595303955, -0.3535133918987863, 0.1097032402875184], 'size': [0.04461973939918376, 0.0849493067344041, 0.09534921802665242]}}"
3.4019999999997363,0.46799935132239484,0.0,0.4,0.46535708980501844,-9.799512465517596e-08,0.39999735671176045,"{'table_obstacle': {'pos': [0.3825981920028062, 0.37518922255766707, 0.1646257963690813], 'size': [0.049837904948193595, 0.0813235869879147, 0.05243307039854257]}, 'pillar_obstacle': {'pos': [0.39994824830915515, -0.3824307480766307, 0.23470116647765446], 'size': [0.033663755439403885, 0.20172185302840845, 0.0]}, 'small_block': {'pos': [0.6140097595303955, -0.3535133918987863, 0.1097032402875184], 'size': [0.04461973939918376, 0.0849493067344041, 0.09534921802665242]}}"
3.4029999999997362,0.46799935132239484,0.0,0.4,0.46539484995266395,-1.019674106518385e-07,0.3999973869020306,"{'table_obstacle': {'pos': [0.3825981920028062, 0.37518922255766707, 0.1646257963690813], 'size': [0.049837904948193595, 0.0813235869879147, 0.05243307039854257]}, 'pillar_obstacle': {'pos': [0.39994824830915515, -0.3824307480766307, 0.23470116647765446], 'size': [0.033663755439403885, 0.20172185302840845, 0.0]}, 'small_block': {'pos': [0.6140097595303955, -0.3535133918987863, 0.1097032402875184], 'size': [0.04461973939918376, 0.0849493067344041, 0.09534921802665242]}}"
3.403999999999736,0.46799935132239484,0.0,0.4,0.4654320707070033,-1.0580776782827743e-07,0.3999974170167269,"{'table_obstacle': {'pos': [0.3825981920028062, 0.37518922255766707, 0.1646257963690813], 'size': [0.049837904948193595, 0.0813235869879147, 0.05243307039854257]}, 'pillar_obstacle': {'pos': [0.39994824830915515, -0.3824307480766307, 0.23470116647765446], 'size': [0.033663755439403885, 0.20172185302840845, 0.0]}, 'small_block': {'pos': [0.6140097595303955, -0.3535133918987863, 0.1097032402875184], 'size': [0.04461973939918376, 0.0849493067344041, 0.09534921802665242]}}"
3.404999999999736,0.46799935132239484,0.0,0.4,0.46546875976250757,-1.0951902401699628e-07,0.3999974470444861,"{'table_obstacle': {'pos': [0.3825981920028062, 0.37518922255766707, 0.1646257963690813], 'size': [0.049837904948193595, 0.0813235869879147, 0.05243307039854257]}, 'pillar_obstacle': {'pos': [0.39994824830915515, -0.3824307480766307, 0.23470116647765446], 'size': [0.033663755439403885, 0.20172185302840845, 0.0]}, 'small_block': {'pos': [0.6140097595303955, -0.3535133918987863, 0.1097032402875184], 'size': [0.04461973939918376, 0.0849493067344041, 0.09534921802665242]}}"
3.405999999999736,0.46799935132239484,0.0,0.4,0.46550492470497795,-1.131039714318762e-07,0.3999974769745468,"{'table_obstacle': {'pos': [0.3825981920028062, 0.37518922255766707, 0.1646257963690813], 'size': [0.049837904948193595, 0.0813235869879147, 0.05243307039854257]}, 'pillar_obstacle': {'pos': [0.39994824830915515, -0.3824307480766307, 0.23470116647765446], 'size': [0.033663755439403885, 0.20172185302840845, 0.0]}, 'small_block': {'pos': [0.6140097595303955, -0.3535133918987863, 0.1097032402875184], 'size': [0.04461973939918376, 0.0849493067344041, 0.09534921802665242]}}"
3.406999999999736,0.46799935132239484,0.0,0.4,0.4655405730129007,-1.1656536422369252e-07,0.39999750679671764,"{'table_obstacle': {'pos': [0.3825981920028062, 0.37518922255766707, 0.1646257963690813], 'size': [0.049837904948193595, 0.0813235869879147, 0.05243307039854257]}, 'pillar_obstacle': {'pos': [0.39994824830915515, -0.3824307480766307, 0.23470116647765446], 'size': [0.033663755439403885, 0.20172185302840845, 0.0]}, 'small_block': {'pos': [0.6140097595303955, -0.3535133918987863, 0.1097032402875184], 'size': [0.04461973939918376, 0.0849493067344041, 0.09534921802665242]}}"
3.4079999999997357,0.46799935132239484,0.0,0.4,0.4655757120588139,-1.199059170529188e-07,0.39999753650134917,"{'table_obstacle': {'pos': [0.3825981920028062, 0.37518922255766707, 0.1646257963690813], 'size': [0.049837904948193595, 0.0813235869879147, 0.05243307039854257]}, 'pillar_obstacle': {'pos': [0.39994824830915515, -0.3824307480766307, 0.23470116647765446], 'size': [0.033663755439403885, 0.20172185302840845, 0.0]}, 'small_block': {'pos': [0.6140097595303955, -0.3535133918987863, 0.1097032402875184], 'size': [0.04461973939918376, 0.0849493067344041, 0.09534921802665242]}}"
3.4089999999997356,0.46799935132239484,0.0,0.4,0.46561034911068866,-1.2312830268145307e-07,0.3999975660793079,"{'table_obstacle': {'pos': [0.3825981920028062, 0.37518922255766707, 0.1646257963690813], 'size': [0.049837904948193595, 0.0813235869879147, 0.05243307039854257]}, 'pillar_obstacle': {'pos': [0.39994824830915515, -0.3824307480766307, 0.23470116647765446], 'size': [0.033663755439403885, 0.20172185302840845, 0.0]}, 'small_block': {'pos': [0.6140097595303955, -0.3535133918987863, 0.1097032402875184], 'size': [0.04461973939918376, 0.0849493067344041, 0.09534921802665242]}}"
3.4099999999997355,0.46799935132239484,0.0,0.4,0.4656444913333142,-1.2623515094383355e-07,0.3999975955219527,"{'table_obstacle': {'pos': [0.3825981920028062, 0.37518922255766707, 0.1646257963690813], 'size': [0.049837904948193595, 0.0813235869879147, 0.05243307039854257]}, 'pillar_obstacle': {'pos': [0.39994824830915515, -0.3824307480766307, 0.23470116647765446], 'size': [0.033663755439403885, 0.20172185302840845, 0.0]}, 'small_block': {'pos': [0.6140097595303955, -0.3535133918987863, 0.1097032402875184], 'size': [0.04461973939918376, 0.0849493067344041, 0.09534921802665242]}}"
3.4109999999997354,0.46799935132239484,0.0,0.4,0.46567814578968103,-1.2922904893011114e-07,0.39999762482111145,"{'table_obstacle': {'pos': [0.3825981920028062, 0.37518922255766707, 0.1646257963690813], 'size': [0.049837904948193595, 0.0813235869879147, 0.05243307039854257]}, 'pillar_obstacle': {'pos': [0.39994824830915515, -0.3824307480766307, 0.23470116647765446], 'size': [0.033663755439403885, 0.20172185302840845, 0.0]}, 'small_block': {'pos': [0.6140097595303955, -0.3535133918987863, 0.1097032402875184], 'size': [0.04461973939918376, 0.0849493067344041, 0.09534921802665242]}}"
3.4119999999997352,0.46799935132239484,0.0,0.4,0.46571131944236266,-1.3211253905890326e-07,0.39999765396906173,"{'table_obstacle': {'pos': [0.3825981920028062, 0.37518922255766707, 0.1646257963690813], 'size': [0.049837904948193595, 0.0813235869879147, 0.05243307039854257]}, 'pillar_obstacle': {'pos': [0.39994824830915515, -0.3824307480766307, 0.23470116647765446], 'size': [0.033663755439403885, 0.20172185302840845, 0.0]}, 'small_block': {'pos': [0.6140097595303955, -0.3535133918987863, 0.1097032402875184], 'size': [0.04461973939918376, 0.0849493067344041, 0.09534921802665242]}}"
3.412999999999735,0.46799935132239484,0.0,0.4,0.46574401915488894,-1.3488811962731632e-07,0.39999768295851035,"{'table_obstacle': {'pos': [0.3825981920028062, 0.37518922255766707, 0.1646257963690813], 'size': [0.049837904948193595, 0.0813235869879147, 0.05243307039854257]}, 'pillar_obstacle': {'pos': [0.39994824830915515, -0.3824307480766307, 0.23470116647765446], 'size': [0.033663755439403885, 0.20172185302840845, 0.0]}, 'small_block': {'pos': [0.6140097595303955, -0.3535133918987863, 0.1097032402875184], 'size': [0.04461973939918376, 0.0849493067344041, 0.09534921802665242]}}"
3.413999999999735,0.46799935132239484,0.0,0.4,0.46577625169310993,-1.3755824453690124e-07,0.39999771178257565,"{'table_obstacle': {'pos': [0.3825981920028062, 0.37518922255766707, 0.1646257963690813], 'size': [0.049837904948193595, 0.0813235869879147, 0.05243307039854257]}, 'pillar_obstacle': {'pos': [0.39994824830915515, -0.3824307480766307, 0.23470116647765446], 'size': [0.033663755439403885, 0.20172185302840845, 0.0]}, 'small_block': {'pos': [0.6140097595303955, -0.3535133918987863, 0.1097032402875184], 'size': [0.04461973939918376, 0.0849493067344041, 0.09534921802665242]}}"
3.414999999999735,0.46799935132239484,0.0,0.4,0.4658080237265507,-1.401253233033766e-07,0.39999774043477043,"{'table_obstacle': {'pos': [0.3825981920028062, 0.37518922255766707, 0.1646257963690813], 'size': [0.049837904948193595, 0.0813235869879147, 0.05243307039854257]}, 'pillar_obstacle': {'pos': [0.39994824830915515, -0.3824307480766307, 0.23470116647765446], 'size': [0.033663755439403885, 0.20172185302840845, 0.0]}, 'small_block': {'pos': [0.6140097595303955, -0.3535133918987863, 0.1097032402875184], 'size': [0.04461973939918376, 0.0849493067344041, 0.09534921802665242]}}"
3.415999999999735,0.46799935132239484,0.0,0.4,0.46583934182975245,-1.4259172156540178e-07,0.3999977689089857,"{'table_obstacle': {'pos': [0.3825981920028062, 0.37518922255766707, 0.1646257963690813], 'size': [0.049837904948193595, 0.0813235869879147, 0.05243307039854257]}, 'pillar_obstacle': {'pos': [0.39994824830915515, -0.3824307480766307, 0.23470116647765446], 'size': [0.033663755439403885, 0.20172185302840845, 0.0]}, 'small_block': {'pos': [0.6140097595303955, -0.3535133918987863, 0.1097032402875184], 'size': [0.04461973939918376, 0.0849493067344041, 0.09534921802665242]}}"
3.4169999999997347,0.46799935132239484,0.0,0.4,0.4658702124836,-1.4495976069963262e-07,0.3999977971994747,"{'table_obstacle': {'pos': [0.3825981920028062, 0.37518922255766707, 0.1646257963690813], 'size': [0.049837904948193595, 0.0813235869879147, 0.05243307039854257]}, 'pillar_obstacle': {'pos': [0.39994824830915515, -0.3824307480766307, 0.23470116647765446], 'size': [0.033663755439403885, 0.20172185302840845, 0.0]}, 'small_block': {'pos': [0.6140097595303955, -0.3535133918987863, 0.1097032402875184], 'size': [0.04461973939918376, 0.0849493067344041, 0.09534921802665242]}}"
3.4179999999997346,0.46799935132239484,0.0,0.4,0.46590064207663584,-1.4723171894125373e-07,0.3999978253008392,"{'table_obstacle': {'pos': [0.3825981920028062, 0.37518922255766707, 0.1646257963690813], 'size': [0.049837904948193595, 0.0813235869879147, 0.05243307039854257]}, 'pillar_obstacle': {'pos': [0.39994824830915515, -0.3824307480766307, 0.23470116647765446], 'size': [0.033663755439403885, 0.20172185302840845, 0.0]}, 'small_block': {'pos': [0.6140097595303955, -0.3535133918987863, 0.1097032402875184], 'size': [0.04461973939918376, 0.0849493067344041, 0.09534921802665242]}}"
3.4189999999997345,0.46799935132239484,0.0,0.4,0.4659306369063584,-1.4940983135112198e-07,0.3999978532080153,"{'table_obstacle': {'pos': [0.3825981920028062, 0.37518922255766707, 0.1646257963690813], 'size': [0.049837904948193595, 0.0813235869879147, 0.05243307039854257]}, 'pillar_obstacle': {'pos': [0.39994824830915515, -0.3824307480766307, 0.23470116647765446], 'size': [0.033663755439403885, 0.20172185302840845, 0.0]}, 'small_block': {'pos': [0.6140097595303955, -0.3535133918987863, 0.1097032402875184], 'size': [0.04461973939918376, 0.0849493067344041, 0.09534921802665242]}}"
3.4199999999997344,0.46799935132239484,0.0,0.4,0.4659602031805041,-1.514962906452498e-07,0.39999788091625993,"{'table_obstacle': {'pos': [0.3825981920028062, 0.37518922255766707, 0.1646257963690813], 'size': [0.049837904948193595, 0.0813235869879147, 0.05243307039854257]}, 'pillar_obstacle': {'pos': [0.39994824830915515, -0.3824307480766307, 0.23470116647765446], 'size': [0.033663755439403885, 0.20172185302840845, 0.0]}, 'small_block': {'pos': [0.6140097595303955, -0.3535133918987863, 0.1097032402875184], 'size': [0.04461973939918376, 0.0849493067344041, 0.09534921802665242]}}"
3.4209999999997343,0.46799935132239484,0.0,0.4,0.4659893470183166,-1.5349324746442505e-07,0.3999979084211381,"{'table_obstacle': {'pos': [0.3825981920028062, 0.37518922255766707, 0.1646257963690813], 'size': [0.049837904948193595, 0.0813235869879147, 0.05243307039854257]}, 'pillar_obstacle': {'pos': [0.39994824830915515, -0.3824307480766307, 0.23470116647765446], 'size': [0.033663755439403885, 0.20172185302840845, 0.0]}, 'small_block': {'pos': [0.6140097595303955, -0.3535133918987863, 0.1097032402875184], 'size': [0.04461973939918376, 0.0849493067344041, 0.09534921802665242]}}"
3.421999999999734,0.47199932934457195,0.0,0.4,0.4660180744517961,-1.5540281114894893e-07,0.39999793571851106,"{'table_obstacle': {'pos': [0.3825981920028062, 0.37518922255766707, 0.1646257963690813], 'size': [0.049837904948193595, 0.0813235869879147, 0.05243307039854257]}, 'pillar_obstacle': {'pos': [0.39994824830915515, -0.3824307480766307, 0.23470116647765446], 'size': [0.033663755439403885, 0.20172185302840845, 0.0]}, 'small_block': {'pos': [0.6140097595303955, -0.3535133918987863, 0.1097032402875184], 'size': [0.04461973939918376, 0.0849493067344041, 0.09534921802665242]}}"
3.422999999999734,0.47199932934457195,0.0,0.4,0.4660572569092082,-1.3747456673724527e-07,0.3999978873693363,"{'table_obstacle': {'pos': [0.3825981920028062, 0.37518922255766707, 0.1646257963690813], 'size': [0.049837904948193595, 0.0813235869879147, 0.05243307039854257]}, 'pillar_obstacle': {'pos': [0.39994824830915515, -0.3824307480766307, 0.23470116647765446], 'size': [0.033663755439403885, 0.20172185302840845, 0.0]}, 'small_block': {'pos': [0.6140097595303955, -0.3535133918987863, 0.1097032402875184], 'size': [0.04461973939918376, 0.0849493067344041, 0.09534921802665242]}}"
3.423999999999734,0.47199932934457195,0.0,0.4,0.4661046786760441,-1.0788229119892633e-07,0.3999977918179127,"{'table_obstacle': {'pos': [0.3825981920028062, 0.37518922255766707, 0.1646257963690813], 'size': [0.049837904948193595, 0.0813235869879147, 0.05243307039854257]}, 'pillar_obstacle': {'pos': [0.39994824830915515, -0.3824307480766307, 0.23470116647765446], 'size': [0.033663755439403885, 0.20172185302840845, 0.0]}, 'small_block': {'pos': [0.6140097595303955, -0.3535133918987863, 0.1097032402875184], 'size': [0.04461973939918376, 0.0849493067344041, 0.09534921802665242]}}"
3.424999999999734,0.47199932934457195,0.0,0.4,0.4661585485240241,-7.237155706079203e-08,0.3999976692536461,"{'table_obstacle': {'pos': [0.3825981920028062, 0.37518922255766707, 0.1646257963690813], 'size': [0.049837904948193595, 0.0813235869879147, 0.05243307039854257]}, 'pillar_obstacle': {'pos': [0.39994824830915515, -0.3824307480766307, 0.23470116647765446], 'size': [0.033663755439403885, 0.20172185302840845, 0.0]}, 'small_block': {'pos': [0.6140097595303955, -0.3535133918987863, 0.1097032402875184], 'size': [0.04461973939918376, 0.0849493067344041, 0.09534921802665242]}}"
3.4259999999997337,0.47199932934457195,0.0,0.4,0.46621741903607583,-3.48929379411018e-08,0.3999975338104424,"{'table_obstacle': {'pos': [0.3825981920028062, 0.37518922255766707, 0.1646257963690813], 'size': [0.049837904948193595, 0.0813235869879147, 0.05243307039854257]}, 'pillar_obstacle': {'pos': [0.39994824830915515, -0.3824307480766307, 0.23470116647765446], 'size': [0.033663755439403885, 0.20172185302840845, 0.0]}, 'small_block': {'pos': [0.6140097595303955, -0.3535133918987863, 0.1097032402875184], 'size': [0.04461973939918376, 0.0849493067344041, 0.09534921802665242]}}"
3.4269999999997336,0.47199932934457195,0.0,0.4,0.46628012122784873,1.918998086756387e-09,0.39999739519449756,"{'table_obstacle': {'pos': [0.3825981920028062, 0.37518922255766707, 0.1646257963690813], 'size': [0.049837904948193595, 0.0813235869879147, 0.05243307039854257]}, 'pillar_obstacle': {'pos': [0.39994824830915515, -0.3824307480766307, 0.23470116647765446], 'size': [0.033663755439403885, 0.20172185302840845, 0.0]}, 'small_block': {'pos': [0.6140097595303955, -0.3535133918987863, 0.1097032402875184], 'size': [0.04461973939918376, 0.0849493067344041, 0.09534921802665242]}}"
3.4279999999997335,0.47199932934457195,0.0,0.4,0.4663457115756716,3.6384838418955836e-08,0.39999725989045826,"{'table_obstacle': {'pos': [0.3825981920028062, 0.37518922255766707, 0.1646257963690813], 'size': [0.049837904948193595, 0.0813235869879147, 0.05243307039854257]}, 'pillar_obstacle': {'pos': [0.39994824830915515, -0.3824307480766307, 0.23470116647765446], 'size': [0.033663755439403885, 0.20172185302840845, 0.0]}, 'small_block': {'pos': [0.6140097595303955, -0.3535133918987863, 0.1097032402875184], 'size': [0.04461973939918376, 0.0849493067344041, 0.09534921802665242]}}"
3.4289999999997334,0.47199932934457195,0.0,0.4,0.4664134291033058,6.750978142274636e-08,0.3999971320552791,"{'table_obstacle': {'pos': [0.3825981920028062, 0.37518922255766707, 0.1646257963690813], 'size': [0.049837904948193595, 0.0813235869879147, 0.05243307039854257]}, 'pillar_obstacle': {'pos': [0.39994824830915515, -0.3824307480766307, 0.23470116647765446], 'size': [0.033663755439403885, 0.20172185302840845, 0.0]}, 'small_block': {'pos': [0.6140097595303955, -0.3535133918987863, 0.1097032402875184], 'size': [0.04461973939918376, 0.0849493067344041, 0.09534921802665242]}}"
3.4299999999997333,0.47199932934457195,0.0,0.4,0.4664826606217594,9.478194340730244e-08,0.39999701417998157,"{'table_obstacle': {'pos': [0.3825981920028062, 0.37518922255766707, 0.1646257963690813], 'size': [0.049837904948193595, 0.0813235869879147, 0.05243307039854257]}, 'pillar_obstacle': {'pos': [0.39994824830915515, -0.3824307480766307, 0.23470116647765446], 'size': [0.033663755439403885, 0.20172185302840845, 0.0]}, 'small_block': {'pos': [0.6140097595303955, -0.3535133918987863, 0.1097032402875184], 'size': [0.04461973939918376, 0.0849493067344041, 0.09534921802665242]}}"
3.430999999999733,0.47199932934457195,0.0,0.4,0.4665529125759701,1.180229992069811e-07,0.39999690757849976,"{'table_obstacle': {'pos': [0.3825981920028062, 0.37518922255766707, 0.1646257963690813], 'size': [0.049837904948193595, 0.0813235869879147, 0.05243307039854257]}, 'pillar_obstacle': {'pos': [0.39994824830915515, -0.3824307480766307, 0.23470116647765446], 'size': [0.033663755439403885, 0.20172185302840845, 0.0]}, 'small_block': {'pos': [0.6140097595303955, -0.3535133918987863, 0.1097032402875184], 'size': [0.04461973939918376, 0.0849493067344041, 0.09534921802665242]}}"
3.431999999999733,0.47199932934457195,0.0,0.4,0.4666237882444152,1.3727846188429244e-07,0.3999968127475214,"{'table_obstacle': {'pos': [0.3825981920028062, 0.37518922255766707, 0.1646257963690813], 'size': [0.049837904948193595, 0.0813235869879147, 0.05243307039854257]}, 'pillar_obstacle': {'pos': [0.39994824830915515, -0.3824307480766307, 0.23470116647765446], 'size': [0.033663755439403885, 0.20172185302840845, 0.0]}, 'small_block': {'pos': [0.6140097595303955, -0.3535133918987863, 0.1097032402875184], 'size': [0.04461973939918376, 0.0849493067344041, 0.09534921802665242]}}"
3.432999999999733,0.47199932934457195,0.0,0.4,0.4666949692750642,1.5273785997055432e-07,0.39999672963002214,"{'table_obstacle': {'pos': [0.3825981920028062, 0.37518922255766707, 0.1646257963690813], 'size': [0.049837904948193595, 0.0813235869879147, 0.05243307039854257]}, 'pillar_obstacle': {'pos': [0.39994824830915515, -0.3824307480766307, 0.23470116647765446], 'size': [0.033663755439403885, 0.20172185302840845, 0.0]}, 'small_block': {'pos': [0.6140097595303955, -0.3535133918987863, 0.1097032402875184], 'size': [0.04461973939918376, 0.0849493067344041, 0.09534921802665242]}}"
3.433999999999733,0.47199932934457195,0.0,0.4,0.4667662007337424,1.6467736468063807e-07,0.39999665780694404,"{'table_obstacle': {'pos': [0.3825981920028062, 0.37518922255766707, 0.1646257963690813], 'size': [0.049837904948193595, 0.0813235869879147, 0.05243307039854257]}, 'pillar_obstacle': {'pos': [0.39994824830915515, -0.3824307480766307, 0.23470116647765446], 'size': [0.033663755439403885, 0.20172185302840845, 0.0]}, 'small_block': {'pos': [0.6140097595303955, -0.3535133918987863, 0.1097032402875184], 'size': [0.04461973939918376, 0.0849493067344041, 0.09534921802665242]}}"
3.4349999999997327,0.47199932934457195,0.0,0.4,0.4668372789972685,1.7341917601103417e-07,0.39999659663533355,"{'table_obstacle': {'pos': [0.3825981920028062, 0.37518922255766707, 0.1646257963690813], 'size': [0.049837904948193595, 0.0813235869879147, 0.05243307039854257]}, 'pillar_obstacle': {'pos': [0.39994824830915515, -0.3824307480766307, 0.23470116647765446], 'size': [0.033663755439403885, 0.20172185302840845, 0.0]}, 'small_block': {'pos': [0.6140097595303955, -0.3535133918987863, 0.1097032402875184], 'size': [0.04461973939918376, 0.0849493067344041, 0.09534921802665242]}}"
3.4359999999997326,0.47199932934457195,0.0,0.4,0.46690804195046154,1.793033376780326e-07,0.39999654534669266,"{'table_obstacle': {'pos': [0.3825981920028062, 0.37518922255766707, 0.1646257963690813], 'size': [0.049837904948193595, 0.0813235869879147, 0.05243307039854257]}, 'pillar_obstacle': {'pos': [0.39994824830915515, -0.3824307480766307, 0.23470116647765446], 'size': [0.033663755439403885, 0.20172185302840845, 0.0]}, 'small_block': {'pos': [0.6140097595303955, -0.3535133918987863, 0.1097032402875184], 'size': [0.04461973939918376, 0.0849493067344041, 0.09534921802665242]}}"
3.4369999999997325,0.47199932934457195,0.0,0.4,0.4669783610488574,1.8266870384601088e-07,0.39999650311587803,"{'table_obstacle': {'pos': [0.3825981920028062, 0.37518922255766707, 0.1646257963690813], 'size': [0.049837904948193595, 0.0813235869879147, 0.05243307039854257]}, 'pillar_obstacle': {'pos': [0.39994824830915515, -0.3824307480766307, 0.23470116647765446], 'size': [0.033663755439403885, 0.20172185302840845, 0.0]}, 'small_block': {'pos': [0.6140097595303955, -0.3535133918987863, 0.1097032402875184], 'size': [0.04461973939918376, 0.0849493067344041, 0.09534921802665242]}}"
3.4379999999997324,0.47199932934457195,0.0,0.4,0.4670481348922401,1.8384057478643237e-07,0.39999646910830283,"{'table_obstacle': {'pos': [0.3825981920028062, 0.37518922255766707, 0.1646257963690813], 'size': [0.049837904948193595, 0.0813235869879147, 0.05243307039854257]}, 'pillar_obstacle': {'pos': [0.39994824830915515, -0.3824307480766307, 0.23470116647765446], 'size': [0.033663755439403885, 0.20172185302840845, 0.0]}, 'small_block': {'pos': [0.6140097595303955, -0.3535133918987863, 0.1097032402875184], 'size': [0.04461973939918376, 0.0849493067344041, 0.09534921802665242]}}"
3.4389999999997323,0.47199932934457195,0.0,0.4,0.4671172840215528,1.831231403522683e-07,0.39999644251127164,"{'table_obstacle': {'pos': [0.3825981920028062, 0.37518922255766707, 0.1646257963690813], 'size': [0.049837904948193595, 0.0813235869879147, 0.05243307039854257]}, 'pillar_obstacle': {'pos': [0.39994824830915515, -0.3824307480766307, 0.23470116647765446], 'size': [0.033663755439403885, 0.20172185302840845, 0.0]}, 'small_block': {'pos': [0.6140097595303955, -0.3535133918987863, 0.1097032402875184], 'size': [0.04461973939918376, 0.0849493067344041, 0.09534921802665242]}}"
3.439999999999732,0.47199932934457195,0.0,0.4,0.46718574670642554,1.8079533812435381e-07,0.39999642255381207,"{'table_obstacle': {'pos': [0.3825981920028062, 0.37518922255766707, 0.1646257963690813], 'size': [0.049837904948193595, 0.0813235869879147, 0.05243307039854257]}, 'pillar_obstacle': {'pos': [0.39994824830915515, -0.3824307480766307, 0.23470116647765446], 'size': [0.033663755439403885, 0.20172185302840845, 0.0]}, 'small_block': {'pos': [0.6140097595303955, -0.3535133918987863, 0.1097032402875184], 'size': [0.04461973939918376, 0.0849493067344041, 0.09534921802665242]}}"
3.440999999999732,0.47199932934457195,0.0,0.4,0.4672534755348117,1.771090918221128e-07,0.399996408518258,"{'table_obstacle': {'pos': [0.3825981920028062, 0.37518922255766707, 0.1646257963690813], 'size': [0.049837904948193595, 0.0813235869879147, 0.05243307039854257]}, 'pillar_obstacle': {'pos': [0.39994824830915515, -0.3824307480766307, 0.23470116647765446], 'size': [0.033663755439403885, 0.20172185302840845, 0.0]}, 'small_block': {'pos': [0.6140097595303955, -0.3535133918987863, 0.1097032402875184], 'size': [0.04461973939918376, 0.0849493067344041, 0.09534921802665242]}}"
3.441999999999732,0.47199932934457195,0.0,0.4,0.46732043465209916,1.7228916706274784e-07,0.39999639974601475,"{'table_obstacle': {'pos': [0.3825981920028062, 0.37518922255766707, 0.1646257963690813], 'size': [0.049837904948193595, 0.0813235869879147, 0.05243307039854257]}, 'pillar_obstacle': {'pos': [0.39994824830915515, -0.3824307480766307, 0.23470116647765446], 'size': [0.033663755439403885, 0.20172185302840845, 0.0]}, 'small_block': {'pos': [0.6140097595303955, -0.3535133918987863, 0.1097032402875184], 'size': [0.04461973939918376, 0.0849493067344041, 0.09534921802665242]}}"
3.442999999999732,0.47199932934457195,0.0,0.4,0.46738659752609807,1.6653408635860524e-07,0.39999639563929784,"{'table_obstacle': {'pos': [0.3825981920028062, 0.37518922255766707, 0.1646257963690813], 'size': [0.049837904948193595, 0.0813235869879147, 0.05243307039854257]}, 'pillar_obstacle': {'pos': [0.39994824830915515, -0.3824307480766307, 0.23470116647765446], 'size': [0.033663755439403885, 0.20172185302840845, 0.0]}, 'small_block': {'pos': [0.6140097595303955, -0.3535133918987863, 0.1097032402875184], 'size': [0.04461973939918376, 0.0849493067344041, 0.09534921802665242]}}"
3.4439999999997317,0.47199932934457195,0.0,0.4,0.46745194513782196,1.6001770324301508e-07,0.39999639566016304,"{'table_obstacle': {'pos': [0.3825981920028062, 0.37518922255766707, 0.1646257963690813], 'size': [0.049837904948193595, 0.0813235869879147, 0.05243307039854257]}, 'pillar_obstacle': {'pos': [0.39994824830915515, -0.3824307480766307, 0.23470116647765446], 'size': [0.033663755439403885, 0.20172185302840845, 0.0]}, 'small_block': {'pos': [0.6140097595303955, -0.3535133918987863, 0.1097032402875184], 'size': [0.04461973939918376, 0.0849493067344041, 0.09534921802665242]}}"
3.4449999999997316,0.47199932934457195,0.0,0.4,0.46751646451702966,1.528911434608344e-07,0.3999963993277945,"{'table_obstacle': {'pos': [0.3825981920028062, 0.37518922255766707, 0.1646257963690813], 'size': [0.049837904948193595, 0.0813235869879147, 0.05243307039854257]}, 'pillar_obstacle': {'pos': [0.39994824830915515, -0.3824307480766307, 0.23470116647765446], 'size': [0.033663755439403885, 0.20172185302840845, 0.0]}, 'small_block': {'pos': [0.6140097595303955, -0.3535133918987863, 0.1097032402875184], 'size': [0.04461973939918376, 0.0849493067344041, 0.09534921802665242]}}"
3.4459999999997315,0.47199932934457195,0.0,0.4,0.4675801475569119,1.4528491913685365e-07,0.39999640621473737,"{'table_obstacle': {'pos': [0.3825981920028062, 0.37518922255766707, 0.1646257963690813], 'size': [0.049837904948193595, 0.0813235869879147, 0.05243307039854257]}, 'pillar_obstacle': {'pos': [0.39994824830915515, -0.3824307480766307, 0.23470116647765446], 'size': [0.033663755439403885, 0.20172185302840845, 0.0]}, 'small_block': {'pos': [0.6140097595303955, -0.3535133918987863, 0.1097032402875184], 'size': [0.04461973939918376, 0.0849493067344041, 0.09534921802665242]}}"
3.4469999999997314,0.47199932934457195,0.0,0.4,0.4676429900547962,1.3731107280447396e-07,0.39999641594257396,"{'table_obstacle': {'pos': [0.3825981920028062, 0.37518922255766707, 0.1646257963690813], 'size': [0.049837904948193595, 0.0813235869879147, 0.05243307039854257]}, 'pillar_obstacle': {'pos': [0.39994824830915515, -0.3824307480766307, 0.23470116647765446], 'size': [0.033663755439403885, 0.20172185302840845, 0.0]}, 'small_block': {'pos': [0.6140097595303955, -0.3535133918987863, 0.1097032402875184], 'size': [0.04461973939918376, 0.0849493067344041, 0.09534921802665242]}}"
3.4479999999997313,0.47199932934457195,0.0,0.4,0.4677049909358536,1.2906526363763182e-07,0.3999964281773819,"{'table_obstacle': {'pos': [0.3825981920028062, 0.37518922255766707, 0.1646257963690813], 'size': [0.049837904948193595, 0.0813235869879147, 0.05243307039854257]}, 'pillar_obstacle': {'pos': [0.39994824830915515, -0.3824307480766307, 0.23470116647765446], 'size': [0.033663755439403885, 0.20172185302840845, 0.0]}, 'small_block': {'pos': [0.6140097595303955, -0.3535133918987863, 0.1097032402875184], 'size': [0.04461973939918376, 0.0849493067344041, 0.09534921802665242]}}"
3.448999999999731,0.47199932934457195,0.0,0.4,0.4677661516249763,1.2062873846791904e-07,0.3999964426252119,"{'table_obstacle': {'pos': [0.3825981920028062, 0.37518922255766707, 0.1646257963690813], 'size': [0.049837904948193595, 0.0813235869879147, 0.05243307039854257]}, 'pillar_obstacle': {'pos': [0.39994824830915515, -0.3824307480766307, 0.23470116647765446], 'size': [0.033663755439403885, 0.20172185302840845, 0.0]}, 'small_block': {'pos': [0.6140097595303955, -0.3535133918987863, 0.1097032402875184], 'size': [0.04461973939918376, 0.0849493067344041, 0.09534921802665242]}}"
3.449999999999731,0.47199932934457195,0.0,0.4,0.4678264755386252,1.1207015425789144e-07,0.3999964590277343,"{'table_obstacle': {'pos': [0.3825981920028062, 0.37518922255766707, 0.1646257963690813], 'size': [0.049837904948193595, 0.0813235869879147, 0.05243307039854257]}, 'pillar_obstacle': {'pos': [0.39994824830915515, -0.3824307480766307, 0.23470116647765446], 'size': [0.033663755439403885, 0.20172185302840845, 0.0]}, 'small_block': {'pos': [0.6140097595303955, -0.3535133918987863, 0.1097032402875184], 'size': [0.04461973939918376, 0.0849493067344041, 0.09534921802665242]}}"
3.450999999999731,0.47199932934457195,0.0,0.4,0.467885967673814,1.0344723598134654e-07,0.39999647715815373,"{'table_obstacle': {'pos': [0.3825981920028062, 0.37518922255766707, 0.1646257963690813], 'size': [0.049837904948193595, 0.0813235869879147, 0.05243307039854257]}, 'pillar_obstacle': {'pos': [0.39994824830915515, -0.3824307480766307, 0.23470116647765446], 'size': [0.033663755439403885, 0.20172185302840845, 0.0]}, 'small_block': {'pos': [0.6140097595303955, -0.3535133918987863, 0.1097032402875184], 'size': [0.04461973939918376, 0.0849493067344041, 0.09534921802665242]}}"
3.451999999999731,0.47199932934457195,0.0,0.4,0.4679446342757404,9.480826633167837e-08,0.3999964968174402,"{'table_obstacle': {'pos': [0.3825981920028062, 0.37518922255766707, 0.1646257963690813], 'size': [0.049837904948193595, 0.0813235869879147, 0.05243307039854257]}, 'pillar_obstacle': {'pos': [0.39994824830915515, -0.3824307480766307, 0.23470116647765446], 'size': [0.033663755439403885, 0.20172185302840845, 0.0]}, 'small_block': {'pos': [0.6140097595303955, -0.3535133918987863, 0.1097032402875184], 'size': [0.04461973939918376, 0.0849493067344041, 0.09534921802665242]}}"
3.4529999999997307,0.47199932934457195,0.0,0.4,0.46800248256909144,8.61934095403608e-08,0.3999965178309035,"{'table_obstacle': {'pos': [0.3825981920028062, 0.37518922255766707, 0.1646257963690813], 'size': [0.049837904948193595, 0.0813235869879147, 0.05243307039854257]}, 'pillar_obstacle': {'pos': [0.39994824830915515, -0.3824307480766307, 0.23470116647765446], 'size': [0.033663755439403885, 0.20172185302840845, 0.0]}, 'small_block': {'pos': [0.6140097595303955, -0.3535133918987863, 0.1097032402875184], 'size': [0.04461973939918376, 0.0849493067344041, 0.09534921802665242]}}"
3.4539999999997306,0.47199932934457195,0.0,0.4,0.4680595205409095,7.763588011123594e-08,0.39999654004511154,"{'table_obstacle': {'pos': [0.3825981920028062, 0.37518922255766707, 0.1646257963690813], 'size': [0.049837904948193595, 0.0813235869879147, 0.05243307039854257]}, 'pillar_obstacle': {'pos': [0.39994824830915515, -0.3824307480766307, 0.23470116647765446], 'size': [0.033663755439403885, 0.20172185302840845, 0.0]}, 'small_block': {'pos': [0.6140097595303955, -0.3535133918987863, 0.1097032402875184], 'size': [0.04461973939918376, 0.0849493067344041, 0.09534921802665242]}}"
3.4549999999997305,0.47199932934457195,0.0,0.4,0.4681157567651911,6.916296291646881e-08,0.39999656332514744,"{'table_obstacle': {'pos': [0.3825981920028062, 0.37518922255766707, 0.1646257963690813], 'size': [0.049837904948193595, 0.0813235869879147, 0.05243307039854257]}, 'pillar_obstacle': {'pos': [0.39994824830915515, -0.3824307480766307, 0.23470116647765446], 'size': [0.033663755439403885, 0.20172185302840845, 0.0]}, 'small_block': {'pos': [0.6140097595303955, -0.3535133918987863, 0.1097032402875184], 'size': [0.04461973939918376, 0.0849493067344041, 0.09534921802665242]}}"
3.4559999999997304,0.47199932934457195,0.0,0.4,0.4681712002612863,6.079690393236005e-08,0.39999658755217954,"{'table_obstacle': {'pos': [0.3825981920028062, 0.37518922255766707, 0.1646257963690813], 'size': [0.049837904948193595, 0.0813235869879147, 0.05243307039854257]}, 'pillar_obstacle': {'pos': [0.39994824830915515, -0.3824307480766307, 0.23470116647765446], 'size': [0.033663755439403885, 0.20172185302840845, 0.0]}, 'small_block': {'pos': [0.6140097595303955, -0.3535133918987863, 0.1097032402875184], 'size': [0.04461973939918376, 0.0849493067344041, 0.09534921802665242]}}"
3.4569999999997303,0.47199932934457195,0.0,0.4,0.4682258603796529,5.255567871624922e-08,0.39999661262132796,"{'table_obstacle': {'pos': [0.3825981920028062, 0.37518922255766707, 0.1646257963690813], 'size': [0.049837904948193595, 0.0813235869879147, 0.05243307039854257]}, 'pillar_obstacle': {'pos': [0.39994824830915515, -0.3824307480766307, 0.23470116647765446], 'size': [0.033663755439403885, 0.20172185302840845, 0.0]}, 'small_block': {'pos': [0.6140097595303955, -0.3535133918987863, 0.1097032402875184], 'size': [0.04461973939918376, 0.0849493067344041, 0.09534921802665242]}}"
3.45799999999973,0.47199932934457195,0.0,0.4,0.468279746709758,4.445365538760605e-08,0.3999966384398003,"{'table_obstacle': {'pos': [0.3825981920028062, 0.37518922255766707, 0.1646257963690813], 'size': [0.049837904948193595, 0.0813235869879147, 0.05243307039854257]}, 'pillar_obstacle': {'pos': [0.39994824830915515, -0.3824307480766307, 0.23470116647765446], 'size': [0.033663755439403885, 0.20172185302840845, 0.0]}, 'small_block': {'pos': [0.6140097595303955, -0.3535133918987863, 0.1097032402875184], 'size': [0.04461973939918376, 0.0849493067344041, 0.09534921802665242]}}"
3.45899999999973,0.47199932934457195,0.0,0.4,0.4683328690059116,3.6502164399214626e-08,0.39999666492526476,"{'table_obstacle': {'pos': [0.3825981920028062, 0.37518922255766707, 0.1646257963690813], 'size': [0.049837904948193595, 0.0813235869879147, 0.05243307039854257]}, 'pillar_obstacle': {'pos': [0.39994824830915515, -0.3824307480766307, 0.23470116647765446], 'size': [0.033663755439403885, 0.20172185302840845, 0.0]}, 'small_block': {'pos': [0.6140097595303955, -0.3535133918987863, 0.1097032402875184], 'size': [0.04461973939918376, 0.0849493067344041, 0.09534921802665242]}}"
3.45999999999973,0.47199932934457195,0.0,0.4,0.46838523712760943,2.8709983286054853e-08,0.3999966920044425,"{'table_obstacle': {'pos': [0.3825981920028062, 0.37518922255766707, 0.1646257963690813], 'size': [0.049837904948193595, 0.0813235869879147, 0.05243307039854257]}, 'pillar_obstacle': {'pos': [0.39994824830915515, -0.3824307480766307, 0.23470116647765446], 'size': [0.033663755439403885, 0.20172185302840845, 0.0]}, 'small_block': {'pos': [0.6140097595303955, -0.3535133918987863, 0.1097032402875184], 'size': [0.04461973939918376, 0.0849493067344041, 0.09534921802665242]}}"
3.46099999999973,0.47199932934457195,0.0,0.4,0.46843686099162635,2.1083752642639926e-08,0.39999671961189126,"{'table_obstacle': {'pos': [0.3825981920028062, 0.37518922255766707, 0.1646257963690813], 'size': [0.049837904948193595, 0.0813235869879147, 0.05243307039854257]}, 'pillar_obstacle': {'pos': [0.39994824830915515, -0.3824307480766307, 0.23470116647765446], 'size': [0.033663755439403885, 0.20172185302840845, 0.0]}, 'small_block': {'pos': [0.6140097595303955, -0.3535133918987863, 0.1097032402875184], 'size': [0.04461973939918376, 0.0849493067344041, 0.09534921802665242]}}"
3.4619999999997297,0.47199932934457195,0.0,0.4,0.46848775053361147,1.3628327517540155e-08,0.3999967476889535,"{'table_obstacle': {'pos': [0.3825981920028062, 0.37518922255766707, 0.1646257963690813], 'size': [0.049837904948193595, 0.0813235869879147, 0.05243307039854257]}, 'pillar_obstacle': {'pos': [0.39994824830915515, -0.3824307480766307, 0.23470116647765446], 'size': [0.033663755439403885, 0.20172185302840845, 0.0]}, 'small_block': {'pos': [0.6140097595303955, -0.3535133918987863, 0.1097032402875184], 'size': [0.04461973939918376, 0.0849493067344041, 0.09534921802665242]}}"
3.4629999999997296,0.47199932934457195,0.0,0.4,0.46853791567738207,6.347076366025043e-09,0.39999677618285545,"{'table_obstacle': {'pos': [0.3825981920028062, 0.37518922255766707, 0.1646257963690813], 'size': [0.049837904948193595, 0.0813235869879147, 0.05243307039854257]}, 'pillar_obstacle': {'pos': [0.39994824830915515, -0.3824307480766307, 0.23470116647765446], 'size': [0.033663755439403885, 0.20172185302840845, 0.0]}, 'small_block': {'pos': [0.6140097595303955, -0.3535133918987863, 0.1097032402875184], 'size': [0.04461973939918376, 0.0849493067344041, 0.09534921802665242]}}"
3.4639999999997295,0.47199932934457195,0.0,0.4,0.46858736631043685,-7.578668670509749e-10,0.39999680504593077,"{'table_obstacle': {'pos': [0.3825981920028062, 0.37518922255766707, 0.1646257963690813], 'size': [0.049837904948193595, 0.0813235869879147, 0.05243307039854257]}, 'pillar_obstacle': {'pos': [0.39994824830915515, -0.3824307480766307, 0.23470116647765446], 'size': [0.033663755439403885, 0.20172185302840845, 0.0]}, 'small_block': {'pos': [0.6140097595303955, -0.3535133918987863, 0.1097032402875184], 'size': [0.04461973939918376, 0.0849493067344041, 0.09534921802665242]}}"
3.4649999999997294,0.47199932934457195,0.0,0.4,0.46863611226450674,-7.685389699434098e-09,0.39999683423495686,"{'table_obstacle': {'pos': [0.3825981920028062, 0.37518922255766707, 0.1646257963690813], 'size': [0.049837904948193595, 0.0813235869879147, 0.05243307039854257]}, 'pillar_obstacle': {'pos': [0.39994824830915515, -0.3824307480766307, 0.23470116647765446], 'size': [0.033663755439403885, 0.20172185302840845, 0.0]}, 'small_block': {'pos': [0.6140097595303955, -0.3535133918987863, 0.1097032402875184], 'size': [0.04461973939918376, 0.0849493067344041, 0.09534921802665242]}}"
3.4659999999997293,0.47199932934457195,0.0,0.4,0.4686841633001773,-1.4435221272912999e-08,0.39999686371058585,"{'table_obstacle': {'pos': [0.3825981920028062, 0.37518922255766707, 0.1646257963690813], 'size': [0.049837904948193595, 0.0813235869879147, 0.05243307039854257]}, 'pillar_obstacle': {'pos': [0.39994824830915515, -0.3824307480766307, 0.23470116647765446], 'size': [0.033663755439403885, 0.20172185302840845, 0.0]}, 'small_block': {'pos': [0.6140097595303955, -0.3535133918987863, 0.1097032402875184], 'size': [0.04461973939918376, 0.0849493067344041, 0.09534921802665242]}}"
3.466999999999729,0.47199932934457195,0.0,0.4,0.4687315290948058,-2.1007782924989792e-08,0.39999689343685935,"{'table_obstacle': {'pos': [0.3825981920028062, 0.37518922255766707, 0.1646257963690813], 'size': [0.049837904948193595, 0.0813235869879147, 0.05243307039854257]}, 'pillar_obstacle': {'pos': [0.39994824830915515, -0.3824307480766307, 0.23470116647765446], 'size': [0.033663755439403885, 0.20172185302840845, 0.0]}, 'small_block': {'pos': [0.6140097595303955, -0.3535133918987863, 0.1097032402875184], 'size': [0.04461973939918376, 0.0849493067344041, 0.09534921802665242]}}"
3.467999999999729,0.47199932934457195,0.0,0.4,0.4687782192330947,-2.7404060237041576e-08,0.3999969233807908,"{'table_obstacle': {'pos': [0.3825981920028062, 0.37518922255766707, 0.1646257963690813], 'size': [0.049837904948193595, 0.0813235869879147, 0.05243307039854257]}, 'pillar_obstacle': {'pos': [0.39994824830915515, -0.3824307480766307, 0.23470116647765446], 'size': [0.033663755439403885, 0.20172185302840845, 0.0]}, 'small_block': {'pos': [0.6140097595303955, -0.3535133918987863, 0.1097032402875184], 'size': [0.04461973939918376, 0.0849493067344041, 0.09534921802665242]}}"
3.468999999999729,0.47199932934457195,0.0,0.4,0.46882424319982097,-3.362549866825731e-08,0.39999695351201076,"{'table_obstacle': {'pos': [0.3825981920028062, 0.37518922255766707, 0.1646257963690813], 'size': [0.049837904948193595, 0.0813235869879147, 0.05243307039854257]}, 'pillar_obstacle': {'pos': [0.39994824830915515, -0.3824307480766307, 0.23470116647765446], 'size': [0.033663755439403885, 0.20172185302840845, 0.0]}, 'small_block': {'pos': [0.6140097595303955, -0.3535133918987863, 0.1097032402875184], 'size': [0.04461973939918376, 0.0849493067344041, 0.09534921802665242]}}"
3.469999999999729,0.47199932934457195,0.0,0.4,0.46886961037429725,-3.967391470789349e-08,0.3999969838024632,"{'table_obstacle': {'pos': [0.3825981920028062, 0.37518922255766707, 0.1646257963690813], 'size': [0.049837904948193595, 0.0813235869879147, 0.05243307039854257]}, 'pillar_obstacle': {'pos': [0.39994824830915515, -0.3824307480766307, 0.23470116647765446], 'size': [0.033663755439403885, 0.20172185302840845, 0.0]}, 'small_block': {'pos': [0.6140097595303955, -0.3535133918987863, 0.1097032402875184], 'size': [0.04461973939918376, 0.0849493067344041, 0.09534921802665242]}}"
3.4709999999997287,0.47199932934457195,0.0,0.4,0.46891433002623645,-4.5551421799738704e-08,0.3999970142261465,"{'table_obstacle': {'pos': [0.3825981920028062, 0.37518922255766707, 0.1646257963690813], 'size': [0.049837904948193595, 0.0813235869879147, 0.05243307039854257]}, 'pillar_obstacle': {'pos': [0.39994824830915515, -0.3824307480766307, 0.23470116647765446], 'size': [0.033663755439403885, 0.20172185302840845, 0.0]}, 'small_block': {'pos': [0.6140097595303955, -0.3535133918987863, 0.1097032402875184], 'size': [0.04461973939918376, 0.0849493067344041, 0.09534921802665242]}}"
3.4719999999997286,0.47199932934457195,0.0,0.4,0.46895841131274435,-5.1260369267252804e-08,0.39999704475888925,"{'table_obstacle': {'pos': [0.3825981920028062, 0.37518922255766707, 0.1646257963690813], 'size': [0.049837904948193595, 0.0813235869879147, 0.05243307039854257]}, 'pillar_obstacle': {'pos': [0.39994824830915515, -0.3824307480766307, 0.23470116647765446], 'size': [0.033663755439403885, 0.20172185302840845, 0.0]}, 'small_block': {'pos': [0.6140097595303955, -0.3535133918987863, 0.1097032402875184], 'size': [0.04461973939918376, 0.0849493067344041, 0.09534921802665242]}}"
3.4729999999997285,0.47199932934457195,0.0,0.4,0.4690018632762256,-5.680329091005948e-08,0.39999707537816,"{'table_obstacle': {'pos': [0.3825981920028062, 0.37518922255766707, 0.1646257963690813], 'size': [0.049837904948193595, 0.0813235869879147, 0.05243307039854257]}, 'pillar_obstacle': {'pos': [0.39994824830915515, -0.3824307480766307, 0.23470116647765446], 'size': [0.033663755439403885, 0.20172185302840845, 0.0]}, 'small_block': {'pos': [0.6140097595303955, -0.3535133918987863, 0.1097032402875184], 'size': [0.04461973939918376, 0.0849493067344041, 0.09534921802665242]}}"
3.4739999999997284,0.47199932934457195,0.0,0.4,0.46904469484301714,-6.218286367274977e-08,0.39999710606290445,"{'table_obstacle': {'pos': [0.3825981920028062, 0.37518922255766707, 0.1646257963690813], 'size': [0.049837904948193595, 0.0813235869879147, 0.05243307039854257]}, 'pillar_obstacle': {'pos': [0.39994824830915515, -0.3824307480766307, 0.23470116647765446], 'size': [0.033663755439403885, 0.20172185302840845, 0.0]}, 'small_block': {'pos': [0.6140097595303955, -0.3535133918987863, 0.1097032402875184], 'size': [0.04461973939918376, 0.0849493067344041, 0.09534921802665242]}}"
3.4749999999997283,0.47199932934457195,0.0,0.4,0.4690869148226145,-6.740187073103324e-08,0.3999971367934038,"{'table_obstacle': {'pos': [0.3825981920028062, 0.37518922255766707, 0.1646257963690813], 'size': [0.049837904948193595, 0.0813235869879147, 0.05243307039854257]}, 'pillar_obstacle': {'pos': [0.39994824830915515, -0.3824307480766307, 0.23470116647765446], 'size': [0.033663755439403885, 0.20172185302840845, 0.0]}, 'small_block': {'pos': [0.6140097595303955, -0.3535133918987863, 0.1097032402875184], 'size': [0.04461973939918376, 0.0849493067344041, 0.09534921802665242]}}"
3.475999999999728,0.47199932934457195,0.0,0.4,0.46912853190736664,-7.246317408823685e-08,0.39999716755115416,"{'table_obstacle': {'pos': [0.3825981920028062, 0.37518922255766707, 0.1646257963690813], 'size': [0.049837904948193595, 0.0813235869879147, 0.05243307039854257]}, 'pillar_obstacle': {'pos': [0.39994824830915515, -0.3824307480766307, 0.23470116647765446], 'size': [0.033663755439403885, 0.20172185302840845, 0.0]}, 'small_block': {'pos': [0.6140097595303955, -0.3535133918987863, 0.1097032402875184], 'size': [0.04461973939918376, 0.0849493067344041, 0.09534921802665242]}}"
3.476999999999728,0.47199932934457195,0.0,0.4,0.4691695546725509,-7.736968965940278e-08,0.39999719831875996,"{'table_obstacle': {'pos': [0.3825981920028062, 0.37518922255766707, 0.1646257963690813], 'size': [0.049837904948193595, 0.0813235869879147, 0.05243307039854257]}, 'pillar_obstacle': {'pos': [0.39994824830915515, -0.3824307480766307, 0.23470116647765446], 'size': [0.033663755439403885, 0.20172185302840845, 0.0]}, 'small_block': {'pos': [0.6140097595303955, -0.3535133918987863, 0.1097032402875184], 'size': [0.04461973939918376, 0.0849493067344041, 0.09534921802665242]}}"
3.477999999999728,0.47199932934457195,0.0,0.4,0.4692099915767484,-8.212436833397882e-08,0.399997229079845,"{'table_obstacle': {'pos': [0.3825981920028062, 0.37518922255766707, 0.1646257963690813], 'size': [0.049837904948193595, 0.0813235869879147, 0.05243307039854257]}, 'pillar_obstacle': {'pos': [0.39994824830915515, -0.3824307480766307, 0.23470116647765446], 'size': [0.033663755439403885, 0.20172185302840845, 0.0]}, 'small_block': {'pos': [0.6140097595303955, -0.3535133918987863, 0.1097032402875184], 'size': [0.04461973939918376, 0.0849493067344041, 0.09534921802665242]}}"
3.478999999999728,0.47199932934457195,0.0,0.4,0.4692498509624578,-8.673017857474753e-08,0.3999972598189714,"{'table_obstacle': {'pos': [0.3825981920028062, 0.37518922255766707, 0.1646257963690813], 'size': [0.049837904948193595, 0.0813235869879147, 0.05243307039854257]}, 'pillar_obstacle': {'pos': [0.39994824830915515, -0.3824307480766307, 0.23470116647765446], 'size': [0.033663755439403885, 0.20172185302840845, 0.0]}, 'small_block': {'pos': [0.6140097595303955, -0.3535133918987863, 0.1097032402875184], 'size': [0.04461973939918376, 0.0849493067344041, 0.09534921802665242]}}"
3.4799999999997278,0.47199932934457195,0.0,0.4,0.46928914105689984,-9.119009445957414e-08,0.399997290521571,"{'table_obstacle': {'pos': [0.3825981920028062, 0.37518922255766707, 0.1646257963690813], 'size': [0.049837904948193595, 0.0813235869879147, 0.05243307039854257]}, 'pillar_obstacle': {'pos': [0.39994824830915515, -0.3824307480766307, 0.23470116647765446], 'size': [0.033663755439403885, 0.20172185302840845, 0.0]}, 'small_block': {'pos': [0.6140097595303955, -0.3535133918987863, 0.1097032402875184], 'size': [0.04461973939918376, 0.0849493067344041, 0.09534921802665242]}}"
3.4809999999997276,0.47199932934457195,0.0,0.4,0.469327869972971,-9.550708434382568e-08,0.39999732117388415,"{'table_obstacle': {'pos': [0.3825981920028062, 0.37518922255766707, 0.1646257963690813], 'size': [0.049837904948193595, 0.0813235869879147, 0.05243307039854257]}, 'pillar_obstacle': {'pos': [0.39994824830915515, -0.3824307480766307, 0.23470116647765446], 'size': [0.033663755439403885, 0.20172185302840845, 0.0]}, 'small_block': {'pos': [0.6140097595303955, -0.3535133918987863, 0.1097032402875184], 'size': [0.04461973939918376, 0.0849493067344041, 0.09534921802665242]}}"
3.4819999999997275,0.47199932934457195,0.0,0.4,0.4693660457103149,-9.968410158734898e-08,0.39999735176290724,"{'table_obstacle': {'pos': [0.3825981920028062, 0.37518922255766707, 0.1646257963690813], 'size': [0.049837904948193595, 0.0813235869879147, 0.05243307039854257]}, 'pillar_obstacle': {'pos': [0.39994824830915515, -0.3824307480766307, 0.23470116647765446], 'size': [0.033663755439403885, 0.20172185302840845, 0.0]}, 'small_block': {'pos': [0.6140097595303955, -0.3535133918987863, 0.1097032402875184], 'size': [0.04461973939918376, 0.0849493067344041, 0.09534921802665242]}}"
3.4829999999997274,0.47199932934457195,0.0,0.4,0.46940367615648054,-1.0372407835773177e-07,0.39999738227634235,"{'table_obstacle': {'pos': [0.3825981920028062, 0.37518922255766707, 0.1646257963690813], 'size': [0.049837904948193595, 0.0813235869879147, 0.05243307039854257]}, 'pillar_obstacle': {'pos': [0.39994824830915515, -0.3824307480766307, 0.23470116647765446], 'size': [0.033663755439403885, 0.20172185302840845, 0.0]}, 'small_block': {'pos': [0.6140097595303955, -0.3535133918987863, 0.1097032402875184], 'size': [0.04461973939918376, 0.0849493067344041, 0.09534921802665242]}}"
3.4839999999997273,0.47199932934457195,0.0,0.4,0.46944076908815324,-1.076299194482403e-07,0.39999741270255773,"{'table_obstacle': {'pos': [0.3825981920028062, 0.37518922255766707, 0.1646257963690813], 'size': [0.049837904948193595, 0.0813235869879147, 0.05243307039854257]}, 'pillar_obstacle': {'pos': [0.39994824830915515, -0.3824307480766307, 0.23470116647765446], 'size': [0.033663755439403885, 0.20172185302840845, 0.0]}, 'small_block': {'pos': [0.6140097595303955, -0.3535133918987863, 0.1097032402875184], 'size': [0.04461973939918376, 0.0849493067344041, 0.09534921802665242]}}"
3.484999999999727,0.47199932934457195,0.0,0.4,0.46947733217243615,-1.1140449762785972e-07,0.399997443030548,"{'table_obstacle': {'pos': [0.3825981920028062, 0.37518922255766707, 0.1646257963690813], 'size': [0.049837904948193595, 0.0813235869879147, 0.05243307039854257]}, 'pillar_obstacle': {'pos': [0.39994824830915515, -0.3824307480766307, 0.23470116647765446], 'size': [0.033663755439403885, 0.20172185302840845, 0.0]}, 'small_block': {'pos': [0.6140097595303955, -0.3535133918987863, 0.1097032402875184], 'size': [0.04461973939918376, 0.0849493067344041, 0.09534921802665242]}}"
3.485999999999727,0.47199932934457195,0.0,0.4,0.469513372968167,-1.1505065000543319e-07,0.3999974732499004,"{'table_obstacle': {'pos': [0.3825981920028062, 0.37518922255766707, 0.1646257963690813], 'size': [0.049837904948193595, 0.0813235869879147, 0.05243307039854257]}, 'pillar_obstacle': {'pos': [0.39994824830915515, -0.3824307480766307, 0.23470116647765446], 'size': [0.033663755439403885, 0.20172185302840845, 0.0]}, 'small_block': {'pos': [0.6140097595303955, -0.3535133918987863, 0.1097032402875184], 'size': [0.04461973939918376, 0.0849493067344041, 0.09534921802665242]}}"
3.486999999999727,0.47199932934457195,0.0,0.4,0.46954889892726615,-1.1857117572382877e-07,0.39999750335076295,"{'table_obstacle': {'pos': [0.3825981920028062, 0.37518922255766707, 0.1646257963690813], 'size': [0.049837904948193595, 0.0813235869879147, 0.05243307039854257]}, 'pillar_obstacle': {'pos': [0.39994824830915515, -0.3824307480766307, 0.23470116647765446], 'size': [0.033663755439403885, 0.20172185302840845, 0.0]}, 'small_block': {'pos': [0.6140097595303955, -0.3535133918987863, 0.1097032402875184], 'size': [0.04461973939918376, 0.0849493067344041, 0.09534921802665242]}}"
3.487999999999727,0.47199932934457195,0.0,0.4,0.46958391739609895,-1.2196883317947112e-07,0.39999753332381704,"{'table_obstacle': {'pos': [0.3825981920028062, 0.37518922255766707, 0.1646257963690813], 'size': [0.049837904948193595, 0.0813235869879147, 0.05243307039854257]}, 'pillar_obstacle': {'pos': [0.39994824830915515, -0.3824307480766307, 0.23470116647765446], 'size': [0.033663755439403885, 0.20172185302840845, 0.0]}, 'small_block': {'pos': [0.6140097595303955, -0.3535133918987863, 0.1097032402875184], 'size': [0.04461973939918376, 0.0849493067344041, 0.09534921802665242]}}"
3.4889999999997268,0.47199932934457195,0.0,0.4,0.4696184356168494,-1.252463387486135e-07,0.39999756316025187,"{'table_obstacle': {'pos': [0.3825981920028062, 0.37518922255766707, 0.1646257963690813], 'size': [0.049837904948193595, 0.0813235869879147, 0.05243307039854257]}, 'pillar_obstacle': {'pos': [0.39994824830915515, -0.3824307480766307, 0.23470116647765446], 'size': [0.033663755439403885, 0.20172185302840845, 0.0]}, 'small_block': {'pos': [0.6140097595303955, -0.3535133918987863, 0.1097032402875184], 'size': [0.04461973939918376, 0.0849493067344041, 0.09534921802665242]}}"
3.4899999999997267,0.47199932934457195,0.0,0.4,0.4696524607288989,-1.2840636555423588e-07,0.39999759285173864,"{'table_obstacle': {'pos': [0.3825981920028062, 0.37518922255766707, 0.1646257963690813], 'size': [0.049837904948193595, 0.0813235869879147, 0.05243307039854257]}, 'pillar_obstacle': {'pos': [0.39994824830915515, -0.3824307480766307, 0.23470116647765446], 'size': [0.033663755439403885, 0.20172185302840845, 0.0]}, 'small_block': {'pos': [0.6140097595303955, -0.3535133918987863, 0.1097032402875184], 'size': [0.04461973939918376, 0.0849493067344041, 0.09534921802665242]}}"
3.4909999999997265,0.47199932934457195,0.0,0.4,0.4696859997702049,-1.3145154270825728e-07,0.3999976223904099,"{'table_obstacle': {'pos': [0.3825981920028062, 0.37518922255766707, 0.1646257963690813], 'size': [0.049837904948193595, 0.0813235869879147, 0.05243307039854257]}, 'pillar_obstacle': {'pos': [0.39994824830915515, -0.3824307480766307, 0.23470116647765446], 'size': [0.033663755439403885, 0.20172185302840845, 0.0]}, 'small_block': {'pos': [0.6140097595303955, -0.3535133918987863, 0.1097032402875184], 'size': [0.04461973939918376, 0.0849493067344041, 0.09534921802665242]}}"
3.4919999999997264,0.47199932934457195,0.0,0.4,0.46971905967867567,-1.3438445383033393e-07,0.3999976517688388,"{'table_obstacle': {'pos': [0.3825981920028062, 0.37518922255766707, 0.1646257963690813], 'size': [0.049837904948193595, 0.0813235869879147, 0.05243307039854257]}, 'pillar_obstacle': {'pos': [0.39994824830915515, -0.3824307480766307, 0.23470116647765446], 'size': [0.033663755439403885, 0.20172185302840845, 0.0]}, 'small_block': {'pos': [0.6140097595303955, -0.3535133918987863, 0.1097032402875184], 'size': [0.04461973939918376, 0.0849493067344041, 0.09534921802665242]}}"
3.4929999999997263,0.47199932934457195,0.0,0.4,0.4697516472935378,-1.3720763900425222e-07,0.39999768098001953,"{'table_obstacle': {'pos': [0.3825981920028062, 0.37518922255766707, 0.1646257963690813], 'size': [0.049837904948193595, 0.0813235869879147, 0.05243307039854257]}, 'pillar_obstacle': {'pos': [0.39994824830915515, -0.3824307480766307, 0.23470116647765446], 'size': [0.033663755439403885, 0.20172185302840845, 0.0]}, 'small_block': {'pos': [0.6140097595303955, -0.3535133918987863, 0.1097032402875184], 'size': [0.04461973939918376, 0.0849493067344041, 0.09534921802665242]}}"
3.493999999999726,0.47199932934457195,0.0,0.4,0.46978376935669625,-1.3992359185364796e-07,0.39999771001734935,"{'table_obstacle': {'pos': [0.3825981920028062, 0.37518922255766707, 0.1646257963690813], 'size': [0.049837904948193595, 0.0813235869879147, 0.05243307039854257]}, 'pillar_obstacle': {'pos': [0.39994824830915515, -0.3824307480766307, 0.23470116647765446], 'size': [0.033663755439403885, 0.20172185302840845, 0.0]}, 'small_block': {'pos': [0.6140097595303955, -0.3535133918987863, 0.1097032402875184], 'size': [0.04461973939918376, 0.0849493067344041, 0.09534921802665242]}}"
3.494999999999726,0.47199932934457195,0.0,0.4,0.4698154325140822,-1.425347619034846e-07,0.39999773887461204,"{'table_obstacle': {'pos': [0.3825981920028062, 0.37518922255766707, 0.1646257963690813], 'size': [0.049837904948193595, 0.0813235869879147, 0.05243307039854257]}, 'pillar_obstacle': {'pos': [0.39994824830915515, -0.3824307480766307, 0.23470116647765446], 'size': [0.033663755439403885, 0.20172185302840845, 0.0]}, 'small_block': {'pos': [0.6140097595303955, -0.3535133918987863, 0.1097032402875184], 'size': [0.04461973939918376, 0.0849493067344041, 0.09534921802665242]}}"
3.495999999999726,0.47199932934457195,0.0,0.4,0.469846643316989,-1.450435534102523e-07,0.39999776754596117,"{'table_obstacle': {'pos': [0.3825981920028062, 0.37518922255766707, 0.1646257963690813], 'size': [0.049837904948193595, 0.0813235869879147, 0.05243307039854257]}, 'pillar_obstacle': {'pos': [0.39994824830915515, -0.3824307480766307, 0.23470116647765446], 'size': [0.033663755439403885, 0.20172185302840845, 0.0]}, 'small_block': {'pos': [0.6140097595303955, -0.3535133918987863, 0.1097032402875184], 'size': [0.04461973939918376, 0.0849493067344041, 0.09534921802665242]}}"
3.496999999999726,0.47199932934457195,0.0,0.4,0.46987740822339513,-1.4745232650616741e-07,0.39999779602590513,"{'table_obstacle': {'pos': [0.3825981920028062, 0.37518922255766707, 0.1646257963690813], 'size': [0.049837904948193595, 0.0813235869879147, 0.05243307039854257]}, 'pillar_obstacle': {'pos': [0.39994824830915515, -0.3824307480766307, 0.23470116647765446], 'size': [0.033663755439403885, 0.20172185302840845, 0.0]}, 'small_block': {'pos': [0.6140097595303955, -0.3535133918987863, 0.1097032402875184], 'size': [0.04461973939918376, 0.0849493067344041, 0.09534921802665242]}}"
3.4979999999997258,0.47199932934457195,0.0,0.4,0.4699077335992726,-1.4976339656127272e-07,0.3999978243092935,"{'table_obstacle': {'pos': [0.3825981920028062, 0.37518922255766707, 0.1646257963690813], 'size': [0.049837904948193595, 0.0813235869879147, 0.05243307039854257]}, 'pillar_obstacle': {'pos': [0.39994824830915515, -0.3824307480766307, 0.23470116647765446], 'size': [0.033663755439403885, 0.20172185302840845, 0.0]}, 'small_block': {'pos': [0.6140097595303955, -0.3535133918987863, 0.1097032402875184], 'size': [0.04461973939918376, 0.0849493067344041, 0.09534921802665242]}}"
3.4989999999997257,0.47199932934457195,0.0,0.4,0.4699376257198798,-1.5197903589188706e-07,0.399997852391302,"{'table_obstacle': {'pos': [0.3825981920028062, 0.37518922255766707, 0.1646257963690813], 'size': [0.049837904948193595, 0.0813235869879147, 0.05243307039854257]}, 'pillar_obstacle': {'pos': [0.39994824830915515, -0.3824307480766307, 0.23470116647765446], 'size': [0.033663755439403885, 0.20172185302840845, 0.0]}, 'small_block': {'pos': [0.6140097595303955, -0.3535133918987863, 0.1097032402875184], 'size': [0.04461973939918376, 0.0849493067344041, 0.09534921802665242]}}"
3.4999999999997256,0.47199932934457195,0.0,0.4,0.46996709077104,-1.5410147348138683e-07,0.3999978802674207,"{'table_obstacle': {'pos': [0.3825981920028062, 0.37518922255766707, 0.1646257963690813], 'size': [0.049837904948193595, 0.0813235869879147, 0.05243307039854257]}, 'pillar_obstacle': {'pos': [0.39994824830915515, -0.3824307480766307, 0.23470116647765446], 'size': [0.033663755439403885, 0.20172185302840845, 0.0]}, 'small_block': {'pos': [0.6140097595303955, -0.3535133918987863, 0.1097032402875184], 'size': [0.04461973939918376, 0.0849493067344041, 0.09534921802665242]}}"
3.5009999999997254,0.47199932934457195,0.0,0.4,0.46999613485040403,-1.5613289541640836e-07,0.3999979079334404,"{'table_obstacle': {'pos': [0.3825981920028062, 0.37518922255766707, 0.1646257963690813], 'size': [0.049837904948193595, 0.0813235869879147, 0.05243307039854257]}, 'pillar_obstacle': {'pos': [0.39994824830915515, -0.3824307480766307, 0.23470116647765446], 'size': [0.033663755439403885, 0.20172185302840845, 0.0]}, 'small_block': {'pos': [0.6140097595303955, -0.3535133918987863, 0.1097032402875184], 'size': [0.04461973939918376, 0.0849493067344041, 0.09534921802665242]}}"
3.5019999999997253,0.47599930687287273,0.0,0.4,0.47002476396869575,-1.580754461293486e-07,0.39999793538544204,"{'table_obstacle': {'pos': [0.3825981920028062, 0.37518922255766707, 0.1646257963690813], 'size': [0.049837904948193595, 0.0813235869879147, 0.05243307039854257]}, 'pillar_obstacle': {'pos': [0.39994824830915515, -0.3824307480766307, 0.23470116647765446], 'size': [0.033663755439403885, 0.20172185302840845, 0.0]}, 'small_block': {'pos': [0.6140097595303955, -0.3535133918987863, 0.1097032402875184], 'size': [0.04461973939918376, 0.0849493067344041, 0.09534921802665242]}}"
3.5029999999997252,0.47599930687287273,0.0,0.4,0.47006384641611415,-1.3978429134080757e-07,0.39999788520781704,"{'table_obstacle': {'pos': [0.3825981920028062, 0.37518922255766707, 0.1646257963690813], 'size': [0.049837904948193595, 0.0813235869879147, 0.05243307039854257]}, 'pillar_obstacle': {'pos': [0.39994824830915515, -0.3824307480766307, 0.23470116647765446], 'size': [0.033663755439403885, 0.20172185302840845, 0.0]}, 'small_block': {'pos': [0.6140097595303955, -0.3535133918987863, 0.1097032402875184], 'size': [0.04461973939918376, 0.0849493067344041, 0.09534921802665242]}}"
3.503999999999725,0.47599930687287273,0.0,0.4,0.4701111675854593,-1.095931185779967e-07,0.39999778664436547,"{'table_obstacle': {'pos': [0.3825981920028062, 0.37518922255766707, 0.1646257963690813], 'size': [0.049837904948193595, 0.0813235869879147, 0.05243307039854257]}, 'pillar_obstacle': {'pos': [0.39994824830915515, -0.3824307480766307, 0.23470116647765446], 'size': [0.033663755439403885, 0.20172185302840845, 0.0]}, 'small_block': {'pos': [0.6140097595303955, -0.3535133918987863, 0.1097032402875184], 'size': [0.04461973939918376, 0.0849493067344041, 0.09534921802665242]}}"
3.504999999999725,0.47599930687287273,0.0,0.4,0.47016493703695883,-7.336088720090657e-08,0.3999976604518466,"{'table_obstacle': {'pos': [0.3825981920028062, 0.37518922255766707, 0.1646257963690813], 'size': [0.049837904948193595, 0.0813235869879147, 0.05243307039854257]}, 'pillar_obstacle': {'pos': [0.39994824830915515, -0.3824307480766307, 0.23470116647765446], 'size': [0.033663755439403885, 0.20172185302840845, 0.0]}, 'small_block': {'pos': [0.6140097595303955, -0.3535133918987863, 0.1097032402875184], 'size': [0.04461973939918376, 0.0849493067344041, 0.09534921802665242]}}"
3.505999999999725,0.47599930687287273,0.0,0.4,0.4702237079061834,-3.5116912975707146e-08,0.3999975211581163,"{'table_obstacle': {'pos': [0.3825981920028062, 0.37518922255766707, 0.1646257963690813], 'size': [0.049837904948193595, 0.0813235869879147, 0.05243307039854257]}, 'pillar_obstacle': {'pos': [0.39994824830915515, -0.3824307480766307, 0.23470116647765446], 'size': [0.033663755439403885, 0.20172185302840845, 0.0]}, 'small_block': {'pos': [0.6140097595303955, -0.3535133918987863, 0.1097032402875184], 'size': [0.04461973939918376, 0.0849493067344041, 0.09534921802665242]}}"
3.506999999999725,0.47599930687287273,0.0,0.4,0.4702863115875913,2.4510947272325484e-09,0.3999973787349581,"{'table_obstacle': {'pos': [0.3825981920028062, 0.37518922255766707, 0.1646257963690813], 'size': [0.049837904948193595, 0.0813235869879147, 0.05243307039854257]}, 'pillar_obstacle': {'pos': [0.39994824830915515, -0.3824307480766307, 0.23470116647765446], 'size': [0.033663755439403885, 0.20172185302840845, 0.0]}, 'small_block': {'pos': [0.6140097595303955, -0.3535133918987863, 0.1097032402875184], 'size': [0.04461973939918376, 0.0849493067344041, 0.09534921802665242]}}"
3.5079999999997247,0.47599930687287273,0.0,0.4,0.4703518048088757,3.762932036465653e-08,0.3999972398385912,"{'table_obstacle': {'pos': [0.3825981920028062, 0.37518922255766707, 0.1646257963690813], 'size': [0.049837904948193595, 0.0813235869879147, 0.05243307039854257]}, 'pillar_obstacle': {'pos': [0.39994824830915515, -0.3824307480766307, 0.23470116647765446], 'size': [0.033663755439403885, 0.20172185302840845, 0.0]}, 'small_block': {'pos': [0.6140097595303955, -0.3535133918987863, 0.1097032402875184], 'size': [0.04461973939918376, 0.0849493067344041, 0.09534921802665242]}}"
3.5089999999997246,0.47599930687287273,0.0,0.4,0.47041942675239157,6.940211430406677e-08,0.39999710872955435,"{'table_obstacle': {'pos': [0.3825981920028062, 0.37518922255766707, 0.1646257963690813], 'size': [0.049837904948193595, 0.0813235869879147, 0.05243307039854257]}, 'pillar_obstacle': {'pos': [0.39994824830915515, -0.3824307480766307, 0.23470116647765446], 'size': [0.033663755439403885, 0.20172185302840845, 0.0]}, 'small_block': {'pos': [0.6140097595303955, -0.3535133918987863, 0.1097032402875184], 'size': [0.04461973939918376, 0.0849493067344041, 0.09534921802665242]}}"
3.5099999999997245,0.47599930687287273,0.0,0.4,0.4704885643208331,9.724640684139442e-08,0.3999969879540562,"{'table_obstacle': {'pos': [0.3825981920028062, 0.37518922255766707, 0.1646257963690813], 'size': [0.049837904948193595, 0.0813235869879147, 0.05243307039854257]}, 'pillar_obstacle': {'pos': [0.39994824830915515, -0.3824307480766307, 0.23470116647765446], 'size': [0.033663755439403885, 0.20172185302840845, 0.0]}, 'small_block': {'pos': [0.6140097595303955, -0.3535133918987863, 0.1097032402875184], 'size': [0.04461973939918376, 0.0849493067344041, 0.09534921802665242]}}"
3.5109999999997243,0.47599930687287273,0.0,0.4,0.4705587240031611,1.2097944212991328e-07,0.39999687884746127,"{'table_obstacle': {'pos': [0.3825981920028062, 0.37518922255766707, 0.1646257963690813], 'size': [0.049837904948193595, 0.0813235869879147, 0.05243307039854257]}, 'pillar_obstacle': {'pos': [0.39994824830915515, -0.3824307480766307, 0.23470116647765446], 'size': [0.033663755439403885, 0.20172185302840845, 0.0]}, 'small_block': {'pos': [0.6140097595303955, -0.3535133918987863, 0.1097032402875184], 'size': [0.04461973939918376, 0.0849493067344041, 0.09534921802665242]}}"
3.5119999999997242,0.47599930687287273,0.0,0.4,0.4706295090884718,1.4064690264788366e-07,0.39999678190497645,"{'table_obstacle': {'pos': [0.3825981920028062, 0.37518922255766707, 0.1646257963690813], 'size': [0.049837904948193595, 0.0813235869879147, 0.05243307039854257]}, 'pillar_obstacle': {'pos': [0.39994824830915515, -0.3824307480766307, 0.23470116647765446], 'size': [0.033663755439403885, 0.20172185302840845, 0.0]}, 'small_block': {'pos': [0.6140097595303955, -0.3535133918987863, 0.1097032402875184], 'size': [0.04461973939918376, 0.0849493067344041, 0.09534921802665242]}}"
3.512999999999724,0.47599930687287273,0.0,0.4,0.47070060121246177,1.5644150584854289e-07,0.3999966970531428,"{'table_obstacle': {'pos': [0.3825981920028062, 0.37518922255766707, 0.1646257963690813], 'size': [0.049837904948193595, 0.0813235869879147, 0.05243307039854257]}, 'pillar_obstacle': {'pos': [0.39994824830915515, -0.3824307480766307, 0.23470116647765446], 'size': [0.033663755439403885, 0.20172185302840845, 0.0]}, 'small_block': {'pos': [0.6140097595303955, -0.3535133918987863, 0.1097032402875184], 'size': [0.04461973939918376, 0.0849493067344041, 0.09534921802665242]}}"
3.513999999999724,0.47599930687287273,0.0,0.4,0.47077174541349126,1.686444818431379e-07,0.3999966238472801,"{'table_obstacle': {'pos': [0.3825981920028062, 0.37518922255766707, 0.1646257963690813], 'size': [0.049837904948193595, 0.0813235869879147, 0.05243307039854257]}, 'pillar_obstacle': {'pos': [0.39994824830915515, -0.3824307480766307, 0.23470116647765446], 'size': [0.033663755439403885, 0.20172185302840845, 0.0]}, 'small_block': {'pos': [0.6140097595303955, -0.3535133918987863, 0.1097032402875184], 'size': [0.04461973939918376, 0.0849493067344041, 0.09534921802665242]}}"
3.514999999999724,0.47599930687287273,0.0,0.4,0.4708427380313092,1.775841352656608e-07,0.39999656161374414,"{'table_obstacle': {'pos': [0.3825981920028062, 0.37518922255766707, 0.1646257963690813], 'size': [0.049837904948193595, 0.0813235869879147, 0.05243307039854257]}, 'pillar_obstacle': {'pos': [0.39994824830915515, -0.3824307480766307, 0.23470116647765446], 'size': [0.033663755439403885, 0.20172185302840845, 0.0]}, 'small_block': {'pos': [0.6140097595303955, -0.3535133918987863, 0.1097032402875184], 'size': [0.04461973939918376, 0.0849493067344041, 0.09534921802665242]}}"
3.515999999999724,0.47599930687287273,0.0,0.4,0.4709134169080722,1.8360708323431776e-07,0.3999965095511674,"{'table_obstacle': {'pos': [0.3825981920028062, 0.37518922255766707, 0.1646257963690813], 'size': [0.049837904948193595, 0.0813235869879147, 0.05243307039854257]}, 'pillar_obstacle': {'pos': [0.39994824830915515, -0.3824307480766307, 0.23470116647765446], 'size': [0.033663755439403885, 0.20172185302840845, 0.0]}, 'small_block': {'pos': [0.6140097595303955, -0.3535133918987863, 0.1097032402875184], 'size': [0.04461973939918376, 0.0849493067344041, 0.09534921802665242]}}"
3.5169999999997237,0.47599930687287273,0.0,0.4,0.47098365345389803,1.8705882281341045e-07,0.39999646680132617,"{'table_obstacle': {'pos': [0.3825981920028062, 0.37518922255766707, 0.1646257963690813], 'size': [0.049837904948193595, 0.0813235869879147, 0.05243307039854257]}, 'pillar_obstacle': {'pos': [0.39994824830915515, -0.3824307480766307, 0.23470116647765446], 'size': [0.033663755439403885, 0.20172185302840845, 0.0]}, 'small_block': {'pos': [0.6140097595303955, -0.3535133918987863, 0.1097032402875184], 'size': [0.04461973939918376, 0.0849493067344041, 0.09534921802665242]}}"
3.5179999999997236,0.47599930687287273,0.0,0.4,0.4710533462223646,1.8827110213950686e-07,0.39999643249764755,"{'table_obstacle': {'pos': [0.3825981920028062, 0.37518922255766707, 0.1646257963690813], 'size': [0.049837904948193595, 0.0813235869879147, 0.05243307039854257]}, 'pillar_obstacle': {'pos': [0.39994824830915515, -0.3824307480766307, 0.23470116647765446], 'size': [0.033663755439403885, 0.20172185302840845, 0.0]}, 'small_block': {'pos': [0.6140097595303955, -0.3535133918987863, 0.1097032402875184], 'size': [0.04461973939918376, 0.0849493067344041, 0.09534921802665242]}}"
3.5189999999997235,0.47599930687287273,0.0,0.4,0.4711224157087525,1.8755419712570333e-07,0.3999964057973558,"{'table_obstacle': {'pos': [0.3825981920028062, 0.37518922255766707, 0.1646257963690813], 'size': [0.049837904948193595, 0.0813235869879147, 0.05243307039854257]}, 'pillar_obstacle': {'pos': [0.39994824830915515, -0.3824307480766307, 0.23470116647765446], 'size': [0.033663755439403885, 0.20172185302840845, 0.0]}, 'small_block': {'pos': [0.6140097595303955, -0.3535133918987863, 0.1097032402875184], 'size': [0.04461973939918376, 0.0849493067344041, 0.09534921802665242]}}"
3.5199999999997234,0.47599930687287273,0.0,0.4,0.47119080013843084,1.8519267261221756e-07,0.39999638590176767,"{'table_obstacle': {'pos': [0.3825981920028062, 0.37518922255766707, 0.1646257963690813], 'size': [0.049837904948193595, 0.0813235869879147, 0.05243307039854257]}, 'pillar_obstacle': {'pos': [0.39994824830915515, -0.3824307480766307, 0.23470116647765446], 'size': [0.033663755439403885, 0.20172185302840845, 0.0]}, 'small_block': {'pos': [0.6140097595303955, -0.3535133918987863, 0.1097032402875184], 'size': [0.04461973939918376, 0.0849493067344041, 0.09534921802665242]}}"
3.5209999999997232,0.47599930687287273,0.0,0.4,0.4712584520570218,1.8144357283347373e-07,0.39999637206809224,"{'table_obstacle': {'pos': [0.3825981920028062, 0.37518922255766707, 0.1646257963690813], 'size': [0.049837904948193595, 0.0813235869879147, 0.05243307039854257]}, 'pillar_obstacle': {'pos': [0.39994824830915515, -0.3824307480766307, 0.23470116647765446], 'size': [0.033663755439403885, 0.20172185302840845, 0.0]}, 'small_block': {'pos': [0.6140097595303955, -0.3535133918987863, 0.1097032402875184], 'size': [0.04461973939918376, 0.0849493067344041, 0.09534921802665242]}}"
3.521999999999723,0.47599930687287273,0.0,0.4,0.4713253355697974,1.7653626437905624e-07,0.39999636361524527,"{'table_obstacle': {'pos': [0.3825981920028062, 0.37518922255766707, 0.1646257963690813], 'size': [0.049837904948193595, 0.0813235869879147, 0.05243307039854257]}, 'pillar_obstacle': {'pos': [0.39994824830915515, -0.3824307480766307, 0.23470116647765446], 'size': [0.033663755439403885, 0.20172185302840845, 0.0]}, 'small_block': {'pos': [0.6140097595303955, -0.3535133918987863, 0.1097032402875184], 'size': [0.04461973939918376, 0.0849493067344041, 0.09534921802665242]}}"
3.522999999999723,0.47599930687287273,0.0,0.4,0.47139142410678364,1.706733610746172e-07,0.39999635992552096,"{'table_obstacle': {'pos': [0.3825981920028062, 0.37518922255766707, 0.1646257963690813], 'size': [0.049837904948193595, 0.0813235869879147, 0.05243307039854257]}, 'pillar_obstacle': {'pos': [0.39994824830915515, -0.3824307480766307, 0.23470116647765446], 'size': [0.033663755439403885, 0.20172185302840845, 0.0]}, 'small_block': {'pos': [0.6140097595303955, -0.3535133918987863, 0.1097032402875184], 'size': [0.04461973939918376, 0.0849493067344041, 0.09534921802665242]}}"
3.523999999999723,0.47599930687287273,0.0,0.4,0.47145669861354567,1.6403232170026336e-07,0.399996360443487,"{'table_obstacle': {'pos': [0.3825981920028062, 0.37518922255766707, 0.1646257963690813], 'size': [0.049837904948193595, 0.0813235869879147, 0.05243307039854257]}, 'pillar_obstacle': {'pos': [0.39994824830915515, -0.3824307480766307, 0.23470116647765446], 'size': [0.033663755439403885, 0.20172185302840845, 0.0]}, 'small_block': {'pos': [0.6140097595303955, -0.3535133918987863, 0.1097032402875184], 'size': [0.04461973939918376, 0.0849493067344041, 0.09534921802665242]}}"
3.524999999999723,0.47599930687287273,0.0,0.4,0.4715211460866573,1.567674271641377e-07,0.3999963646730935,"{'table_obstacle': {'pos': [0.3825981920028062, 0.37518922255766707, 0.1646257963690813], 'size': [0.049837904948193595, 0.0813235869879147, 0.05243307039854257]}, 'pillar_obstacle': {'pos': [0.39994824830915515, -0.3824307480766307, 0.23470116647765446], 'size': [0.033663755439403885, 0.20172185302840845, 0.0]}, 'small_block': {'pos': [0.6140097595303955, -0.3535133918987863, 0.1097032402875184], 'size': [0.04461973939918376, 0.0849493067344041, 0.09534921802665242]}}"
3.5259999999997227,0.47599930687287273,0.0,0.4,0.47158475838826763,1.4901193088791912e-07,0.3999963721737061,"{'table_obstacle': {'pos': [0.3825981920028062, 0.37518922255766707, 0.1646257963690813], 'size': [0.049837904948193595, 0.0813235869879147, 0.05243307039854257]}, 'pillar_obstacle': {'pos': [0.39994824830915515, -0.3824307480766307, 0.23470116647765446], 'size': [0.033663755439403885, 0.20172185302840845, 0.0]}, 'small_block': {'pos': [0.6140097595303955, -0.3535133918987863, 0.1097032402875184], 'size': [0.04461973939918376, 0.0849493067344041, 0.09534921802665242]}}"
3.5269999999997226,0.47599930687287273,0.0,0.4,0.4716475312866601,1.4088024313970825e-07,0.3999963825555759,"{'table_obstacle': {'pos': [0.3825981920028062, 0.37518922255766707, 0.1646257963690813], 'size': [0.049837904948193595, 0.0813235869879147, 0.05243307039854257]}, 'pillar_obstacle': {'pos': [0.39994824830915515, -0.3824307480766307, 0.23470116647765446], 'size': [0.033663755439403885, 0.20172185302840845, 0.0]}, 'small_block': {'pos': [0.6140097595303955, -0.3535133918987863, 0.1097032402875184], 'size': [0.04461973939918376, 0.0849493067344041, 0.09534921802665242]}}"
3.5279999999997225,0.47599930687287273,0.0,0.4,0.47170946367980027,1.32470057927307e-07,0.3999963954750949,"{'table_obstacle': {'pos': [0.3825981920028062, 0.37518922255766707, 0.1646257963690813], 'size': [0.049837904948193595, 0.0813235869879147, 0.05243307039854257]}, 'pillar_obstacle': {'pos': [0.39994824830915515, -0.3824307480766307, 0.23470116647765446], 'size': [0.033663755439403885, 0.20172185302840845, 0.0]}, 'small_block': {'pos': [0.6140097595303955, -0.3535133918987863, 0.1097032402875184], 'size': [0.04461973939918376, 0.0849493067344041, 0.09534921802665242]}}"
3.5289999999997224,0.47599930687287273,0.0,0.4,0.4717705569670502,1.2386436116400034e-07,0.3999964106300806,"{'table_obstacle': {'pos': [0.3825981920028062, 0.37518922255766707, 0.1646257963690813], 'size': [0.049837904948193595, 0.0813235869879147, 0.05243307039854257]}, 'pillar_obstacle': {'pos': [0.39994824830915515, -0.3824307480766307, 0.23470116647765446], 'size': [0.033663755439403885, 0.20172185302840845, 0.0]}, 'small_block': {'pos': [0.6140097595303955, -0.3535133918987863, 0.1097032402875184], 'size': [0.04461973939918376, 0.0849493067344041, 0.09534921802665242]}}"
3.5299999999997222,0.47599930687287273,0.0,0.4,0.4718308145408605,1.151332892301349e-07,0.39999642775524286,"{'table_obstacle': {'pos': [0.3825981920028062, 0.37518922255766707, 0.1646257963690813], 'size': [0.049837904948193595, 0.0813235869879147, 0.05243307039854257]}, 'pillar_obstacle': {'pos': [0.39994824830915515, -0.3824307480766307, 0.23470116647765446], 'size': [0.033663755439403885, 0.20172185302840845, 0.0]}, 'small_block': {'pos': [0.6140097595303955, -0.3535133918987863, 0.1097032402875184], 'size': [0.04461973939918376, 0.0849493067344041, 0.09534921802665242]}}"
3.530999999999722,0.47599930687287273,0.0,0.4,0.4718902413756016,1.0633581930770563e-07,0.39999644661793193,"{'table_obstacle': {'pos': [0.3825981920028062, 0.37518922255766707, 0.1646257963690813], 'size': [0.049837904948193595, 0.0813235869879147, 0.05243307039854257]}, 'pillar_obstacle': {'pos': [0.39994824830915515, -0.3824307480766307, 0.23470116647765446], 'size': [0.033663755439403885, 0.20172185302840845, 0.0]}, 'small_block': {'pos': [0.6140097595303955, -0.3535133918987863, 0.1097032402875184], 'size': [0.04461973939918376, 0.0849493067344041, 0.09534921802665242]}}"
3.531999999999722,0.47599930687287273,0.0,0.4,0.47194884369505685,9.752128896159977e-08,0.39999646701422364,"{'table_obstacle': {'pos': [0.3825981920028062, 0.37518922255766707, 0.1646257963690813], 'size': [0.049837904948193595, 0.0813235869879147, 0.05243307039854257]}, 'pillar_obstacle': {'pos': [0.39994824830915515, -0.3824307480766307, 0.23470116647765446], 'size': [0.033663755439403885, 0.20172185302840845, 0.0]}, 'small_block': {'pos': [0.6140097595303955, -0.3535133918987863, 0.1097032402875184], 'size': [0.04461973939918376, 0.0849493067344041, 0.09534921802665242]}}"
3.532999999999722,0.47599930687287273,0.0,0.4,0.4720066287036005,8.873074729165936e-08,0.39999648876535776,"{'table_obstacle': {'pos': [0.3825981920028062, 0.37518922255766707, 0.1646257963690813], 'size': [0.049837904948193595, 0.0813235869879147, 0.05243307039854257]}, 'pillar_obstacle': {'pos': [0.39994824830915515, -0.3824307480766307, 0.23470116647765446], 'size': [0.033663755439403885, 0.20172185302840845, 0.0]}, 'small_block': {'pos': [0.6140097595303955, -0.3535133918987863, 0.1097032402875184], 'size': [0.04461973939918376, 0.0849493067344041, 0.09534921802665242]}}"
3.533999999999722,0.47599930687287273,0.0,0.4,0.4720636043689444,7.999814575403746e-08,0.39999651171454154,"{'table_obstacle': {'pos': [0.3825981920028062, 0.37518922255766707, 0.1646257963690813], 'size': [0.049837904948193595, 0.0813235869879147, 0.05243307039854257]}, 'pillar_obstacle': {'pos': [0.39994824830915515, -0.3824307480766307, 0.23470116647765446], 'size': [0.033663755439403885, 0.20172185302840845, 0.0]}, 'small_block': {'pos': [0.6140097595303955, -0.3535133918987863, 0.1097032402875184], 'size': [0.04461973939918376, 0.0849493067344041, 0.09534921802665242]}}"
3.5349999999997217,0.47599930687287273,0.0,0.4,0.4721197792466386,7.135138093644718e-08,0.39999653572410104,"{'table_obstacle': {'pos': [0.3825981920028062, 0.37518922255766707, 0.1646257963690813], 'size': [0.049837904948193595, 0.0813235869879147, 0.05243307039854257]}, 'pillar_obstacle': {'pos': [0.39994824830915515, -0.3824307480766307, 0.23470116647765446], 'size': [0.033663755439403885, 0.20172185302840845, 0.0]}, 'small_block': {'pos': [0.6140097595303955, -0.3535133918987863, 0.1097032402875184], 'size': [0.04461973939918376, 0.0849493067344041, 0.09534921802665242]}}"
3.5359999999997216,0.47599930687287273,0.0,0.4,0.47217516233837276,6.281320233381993e-08,0.39999656067296313,"{'table_obstacle': {'pos': [0.3825981920028062, 0.37518922255766707, 0.1646257963690813], 'size': [0.049837904948193595, 0.0813235869879147, 0.05243307039854257]}, 'pillar_obstacle': {'pos': [0.39994824830915515, -0.3824307480766307, 0.23470116647765446], 'size': [0.033663755439403885, 0.20172185302840845, 0.0]}, 'small_block': {'pos': [0.6140097595303955, -0.3535133918987863, 0.1097032402875184], 'size': [0.04461973939918376, 0.0849493067344041, 0.09534921802665242]}}"
3.5369999999997215,0.47599930687287273,0.0,0.4,0.47222976297765157,5.4401996976759655e-08,0.39999658645444197,"{'table_obstacle': {'pos': [0.3825981920028062, 0.37518922255766707, 0.1646257963690813], 'size': [0.049837904948193595, 0.0813235869879147, 0.05243307039854257]}, 'pillar_obstacle': {'pos': [0.39994824830915515, -0.3824307480766307, 0.23470116647765446], 'size': [0.033663755439403885, 0.20172185302840845, 0.0]}, 'small_block': {'pos': [0.6140097595303955, -0.3535133918987863, 0.1097032402875184], 'size': [0.04461973939918376, 0.0849493067344041, 0.09534921802665242]}}"
3.5379999999997214,0.47599930687287273,0.0,0.4,0.4722835907376238,4.61324675239651e-08,0.39999661297430744,"{'table_obstacle': {'pos': [0.3825981920028062, 0.37518922255766707, 0.1646257963690813], 'size': [0.049837904948193595, 0.0813235869879147, 0.05243307039854257]}, 'pillar_obstacle': {'pos': [0.39994824830915515, -0.3824307480766307, 0.23470116647765446], 'size': [0.033663755439403885, 0.20172185302840845, 0.0]}, 'small_block': {'pos': [0.6140097595303955, -0.3535133918987863, 0.1097032402875184], 'size': [0.04461973939918376, 0.0849493067344041, 0.09534921802665242]}}"
3.5389999999997213,0.47599930687287273,0.0,0.4,0.4723366553568533,3.8016211213083134e-08,0.3999966401491006,"{'table_obstacle': {'pos': [0.3825981920028062, 0.37518922255766707, 0.1646257963690813], 'size': [0.049837904948193595, 0.0813235869879147, 0.05243307039854257]}, 'pillar_obstacle': {'pos': [0.39994824830915515, -0.3824307480766307, 0.23470116647765446], 'size': [0.033663755439403885, 0.20172185302840845, 0.0]}, 'small_block': {'pos': [0.6140097595303955, -0.3535133918987863, 0.1097032402875184], 'size': [0.04461973939918376, 0.0849493067344041, 0.09534921802665242]}}"
3.539999999999721,0.47599930687287273,0.0,0.4,0.47238896667960606,3.006221806021543e-08,0.39999666790467686,"{'table_obstacle': {'pos': [0.3825981920028062, 0.37518922255766707, 0.1646257963690813], 'size': [0.049837904948193595, 0.0813235869879147, 0.05243307039854257]}, 'pillar_obstacle': {'pos': [0.39994824830915515, -0.3824307480766307, 0.23470116647765446], 'size': [0.033663755439403885, 0.20172185302840845, 0.0]}, 'small_block': {'pos': [0.6140097595303955, -0.3535133918987863, 0.1097032402875184], 'size': [0.04461973939918376, 0.0849493067344041, 0.09534921802665242]}}"
3.540999999999721,0.47599930687287273,0.0,0.4,0.4724405346078955,2.2277293299800058e-08,0.39999669617494477,"{'table_obstacle': {'pos': [0.3825981920028062, 0.37518922255766707, 0.1646257963690813], 'size': [0.049837904948193595, 0.0813235869879147, 0.05243307039854257]}, 'pillar_obstacle': {'pos': [0.39994824830915515, -0.3824307480766307, 0.23470116647765446], 'size': [0.033663755439403885, 0.20172185302840845, 0.0]}, 'small_block': {'pos': [0.6140097595303955, -0.3535133918987863, 0.1097032402875184], 'size': [0.04461973939918376, 0.0849493067344041, 0.09534921802665242]}}"
3.541999999999721,0.47599930687287273,0.0,0.4,0.4724913690630377,1.46664175134234e-08,0.3999967249007794,"{'table_obstacle': {'pos': [0.3825981920028062, 0.37518922255766707, 0.1646257963690813], 'size': [0.049837904948193595, 0.0813235869879147, 0.05243307039854257]}, 'pillar_obstacle': {'pos': [0.39994824830915515, -0.3824307480766307, 0.23470116647765446], 'size': [0.033663755439403885, 0.20172185302840845, 0.0]}, 'small_block': {'pos': [0.6140097595303955, -0.3535133918987863, 0.1097032402875184], 'size': [0.04461973939918376, 0.0849493067344041, 0.09534921802665242]}}"
3.542999999999721,0.47599930687287273,0.0,0.4,0.47254147995490636,7.23305066366949e-09,0.39999675402909074,"{'table_obstacle': {'pos': [0.3825981920028062, 0.37518922255766707, 0.1646257963690813], 'size': [0.049837904948193595, 0.0813235869879147, 0.05243307039854257]}, 'pillar_obstacle': {'pos': [0.39994824830915515, -0.3824307480766307, 0.23470116647765446], 'size': [0.033663755439403885, 0.20172185302840845, 0.0]}, 'small_block': {'pos': [0.6140097595303955, -0.3535133918987863, 0.1097032402875184], 'size': [0.04461973939918376, 0.0849493067344041, 0.09534921802665242]}}"
3.5439999999997207,0.47599930687287273,0.0,0.4,0.47259087715741727,-2.0608151729314153e-11,0.39999678351202045,"{'table_obstacle': {'pos': [0.3825981920028062, 0.37518922255766707, 0.1646257963690813], 'size': [0.049837904948193595, 0.0813235869879147, 0.05243307039854257]}, 'pillar_obstacle': {'pos': [0.39994824830915515, -0.3824307480766307, 0.23470116647765446], 'size': [0.033663755439403885, 0.20172185302840845, 0.0]}, 'small_block': {'pos': [0.6140097595303955, -0.3535133918987863, 0.1097032402875184], 'size': [0.04461973939918376, 0.0849493067344041, 0.09534921802665242]}}"
3.5449999999997206,0.47599930687287273,0.0,0.4,0.47263957048905053,-7.093405362185289e-09,0.39999681330625714,"{'table_obstacle': {'pos': [0.3825981920028062, 0.37518922255766707, 0.1646257963690813], 'size': [0.049837904948193595, 0.0813235869879147, 0.05243307039854257]}, 'pillar_obstacle': {'pos': [0.39994824830915515, -0.3824307480766307, 0.23470116647765446], 'size': [0.033663755439403885, 0.20172185302840845, 0.0]}, 'small_block': {'pos': [0.6140097595303955, -0.3535133918987863, 0.1097032402875184], 'size': [0.04461973939918376, 0.0849493067344041, 0.09534921802665242]}}"
3.5459999999997205,0.47599930687287273,0.0,0.4,0.47268756969745024,-1.3985047640328755e-08,0.39999684337244823,"{'table_obstacle': {'pos': [0.3825981920028062, 0.37518922255766707, 0.1646257963690813], 'size': [0.049837904948193595, 0.0813235869879147, 0.05243307039854257]}, 'pillar_obstacle': {'pos': [0.39994824830915515, -0.3824307480766307, 0.23470116647765446], 'size': [0.033663755439403885, 0.20172185302840845, 0.0]}, 'small_block': {'pos': [0.6140097595303955, -0.3535133918987863, 0.1097032402875184], 'size': [0.04461973939918376, 0.0849493067344041, 0.09534921802665242]}}"
3.5469999999997204,0.47599930687287273,0.0,0.4,0.47273488444731887,-2.06959500420419e-08,0.3999968736746983,"{'table_obstacle': {'pos': [0.3825981920028062, 0.37518922255766707, 0.1646257963690813], 'size': [0.049837904948193595, 0.0813235869879147, 0.05243307039854257]}, 'pillar_obstacle': {'pos': [0.39994824830915515, -0.3824307480766307, 0.23470116647765446], 'size': [0.033663755439403885, 0.20172185302840845, 0.0]}, 'small_block': {'pos': [0.6140097595303955, -0.3535133918987863, 0.1097032402875184], 'size': [0.04461973939918376, 0.0849493067344041, 0.09534921802665242]}}"
3.5479999999997203,0.47599930687287273,0.0,0.4,0.4727815243109766,-2.7227104776819087e-08,0.39999690418013945,"{'table_obstacle': {'pos': [0.3825981920028062, 0.37518922255766707, 0.1646257963690813], 'size': [0.049837904948193595, 0.0813235869879147, 0.05243307039854257]}, 'pillar_obstacle': {'pos': [0.39994824830915515, -0.3824307480766307, 0.23470116647765446], 'size': [0.033663755439403885, 0.20172185302840845, 0.0]}, 'small_block': {'pos': [0.6140097595303955, -0.3535133918987863, 0.1097032402875184], 'size': [0.04461973939918376, 0.0849493067344041, 0.09534921802665242]}}"
3.54899999999972,0.47599930687287273,0.0,0.4,0.47282749876107183,-3.3579974771979765e-08,0.399996934858567,"{'table_obstacle': {'pos': [0.3825981920028062, 0.37518922255766707, 0.1646257963690813], 'size': [0.049837904948193595, 0.0813235869879147, 0.05243307039854257]}, 'pillar_obstacle': {'pos': [0.39994824830915515, -0.3824307480766307, 0.23470116647765446], 'size': [0.033663755439403885, 0.20172185302840845, 0.0]}, 'small_block': {'pos': [0.6140097595303955, -0.3535133918987863, 0.1097032402875184], 'size': [0.04461973939918376, 0.0849493067344041, 0.09534921802665242]}}"
3.54999999999972,0.47599930687287273,0.0,0.4,0.4728728171650309,-3.975640264585631e-08,0.3999969656821229,"{'table_obstacle': {'pos': [0.3825981920028062, 0.37518922255766707, 0.1646257963690813], 'size': [0.049837904948193595, 0.0813235869879147, 0.05243307039854257]}, 'pillar_obstacle': {'pos': [0.39994824830915515, -0.3824307480766307, 0.23470116647765446], 'size': [0.033663755439403885, 0.20172185302840845, 0.0]}, 'small_block': {'pos': [0.6140097595303955, -0.3535133918987863, 0.1097032402875184], 'size': [0.04461973939918376, 0.0849493067344041, 0.09534921802665242]}}"
3.55099999999972,0.47599930687287273,0.0,0.4,0.4729174887809091,-4.575853514593057e-08,0.3999969966250318,"{'table_obstacle': {'pos': [0.3825981920028062, 0.37518922255766707, 0.1646257963690813], 'size': [0.049837904948193595, 0.0813235869879147, 0.05243307039854257]}, 'pillar_obstacle': {'pos': [0.39994824830915515, -0.3824307480766307, 0.23470116647765446], 'size': [0.033663755439403885, 0.20172185302840845, 0.0]}, 'small_block': {'pos': [0.6140097595303955, -0.3535133918987863, 0.1097032402875184], 'size': [0.04461973939918376, 0.0849493067344041, 0.09534921802665242]}}"
3.55199999999972,0.47599930687287273,0.0,0.4,0.4729615227543751,-5.1588760619602056e-08,0.39999702766337053,"{'table_obstacle': {'pos': [0.3825981920028062, 0.37518922255766707, 0.1646257963690813], 'size': [0.049837904948193595, 0.0813235869879147, 0.05243307039854257]}, 'pillar_obstacle': {'pos': [0.39994824830915515, -0.3824307480766307, 0.23470116647765446], 'size': [0.033663755439403885, 0.20172185302840845, 0.0]}, 'small_block': {'pos': [0.6140097595303955, -0.3535133918987863, 0.1097032402875184], 'size': [0.04461973939918376, 0.0849493067344041, 0.09534921802665242]}}"
3.5529999999997197,0.47599930687287273,0.0,0.4,0.4730049281166049,-5.7249656802769675e-08,0.39999705877487185,"{'table_obstacle': {'pos': [0.3825981920028062, 0.37518922255766707, 0.1646257963690813], 'size': [0.049837904948193595, 0.0813235869879147, 0.05243307039854257]}, 'pillar_obstacle': {'pos': [0.39994824830915515, -0.3824307480766307, 0.23470116647765446], 'size': [0.033663755439403885, 0.20172185302840845, 0.0]}, 'small_block': {'pos': [0.6140097595303955, -0.3535133918987863, 0.1097032402875184], 'size': [0.04461973939918376, 0.0849493067344041, 0.09534921802665242]}}"
3.5539999999997196,0.47599930687287273,0.0,0.4,0.47304771378290944,-6.274394730918291e-08,0.3999970899387572,"{'table_obstacle': {'pos': [0.3825981920028062, 0.37518922255766707, 0.1646257963690813], 'size': [0.049837904948193595, 0.0813235869879147, 0.05243307039854257]}, 'pillar_obstacle': {'pos': [0.39994824830915515, -0.3824307480766307, 0.23470116647765446], 'size': [0.033663755439403885, 0.20172185302840845, 0.0]}, 'small_block': {'pos': [0.6140097595303955, -0.3535133918987863, 0.1097032402875184], 'size': [0.04461973939918376, 0.0849493067344041, 0.09534921802665242]}}"
3.5549999999997195,0.47599930687287273,0.0,0.4,0.47308988855195216,-6.807446597419238e-08,0.3999971211355919,"{'table_obstacle': {'pos': [0.3825981920028062, 0.37518922255766707, 0.1646257963690813], 'size': [0.049837904948193595, 0.0813235869879147, 0.05243307039854257]}, 'pillar_obstacle': {'pos': [0.39994824830915515, -0.3824307480766307, 0.23470116647765446], 'size': [0.033663755439403885, 0.20172185302840845, 0.0]}, 'small_block': {'pos': [0.6140097595303955, -0.3535133918987863, 0.1097032402875184], 'size': [0.04461973939918376, 0.0849493067344041, 0.09534921802665242]}}"
3.5559999999997194,0.47599930687287273,0.0,0.4,0.4731314611054393,-7.324412681208222e-08,0.39999715234716116,"{'table_obstacle': {'pos': [0.3825981920028062, 0.37518922255766707, 0.1646257963690813], 'size': [0.049837904948193595, 0.0813235869879147, 0.05243307039854257]}, 'pillar_obstacle': {'pos': [0.39994824830915515, -0.3824307480766307, 0.23470116647765446], 'size': [0.033663755439403885, 0.20172185302840845, 0.0]}, 'small_block': {'pos': [0.6140097595303955, -0.3535133918987863, 0.1097032402875184], 'size': [0.04461973939918376, 0.0849493067344041, 0.09534921802665242]}}"
3.5569999999997193,0.47599930687287273,0.0,0.4,0.4731724400081862,-7.825589958959565e-08,0.39999718355636227,"{'table_obstacle': {'pos': [0.3825981920028062, 0.37518922255766707, 0.1646257963690813], 'size': [0.049837904948193595, 0.0813235869879147, 0.05243307039854257]}, 'pillar_obstacle': {'pos': [0.39994824830915515, -0.3824307480766307, 0.23470116647765446], 'size': [0.033663755439403885, 0.20172185302840845, 0.0]}, 'small_block': {'pos': [0.6140097595303955, -0.3535133918987863, 0.1097032402875184], 'size': [0.04461973939918376, 0.0849493067344041, 0.09534921802665242]}}"
3.557999999999719,0.47599930687287273,0.0,0.4,0.4732128337084894,-8.311278995950472e-08,0.39999721474711136,"{'table_obstacle': {'pos': [0.3825981920028062, 0.37518922255766707, 0.1646257963690813], 'size': [0.049837904948193595, 0.0813235869879147, 0.05243307039854257]}, 'pillar_obstacle': {'pos': [0.39994824830915515, -0.3824307480766307, 0.23470116647765446], 'size': [0.033663755439403885, 0.20172185302840845, 0.0]}, 'small_block': {'pos': [0.6140097595303955, -0.3535133918987863, 0.1097032402875184], 'size': [0.04461973939918376, 0.0849493067344041, 0.09534921802665242]}}"
3.558999999999719,0.47599930687287273,0.0,0.4,0.47325265053873417,-8.781782237350672e-08,0.3999972459042642,"{'table_obstacle': {'pos': [0.3825981920028062, 0.37518922255766707, 0.1646257963690813], 'size': [0.049837904948193595, 0.0813235869879147, 0.05243307039854257]}, 'pillar_obstacle': {'pos': [0.39994824830915515, -0.3824307480766307, 0.23470116647765446], 'size': [0.033663755439403885, 0.20172185302840845, 0.0]}, 'small_block': {'pos': [0.6140097595303955, -0.3535133918987863, 0.1097032402875184], 'size': [0.04461973939918376, 0.0849493067344041, 0.09534921802665242]}}"
3.559999999999719,0.47599930687287273,0.0,0.4,0.4732918987161966,-9.237402718720606e-08,0.3999972770135423,"{'table_obstacle': {'pos': [0.3825981920028062, 0.37518922255766707, 0.1646257963690813], 'size': [0.049837904948193595, 0.0813235869879147, 0.05243307039854257]}, 'pillar_obstacle': {'pos': [0.39994824830915515, -0.3824307480766307, 0.23470116647765446], 'size': [0.033663755439403885, 0.20172185302840845, 0.0]}, 'small_block': {'pos': [0.6140097595303955, -0.3535133918987863, 0.1097032402875184], 'size': [0.04461973939918376, 0.0849493067344041, 0.09534921802665242]}}"
3.560999999999719,0.47599930687287273,0.0,0.4,0.4733305863439916,-9.678442879653184e-08,0.39999730806147427,"{'table_obstacle': {'pos': [0.3825981920028062, 0.37518922255766707, 0.1646257963690813], 'size': [0.049837904948193595, 0.0813235869879147, 0.05243307039854257]}, 'pillar_obstacle': {'pos': [0.39994824830915515, -0.3824307480766307, 0.23470116647765446], 'size': [0.033663755439403885, 0.20172185302840845, 0.0]}, 'small_block': {'pos': [0.6140097595303955, -0.3535133918987863, 0.1097032402875184], 'size': [0.04461973939918376, 0.0849493067344041, 0.09534921802665242]}}"
3.5619999999997187,0.47599930687287273,0.0,0.4,0.47336872141214015,-1.0105203733481242e-07,0.39999733903533957,"{'table_obstacle': {'pos': [0.3825981920028062, 0.37518922255766707, 0.1646257963690813], 'size': [0.049837904948193595, 0.0813235869879147, 0.05243307039854257]}, 'pillar_obstacle': {'pos': [0.39994824830915515, -0.3824307480766307, 0.23470116647765446], 'size': [0.033663755439403885, 0.20172185302840845, 0.0]}, 'small_block': {'pos': [0.6140097595303955, -0.3535133918987863, 0.1097032402875184], 'size': [0.04461973939918376, 0.0849493067344041, 0.09534921802665242]}}"
3.5629999999997186,0.47599930687287273,0.0,0.4,0.47340631179872456,-1.0517984081546747e-07,0.3999973699231209,"{'table_obstacle': {'pos': [0.3825981920028062, 0.37518922255766707, 0.1646257963690813], 'size': [0.049837904948193595, 0.0813235869879147, 0.05243307039854257]}, 'pillar_obstacle': {'pos': [0.39994824830915515, -0.3824307480766307, 0.23470116647765446], 'size': [0.033663755439403885, 0.20172185302840845, 0.0]}, 'small_block': {'pos': [0.6140097595303955, -0.3535133918987863, 0.1097032402875184], 'size': [0.04461973939918376, 0.0849493067344041, 0.09534921802665242]}}"
3.5639999999997185,0.47599930687287273,0.0,0.4,0.4734433652711172,-1.0917079982329473e-07,0.3999974007134603,"{'table_obstacle': {'pos': [0.3825981920028062, 0.37518922255766707, 0.1646257963690813], 'size': [0.049837904948193595, 0.0813235869879147, 0.05243307039854257]}, 'pillar_obstacle': {'pos': [0.39994824830915515, -0.3824307480766307, 0.23470116647765446], 'size': [0.033663755439403885, 0.20172185302840845, 0.0]}, 'small_block': {'pos': [0.6140097595303955, -0.3535133918987863, 0.1097032402875184], 'size': [0.04461973939918376, 0.0849493067344041, 0.09534921802665242]}}"
3.5649999999997184,0.47599930687287273,0.0,0.4,0.47347988948725644,-1.1302784261016546e-07,0.3999974313956216,"{'table_obstacle': {'pos': [0.3825981920028062, 0.37518922255766707, 0.1646257963690813], 'size': [0.049837904948193595, 0.0813235869879147, 0.05243307039854257]}, 'pillar_obstacle': {'pos': [0.39994824830915515, -0.3824307480766307, 0.23470116647765446], 'size': [0.033663755439403885, 0.20172185302840845, 0.0]}, 'small_block': {'pos': [0.6140097595303955, -0.3535133918987863, 0.1097032402875184], 'size': [0.04461973939918376, 0.0849493067344041, 0.09534921802665242]}}"
3.5659999999997183,0.47599930687287273,0.0,0.4,0.47351589199696265,-1.1675386082793827e-07,0.39999746195945585,"{'table_obstacle': {'pos': [0.3825981920028062, 0.37518922255766707, 0.1646257963690813], 'size': [0.049837904948193595, 0.0813235869879147, 0.05243307039854257]}, 'pillar_obstacle': {'pos': [0.39994824830915515, -0.3824307480766307, 0.23470116647765446], 'size': [0.033663755439403885, 0.20172185302840845, 0.0]}, 'small_block': {'pos': [0.6140097595303955, -0.3535133918987863, 0.1097032402875184], 'size': [0.04461973939918376, 0.0849493067344041, 0.09534921802665242]}}"
3.566999999999718,0.47599930687287273,0.0,0.4,0.4735513802432823,-1.203517082052141e-07,0.39999749239536964,"{'table_obstacle': {'pos': [0.3825981920028062, 0.37518922255766707, 0.1646257963690813], 'size': [0.049837904948193595, 0.0813235869879147, 0.05243307039854257]}, 'pillar_obstacle': {'pos': [0.39994824830915515, -0.3824307480766307, 0.23470116647765446], 'size': [0.033663755439403885, 0.20172185302840845, 0.0]}, 'small_block': {'pos': [0.6140097595303955, -0.3535133918987863, 0.1097032402875184], 'size': [0.04461973939918376, 0.0849493067344041, 0.09534921802665242]}}"
3.567999999999718,0.47599930687287273,0.0,0.4,0.4735863615638474,-1.23824196482097e-07,0.39999752269429645,"{'table_obstacle': {'pos': [0.3825981920028062, 0.37518922255766707, 0.1646257963690813], 'size': [0.049837904948193595, 0.0813235869879147, 0.05243307039854257]}, 'pillar_obstacle': {'pos': [0.39994824830915515, -0.3824307480766307, 0.23470116647765446], 'size': [0.033663755439403885, 0.20172185302840845, 0.0]}, 'small_block': {'pos': [0.6140097595303955, -0.3535133918987863, 0.1097032402875184], 'size': [0.04461973939918376, 0.0849493067344041, 0.09534921802665242]}}"
3.568999999999718,0.47599930687287273,0.0,0.4,0.4736208431922472,-1.2717409482555764e-07,0.3999975528476711,"{'table_obstacle': {'pos': [0.3825981920028062, 0.37518922255766707, 0.1646257963690813], 'size': [0.049837904948193595, 0.0813235869879147, 0.05243307039854257]}, 'pillar_obstacle': {'pos': [0.39994824830915515, -0.3824307480766307, 0.23470116647765446], 'size': [0.033663755439403885, 0.20172185302840845, 0.0]}, 'small_block': {'pos': [0.6140097595303955, -0.3535133918987863, 0.1097032402875184], 'size': [0.04461973939918376, 0.0849493067344041, 0.09534921802665242]}}"
3.569999999999718,0.47599930687287273,0.0,0.4,0.4736548322594043,-1.3040412838877687e-07,0.3999975828474049,"{'table_obstacle': {'pos': [0.3825981920028062, 0.37518922255766707, 0.1646257963690813], 'size': [0.049837904948193595, 0.0813235869879147, 0.05243307039854257]}, 'pillar_obstacle': {'pos': [0.39994824830915515, -0.3824307480766307, 0.23470116647765446], 'size': [0.033663755439403885, 0.20172185302840845, 0.0]}, 'small_block': {'pos': [0.6140097595303955, -0.3535133918987863, 0.1097032402875184], 'size': [0.04461973939918376, 0.0849493067344041, 0.09534921802665242]}}"
3.5709999999997177,0.47599930687287273,0.0,0.4,0.47368833579494984,-1.3351697753447119e-07,0.3999976126858659,"{'table_obstacle': {'pos': [0.3825981920028062, 0.37518922255766707, 0.1646257963690813], 'size': [0.049837904948193595, 0.0813235869879147, 0.05243307039854257]}, 'pillar_obstacle': {'pos': [0.39994824830915515, -0.3824307480766307, 0.23470116647765446], 'size': [0.033663755439403885, 0.20172185302840845, 0.0]}, 'small_block': {'pos': [0.6140097595303955, -0.3535133918987863, 0.1097032402875184], 'size': [0.04461973939918376, 0.0849493067344041, 0.09534921802665242]}}"
3.5719999999997176,0.47599930687287273,0.0,0.4,0.47372136072859733,-1.3651527665586123e-07,0.3999976423558547,"{'table_obstacle': {'pos': [0.3825981920028062, 0.37518922255766707, 0.1646257963690813], 'size': [0.049837904948193595, 0.0813235869879147, 0.05243307039854257]}, 'pillar_obstacle': {'pos': [0.39994824830915515, -0.3824307480766307, 0.23470116647765446], 'size': [0.033663755439403885, 0.20172185302840845, 0.0]}, 'small_block': {'pos': [0.6140097595303955, -0.3535133918987863, 0.1097032402875184], 'size': [0.04461973939918376, 0.0849493067344041, 0.09534921802665242]}}"
3.5729999999997175,0.47599930687287273,0.0,0.4,0.47375391389150767,-1.3940161471038345e-07,0.39999767185058843,"{'table_obstacle': {'pos': [0.3825981920028062, 0.37518922255766707, 0.1646257963690813], 'size': [0.049837904948193595, 0.0813235869879147, 0.05243307039854257]}, 'pillar_obstacle': {'pos': [0.39994824830915515, -0.3824307480766307, 0.23470116647765446], 'size': [0.033663755439403885, 0.20172185302840845, 0.0]}, 'small_block': {'pos': [0.6140097595303955, -0.3535133918987863, 0.1097032402875184], 'size': [0.04461973939918376, 0.0849493067344041, 0.09534921802665242]}}"
3.5739999999997174,0.47599930687287273,0.0,0.4,0.473786002017646,-1.421785350803036e-07,0.3999977011636809,"{'table_obstacle': {'pos': [0.3825981920028062, 0.37518922255766707, 0.1646257963690813], 'size': [0.049837904948193595, 0.0813235869879147, 0.05243307039854257]}, 'pillar_obstacle': {'pos': [0.39994824830915515, -0.3824307480766307, 0.23470116647765446], 'size': [0.033663755439403885, 0.20172185302840845, 0.0]}, 'small_block': {'pos': [0.6140097595303955, -0.3535133918987863, 0.1097032402875184], 'size': [0.04461973939918376, 0.0849493067344041, 0.09534921802665242]}}"
3.5749999999997173,0.47599930687287273,0.0,0.4,0.4738176317451279,-1.4484853470817177e-07,0.39999773028912683,"{'table_obstacle': {'pos': [0.3825981920028062, 0.37518922255766707, 0.1646257963690813], 'size': [0.049837904948193595, 0.0813235869879147, 0.05243307039854257]}, 'pillar_obstacle': {'pos': [0.39994824830915515, -0.3824307480766307, 0.23470116647765446], 'size': [0.033663755439403885, 0.20172185302840845, 0.0]}, 'small_block': {'pos': [0.6140097595303955, -0.3535133918987863, 0.1097032402875184], 'size': [0.04461973939918376, 0.0849493067344041, 0.09534921802665242]}}"
3.575999999999717,0.47599930687287273,0.0,0.4,0.47384880961755405,-1.4741406517017564e-07,0.39999775922128555,"{'table_obstacle': {'pos': [0.3825981920028062, 0.37518922255766707, 0.1646257963690813], 'size': [0.049837904948193595, 0.0813235869879147, 0.05243307039854257]}, 'pillar_obstacle': {'pos': [0.39994824830915515, -0.3824307480766307, 0.23470116647765446], 'size': [0.033663755439403885, 0.20172185302840845, 0.0]}, 'small_block': {'pos': [0.6140097595303955, -0.3535133918987863, 0.1097032402875184], 'size': [0.04461973939918376, 0.0849493067344041, 0.09534921802665242]}}"
3.576999999999717,0.47599930687287273,0.0,0.4,0.47387954208532956,-1.498775329766288e-07,0.3999977879548656,"{'table_obstacle': {'pos': [0.3825981920028062, 0.37518922255766707, 0.1646257963690813], 'size': [0.049837904948193595, 0.0813235869879147, 0.05243307039854257]}, 'pillar_obstacle': {'pos': [0.39994824830915515, -0.3824307480766307, 0.23470116647765446], 'size': [0.033663755439403885, 0.20172185302840845, 0.0]}, 'small_block': {'pos': [0.6140097595303955, -0.3535133918987863, 0.1097032402875184], 'size': [0.04461973939918376, 0.0849493067344041, 0.09534921802665242]}}"
3.577999999999717,0.47599930687287273,0.0,0.4,0.47390983550697147,-1.5224129902074187e-07,0.39999781648491073,"{'table_obstacle': {'pos': [0.3825981920028062, 0.37518922255766707, 0.1646257963690813], 'size': [0.049837904948193595, 0.0813235869879147, 0.05243307039854257]}, 'pillar_obstacle': {'pos': [0.39994824830915515, -0.3824307480766307, 0.23470116647765446], 'size': [0.033663755439403885, 0.20172185302840845, 0.0]}, 'small_block': {'pos': [0.6140097595303955, -0.3535133918987863, 0.1097032402875184], 'size': [0.04461973939918376, 0.0849493067344041, 0.09534921802665242]}}"
3.578999999999717,0.47599930687287273,0.0,0.4,0.4739396961503995,-1.5450768036061075e-07,0.3999978448067865,"{'table_obstacle': {'pos': [0.3825981920028062, 0.37518922255766707, 0.1646257963690813], 'size': [0.049837904948193595, 0.0813235869879147, 0.05243307039854257]}, 'pillar_obstacle': {'pos': [0.39994824830915515, -0.3824307480766307, 0.23470116647765446], 'size': [0.033663755439403885, 0.20172185302840845, 0.0]}, 'small_block': {'pos': [0.6140097595303955, -0.3535133918987863, 0.1097032402875184], 'size': [0.04461973939918376, 0.0849493067344041, 0.09534921802665242]}}"
3.5799999999997167,0.47599930687287273,0.0,0.4,0.47396913019421233,-1.5667894965960107e-07,0.39999787291616695,"{'table_obstacle': {'pos': [0.3825981920028062, 0.37518922255766707, 0.1646257963690813], 'size': [0.049837904948193595, 0.0813235869879147, 0.05243307039854257]}, 'pillar_obstacle': {'pos': [0.39994824830915515, -0.3824307480766307, 0.23470116647765446], 'size': [0.033663755439403885, 0.20172185302840845, 0.0]}, 'small_block': {'pos': [0.6140097595303955, -0.3535133918987863, 0.1097032402875184], 'size': [0.04461973939918376, 0.0849493067344041, 0.09534921802665242]}}"
3.5809999999997166,0.4799992838845907,0.0,0.4,0.473998143728949,-1.5875733638848123e-07,0.3999979008090226,"{'table_obstacle': {'pos': [0.3825981920028062, 0.37518922255766707, 0.1646257963690813], 'size': [0.049837904948193595, 0.0813235869879147, 0.05243307039854257]}, 'pillar_obstacle': {'pos': [0.39994824830915515, -0.3824307480766307, 0.23470116647765446], 'size': [0.033663755439403885, 0.20172185302840845, 0.0]}, 'small_block': {'pos': [0.6140097595303955, -0.3535133918987863, 0.1097032402875184], 'size': [0.04461973939918376, 0.0849493067344041, 0.09534921802665242]}}"
3.5819999999997165,0.4799992838845907,0.0,0.4,0.4740376019026308,-1.4019555128363198e-07,0.39999784905279,"{'table_obstacle': {'pos': [0.3825981920028062, 0.37518922255766707, 0.1646257963690813], 'size': [0.049837904948193595, 0.0813235869879147, 0.05243307039854257]}, 'pillar_obstacle': {'pos': [0.39994824830915515, -0.3824307480766307, 0.23470116647765446], 'size': [0.033663755439403885, 0.20172185302840845, 0.0]}, 'small_block': {'pos': [0.6140097595303955, -0.3535133918987863, 0.1097032402875184], 'size': [0.04461973939918376, 0.0849493067344041, 0.09534921802665242]}}"
3.5829999999997164,0.4799992838845907,0.0,0.4,0.4740852913311734,-1.0949041381422076e-07,0.3999977476852451,"{'table_obstacle': {'pos': [0.3825981920028062, 0.37518922255766707, 0.1646257963690813], 'size': [0.049837904948193595, 0.0813235869879147, 0.05243307039854257]}, 'pillar_obstacle': {'pos': [0.39994824830915515, -0.3824307480766307, 0.23470116647765446], 'size': [0.033663755439403885, 0.20172185302840845, 0.0]}, 'small_block': {'pos': [0.6140097595303955, -0.3535133918987863, 0.1097032402875184], 'size': [0.04461973939918376, 0.0849493067344041, 0.09534921802665242]}}"
3.5839999999997163,0.4799992838845907,0.0,0.4,0.4741394224758294,-7.261659891124999e-08,0.3999976180295146,"{'table_obstacle': {'pos': [0.3825981920028062, 0.37518922255766707, 0.1646257963690813], 'size': [0.049837904948193595, 0.0813235869879147, 0.05243307039854257]}, 'pillar_obstacle': {'pos': [0.39994824830915515, -0.3824307480766307, 0.23470116647765446], 'size': [0.033663755439403885, 0.20172185302840845, 0.0]}, 'small_block': {'pos': [0.6140097595303955, -0.3535133918987863, 0.1097032402875184], 'size': [0.04461973939918376, 0.0849493067344041, 0.09534921802665242]}}"
3.584999999999716,0.4799992838845907,0.0,0.4,0.47419854913410886,-3.3683818599481766e-08,0.3999974750093624,"{'table_obstacle': {'pos': [0.3825981920028062, 0.37518922255766707, 0.1646257963690813], 'size': [0.049837904948193595, 0.0813235869879147, 0.05243307039854257]}, 'pillar_obstacle': {'pos': [0.39994824830915515, -0.3824307480766307, 0.23470116647765446], 'size': [0.033663755439403885, 0.20172185302840845, 0.0]}, 'small_block': {'pos': [0.6140097595303955, -0.3535133918987863, 0.1097032402875184], 'size': [0.04461973939918376, 0.0849493067344041, 0.09534921802665242]}}"
3.585999999999716,0.4799992838845907,0.0,0.4,0.4742615031854594,4.565925899093536e-09,0.3999973288659156,"{'table_obstacle': {'pos': [0.3825981920028062, 0.37518922255766707, 0.1646257963690813], 'size': [0.049837904948193595, 0.0813235869879147, 0.05243307039854257]}, 'pillar_obstacle': {'pos': [0.39994824830915515, -0.3824307480766307, 0.23470116647765446], 'size': [0.033663755439403885, 0.20172185302840845, 0.0]}, 'small_block': {'pos': [0.6140097595303955, -0.3535133918987863, 0.1097032402875184], 'size': [0.04461973939918376, 0.0849493067344041, 0.09534921802665242]}}"
3.586999999999716,0.4799992838845907,0.0,0.4,0.47432734171215396,4.0383638983724706e-08,0.3999971864317044,"{'table_obstacle': {'pos': [0.3825981920028062, 0.37518922255766707, 0.1646257963690813], 'size': [0.049837904948193595, 0.0813235869879147, 0.05243307039854257]}, 'pillar_obstacle': {'pos': [0.39994824830915515, -0.3824307480766307, 0.23470116647765446], 'size': [0.033663755439403885, 0.20172185302840845, 0.0]}, 'small_block': {'pos': [0.6140097595303955, -0.3535133918987863, 0.1097032402875184], 'size': [0.04461973939918376, 0.0849493067344041, 0.09534921802665242]}}"
3.587999999999716,0.4799992838845907,0.0,0.4,0.47439530415554443,7.273232054119897e-08,0.39999705207600167,"{'table_obstacle': {'pos': [0.3825981920028062, 0.37518922255766707, 0.1646257963690813], 'size': [0.049837904948193595, 0.0813235869879147, 0.05243307039854257]}, 'pillar_obstacle': {'pos': [0.39994824830915515, -0.3824307480766307, 0.23470116647765446], 'size': [0.033663755439403885, 0.20172185302840845, 0.0]}, 'small_block': {'pos': [0.6140097595303955, -0.3535133918987863, 0.1097032402875184], 'size': [0.04461973939918376, 0.0849493067344041, 0.09534921802665242]}}"
3.5889999999997158,0.4799992838845907,0.0,0.4,0.4744647776077751,1.0107741164825456e-07,0.39999692840538525,"{'table_obstacle': {'pos': [0.3825981920028062, 0.37518922255766707, 0.1646257963690813], 'size': [0.049837904948193595, 0.0813235869879147, 0.05243307039854257]}, 'pillar_obstacle': {'pos': [0.39994824830915515, -0.3824307480766307, 0.23470116647765446], 'size': [0.033663755439403885, 0.20172185302840845, 0.0]}, 'small_block': {'pos': [0.6140097595303955, -0.3535133918987863, 0.1097032402875184], 'size': [0.04461973939918376, 0.0849493067344041, 0.09534921802665242]}}"
3.5899999999997156,0.4799992838845907,0.0,0.4,0.474535268697117,1.2523156350644886e-07,0.39999681678161425,"{'table_obstacle': {'pos': [0.3825981920028062, 0.37518922255766707, 0.1646257963690813], 'size': [0.049837904948193595, 0.0813235869879147, 0.05243307039854257]}, 'pillar_obstacle': {'pos': [0.39994824830915515, -0.3824307480766307, 0.23470116647765446], 'size': [0.033663755439403885, 0.20172185302840845, 0.0]}, 'small_block': {'pos': [0.6140097595303955, -0.3535133918987863, 0.1097032402875184], 'size': [0.04461973939918376, 0.0849493067344041, 0.09534921802665242]}}"
3.5909999999997155,0.4799992838845907,0.0,0.4,0.4746063808162597,1.4524056475685266e-07,0.3999967177030118,"{'table_obstacle': {'pos': [0.3825981920028062, 0.37518922255766707, 0.1646257963690813], 'size': [0.049837904948193595, 0.0813235869879147, 0.05243307039854257]}, 'pillar_obstacle': {'pos': [0.39994824830915515, -0.3824307480766307, 0.23470116647765446], 'size': [0.033663755439403885, 0.20172185302840845, 0.0]}, 'small_block': {'pos': [0.6140097595303955, -0.3535133918987863, 0.1097032402875184], 'size': [0.04461973939918376, 0.0849493067344041, 0.09534921802665242]}}"
3.5919999999997154,0.4799992838845907,0.0,0.4,0.4746777956794418,1.6130032558058466e-07,0.39999663108383177,"{'table_obstacle': {'pos': [0.3825981920028062, 0.37518922255766707, 0.1646257963690813], 'size': [0.049837904948193595, 0.0813235869879147, 0.05243307039854257]}, 'pillar_obstacle': {'pos': [0.39994824830915515, -0.3824307480766307, 0.23470116647765446], 'size': [0.033663755439403885, 0.20172185302840845, 0.0]}, 'small_block': {'pos': [0.6140097595303955, -0.3535133918987863, 0.1097032402875184], 'size': [0.04461973939918376, 0.0849493067344041, 0.09534921802665242]}}"
3.5929999999997153,0.4799992838845907,0.0,0.4,0.4747492583863526,1.736971811584556e-07,0.3999965564574359,"{'table_obstacle': {'pos': [0.3825981920028062, 0.37518922255766707, 0.1646257963690813], 'size': [0.049837904948193595, 0.0813235869879147, 0.05243307039854257]}, 'pillar_obstacle': {'pos': [0.39994824830915515, -0.3824307480766307, 0.23470116647765446], 'size': [0.033663755439403885, 0.20172185302840845, 0.0]}, 'small_block': {'pos': [0.6140097595303955, -0.3535133918987863, 0.1097032402875184], 'size': [0.04461973939918376, 0.0849493067344041, 0.09534921802665242]}}"
3.593999999999715,0.4799992838845907,0.0,0.4,0.4748205653265762,1.8276561449720327e-07,0.39999649312267077,"{'table_obstacle': {'pos': [0.3825981920028062, 0.37518922255766707, 0.1646257963690813], 'size': [0.049837904948193595, 0.0813235869879147, 0.05243307039854257]}, 'pillar_obstacle': {'pos': [0.39994824830915515, -0.3824307480766307, 0.23470116647765446], 'size': [0.033663755439403885, 0.20172185302840845, 0.0]}, 'small_block': {'pos': [0.6140097595303955, -0.3535133918987863, 0.1097032402875184], 'size': [0.04461973939918376, 0.0849493067344041, 0.09534921802665242]}}"
3.594999999999715,0.4799992838845907,0.0,0.4,0.47489155438473735,1.8885890302981194e-07,0.3999964402480107,"{'table_obstacle': {'pos': [0.3825981920028062, 0.37518922255766707, 0.1646257963690813], 'size': [0.049837904948193595, 0.0813235869879147, 0.05243307039854257]}, 'pillar_obstacle': {'pos': [0.39994824830915515, -0.3824307480766307, 0.23470116647765446], 'size': [0.033663755439403885, 0.20172185302840845, 0.0]}, 'small_block': {'pos': [0.6140097595303955, -0.3535133918987863, 0.1097032402875184], 'size': [0.04461973939918376, 0.0849493067344041, 0.09534921802665242]}}"
3.595999999999715,0.4799992838845907,0.0,0.4,0.47496209700899883,1.9232927773317952e-07,0.3999963969444337,"{'table_obstacle': {'pos': [0.3825981920028062, 0.37518922255766707, 0.1646257963690813], 'size': [0.049837904948193595, 0.0813235869879147, 0.05243307039854257]}, 'pillar_obstacle': {'pos': [0.39994824830915515, -0.3824307480766307, 0.23470116647765446], 'size': [0.033663755439403885, 0.20172185302840845, 0.0]}, 'small_block': {'pos': [0.6140097595303955, -0.3535133918987863, 0.1097032402875184], 'size': [0.04461973939918376, 0.0849493067344041, 0.09534921802665242]}}"
3.596999999999715,0.4799992838845907,0.0,0.4,0.47503209178862166,1.935150263269742e-07,0.3999963623152637,"{'table_obstacle': {'pos': [0.3825981920028062, 0.37518922255766707, 0.1646257963690813], 'size': [0.049837904948193595, 0.0813235869879147, 0.05243307039854257]}, 'pillar_obstacle': {'pos': [0.39994824830915515, -0.3824307480766307, 0.23470116647765446], 'size': [0.033663755439403885, 0.20172185302840845, 0.0]}, 'small_block': {'pos': [0.6140097595303955, -0.3535133918987863, 0.1097032402875184], 'size': [0.04461973939918376, 0.0849493067344041, 0.09534921802665242]}}"
3.5979999999997148,0.4799992838845907,0.0,0.4,0.4751014592536194,1.927325969124689e-07,0.3999963354891759,"{'table_obstacle': {'pos': [0.3825981920028062, 0.37518922255766707, 0.1646257963690813], 'size': [0.049837904948193595, 0.0813235869879147, 0.05243307039854257]}, 'pillar_obstacle': {'pos': [0.39994824830915515, -0.3824307480766307, 0.23470116647765446], 'size': [0.033663755439403885, 0.20172185302840845, 0.0]}, 'small_block': {'pos': [0.6140097595303955, -0.3535133918987863, 0.1097032402875184], 'size': [0.04461973939918376, 0.0849493067344041, 0.09534921802665242]}}"
3.5989999999997146,0.4799992838845907,0.0,0.4,0.4751701376640821,1.9027226095773654e-07,0.3999963156409926,"{'table_obstacle': {'pos': [0.3825981920028062, 0.37518922255766707, 0.1646257963690813], 'size': [0.049837904948193595, 0.0813235869879147, 0.05243307039854257]}, 'pillar_obstacle': {'pos': [0.39994824830915515, -0.3824307480766307, 0.23470116647765446], 'size': [0.033663755439403885, 0.20172185302840845, 0.0]}, 'small_block': {'pos': [0.6140097595303955, -0.3535133918987863, 0.1097032402875184], 'size': [0.04461973939918376, 0.0849493067344041, 0.09534921802665242]}}"
3.5999999999997145,0.4799992838845907,0.0,0.4,0.47523807960092845,1.8639625418560783e-07,0.3999963020037438,"{'table_obstacle': {'pos': [0.3825981920028062, 0.37518922255766707, 0.1646257963690813], 'size': [0.049837904948193595, 0.0813235869879147, 0.05243307039854257]}, 'pillar_obstacle': {'pos': [0.39994824830915515, -0.3824307480766307, 0.23470116647765446], 'size': [0.033663755439403885, 0.20172185302840845, 0.0]}, 'small_block': {'pos': [0.6140097595303955, -0.3535133918987863, 0.1097032402875184], 'size': [0.04461973939918376, 0.0849493067344041, 0.09534921802665242]}}"
3.6009999999997144,0.4799992838845907,0.0,0.4,0.4753052492056477,1.8133860536162209e-07,0.39999629387456376,"{'table_obstacle': {'pos': [0.3825981920028062, 0.37518922255766707, 0.1646257963690813], 'size': [0.049837904948193595, 0.0813235869879147, 0.05243307039854257]}, 'pillar_obstacle': {'pos': [0.39994824830915515, -0.3824307480766307, 0.23470116647765446], 'size': [0.033663755439403885, 0.20172185302840845, 0.0]}, 'small_block': {'pos': [0.6140097595303955, -0.3535133918987863, 0.1097032402875184], 'size': [0.04461973939918376, 0.0849493067344041, 0.09534921802665242]}}"
3.6019999999997143,0.4799992838845907,0.0,0.4,0.4753716199455714,1.7530607243661223e-07,0.3999962906163342,"{'table_obstacle': {'pos': [0.3825981920028062, 0.37518922255766707, 0.1646257963690813], 'size': [0.049837904948193595, 0.0813235869879147, 0.05243307039854257]}, 'pillar_obstacle': {'pos': [0.39994824830915515, -0.3824307480766307, 0.23470116647765446], 'size': [0.033663755439403885, 0.20172185302840845, 0.0]}, 'small_block': {'pos': [0.6140097595303955, -0.3535133918987863, 0.1097032402875184], 'size': [0.04461973939918376, 0.0849493067344041, 0.09534921802665242]}}"
3.602999999999714,0.4799992838845907,0.0,0.4,0.47543717280470854,1.6847976373434117e-07,0.3999962916564718,"{'table_obstacle': {'pos': [0.3825981920028062, 0.37518922255766707, 0.1646257963690813], 'size': [0.049837904948193595, 0.0813235869879147, 0.05243307039854257]}, 'pillar_obstacle': {'pos': [0.39994824830915515, -0.3824307480766307, 0.23470116647765446], 'size': [0.033663755439403885, 0.20172185302840845, 0.0]}, 'small_block': {'pos': [0.6140097595303955, -0.3535133918987863, 0.1097032402875184], 'size': [0.04461973939918376, 0.0849493067344041, 0.09534921802665242]}}"
3.603999999999714,0.4799992838845907,0.0,0.4,0.4755018948191809,1.6101714952979423e-07,0.39999629648388596,"{'table_obstacle': {'pos': [0.3825981920028062, 0.37518922255766707, 0.1646257963690813], 'size': [0.049837904948193595, 0.0813235869879147, 0.05243307039854257]}, 'pillar_obstacle': {'pos': [0.39994824830915515, -0.3824307480766307, 0.23470116647765446], 'size': [0.033663755439403885, 0.20172185302840845, 0.0]}, 'small_block': {'pos': [0.6140097595303955, -0.3535133918987863, 0.1097032402875184], 'size': [0.04461973939918376, 0.0849493067344041, 0.09534921802665242]}}"
3.604999999999714,0.4799992838845907,0.0,0.4,0.4755657778917079,1.5305425219416192e-07,0.3999963046448379,"{'table_obstacle': {'pos': [0.3825981920028062, 0.37518922255766707, 0.1646257963690813], 'size': [0.049837904948193595, 0.0813235869879147, 0.05243307039854257]}, 'pillar_obstacle': {'pos': [0.39994824830915515, -0.3824307480766307, 0.23470116647765446], 'size': [0.033663755439403885, 0.20172185302840845, 0.0]}, 'small_block': {'pos': [0.6140097595303955, -0.3535133918987863, 0.1097032402875184], 'size': [0.04461973939918376, 0.0849493067344041, 0.09534921802665242]}}"
3.605999999999714,0.4799992838845907,0.0,0.4,0.47562881783205063,1.4470787086631158e-07,0.3999963157382229,"{'table_obstacle': {'pos': [0.3825981920028062, 0.37518922255766707, 0.1646257963690813], 'size': [0.049837904948193595, 0.0813235869879147, 0.05243307039854257]}, 'pillar_obstacle': {'pos': [0.39994824830915515, -0.3824307480766307, 0.23470116647765446], 'size': [0.033663755439403885, 0.20172185302840845, 0.0]}, 'small_block': {'pos': [0.6140097595303955, -0.3535133918987863, 0.1097032402875184], 'size': [0.04461973939918376, 0.0849493067344041, 0.09534921802665242]}}"
3.6069999999997138,0.4799992838845907,0.0,0.4,0.47569101358042865,1.3607774792854136e-07,0.39999632941064317,"{'table_obstacle': {'pos': [0.3825981920028062, 0.37518922255766707, 0.1646257963690813], 'size': [0.049837904948193595, 0.0813235869879147, 0.05243307039854257]}, 'pillar_obstacle': {'pos': [0.39994824830915515, -0.3824307480766307, 0.23470116647765446], 'size': [0.033663755439403885, 0.20172185302840845, 0.0]}, 'small_block': {'pos': [0.6140097595303955, -0.3535133918987863, 0.1097032402875184], 'size': [0.04461973939918376, 0.0849493067344041, 0.09534921802665242]}}"
3.6079999999997137,0.4799992838845907,0.0,0.4,0.47575236657910086,1.2724861731352286e-07,0.39999634535151224,"{'table_obstacle': {'pos': [0.3825981920028062, 0.37518922255766707, 0.1646257963690813], 'size': [0.049837904948193595, 0.0813235869879147, 0.05243307039854257]}, 'pillar_obstacle': {'pos': [0.39994824830915515, -0.3824307480766307, 0.23470116647765446], 'size': [0.033663755439403885, 0.20172185302840845, 0.0]}, 'small_block': {'pos': [0.6140097595303955, -0.3535133918987863, 0.1097032402875184], 'size': [0.04461973939918376, 0.0849493067344041, 0.09534921802665242]}}"
3.6089999999997135,0.4799992838845907,0.0,0.4,0.4758128802639215,1.1829209842818614e-07,0.39999636328835664,"{'table_obstacle': {'pos': [0.3825981920028062, 0.37518922255766707, 0.1646257963690813], 'size': [0.049837904948193595, 0.0813235869879147, 0.05243307039854257]}, 'pillar_obstacle': {'pos': [0.39994824830915515, -0.3824307480766307, 0.23470116647765446], 'size': [0.033663755439403885, 0.20172185302840845, 0.0]}, 'small_block': {'pos': [0.6140097595303955, -0.3535133918987863, 0.1097032402875184], 'size': [0.04461973939918376, 0.0849493067344041, 0.09534921802665242]}}"
3.6099999999997134,0.4799992838845907,0.0,0.4,0.4758725596530444,1.0926841981293926e-07,0.39999638298241014,"{'table_obstacle': {'pos': [0.3825981920028062, 0.37518922255766707, 0.1646257963690813], 'size': [0.049837904948193595, 0.0813235869879147, 0.05243307039854257]}, 'pillar_obstacle': {'pos': [0.39994824830915515, -0.3824307480766307, 0.23470116647765446], 'size': [0.033663755439403885, 0.20172185302840845, 0.0]}, 'small_block': {'pos': [0.6140097595303955, -0.3535133918987863, 0.1097032402875184], 'size': [0.04461973939918376, 0.0849493067344041, 0.09534921802665242]}}"
3.6109999999997133,0.4799992838845907,0.0,0.4,0.47593141101429626,1.0022797013591361e-07,0.39999640422455707,"{'table_obstacle': {'pos': [0.3825981920028062, 0.37518922255766707, 0.1646257963690813], 'size': [0.049837904948193595, 0.0813235869879147, 0.05243307039854257]}, 'pillar_obstacle': {'pos': [0.39994824830915515, -0.3824307480766307, 0.23470116647765446], 'size': [0.033663755439403885, 0.20172185302840845, 0.0]}, 'small_block': {'pos': [0.6140097595303955, -0.3535133918987863, 0.1097032402875184], 'size': [0.04461973939918376, 0.0849493067344041, 0.09534921802665242]}}"
3.611999999999713,0.4799992838845907,0.0,0.4,0.4759894415962446,9.121267525850269e-08,0.39999642683164993,"{'table_obstacle': {'pos': [0.3825981920028062, 0.37518922255766707, 0.1646257963690813], 'size': [0.049837904948193595, 0.0813235869879147, 0.05243307039854257]}, 'pillar_obstacle': {'pos': [0.39994824830915515, -0.3824307480766307, 0.23470116647765446], 'size': [0.033663755439403885, 0.20172185302840845, 0.0]}, 'small_block': {'pos': [0.6140097595303955, -0.3535133918987863, 0.1097032402875184], 'size': [0.04461973939918376, 0.0849493067344041, 0.09534921802665242]}}"
3.612999999999713,0.4799992838845907,0.0,0.4,0.4760466594108495,8.225721385451074e-08,0.39999645064319744,"{'table_obstacle': {'pos': [0.3825981920028062, 0.37518922255766707, 0.1646257963690813], 'size': [0.049837904948193595, 0.0813235869879147, 0.05243307039854257]}, 'pillar_obstacle': {'pos': [0.39994824830915515, -0.3824307480766307, 0.23470116647765446], 'size': [0.033663755439403885, 0.20172185302840845, 0.0]}, 'small_block': {'pos': [0.6140097595303955, -0.3535133918987863, 0.1097032402875184], 'size': [0.04461973939918376, 0.0849493067344041, 0.09534921802665242]}}"
3.613999999999713,0.4799992838845907,0.0,0.4,0.47610307305787225,7.339008142447929e-08,0.39999647551842127,"{'table_obstacle': {'pos': [0.3825981920028062, 0.37518922255766707, 0.1646257963690813], 'size': [0.049837904948193595, 0.0813235869879147, 0.05243307039854257]}, 'pillar_obstacle': {'pos': [0.39994824830915515, -0.3824307480766307, 0.23470116647765446], 'size': [0.033663755439403885, 0.20172185302840845, 0.0]}, 'small_block': {'pos': [0.6140097595303955, -0.3535133918987863, 0.1097032402875184], 'size': [0.04461973939918376, 0.0849493067344041, 0.09534921802665242]}}"
3.614999999999713,0.4799992838845907,0.0,0.4,0.47615869158310453,6.463451690581453e-08,0.39999650133364945,"{'table_obstacle': {'pos': [0.3825981920028062, 0.37518922255766707, 0.1646257963690813], 'size': [0.049837904948193595, 0.0813235869879147, 0.05243307039854257]}, 'pillar_obstacle': {'pos': [0.39994824830915515, -0.3824307480766307, 0.23470116647765446], 'size': [0.033663755439403885, 0.20172185302840845, 0.0]}, 'small_block': {'pos': [0.6140097595303955, -0.3535133918987863, 0.1097032402875184], 'size': [0.04461973939918376, 0.0849493067344041, 0.09534921802665242]}}"
3.6159999999997128,0.4799992838845907,0.0,0.4,0.4762135243639743,5.60093033748685e-08,0.39999652798003116,"{'table_obstacle': {'pos': [0.3825981920028062, 0.37518922255766707, 0.1646257963690813], 'size': [0.049837904948193595, 0.0813235869879147, 0.05243307039854257]}, 'pillar_obstacle': {'pos': [0.39994824830915515, -0.3824307480766307, 0.23470116647765446], 'size': [0.033663755439403885, 0.20172185302840845, 0.0]}, 'small_block': {'pos': [0.6140097595303955, -0.3535133918987863, 0.1097032402875184], 'size': [0.04461973939918376, 0.0849493067344041, 0.09534921802665242]}}"
3.6169999999997127,0.4799992838845907,0.0,0.4,0.4762675810173193,4.752946009943581e-08,0.39999655536153783,"{'table_obstacle': {'pos': [0.3825981920028062, 0.37518922255766707, 0.1646257963690813], 'size': [0.049837904948193595, 0.0813235869879147, 0.05243307039854257]}, 'pillar_obstacle': {'pos': [0.39994824830915515, -0.3824307480766307, 0.23470116647765446], 'size': [0.033663755439403885, 0.20172185302840845, 0.0]}, 'small_block': {'pos': [0.6140097595303955, -0.3535133918987863, 0.1097032402875184], 'size': [0.04461973939918376, 0.0849493067344041, 0.09534921802665242]}}"
3.6179999999997126,0.4799992838845907,0.0,0.4,0.4763208713251059,3.9206833860096185e-08,0.39999658339322525,"{'table_obstacle': {'pos': [0.3825981920028062, 0.37518922255766707, 0.1646257963690813], 'size': [0.049837904948193595, 0.0813235869879147, 0.05243307039854257]}, 'pillar_obstacle': {'pos': [0.39994824830915515, -0.3824307480766307, 0.23470116647765446], 'size': [0.033663755439403885, 0.20172185302840845, 0.0]}, 'small_block': {'pos': [0.6140097595303955, -0.3535133918987863, 0.1097032402875184], 'size': [0.04461973939918376, 0.0849493067344041, 0.09534921802665242]}}"
3.6189999999997124,0.4799992838845907,0.0,0.4,0.47637340517467786,3.1050607418244694e-08,0.39999661199972625,"{'table_obstacle': {'pos': [0.3825981920028062, 0.37518922255766707, 0.1646257963690813], 'size': [0.049837904948193595, 0.0813235869879147, 0.05243307039854257]}, 'pillar_obstacle': {'pos': [0.39994824830915515, -0.3824307480766307, 0.23470116647765446], 'size': [0.033663755439403885, 0.20172185302840845, 0.0]}, 'small_block': {'pos': [0.6140097595303955, -0.3535133918987863, 0.1097032402875184], 'size': [0.04461973939918376, 0.0849493067344041, 0.09534921802665242]}}"
3.6199999999997123,0.4799992838845907,0.0,0.4,0.47642519251076465,2.306773150633315e-08,0.3999966411139502,"{'table_obstacle': {'pos': [0.3825981920028062, 0.37518922255766707, 0.1646257963690813], 'size': [0.049837904948193595, 0.0813235869879147, 0.05243307039854257]}, 'pillar_obstacle': {'pos': [0.39994824830915515, -0.3824307480766307, 0.23470116647765446], 'size': [0.033663755439403885, 0.20172185302840845, 0.0]}, 'small_block': {'pos': [0.6140097595303955, -0.3535133918987863, 0.1097032402875184], 'size': [0.04461973939918376, 0.0849493067344041, 0.09534921802665242]}}"
3.6209999999997122,0.4799992838845907,0.0,0.4,0.47647624329700794,1.5263291576054103e-08,0.399996670675962,"{'table_obstacle': {'pos': [0.3825981920028062, 0.37518922255766707, 0.1646257963690813], 'size': [0.049837904948193595, 0.0813235869879147, 0.05243307039854257]}, 'pillar_obstacle': {'pos': [0.39994824830915515, -0.3824307480766307, 0.23470116647765446], 'size': [0.033663755439403885, 0.20172185302840845, 0.0]}, 'small_block': {'pos': [0.6140097595303955, -0.3535133918987863, 0.1097032402875184], 'size': [0.04461973939918376, 0.0849493067344041, 0.09534921802665242]}}"
3.621999999999712,0.4799992838845907,0.0,0.4,0.4765265674851924,7.64081986440283e-09,0.3999967006320176,"{'table_obstacle': {'pos': [0.3825981920028062, 0.37518922255766707, 0.1646257963690813], 'size': [0.049837904948193595, 0.0813235869879147, 0.05243307039854257]}, 'pillar_obstacle': {'pos': [0.39994824830915515, -0.3824307480766307, 0.23470116647765446], 'size': [0.033663755439403885, 0.20172185302840845, 0.0]}, 'small_block': {'pos': [0.6140097595303955, -0.3535133918987863, 0.1097032402875184], 'size': [0.04461973939918376, 0.0849493067344041, 0.09534921802665242]}}"
3.622999999999712,0.4799992838845907,0.0,0.4,0.4765761749907109,2.0255892981066628e-10,0.3999967309337386,"{'table_obstacle': {'pos': [0.3825981920028062, 0.37518922255766707, 0.1646257963690813], 'size': [0.049837904948193595, 0.0813235869879147, 0.05243307039854257]}, 'pillar_obstacle': {'pos': [0.39994824830915515, -0.3824307480766307, 0.23470116647765446], 'size': [0.033663755439403885, 0.20172185302840845, 0.0]}, 'small_block': {'pos': [0.6140097595303955, -0.3535133918987863, 0.1097032402875184], 'size': [0.04461973939918376, 0.0849493067344041, 0.09534921802665242]}}"
3.623999999999712,0.4799992838845907,0.0,0.4,0.4766250756730719,-7.0503166444102065e-09,0.3999967615374042,"{'table_obstacle': {'pos': [0.3825981920028062, 0.37518922255766707, 0.1646257963690813], 'size': [0.049837904948193595, 0.0813235869879147, 0.05243307039854257]}, 'pillar_obstacle': {'pos': [0.39994824830915515, -0.3824307480766307, 0.23470116647765446], 'size': [0.033663755439403885, 0.20172185302840845, 0.0]}, 'small_block': {'pos': [0.6140097595303955, -0.3535133918987863, 0.1097032402875184], 'size': [0.04461973939918376, 0.0849493067344041, 0.09534921802665242]}}"
3.624999999999712,0.4799992838845907,0.0,0.4,0.47667327932048403,-1.4117512465645913e-08,0.39999679240334596,"{'table_obstacle': {'pos': [0.3825981920028062, 0.37518922255766707, 0.1646257963690813], 'size': [0.049837904948193595, 0.0813235869879147, 0.05243307039854257]}, 'pillar_obstacle': {'pos': [0.39994824830915515, -0.3824307480766307, 0.23470116647765446], 'size': [0.033663755439403885, 0.20172185302840845, 0.0]}, 'small_block': {'pos': [0.6140097595303955, -0.3535133918987863, 0.1097032402875184], 'size': [0.04461973939918376, 0.0849493067344041, 0.09534921802665242]}}"
3.6259999999997117,0.4799992838845907,0.0,0.4,0.47672079563774583,-2.0999457525595298e-08,0.39999682349542925,"{'table_obstacle': {'pos': [0.3825981920028062, 0.37518922255766707, 0.1646257963690813], 'size': [0.049837904948193595, 0.0813235869879147, 0.05243307039854257]}, 'pillar_obstacle': {'pos': [0.39994824830915515, -0.3824307480766307, 0.23470116647765446], 'size': [0.033663755439403885, 0.20172185302840845, 0.0]}, 'small_block': {'pos': [0.6140097595303955, -0.3535133918987863, 0.1097032402875184], 'size': [0.04461973939918376, 0.0849493067344041, 0.09534921802665242]}}"
3.6269999999997116,0.4799992838845907,0.0,0.4,0.4767676342367934,-2.7697171565285468e-08,0.3999968547806136,"{'table_obstacle': {'pos': [0.3825981920028062, 0.37518922255766707, 0.1646257963690813], 'size': [0.049837904948193595, 0.0813235869879147, 0.05243307039854257]}, 'pillar_obstacle': {'pos': [0.39994824830915515, -0.3824307480766307, 0.23470116647765446], 'size': [0.033663755439403885, 0.20172185302840845, 0.0]}, 'small_block': {'pos': [0.6140097595303955, -0.3535133918987863, 0.1097032402875184], 'size': [0.04461973939918376, 0.0849493067344041, 0.09534921802665242]}}"
3.6279999999997115,0.4799992838845907,0.0,0.4,0.4768138046294098,-3.421215547832843e-08,0.3999968862285725,"{'table_obstacle': {'pos': [0.3825981920028062, 0.37518922255766707, 0.1646257963690813], 'size': [0.049837904948193595, 0.0813235869879147, 0.05243307039854257]}, 'pillar_obstacle': {'pos': [0.39994824830915515, -0.3824307480766307, 0.23470116647765446], 'size': [0.033663755439403885, 0.20172185302840845, 0.0]}, 'small_block': {'pos': [0.6140097595303955, -0.3535133918987863, 0.1097032402875184], 'size': [0.04461973939918376, 0.0849493067344041, 0.09534921802665242]}}"
3.6289999999997113,0.4799992838845907,0.0,0.4,0.4768593162216689,-4.0546298734867687e-08,0.3999969178113741,"{'table_obstacle': {'pos': [0.3825981920028062, 0.37518922255766707, 0.1646257963690813], 'size': [0.049837904948193595, 0.0813235869879147, 0.05243307039854257]}, 'pillar_obstacle': {'pos': [0.39994824830915515, -0.3824307480766307, 0.23470116647765446], 'size': [0.033663755439403885, 0.20172185302840845, 0.0]}, 'small_block': {'pos': [0.6140097595303955, -0.3535133918987863, 0.1097032402875184], 'size': [0.04461973939918376, 0.0849493067344041, 0.09534921802665242]}}"
3.6299999999997112,0.4799992838845907,0.0,0.4,0.47690417830978704,-4.670180088103258e-08,0.39999694950320397,"{'table_obstacle': {'pos': [0.3825981920028062, 0.37518922255766707, 0.1646257963690813], 'size': [0.049837904948193595, 0.0813235869879147, 0.05243307039854257]}, 'pillar_obstacle': {'pos': [0.39994824830915515, -0.3824307480766307, 0.23470116647765446], 'size': [0.033663755439403885, 0.20172185302840845, 0.0]}, 'small_block': {'pos': [0.6140097595303955, -0.3535133918987863, 0.1097032402875184], 'size': [0.04461973939918376, 0.0849493067344041, 0.09534921802665242]}}"
3.630999999999711,0.4799992838845907,0.0,0.4,0.47694840007710637,-5.268111021463664e-08,0.399996981280131,"{'table_obstacle': {'pos': [0.3825981920028062, 0.37518922255766707, 0.1646257963690813], 'size': [0.049837904948193595, 0.0813235869879147, 0.05243307039854257]}, 'pillar_obstacle': {'pos': [0.39994824830915515, -0.3824307480766307, 0.23470116647765446], 'size': [0.033663755439403885, 0.20172185302840845, 0.0]}, 'small_block': {'pos': [0.6140097595303955, -0.3535133918987863, 0.1097032402875184], 'size': [0.04461973939918376, 0.0849493067344041, 0.09534921802665242]}}"
3.631999999999711,0.4799992838845907,0.0,0.4,0.4769919905919889,-5.8486867319927514e-08,0.3999970131199058,"{'table_obstacle': {'pos': [0.3825981920028062, 0.37518922255766707, 0.1646257963690813], 'size': [0.049837904948193595, 0.0813235869879147, 0.05243307039854257]}, 'pillar_obstacle': {'pos': [0.39994824830915515, -0.3824307480766307, 0.23470116647765446], 'size': [0.033663755439403885, 0.20172185302840845, 0.0]}, 'small_block': {'pos': [0.6140097595303955, -0.3535133918987863, 0.1097032402875184], 'size': [0.04461973939918376, 0.0849493067344041, 0.09534921802665242]}}"
3.632999999999711,0.4799992838845907,0.0,0.4,0.4770349588064473,-6.412186258175975e-08,0.3999970450017876,"{'table_obstacle': {'pos': [0.3825981920028062, 0.37518922255766707, 0.1646257963690813], 'size': [0.049837904948193595, 0.0813235869879147, 0.05243307039854257]}, 'pillar_obstacle': {'pos': [0.39994824830915515, -0.3824307480766307, 0.23470116647765446], 'size': [0.033663755439403885, 0.20172185302840845, 0.0]}, 'small_block': {'pos': [0.6140097595303955, -0.3535133918987863, 0.1097032402875184], 'size': [0.04461973939918376, 0.0849493067344041, 0.09534921802665242]}}"
3.633999999999711,0.4799992838845907,0.0,0.4,0.4770773135553646,-6.958899934136076e-08,0.3999970769063968,"{'table_obstacle': {'pos': [0.3825981920028062, 0.37518922255766707, 0.1646257963690813], 'size': [0.049837904948193595, 0.0813235869879147, 0.05243307039854257]}, 'pillar_obstacle': {'pos': [0.39994824830915515, -0.3824307480766307, 0.23470116647765446], 'size': [0.033663755439403885, 0.20172185302840845, 0.0]}, 'small_block': {'pos': [0.6140097595303955, -0.3535133918987863, 0.1097032402875184], 'size': [0.04461973939918376, 0.0849493067344041, 0.09534921802665242]}}"
3.6349999999997107,0.4799992838845907,0.0,0.4,0.4771190635561852,-7.489126231264643e-08,0.3999971088155877,"{'table_obstacle': {'pos': [0.3825981920028062, 0.37518922255766707, 0.1646257963690813], 'size': [0.049837904948193595, 0.0813235869879147, 0.05243307039854257]}, 'pillar_obstacle': {'pos': [0.39994824830915515, -0.3824307480766307, 0.23470116647765446], 'size': [0.033663755439403885, 0.20172185302840845, 0.0]}, 'small_block': {'pos': [0.6140097595303955, -0.3535133918987863, 0.1097032402875184], 'size': [0.04461973939918376, 0.0849493067344041, 0.09534921802665242]}}"
3.6359999999997106,0.4799992838845907,0.0,0.4,0.47716021740898873,-8.003169426846581e-08,0.39999714071233744,"{'table_obstacle': {'pos': [0.3825981920028062, 0.37518922255766707, 0.1646257963690813], 'size': [0.049837904948193595, 0.0813235869879147, 0.05243307039854257]}, 'pillar_obstacle': {'pos': [0.39994824830915515, -0.3824307480766307, 0.23470116647765446], 'size': [0.033663755439403885, 0.20172185302840845, 0.0]}, 'small_block': {'pos': [0.6140097595303955, -0.3535133918987863, 0.1097032402875184], 'size': [0.04461973939918376, 0.0849493067344041, 0.09534921802665242]}}"
3.6369999999997105,0.4799992838845907,0.0,0.4,0.4772007835968627,-8.501337396099649e-08,0.3999971725806515,"{'table_obstacle': {'pos': [0.3825981920028062, 0.37518922255766707, 0.1646257963690813], 'size': [0.049837904948193595, 0.0813235869879147, 0.05243307039854257]}, 'pillar_obstacle': {'pos': [0.39994824830915515, -0.3824307480766307, 0.23470116647765446], 'size': [0.033663755439403885, 0.20172185302840845, 0.0]}, 'small_block': {'pos': [0.6140097595303955, -0.3535133918987863, 0.1097032402875184], 'size': [0.04461973939918376, 0.0849493067344041, 0.09534921802665242]}}"
3.6379999999997104,0.4799992838845907,0.0,0.4,0.4772407704865169,-8.983939978312464e-08,0.39999720440548114,"{'table_obstacle': {'pos': [0.3825981920028062, 0.37518922255766707, 0.1646257963690813], 'size': [0.049837904948193595, 0.0813235869879147, 0.05243307039854257]}, 'pillar_obstacle': {'pos': [0.39994824830915515, -0.3824307480766307, 0.23470116647765446], 'size': [0.033663755439403885, 0.20172185302840845, 0.0]}, 'small_block': {'pos': [0.6140097595303955, -0.3535133918987863, 0.1097032402875184], 'size': [0.04461973939918376, 0.0849493067344041, 0.09534921802665242]}}"
3.6389999999997102,0.4799992838845907,0.0,0.4,0.4772801863290876,-9.451287586389503e-08,0.3999972361726504,"{'table_obstacle': {'pos': [0.3825981920028062, 0.37518922255766707, 0.1646257963690813], 'size': [0.049837904948193595, 0.0813235869879147, 0.05243307039854257]}, 'pillar_obstacle': {'pos': [0.39994824830915515, -0.3824307480766307, 0.23470116647765446], 'size': [0.033663755439403885, 0.20172185302840845, 0.0]}, 'small_block': {'pos': [0.6140097595303955, -0.3535133918987863, 0.1097032402875184], 'size': [0.04461973939918376, 0.0849493067344041, 0.09534921802665242]}}"
3.63999999999971,0.4799992838845907,0.0,0.4,0.4773190392610923,-9.903690040822767e-08,0.39999726786879475,"{'table_obstacle': {'pos': [0.3825981920028062, 0.37518922255766707, 0.1646257963690813], 'size': [0.049837904948193595, 0.0813235869879147, 0.05243307039854257]}, 'pillar_obstacle': {'pos': [0.39994824830915515, -0.3824307480766307, 0.23470116647765446], 'size': [0.033663755439403885, 0.20172185302840845, 0.0]}, 'small_block': {'pos': [0.6140097595303955, -0.3535133918987863, 0.1097032402875184], 'size': [0.04461973939918376, 0.0849493067344041, 0.09534921802665242]}}"
3.64099999999971,0.4799992838845907,0.0,0.4,0.47735733730550034,-1.0341455695789578e-07,0.3999972994813028,"{'table_obstacle': {'pos': [0.3825981920028062, 0.37518922255766707, 0.1646257963690813], 'size': [0.049837904948193595, 0.0813235869879147, 0.05243307039854257]}, 'pillar_obstacle': {'pos': [0.39994824830915515, -0.3824307480766307, 0.23470116647765446], 'size': [0.033663755439403885, 0.20172185302840845, 0.0]}, 'small_block': {'pos': [0.6140097595303955, -0.3535133918987863, 0.1097032402875184], 'size': [0.04461973939918376, 0.0849493067344041, 0.09534921802665242]}}"
3.64199999999971,0.4799992838845907,0.0,0.4,0.47739508837289624,-1.076489067407835e-07,0.3999973309982697,"{'table_obstacle': {'pos': [0.3825981920028062, 0.37518922255766707, 0.1646257963690813], 'size': [0.049837904948193595, 0.0813235869879147, 0.05243307039854257]}, 'pillar_obstacle': {'pos': [0.39994824830915515, -0.3824307480766307, 0.23470116647765446], 'size': [0.033663755439403885, 0.20172185302840845, 0.0]}, 'small_block': {'pos': [0.6140097595303955, -0.3535133918987863, 0.1097032402875184], 'size': [0.04461973939918376, 0.0849493067344041, 0.09534921802665242]}}"
3.64299999999971,0.4799992838845907,0.0,0.4,0.477432300262709,-1.117429826005208e-07,0.3999973624084525,"{'table_obstacle': {'pos': [0.3825981920028062, 0.37518922255766707, 0.1646257963690813], 'size': [0.049837904948193595, 0.0813235869879147, 0.05243307039854257]}, 'pillar_obstacle': {'pos': [0.39994824830915515, -0.3824307480766307, 0.23470116647765446], 'size': [0.033663755439403885, 0.20172185302840845, 0.0]}, 'small_block': {'pos': [0.6140097595303955, -0.3535133918987863, 0.1097032402875184], 'size': [0.04461973939918376, 0.0849493067344041, 0.09534921802665242]}}"
3.6439999999997097,0.4799992838845907,0.0,0.4,0.47746898066449733,-1.1569978452709064e-07,0.3999973937012303,"{'table_obstacle': {'pos': [0.3825981920028062, 0.37518922255766707, 0.1646257963690813], 'size': [0.049837904948193595, 0.0813235869879147, 0.05243307039854257]}, 'pillar_obstacle': {'pos': [0.39994824830915515, -0.3824307480766307, 0.23470116647765446], 'size': [0.033663755439403885, 0.20172185302840845, 0.0]}, 'small_block': {'pos': [0.6140097595303955, -0.3535133918987863, 0.1097032402875184], 'size': [0.04461973939918376, 0.0849493067344041, 0.09534921802665242]}}"
3.6449999999997096,0.4799992838845907,0.0,0.4,0.47750513715926923,-1.1952227500944425e-07,0.39999742486657064,"{'table_obstacle': {'pos': [0.3825981920028062, 0.37518922255766707, 0.1646257963690813], 'size': [0.049837904948193595, 0.0813235869879147, 0.05243307039854257]}, 'pillar_obstacle': {'pos': [0.39994824830915515, -0.3824307480766307, 0.23470116647765446], 'size': [0.033663755439403885, 0.20172185302840845, 0.0]}, 'small_block': {'pos': [0.6140097595303955, -0.3535133918987863, 0.1097032402875184], 'size': [0.04461973939918376, 0.0849493067344041, 0.09534921802665242]}}"
3.6459999999997095,0.4799992838845907,0.0,0.4,0.47754077722083116,-1.2321337729144897e-07,0.3999974558949967,"{'table_obstacle': {'pos': [0.3825981920028062, 0.37518922255766707, 0.1646257963690813], 'size': [0.049837904948193595, 0.0813235869879147, 0.05243307039854257]}, 'pillar_obstacle': {'pos': [0.39994824830915515, -0.3824307480766307, 0.23470116647765446], 'size': [0.033663755439403885, 0.20172185302840845, 0.0]}, 'small_block': {'pos': [0.6140097595303955, -0.3535133918987863, 0.1097032402875184], 'size': [0.04461973939918376, 0.0849493067344041, 0.09534921802665242]}}"
3.6469999999997094,0.4799992838845907,0.0,0.4,0.47757590821715346,-1.2677597205637566e-07,0.39999748677755953,"{'table_obstacle': {'pos': [0.3825981920028062, 0.37518922255766707, 0.1646257963690813], 'size': [0.049837904948193595, 0.0813235869879147, 0.05243307039854257]}, 'pillar_obstacle': {'pos': [0.39994824830915515, -0.3824307480766307, 0.23470116647765446], 'size': [0.033663755439403885, 0.20172185302840845, 0.0]}, 'small_block': {'pos': [0.6140097595303955, -0.3535133918987863, 0.1097032402875184], 'size': [0.04461973939918376, 0.0849493067344041, 0.09534921802665242]}}"
3.6479999999997093,0.4799992838845907,0.0,0.4,0.47761053741174714,-1.3021289681497388e-07,0.3999975175058103,"{'table_obstacle': {'pos': [0.3825981920028062, 0.37518922255766707, 0.1646257963690813], 'size': [0.049837904948193595, 0.0813235869879147, 0.05243307039854257]}, 'pillar_obstacle': {'pos': [0.39994824830915515, -0.3824307480766307, 0.23470116647765446], 'size': [0.033663755439403885, 0.20172185302840845, 0.0]}, 'small_block': {'pos': [0.6140097595303955, -0.3535133918987863, 0.1097032402875184], 'size': [0.04461973939918376, 0.0849493067344041, 0.09534921802665242]}}"
3.648999999999709,0.4799992838845907,0.0,0.4,0.4776446719650449,-1.335269431747502e-07,0.3999975480717773,"{'table_obstacle': {'pos': [0.3825981920028062, 0.37518922255766707, 0.1646257963690813], 'size': [0.049837904948193595, 0.0813235869879147, 0.05243307039854257]}, 'pillar_obstacle': {'pos': [0.39994824830915515, -0.3824307480766307, 0.23470116647765446], 'size': [0.033663755439403885, 0.20172185302840845, 0.0]}, 'small_block': {'pos': [0.6140097595303955, -0.3535133918987863, 0.1097032402875184], 'size': [0.04461973939918376, 0.0849493067344041, 0.09534921802665242]}}"
3.649999999999709,0.4799992838845907,0.0,0.4,0.4776783189357834,-1.3672085709279022e-07,0.3999975784679434,"{'table_obstacle': {'pos': [0.3825981920028062, 0.37518922255766707, 0.1646257963690813], 'size': [0.049837904948193595, 0.0813235869879147, 0.05243307039854257]}, 'pillar_obstacle': {'pos': [0.39994824830915515, -0.3824307480766307, 0.23470116647765446], 'size': [0.033663755439403885, 0.20172185302840845, 0.0]}, 'small_block': {'pos': [0.6140097595303955, -0.3535133918987863, 0.1097032402875184], 'size': [0.04461973939918376, 0.0849493067344041, 0.09534921802665242]}}"
3.650999999999709,0.4799992838845907,0.0,0.4,0.4777114852823794,-1.3979733822117473e-07,0.39999760868722556,"{'table_obstacle': {'pos': [0.3825981920028062, 0.37518922255766707, 0.1646257963690813], 'size': [0.049837904948193595, 0.0813235869879147, 0.05243307039854257]}, 'pillar_obstacle': {'pos': [0.39994824830915515, -0.3824307480766307, 0.23470116647765446], 'size': [0.033663755439403885, 0.20172185302840845, 0.0]}, 'small_block': {'pos': [0.6140097595303955, -0.3535133918987863, 0.1097032402875184], 'size': [0.04461973939918376, 0.0849493067344041, 0.09534921802665242]}}"
3.651999999999709,0.4799992838845907,0.0,0.4,0.4777441778643024,-1.4275903927885267e-07,0.39999763872295446,"{'table_obstacle': {'pos': [0.3825981920028062, 0.37518922255766707, 0.1646257963690813], 'size': [0.049837904948193595, 0.0813235869879147, 0.05243307039854257]}, 'pillar_obstacle': {'pos': [0.39994824830915515, -0.3824307480766307, 0.23470116647765446], 'size': [0.033663755439403885, 0.20172185302840845, 0.0]}, 'small_block': {'pos': [0.6140097595303955, -0.3535133918987863, 0.1097032402875184], 'size': [0.04461973939918376, 0.0849493067344041, 0.09534921802665242]}}"
3.6529999999997087,0.4799992838845907,0.0,0.4,0.47777640344343547,-1.4560856554346325e-07,0.3999976685688577,"{'table_obstacle': {'pos': [0.3825981920028062, 0.37518922255766707, 0.1646257963690813], 'size': [0.049837904948193595, 0.0813235869879147, 0.05243307039854257]}, 'pillar_obstacle': {'pos': [0.39994824830915515, -0.3824307480766307, 0.23470116647765446], 'size': [0.033663755439403885, 0.20172185302840845, 0.0]}, 'small_block': {'pos': [0.6140097595303955, -0.3535133918987863, 0.1097032402875184], 'size': [0.04461973939918376, 0.0849493067344041, 0.09534921802665242]}}"
3.6539999999997086,0.4799992838845907,0.0,0.4,0.4778081686854275,-1.4834847569953026e-07,0.3999976982190426,"{'table_obstacle': {'pos': [0.3825981920028062, 0.37518922255766707, 0.1646257963690813], 'size': [0.049837904948193595, 0.0813235869879147, 0.05243307039854257]}, 'pillar_obstacle': {'pos': [0.39994824830915515, -0.3824307480766307, 0.23470116647765446], 'size': [0.033663755439403885, 0.20172185302840845, 0.0]}, 'small_block': {'pos': [0.6140097595303955, -0.3535133918987863, 0.1097032402875184], 'size': [0.04461973939918376, 0.0849493067344041, 0.09534921802665242]}}"
3.6549999999997085,0.4799992838845907,0.0,0.4,0.4778394801610314,-1.5098128199583594e-07,0.39999772766797914,"{'table_obstacle': {'pos': [0.3825981920028062, 0.37518922255766707, 0.1646257963690813], 'size': [0.049837904948193595, 0.0813235869879147, 0.05243307039854257]}, 'pillar_obstacle': {'pos': [0.39994824830915515, -0.3824307480766307, 0.23470116647765446], 'size': [0.033663755439403885, 0.20172185302840845, 0.0]}, 'small_block': {'pos': [0.6140097595303955, -0.3535133918987863, 0.1097032402875184], 'size': [0.04461973939918376, 0.0849493067344041, 0.09534921802665242]}}"
3.6559999999997084,0.4799992838845907,0.0,0.4,0.4778703443474315,-1.5350944964568736e-07,0.39999775691048683,"{'table_obstacle': {'pos': [0.3825981920028062, 0.37518922255766707, 0.1646257963690813], 'size': [0.049837904948193595, 0.0813235869879147, 0.05243307039854257]}, 'pillar_obstacle': {'pos': [0.39994824830915515, -0.3824307480766307, 0.23470116647765446], 'size': [0.033663755439403885, 0.20172185302840845, 0.0]}, 'small_block': {'pos': [0.6140097595303955, -0.3535133918987863, 0.1097032402875184], 'size': [0.04461973939918376, 0.0849493067344041, 0.09534921802665242]}}"
3.6569999999997083,0.4799992838845907,0.0,0.4,0.47790076762955175,-1.5593539855996116e-07,0.39999778594171803,"{'table_obstacle': {'pos': [0.3825981920028062, 0.37518922255766707, 0.1646257963690813], 'size': [0.049837904948193595, 0.0813235869879147, 0.05243307039854257]}, 'pillar_obstacle': {'pos': [0.39994824830915515, -0.3824307480766307, 0.23470116647765446], 'size': [0.033663755439403885, 0.20172185302840845, 0.0]}, 'small_block': {'pos': [0.6140097595303955, -0.3535133918987863, 0.1097032402875184], 'size': [0.04461973939918376, 0.0849493067344041, 0.09534921802665242]}}"
3.657999999999708,0.4799992838845907,0.0,0.4,0.47793075630135484,-1.5826150216544434e-07,0.39999781475714674,"{'table_obstacle': {'pos': [0.3825981920028062, 0.37518922255766707, 0.1646257963690813], 'size': [0.049837904948193595, 0.0813235869879147, 0.05243307039854257]}, 'pillar_obstacle': {'pos': [0.39994824830915515, -0.3824307480766307, 0.23470116647765446], 'size': [0.033663755439403885, 0.20172185302840845, 0.0]}, 'small_block': {'pos': [0.6140097595303955, -0.3535133918987863, 0.1097032402875184], 'size': [0.04461973939918376, 0.0849493067344041, 0.09534921802665242]}}"
3.658999999999708,0.4799992838845907,0.0,0.4,0.4779603165671228,-1.604900899145914e-07,0.3999978433525536,"{'table_obstacle': {'pos': [0.3825981920028062, 0.37518922255766707, 0.1646257963690813], 'size': [0.049837904948193595, 0.0813235869879147, 0.05243307039854257]}, 'pillar_obstacle': {'pos': [0.39994824830915515, -0.3824307480766307, 0.23470116647765446], 'size': [0.033663755439403885, 0.20172185302840845, 0.0]}, 'small_block': {'pos': [0.6140097595303955, -0.3535133918987863, 0.1097032402875184], 'size': [0.04461973939918376, 0.0849493067344041, 0.09534921802665242]}}"
3.659999999999708,0.4799992838845907,0.0,0.4,0.4779894545427209,-1.6262344585516712e-07,0.3999978717240143,"{'table_obstacle': {'pos': [0.3825981920028062, 0.37518922255766707, 0.1646257963690813], 'size': [0.049837904948193595, 0.0813235869879147, 0.05243307039854257]}, 'pillar_obstacle': {'pos': [0.39994824830915515, -0.3824307480766307, 0.23470116647765446], 'size': [0.033663755439403885, 0.20172185302840845, 0.0]}, 'small_block': {'pos': [0.6140097595303955, -0.3535133918987863, 0.1097032402875184], 'size': [0.04461973939918376, 0.0849493067344041, 0.09534921802665242]}}"
3.660999999999708,0.48399926035541646,0.0,0.4,0.47801817625684856,-1.6466381065894846e-07,0.3999978998678881,"{'table_obstacle': {'pos': [0.3825981920028062, 0.37518922255766707, 0.1646257963690813], 'size': [0.049837904948193595, 0.0813235869879147, 0.05243307039854257]}, 'pillar_obstacle': {'pos': [0.39994824830915515, -0.3824307480766307, 0.23470116647765446], 'size': [0.033663755439403885, 0.20172185302840845, 0.0]}, 'small_block': {'pos': [0.6140097595303955, -0.3535133918987863, 0.1097032402875184], 'size': [0.04461973939918376, 0.0849493067344041, 0.09534921802665242]}}"
3.6619999999997077,0.48399926035541646,0.0,0.4,0.4780573434453158,-1.4564459555765538e-07,0.3999978462975978,"{'table_obstacle': {'pos': [0.3825981920028062, 0.37518922255766707, 0.1646257963690813], 'size': [0.049837904948193595, 0.0813235869879147, 0.05243307039854257]}, 'pillar_obstacle': {'pos': [0.39994824830915515, -0.3824307480766307, 0.23470116647765446], 'size': [0.033663755439403885, 0.20172185302840845, 0.0]}, 'small_block': {'pos': [0.6140097595303955, -0.3535133918987863, 0.1097032402875184], 'size': [0.04461973939918376, 0.0849493067344041, 0.09534921802665242]}}"
3.6629999999997076,0.48399926035541646,0.0,0.4,0.4781047438818557,-1.1423253416316649e-07,0.39999774188822734,"{'table_obstacle': {'pos': [0.3825981920028062, 0.37518922255766707, 0.1646257963690813], 'size': [0.049837904948193595, 0.0813235869879147, 0.05243307039854257]}, 'pillar_obstacle': {'pos': [0.39994824830915515, -0.3824307480766307, 0.23470116647765446], 'size': [0.033663755439403885, 0.20172185302840845, 0.0]}, 'small_block': {'pos': [0.6140097595303955, -0.3535133918987863, 0.1097032402875184], 'size': [0.04461973939918376, 0.0849493067344041, 0.09534921802665242]}}"
3.6639999999997075,0.48399926035541646,0.0,0.4,0.47815858884113943,-7.652278736670405e-08,0.39999760855594835,"{'table_obstacle': {'pos': [0.3825981920028062, 0.37518922255766707, 0.1646257963690813], 'size': [0.049837904948193595, 0.0813235869879147, 0.05243307039854257]}, 'pillar_obstacle': {'pos': [0.39994824830915515, -0.3824307480766307, 0.23470116647765446], 'size': [0.033663755439403885, 0.20172185302840845, 0.0]}, 'small_block': {'pos': [0.6140097595303955, -0.3535133918987863, 0.1097032402875184], 'size': [0.04461973939918376, 0.0849493067344041, 0.09534921802665242]}}"
3.6649999999997074,0.48399926035541646,0.0,0.4,0.47821743267948585,-3.6708740390108195e-08,0.39999746163540567,"{'table_obstacle': {'pos': [0.3825981920028062, 0.37518922255766707, 0.1646257963690813], 'size': [0.049837904948193595, 0.0813235869879147, 0.05243307039854257]}, 'pillar_obstacle': {'pos': [0.39994824830915515, -0.3824307480766307, 0.23470116647765446], 'size': [0.033663755439403885, 0.20172185302840845, 0.0]}, 'small_block': {'pos': [0.6140097595303955, -0.3535133918987863, 0.1097032402875184], 'size': [0.04461973939918376, 0.0849493067344041, 0.09534921802665242]}}"
3.6659999999997073,0.48399926035541646,0.0,0.4,0.4782801076477023,2.4111349036296892e-09,0.3999973116439789,"{'table_obstacle': {'pos': [0.3825981920028062, 0.37518922255766707, 0.1646257963690813], 'size': [0.049837904948193595, 0.0813235869879147, 0.05243307039854257]}, 'pillar_obstacle': {'pos': [0.39994824830915515, -0.3824307480766307, 0.23470116647765446], 'size': [0.033663755439403885, 0.20172185302840845, 0.0]}, 'small_block': {'pos': [0.6140097595303955, -0.3535133918987863, 0.1097032402875184], 'size': [0.04461973939918376, 0.0849493067344041, 0.09534921802665242]}}"
3.666999999999707,0.48399926035541646,0.0,0.4,0.47834567106219844,3.905128501806906e-08,0.3999971655919939,"{'table_obstacle': {'pos': [0.3825981920028062, 0.37518922255766707, 0.1646257963690813], 'size': [0.049837904948193595, 0.0813235869879147, 0.05243307039854257]}, 'pillar_obstacle': {'pos': [0.39994824830915515, -0.3824307480766307, 0.23470116647765446], 'size': [0.033663755439403885, 0.20172185302840845, 0.0]}, 'small_block': {'pos': [0.6140097595303955, -0.3535133918987863, 0.1097032402875184], 'size': [0.04461973939918376, 0.0849493067344041, 0.09534921802665242]}}"
3.667999999999707,0.48399926035541646,0.0,0.4,0.47841336249877553,7.215255909899105e-08,0.3999970279554424,"{'table_obstacle': {'pos': [0.3825981920028062, 0.37518922255766707, 0.1646257963690813], 'size': [0.049837904948193595, 0.0813235869879147, 0.05243307039854257]}, 'pillar_obstacle': {'pos': [0.39994824830915515, -0.3824307480766307, 0.23470116647765446], 'size': [0.033663755439403885, 0.20172185302840845, 0.0]}, 'small_block': {'pos': [0.6140097595303955, -0.3535133918987863, 0.1097032402875184], 'size': [0.04461973939918376, 0.0849493067344041, 0.09534921802665242]}}"
3.668999999999707,0.48399926035541646,0.0,0.4,0.47848256911232906,1.0116851721103653e-07,0.3999969013971156,"{'table_obstacle': {'pos': [0.3825981920028062, 0.37518922255766707, 0.1646257963690813], 'size': [0.049837904948193595, 0.0813235869879147, 0.05243307039854257]}, 'pillar_obstacle': {'pos': [0.39994824830915515, -0.3824307480766307, 0.23470116647765446], 'size': [0.033663755439403885, 0.20172185302840845, 0.0]}, 'small_block': {'pos': [0.6140097595303955, -0.3535133918987863, 0.1097032402875184], 'size': [0.04461973939918376, 0.0849493067344041, 0.09534921802665242]}}"
3.669999999999707,0.48399926035541646,0.0,0.4,0.4785527975430034,1.2590711049725405e-07,0.39999678729983823,"{'table_obstacle': {'pos': [0.3825981920028062, 0.37518922255766707, 0.1646257963690813], 'size': [0.049837904948193595, 0.0813235869879147, 0.05243307039854257]}, 'pillar_obstacle': {'pos': [0.39994824830915515, -0.3824307480766307, 0.23470116647765446], 'size': [0.033663755439403885, 0.20172185302840845, 0.0]}, 'small_block': {'pos': [0.6140097595303955, -0.3535133918987863, 0.1097032402875184], 'size': [0.04461973939918376, 0.0849493067344041, 0.09534921802665242]}}"
3.6709999999997067,0.48399926035541646,0.0,0.4,0.47862365115989997,1.4641431941694828e-07,0.39999668615920675,"{'table_obstacle': {'pos': [0.3825981920028062, 0.37518922255766707, 0.1646257963690813], 'size': [0.049837904948193595, 0.0813235869879147, 0.05243307039854257]}, 'pillar_obstacle': {'pos': [0.39994824830915515, -0.3824307480766307, 0.23470116647765446], 'size': [0.033663755439403885, 0.20172185302840845, 0.0]}, 'small_block': {'pos': [0.6140097595303955, -0.3535133918987863, 0.1097032402875184], 'size': [0.04461973939918376, 0.0849493067344041, 0.09534921802665242]}}"
3.6719999999997066,0.48399926035541646,0.0,0.4,0.4786948116295673,1.628894560796927e-07,0.3999965978712802,"{'table_obstacle': {'pos': [0.3825981920028062, 0.37518922255766707, 0.1646257963690813], 'size': [0.049837904948193595, 0.0813235869879147, 0.05243307039854257]}, 'pillar_obstacle': {'pos': [0.39994824830915515, -0.3824307480766307, 0.23470116647765446], 'size': [0.033663755439403885, 0.20172185302840845, 0.0]}, 'small_block': {'pos': [0.6140097595303955, -0.3535133918987863, 0.1097032402875184], 'size': [0.04461973939918376, 0.0849493067344041, 0.09534921802665242]}}"
3.6729999999997065,0.48399926035541646,0.0,0.4,0.4787660239882133,1.7562424657086784e-07,0.3999965219417807,"{'table_obstacle': {'pos': [0.3825981920028062, 0.37518922255766707, 0.1646257963690813], 'size': [0.049837904948193595, 0.0813235869879147, 0.05243307039854257]}, 'pillar_obstacle': {'pos': [0.39994824830915515, -0.3824307480766307, 0.23470116647765446], 'size': [0.033663755439403885, 0.20172185302840845, 0.0]}, 'small_block': {'pos': [0.6140097595303955, -0.3535133918987863, 0.1097032402875184], 'size': [0.04461973939918376, 0.0849493067344041, 0.09534921802665242]}}"
3.6739999999997064,0.48399926035541646,0.0,0.4,0.47883708455217266,1.8495968027164663e-07,0.39999645763676134,"{'table_obstacle': {'pos': [0.3825981920028062, 0.37518922255766707, 0.1646257963690813], 'size': [0.049837904948193595, 0.0813235869879147, 0.05243307039854257]}, 'pillar_obstacle': {'pos': [0.39994824830915515, -0.3824307480766307, 0.23470116647765446], 'size': [0.033663755439403885, 0.20172185302840845, 0.0]}, 'small_block': {'pos': [0.6140097595303955, -0.3535133918987863, 0.1097032402875184], 'size': [0.04461973939918376, 0.0849493067344041, 0.09534921802665242]}}"
3.6749999999997063,0.48399926035541646,0.0,0.4,0.478907831127373,1.9125603736193994e-07,0.3999964040897557,"{'table_obstacle': {'pos': [0.3825981920028062, 0.37518922255766707, 0.1646257963690813], 'size': [0.049837904948193595, 0.0813235869879147, 0.05243307039854257]}, 'pillar_obstacle': {'pos': [0.39994824830915515, -0.3824307480766307, 0.23470116647765446], 'size': [0.033663755439403885, 0.20172185302840845, 0.0]}, 'small_block': {'pos': [0.6140097595303955, -0.3535133918987863, 0.1097032402875184], 'size': [0.04461973939918376, 0.0849493067344041, 0.09534921802665242]}}"
3.675999999999706,0.48399926035541646,0.0,0.4,0.47897813508087983,1.9487262847054184e-07,0.3999963603766983,"{'table_obstacle': {'pos': [0.3825981920028062, 0.37518922255766707, 0.1646257963690813], 'size': [0.049837904948193595, 0.0813235869879147, 0.05243307039854257]}, 'pillar_obstacle': {'pos': [0.39994824830915515, -0.3824307480766307, 0.23470116647765446], 'size': [0.033663755439403885, 0.20172185302840845, 0.0]}, 'small_block': {'pos': [0.6140097595303955, -0.3535133918987863, 0.1097032402875184], 'size': [0.04461973939918376, 0.0849493067344041, 0.09534921802665242]}}"
3.676999999999706,0.48399926035541646,0.0,0.4,0.4790478949205639,1.9615461376575468e-07,0.39999632556711406,"{'table_obstacle': {'pos': [0.3825981920028062, 0.37518922255766707, 0.1646257963690813], 'size': [0.049837904948193595, 0.0813235869879147, 0.05243307039854257]}, 'pillar_obstacle': {'pos': [0.39994824830915515, -0.3824307480766307, 0.23470116647765446], 'size': [0.033663755439403885, 0.20172185302840845, 0.0]}, 'small_block': {'pos': [0.6140097595303955, -0.3535133918987863, 0.1097032402875184], 'size': [0.04461973939918376, 0.0849493067344041, 0.09534921802665242]}}"
3.677999999999706,0.48399926035541646,0.0,0.4,0.4791170310961735,1.954249307589449e-07,0.39999629875795745,"{'table_obstacle': {'pos': [0.3825981920028062, 0.37518922255766707, 0.1646257963690813], 'size': [0.049837904948193595, 0.0813235869879147, 0.05243307039854257]}, 'pillar_obstacle': {'pos': [0.39994824830915515, -0.3824307480766307, 0.23470116647765446], 'size': [0.033663755439403885, 0.20172185302840845, 0.0]}, 'small_block': {'pos': [0.6140097595303955, -0.3535133918987863, 0.1097032402875184], 'size': [0.04461973939918376, 0.0849493067344041, 0.09534921802665242]}}"
3.678999999999706,0.48399926035541646,0.0,0.4,0.47918548178957143,1.9297985142994332e-07,0.3999962790948811,"{'table_obstacle': {'pos': [0.3825981920028062, 0.37518922255766707, 0.1646257963690813], 'size': [0.049837904948193595, 0.0813235869879147, 0.05243307039854257]}, 'pillar_obstacle': {'pos': [0.39994824830915515, -0.3824307480766307, 0.23470116647765446], 'size': [0.033663755439403885, 0.20172185302840845, 0.0]}, 'small_block': {'pos': [0.6140097595303955, -0.3535133918987863, 0.1097032402875184], 'size': [0.04461973939918376, 0.0849493067344041, 0.09534921802665242]}}"
3.6799999999997057,0.48399926035541646,0.0,0.4,0.4792531995060382,1.890870748807061e-07,0.3999962657845116,"{'table_obstacle': {'pos': [0.3825981920028062, 0.37518922255766707, 0.1646257963690813], 'size': [0.049837904948193595, 0.0813235869879147, 0.05243307039854257]}, 'pillar_obstacle': {'pos': [0.39994824830915515, -0.3824307480766307, 0.23470116647765446], 'size': [0.033663755439403885, 0.20172185302840845, 0.0]}, 'small_block': {'pos': [0.6140097595303955, -0.3535133918987863, 0.1097032402875184], 'size': [0.04461973939918376, 0.0849493067344041, 0.09534921802665242]}}"
3.6809999999997056,0.48399926035541646,0.0,0.4,0.4793201483143054,1.8398554101523272e-07,0.3999962581003864,"{'table_obstacle': {'pos': [0.3825981920028062, 0.37518922255766707, 0.1646257963690813], 'size': [0.049837904948193595, 0.0813235869879147, 0.05243307039854257]}, 'pillar_obstacle': {'pos': [0.39994824830915515, -0.3824307480766307, 0.23470116647765446], 'size': [0.033663755439403885, 0.20172185302840845, 0.0]}, 'small_block': {'pos': [0.6140097595303955, -0.3535133918987863, 0.1097032402875184], 'size': [0.04461973939918376, 0.0849493067344041, 0.09534921802665242]}}"
3.6819999999997055,0.48399926035541646,0.0,0.4,0.4793863016119396,1.7788637614718142e-07,0.39999625538451883,"{'table_obstacle': {'pos': [0.3825981920028062, 0.37518922255766707, 0.1646257963690813], 'size': [0.049837904948193595, 0.0813235869879147, 0.05243307039854257]}, 'pillar_obstacle': {'pos': [0.39994824830915515, -0.3824307480766307, 0.23470116647765446], 'size': [0.033663755439403885, 0.20172185302840845, 0.0]}, 'small_block': {'pos': [0.6140097595303955, -0.3535133918987863, 0.1097032402875184], 'size': [0.04461973939918376, 0.0849493067344041, 0.09534921802665242]}}"
3.6829999999997054,0.48399926035541646,0.0,0.4,0.47945164031616583,1.709745418556752e-07,0.3999962570460368,"{'table_obstacle': {'pos': [0.3825981920028062, 0.37518922255766707, 0.1646257963690813], 'size': [0.049837904948193595, 0.0813235869879147, 0.05243307039854257]}, 'pillar_obstacle': {'pos': [0.39994824830915515, -0.3824307480766307, 0.23470116647765446], 'size': [0.033663755439403885, 0.20172185302840845, 0.0]}, 'small_block': {'pos': [0.6140097595303955, -0.3535133918987863, 0.1097032402875184], 'size': [0.04461973939918376, 0.0849493067344041, 0.09534921802665242]}}"
3.6839999999997053,0.48399926035541646,0.0,0.4,0.47951615139921355,1.6341088172142725e-07,0.3999962625579466,"{'table_obstacle': {'pos': [0.3825981920028062, 0.37518922255766707, 0.1646257963690813], 'size': [0.049837904948193595, 0.0813235869879147, 0.05243307039854257]}, 'pillar_obstacle': {'pos': [0.39994824830915515, -0.3824307480766307, 0.23470116647765446], 'size': [0.033663755439403885, 0.20172185302840845, 0.0]}, 'small_block': {'pos': [0.6140097595303955, -0.3535133918987863, 0.1097032402875184], 'size': [0.04461973939918376, 0.0849493067344041, 0.09534921802665242]}}"
3.684999999999705,0.48399926035541646,0.0,0.4,0.479579826702658,1.5533435097721363e-07,0.3999962714527778,"{'table_obstacle': {'pos': [0.3825981920028062, 0.37518922255766707, 0.1646257963690813], 'size': [0.049837904948193595, 0.0813235869879147, 0.05243307039854257]}, 'pillar_obstacle': {'pos': [0.39994824830915515, -0.3824307480766307, 0.23470116647765446], 'size': [0.033663755439403885, 0.20172185302840845, 0.0]}, 'small_block': {'pos': [0.6140097595303955, -0.3535133918987863, 0.1097032402875184], 'size': [0.04461973939918376, 0.0849493067344041, 0.09534921802665242]}}"
3.685999999999705,0.48399926035541646,0.0,0.4,0.47964266197769573,1.468642856042987e-07,0.3999962833176455,"{'table_obstacle': {'pos': [0.3825981920028062, 0.37518922255766707, 0.1646257963690813], 'size': [0.049837904948193595, 0.0813235869879147, 0.05243307039854257]}, 'pillar_obstacle': {'pos': [0.39994824830915515, -0.3824307480766307, 0.23470116647765446], 'size': [0.033663755439403885, 0.20172185302840845, 0.0]}, 'small_block': {'pos': [0.6140097595303955, -0.3535133918987863, 0.1097032402875184], 'size': [0.04461973939918376, 0.0849493067344041, 0.09534921802665242]}}"
3.686999999999705,0.48399926035541646,0.0,0.4,0.4797046561083793,1.3810260973439735e-07,0.3999962977891075,"{'table_obstacle': {'pos': [0.3825981920028062, 0.37518922255766707, 0.1646257963690813], 'size': [0.049837904948193595, 0.0813235869879147, 0.05243307039854257]}, 'pillar_obstacle': {'pos': [0.39994824830915515, -0.3824307480766307, 0.23470116647765446], 'size': [0.033663755439403885, 0.20172185302840845, 0.0]}, 'small_block': {'pos': [0.6140097595303955, -0.3535133918987863, 0.1097032402875184], 'size': [0.04461973939918376, 0.0849493067344041, 0.09534921802665242]}}"
3.687999999999705,0.48399926035541646,0.0,0.4,0.47976581048301264,1.291359241788378e-07,0.39999631454806284,"{'table_obstacle': {'pos': [0.3825981920028062, 0.37518922255766707, 0.1646257963690813], 'size': [0.049837904948193595, 0.0813235869879147, 0.05243307039854257]}, 'pillar_obstacle': {'pos': [0.39994824830915515, -0.3824307480766307, 0.23470116647765446], 'size': [0.033663755439403885, 0.20172185302840845, 0.0]}, 'small_block': {'pos': [0.6140097595303955, -0.3535133918987863, 0.1097032402875184], 'size': [0.04461973939918376, 0.0849493067344041, 0.09534921802665242]}}"
3.6889999999997047,0.48399926035541646,0.0,0.4,0.4798261284855276,1.2003743850517916e-07,0.39999633331486284,"{'table_obstacle': {'pos': [0.3825981920028062, 0.37518922255766707, 0.1646257963690813], 'size': [0.049837904948193595, 0.0813235869879147, 0.05243307039854257]}, 'pillar_obstacle': {'pos': [0.39994824830915515, -0.3824307480766307, 0.23470116647765446], 'size': [0.033663755439403885, 0.20172185302840845, 0.0]}, 'small_block': {'pos': [0.6140097595303955, -0.3535133918987863, 0.1097032402875184], 'size': [0.04461973939918376, 0.0849493067344041, 0.09534921802665242]}}"
3.6899999999997046,0.48399926035541646,0.0,0.4,0.479885615084018,1.1086873108604819e-07,0.39999635384473,"{'table_obstacle': {'pos': [0.3825981920028062, 0.37518922255766707, 0.1646257963690813], 'size': [0.049837904948193595, 0.0813235869879147, 0.05243307039854257]}, 'pillar_obstacle': {'pos': [0.39994824830915515, -0.3824307480766307, 0.23470116647765446], 'size': [0.033663755439403885, 0.20172185302840845, 0.0]}, 'small_block': {'pos': [0.6140097595303955, -0.3535133918987863, 0.1097032402875184], 'size': [0.04461973939918376, 0.0849493067344041, 0.09534921802665242]}}"
3.6909999999997045,0.48399926035541646,0.0,0.4,0.4799442764979531,1.0168132861589009e-07,0.39999637592354603,"{'table_obstacle': {'pos': [0.3825981920028062, 0.37518922255766707, 0.1646257963690813], 'size': [0.049837904948193595, 0.0813235869879147, 0.05243307039854257]}, 'pillar_obstacle': {'pos': [0.39994824830915515, -0.3824307480766307, 0.23470116647765446], 'size': [0.033663755439403885, 0.20172185302840845, 0.0]}, 'small_block': {'pos': [0.6140097595303955, -0.3535133918987863, 0.1097032402875184], 'size': [0.04461973939918376, 0.0849493067344041, 0.09534921802665242]}}"
3.6919999999997044,0.48399926035541646,0.0,0.4,0.480002119929102,9.251811414358034e-08,0.39999639936402526,"{'table_obstacle': {'pos': [0.3825981920028062, 0.37518922255766707, 0.1646257963690813], 'size': [0.049837904948193595, 0.0813235869879147, 0.05243307039854257]}, 'pillar_obstacle': {'pos': [0.39994824830915515, -0.3824307480766307, 0.23470116647765446], 'size': [0.033663755439403885, 0.20172185302840845, 0.0]}, 'small_block': {'pos': [0.6140097595303955, -0.3535133918987863, 0.1097032402875184], 'size': [0.04461973939918376, 0.0849493067344041, 0.09534921802665242]}}"
3.6929999999997043,0.48399926035541646,0.0,0.4,0.4800591533440489,8.341456655475695e-08,0.39999642400228264,"{'table_obstacle': {'pos': [0.3825981920028062, 0.37518922255766707, 0.1646257963690813], 'size': [0.049837904948193595, 0.0813235869879147, 0.05243307039854257]}, 'pillar_obstacle': {'pos': [0.39994824830915515, -0.3824307480766307, 0.23470116647765446], 'size': [0.033663755439403885, 0.20172185302840845, 0.0]}, 'small_block': {'pos': [0.6140097595303955, -0.3535133918987863, 0.1097032402875184], 'size': [0.04461973939918376, 0.0849493067344041, 0.09534921802665242]}}"
3.693999999999704,0.48399926035541646,0.0,0.4,0.48011538529848824,7.439984786162654e-08,0.3999964496947772,"{'table_obstacle': {'pos': [0.3825981920028062, 0.37518922255766707, 0.1646257963690813], 'size': [0.049837904948193595, 0.0813235869879147, 0.05243307039854257]}, 'pillar_obstacle': {'pos': [0.39994824830915515, -0.3824307480766307, 0.23470116647765446], 'size': [0.033663755439403885, 0.20172185302840845, 0.0]}, 'small_block': {'pos': [0.6140097595303955, -0.3535133918987863, 0.1097032402875184], 'size': [0.04461973939918376, 0.0849493067344041, 0.09534921802665242]}}"
3.694999999999704,0.48399926035541646,0.0,0.4,0.480170824795344,6.54977474777666e-08,0.3999964763156143,"{'table_obstacle': {'pos': [0.3825981920028062, 0.37518922255766707, 0.1646257963690813], 'size': [0.049837904948193595, 0.0813235869879147, 0.05243307039854257]}, 'pillar_obstacle': {'pos': [0.39994824830915515, -0.3824307480766307, 0.23470116647765446], 'size': [0.033663755439403885, 0.20172185302840845, 0.0]}, 'small_block': {'pos': [0.6140097595303955, -0.3535133918987863, 0.1097032402875184], 'size': [0.04461973939918376, 0.0849493067344041, 0.09534921802665242]}}"
3.695999999999704,0.48399926035541646,0.0,0.4,0.4802254811702826,5.672750220889138e-08,0.39999650375417456,"{'table_obstacle': {'pos': [0.3825981920028062, 0.37518922255766707, 0.1646257963690813], 'size': [0.049837904948193595, 0.0813235869879147, 0.05243307039854257]}, 'pillar_obstacle': {'pos': [0.39994824830915515, -0.3824307480766307, 0.23470116647765446], 'size': [0.033663755439403885, 0.20172185302840845, 0.0]}, 'small_block': {'pos': [0.6140097595303955, -0.3535133918987863, 0.1097032402875184], 'size': [0.04461973939918376, 0.0849493067344041, 0.09534921802665242]}}"
3.696999999999704,0.48399926035541646,0.0,0.4,0.4802793639994021,4.8104500519673916e-08,0.39999653191304585,"{'table_obstacle': {'pos': [0.3825981920028062, 0.37518922255766707, 0.1646257963690813], 'size': [0.049837904948193595, 0.0813235869879147, 0.05243307039854257]}, 'pillar_obstacle': {'pos': [0.39994824830915515, -0.3824307480766307, 0.23470116647765446], 'size': [0.033663755439403885, 0.20172185302840845, 0.0]}, 'small_block': {'pos': [0.6140097595303955, -0.3535133918987863, 0.1097032402875184], 'size': [0.04461973939918376, 0.0849493067344041, 0.09534921802665242]}}"
3.6979999999997037,0.48399926035541646,0.0,0.4,0.4803324830248792,3.964088877245697e-08,0.3999965607062226,"{'table_obstacle': {'pos': [0.3825981920028062, 0.37518922255766707, 0.1646257963690813], 'size': [0.049837904948193595, 0.0813235869879147, 0.05243307039854257]}, 'pillar_obstacle': {'pos': [0.39994824830915515, -0.3824307480766307, 0.23470116647765446], 'size': [0.033663755439403885, 0.20172185302840845, 0.0]}, 'small_block': {'pos': [0.6140097595303955, -0.3535133918987863, 0.1097032402875184], 'size': [0.04461973939918376, 0.0849493067344041, 0.09534921802665242]}}"
3.6989999999997036,0.48399926035541646,0.0,0.4,0.48038484809515136,3.134608942002767e-08,0.3999965900575472,"{'table_obstacle': {'pos': [0.3825981920028062, 0.37518922255766707, 0.1646257963690813], 'size': [0.049837904948193595, 0.0813235869879147, 0.05243307039854257]}, 'pillar_obstacle': {'pos': [0.39994824830915515, -0.3824307480766307, 0.23470116647765446], 'size': [0.033663755439403885, 0.20172185302840845, 0.0]}, 'small_block': {'pos': [0.6140097595303955, -0.3535133918987863, 0.1097032402875184], 'size': [0.04461973939918376, 0.0849493067344041, 0.09534921802665242]}}"
3.6999999999997035,0.48399926035541646,0.0,0.4,0.48043646911686916,2.3227242213956838e-08,0.39999661989936347,"{'table_obstacle': {'pos': [0.3825981920028062, 0.37518922255766707, 0.1646257963690813], 'size': [0.049837904948193595, 0.0813235869879147, 0.05243307039854257]}, 'pillar_obstacle': {'pos': [0.39994824830915515, -0.3824307480766307, 0.23470116647765446], 'size': [0.033663755439403885, 0.20172185302840845, 0.0]}, 'small_block': {'pos': [0.6140097595303955, -0.3535133918987863, 0.1097032402875184], 'size': [0.04461973939918376, 0.0849493067344041, 0.09534921802665242]}}"
3.7009999999997034,0.48399926035541646,0.0,0.4,0.4804873560163729,1.528957957907396e-08,0.3999966501713592,"{'table_obstacle': {'pos': [0.3825981920028062, 0.37518922255766707, 0.1646257963690813], 'size': [0.049837904948193595, 0.0813235869879147, 0.05243307039854257]}, 'pillar_obstacle': {'pos': [0.39994824830915515, -0.3824307480766307, 0.23470116647765446], 'size': [0.033663755439403885, 0.20172185302840845, 0.0]}, 'small_block': {'pos': [0.6140097595303955, -0.3535133918987863, 0.1097032402875184], 'size': [0.04461973939918376, 0.0849493067344041, 0.09534921802665242]}}"
3.7019999999997033,0.48399926035541646,0.0,0.4,0.4805375187088789,7.536745422695642e-09,0.3999966808195677,"{'table_obstacle': {'pos': [0.3825981920028062, 0.37518922255766707, 0.1646257963690813], 'size': [0.049837904948193595, 0.0813235869879147, 0.05243307039854257]}, 'pillar_obstacle': {'pos': [0.39994824830915515, -0.3824307480766307, 0.23470116647765446], 'size': [0.033663755439403885, 0.20172185302840845, 0.0]}, 'small_block': {'pos': [0.6140097595303955, -0.3535133918987863, 0.1097032402875184], 'size': [0.04461973939918376, 0.0849493067344041, 0.09534921802665242]}}"
3.702999999999703,0.48399926035541646,0.0,0.4,0.4805869670739067,-2.8936218471062124e-11,0.39999671179551555,"{'table_obstacle': {'pos': [0.3825981920028062, 0.37518922255766707, 0.1646257963690813], 'size': [0.049837904948193595, 0.0813235869879147, 0.05243307039854257]}, 'pillar_obstacle': {'pos': [0.39994824830915515, -0.3824307480766307, 0.23470116647765446], 'size': [0.033663755439403885, 0.20172185302840845, 0.0]}, 'small_block': {'pos': [0.6140097595303955, -0.3535133918987863, 0.1097032402875184], 'size': [0.04461973939918376, 0.0849493067344041, 0.09534921802665242]}}"
3.703999999999703,0.48399926035541646,0.0,0.4,0.4806357109357512,-7.406233536222307e-09,0.39999674305549204,"{'table_obstacle': {'pos': [0.3825981920028062, 0.37518922255766707, 0.1646257963690813], 'size': [0.049837904948193595, 0.0813235869879147, 0.05243307039854257]}, 'pillar_obstacle': {'pos': [0.39994824830915515, -0.3824307480766307, 0.23470116647765446], 'size': [0.033663755439403885, 0.20172185302840845, 0.0]}, 'small_block': {'pos': [0.6140097595303955, -0.3535133918987863, 0.1097032402875184], 'size': [0.04461973939918376, 0.0849493067344041, 0.09534921802665242]}}"
3.704999999999703,0.48399926035541646,0.0,0.4,0.4806837600480405,-1.4594815994252938e-08,0.3999967745599234,"{'table_obstacle': {'pos': [0.3825981920028062, 0.37518922255766707, 0.1646257963690813], 'size': [0.049837904948193595, 0.0813235869879147, 0.05243307039854257]}, 'pillar_obstacle': {'pos': [0.39994824830915515, -0.3824307480766307, 0.23470116647765446], 'size': [0.033663755439403885, 0.20172185302840845, 0.0]}, 'small_block': {'pos': [0.6140097595303955, -0.3535133918987863, 0.1097032402875184], 'size': [0.04461973939918376, 0.0849493067344041, 0.09534921802665242]}}"
3.705999999999703,0.48399926035541646,0.0,0.4,0.48073112408159446,-2.1595093276910405e-08,0.3999968062728388,"{'table_obstacle': {'pos': [0.3825981920028062, 0.37518922255766707, 0.1646257963690813], 'size': [0.049837904948193595, 0.0813235869879147, 0.05243307039854257]}, 'pillar_obstacle': {'pos': [0.39994824830915515, -0.3824307480766307, 0.23470116647765446], 'size': [0.033663755439403885, 0.20172185302840845, 0.0]}, 'small_block': {'pos': [0.6140097595303955, -0.3535133918987863, 0.1097032402875184], 'size': [0.04461973939918376, 0.0849493067344041, 0.09534921802665242]}}"
3.7069999999997028,0.48399926035541646,0.0,0.4,0.48077781261495356,-2.840808040367846e-08,0.39999683816141696,"{'table_obstacle': {'pos': [0.3825981920028062, 0.37518922255766707, 0.1646257963690813], 'size': [0.049837904948193595, 0.0813235869879147, 0.05243307039854257]}, 'pillar_obstacle': {'pos': [0.39994824830915515, -0.3824307480766307, 0.23470116647765446], 'size': [0.033663755439403885, 0.20172185302840845, 0.0]}, 'small_block': {'pos': [0.6140097595303955, -0.3535133918987863, 0.1097032402875184], 'size': [0.04461973939918376, 0.0849493067344041, 0.09534921802665242]}}"
3.7079999999997026,0.48399926035541646,0.0,0.4,0.4808238351270626,-3.5035284564633804e-08,0.39999687019559393,"{'table_obstacle': {'pos': [0.3825981920028062, 0.37518922255766707, 0.1646257963690813], 'size': [0.049837904948193595, 0.0813235869879147, 0.05243307039854257]}, 'pillar_obstacle': {'pos': [0.39994824830915515, -0.3824307480766307, 0.23470116647765446], 'size': [0.033663755439403885, 0.20172185302840845, 0.0]}, 'small_block': {'pos': [0.6140097595303955, -0.3535133918987863, 0.1097032402875184], 'size': [0.04461973939918376, 0.0849493067344041, 0.09534921802665242]}}"
3.7089999999997025,0.48399926035541646,0.0,0.4,0.4808692009917008,-4.1478610886048514e-08,0.39999690234773483,"{'table_obstacle': {'pos': [0.3825981920028062, 0.37518922255766707, 0.1646257963690813], 'size': [0.049837904948193595, 0.0813235869879147, 0.05243307039854257]}, 'pillar_obstacle': {'pos': [0.39994824830915515, -0.3824307480766307, 0.23470116647765446], 'size': [0.033663755439403885, 0.20172185302840845, 0.0]}, 'small_block': {'pos': [0.6140097595303955, -0.3535133918987863, 0.1097032402875184], 'size': [0.04461973939918376, 0.0849493067344041, 0.09534921802665242]}}"
3.7099999999997024,0.48399926035541646,0.0,0.4,0.48091391947331275,-4.774028413214853e-08,0.39999693459234875,"{'table_obstacle': {'pos': [0.3825981920028062, 0.37518922255766707, 0.1646257963690813], 'size': [0.049837904948193595, 0.0813235869879147, 0.05243307039854257]}, 'pillar_obstacle': {'pos': [0.39994824830915515, -0.3824307480766307, 0.23470116647765446], 'size': [0.033663755439403885, 0.20172185302840845, 0.0]}, 'small_block': {'pos': [0.6140097595303955, -0.3535133918987863, 0.1097032402875184], 'size': [0.04461973939918376, 0.0849493067344041, 0.09534921802665242]}}"
3.7109999999997023,0.48399926035541646,0.0,0.4,0.480957999723978,-5.382278148334647e-08,0.39999696690584724,"{'table_obstacle': {'pos': [0.3825981920028062, 0.37518922255766707, 0.1646257963690813], 'size': [0.049837904948193595, 0.0813235869879147, 0.05243307039854257]}, 'pillar_obstacle': {'pos': [0.39994824830915515, -0.3824307480766307, 0.23470116647765446], 'size': [0.033663755439403885, 0.20172185302840845, 0.0]}, 'small_block': {'pos': [0.6140097595303955, -0.3535133918987863, 0.1097032402875184], 'size': [0.04461973939918376, 0.0849493067344041, 0.09534921802665242]}}"
3.711999999999702,0.48399926035541646,0.0,0.4,0.4810014507812916,-5.972877951457021e-08,0.39999699926633747,"{'table_obstacle': {'pos': [0.3825981920028062, 0.37518922255766707, 0.1646257963690813], 'size': [0.049837904948193595, 0.0813235869879147, 0.05243307039854257]}, 'pillar_obstacle': {'pos': [0.39994824830915515, -0.3824307480766307, 0.23470116647765446], 'size': [0.033663755439403885, 0.20172185302840845, 0.0]}, 'small_block': {'pos': [0.6140097595303955, -0.3535133918987863, 0.1097032402875184], 'size': [0.04461973939918376, 0.0849493067344041, 0.09534921802665242]}}"
3.712999999999702,0.48399926035541646,0.0,0.4,0.48104428156698137,-6.546110799790399e-08,0.39999703165344613,"{'table_obstacle': {'pos': [0.3825981920028062, 0.37518922255766707, 0.1646257963690813], 'size': [0.049837904948193595, 0.0813235869879147, 0.05243307039854257]}, 'pillar_obstacle': {'pos': [0.39994824830915515, -0.3824307480766307, 0.23470116647765446], 'size': [0.033663755439403885, 0.20172185302840845, 0.0]}, 'small_block': {'pos': [0.6140097595303955, -0.3535133918987863, 0.1097032402875184], 'size': [0.04461973939918376, 0.0849493067344041, 0.09534921802665242]}}"
3.713999999999702,0.48399926035541646,0.0,0.4,0.4810865008861162,-7.102271276843008e-08,0.3999970640481671,"{'table_obstacle': {'pos': [0.3825981920028062, 0.37518922255766707, 0.1646257963690813], 'size': [0.049837904948193595, 0.0813235869879147, 0.05243307039854257]}, 'pillar_obstacle': {'pos': [0.39994824830915515, -0.3824307480766307, 0.23470116647765446], 'size': [0.033663755439403885, 0.20172185302840845, 0.0]}, 'small_block': {'pos': [0.6140097595303955, -0.3535133918987863, 0.1097032402875184], 'size': [0.04461973939918376, 0.0849493067344041, 0.09534921802665242]}}"
3.714999999999702,0.48399926035541646,0.0,0.4,0.48112811742678724,-7.641662403432495e-08,0.39999709643272957,"{'table_obstacle': {'pos': [0.3825981920028062, 0.37518922255766707, 0.1646257963690813], 'size': [0.049837904948193595, 0.0813235869879147, 0.05243307039854257]}, 'pillar_obstacle': {'pos': [0.39994824830915515, -0.3824307480766307, 0.23470116647765446], 'size': [0.033663755439403885, 0.20172185302840845, 0.0]}, 'small_block': {'pos': [0.6140097595303955, -0.3535133918987863, 0.1097032402875184], 'size': [0.04461973939918376, 0.0849493067344041, 0.09534921802665242]}}"
3.7159999999997018,0.48399926035541646,0.0,0.4,0.4811691397601713,-8.164593095242273e-08,0.39999712879048815,"{'table_obstacle': {'pos': [0.3825981920028062, 0.37518922255766707, 0.1646257963690813], 'size': [0.049837904948193595, 0.0813235869879147, 0.05243307039854257]}, 'pillar_obstacle': {'pos': [0.39994824830915515, -0.3824307480766307, 0.23470116647765446], 'size': [0.033663755439403885, 0.20172185302840845, 0.0]}, 'small_block': {'pos': [0.6140097595303955, -0.3535133918987863, 0.1097032402875184], 'size': [0.04461973939918376, 0.0849493067344041, 0.09534921802665242]}}"
3.7169999999997017,0.48399926035541646,0.0,0.4,0.4812095763408921,-8.671376107735463e-08,0.39999716110582345,"{'table_obstacle': {'pos': [0.3825981920028062, 0.37518922255766707, 0.1646257963690813], 'size': [0.049837904948193595, 0.0813235869879147, 0.05243307039854257]}, 'pillar_obstacle': {'pos': [0.39994824830915515, -0.3824307480766307, 0.23470116647765446], 'size': [0.033663755439403885, 0.20172185302840845, 0.0]}, 'small_block': {'pos': [0.6140097595303955, -0.3535133918987863, 0.1097032402875184], 'size': [0.04461973939918376, 0.0849493067344041, 0.09534921802665242]}}"
3.7179999999997015,0.48399926035541646,0.0,0.4,0.4812494355076301,-9.162326198323289e-08,0.3999971933640589,"{'table_obstacle': {'pos': [0.3825981920028062, 0.37518922255766707, 0.1646257963690813], 'size': [0.049837904948193595, 0.0813235869879147, 0.05243307039854257]}, 'pillar_obstacle': {'pos': [0.39994824830915515, -0.3824307480766307, 0.23470116647765446], 'size': [0.033663755439403885, 0.20172185302840845, 0.0]}, 'small_block': {'pos': [0.6140097595303955, -0.3535133918987863, 0.1097032402875184], 'size': [0.04461973939918376, 0.0849493067344041, 0.09534921802665242]}}"
3.7189999999997014,0.48399926035541646,0.0,0.4,0.4812887254839141,-9.637758760693292e-08,0.3999972255513874,"{'table_obstacle': {'pos': [0.3825981920028062, 0.37518922255766707, 0.1646257963690813], 'size': [0.049837904948193595, 0.0813235869879147, 0.05243307039854257]}, 'pillar_obstacle': {'pos': [0.39994824830915515, -0.3824307480766307, 0.23470116647765446], 'size': [0.033663755439403885, 0.20172185302840845, 0.0]}, 'small_block': {'pos': [0.6140097595303955, -0.3535133918987863, 0.1097032402875184], 'size': [0.04461973939918376, 0.0849493067344041, 0.09534921802665242]}}"
3.7199999999997013,0.48399926035541646,0.0,0.4,0.4813274543790707,-1.009798871516363e-07,0.3999972576548063,"{'table_obstacle': {'pos': [0.3825981920028062, 0.37518922255766707, 0.1646257963690813], 'size': [0.049837904948193595, 0.0813235869879147, 0.05243307039854257]}, 'pillar_obstacle': {'pos': [0.39994824830915515, -0.3824307480766307, 0.23470116647765446], 'size': [0.033663755439403885, 0.20172185302840845, 0.0]}, 'small_block': {'pos': [0.6140097595303955, -0.3535133918987863, 0.1097032402875184], 'size': [0.04461973939918376, 0.0849493067344041, 0.09534921802665242]}}"
3.720999999999701,0.48399926035541646,0.0,0.4,0.48136563018928763,-1.0543329418452623e-07,0.3999972896620615,"{'table_obstacle': {'pos': [0.3825981920028062, 0.37518922255766707, 0.1646257963690813], 'size': [0.049837904948193595, 0.0813235869879147, 0.05243307039854257]}, 'pillar_obstacle': {'pos': [0.39994824830915515, -0.3824307480766307, 0.23470116647765446], 'size': [0.033663755439403885, 0.20172185302840845, 0.0]}, 'small_block': {'pos': [0.6140097595303955, -0.3535133918987863, 0.1097032402875184], 'size': [0.04461973939918376, 0.0849493067344041, 0.09534921802665242]}}"
3.721999999999701,0.48399926035541646,0.0,0.4,0.48140326079876705,-1.0974092086592912e-07,0.3999973215615983,"{'table_obstacle': {'pos': [0.3825981920028062, 0.37518922255766707, 0.1646257963690813], 'size': [0.049837904948193595, 0.0813235869879147, 0.05243307039854257]}, 'pillar_obstacle': {'pos': [0.39994824830915515, -0.3824307480766307, 0.23470116647765446], 'size': [0.033663755439403885, 0.20172185302840845, 0.0]}, 'small_block': {'pos': [0.6140097595303955, -0.3535133918987863, 0.1097032402875184], 'size': [0.04461973939918376, 0.0849493067344041, 0.09534921802665242]}}"
3.722999999999701,0.48399926035541646,0.0,0.4,0.48144035398095175,-1.1390584999946138e-07,0.3999973533425166,"{'table_obstacle': {'pos': [0.3825981920028062, 0.37518922255766707, 0.1646257963690813], 'size': [0.049837904948193595, 0.0813235869879147, 0.05243307039854257]}, 'pillar_obstacle': {'pos': [0.39994824830915515, -0.3824307480766307, 0.23470116647765446], 'size': [0.033663755439403885, 0.20172185302840845, 0.0]}, 'small_block': {'pos': [0.6140097595303955, -0.3535133918987863, 0.1097032402875184], 'size': [0.04461973939918376, 0.0849493067344041, 0.09534921802665242]}}"
3.723999999999701,0.48399926035541646,0.0,0.4,0.48147691739980014,-1.1793113129820916e-07,0.3999973849945317,"{'table_obstacle': {'pos': [0.3825981920028062, 0.37518922255766707, 0.1646257963690813], 'size': [0.049837904948193595, 0.0813235869879147, 0.05243307039854257]}, 'pillar_obstacle': {'pos': [0.39994824830915515, -0.3824307480766307, 0.23470116647765446], 'size': [0.033663755439403885, 0.20172185302840845, 0.0]}, 'small_block': {'pos': [0.6140097595303955, -0.3535133918987863, 0.1097032402875184], 'size': [0.04461973939918376, 0.0849493067344041, 0.09534921802665242]}}"
3.7249999999997008,0.48399926035541646,0.0,0.4,0.4815129586111029,-1.218197775517402e-07,0.3999974165079387,"{'table_obstacle': {'pos': [0.3825981920028062, 0.37518922255766707, 0.1646257963690813], 'size': [0.049837904948193595, 0.0813235869879147, 0.05243307039854257]}, 'pillar_obstacle': {'pos': [0.39994824830915515, -0.3824307480766307, 0.23470116647765446], 'size': [0.033663755439403885, 0.20172185302840845, 0.0]}, 'small_block': {'pos': [0.6140097595303955, -0.3535133918987863, 0.1097032402875184], 'size': [0.04461973939918376, 0.0849493067344041, 0.09534921802665242]}}"
3.7259999999997007,0.48399926035541646,0.0,0.4,0.4815484850638227,-1.2557476081869907e-07,0.39999744787358127,"{'table_obstacle': {'pos': [0.3825981920028062, 0.37518922255766707, 0.1646257963690813], 'size': [0.049837904948193595, 0.0813235869879147, 0.05243307039854257]}, 'pillar_obstacle': {'pos': [0.39994824830915515, -0.3824307480766307, 0.23470116647765446], 'size': [0.033663755439403885, 0.20172185302840845, 0.0]}, 'small_block': {'pos': [0.6140097595303955, -0.3535133918987863, 0.1097032402875184], 'size': [0.04461973939918376, 0.0849493067344041, 0.09534921802665242]}}"
3.7269999999997006,0.48399926035541646,0.0,0.4,0.48158350410145523,-1.2919901008220643e-07,0.39999747908282207,"{'table_obstacle': {'pos': [0.3825981920028062, 0.37518922255766707, 0.1646257963690813], 'size': [0.049837904948193595, 0.0813235869879147, 0.05243307039854257]}, 'pillar_obstacle': {'pos': [0.39994824830915515, -0.3824307480766307, 0.23470116647765446], 'size': [0.033663755439403885, 0.20172185302840845, 0.0]}, 'small_block': {'pos': [0.6140097595303955, -0.3535133918987863, 0.1097032402875184], 'size': [0.04461973939918376, 0.0849493067344041, 0.09534921802665242]}}"
3.7279999999997004,0.48399926035541646,0.0,0.4,0.48161802296340067,-1.3269541087747723e-07,0.3999975101275176,"{'table_obstacle': {'pos': [0.3825981920028062, 0.37518922255766707, 0.1646257963690813], 'size': [0.049837904948193595, 0.0813235869879147, 0.05243307039854257]}, 'pillar_obstacle': {'pos': [0.39994824830915515, -0.3824307480766307, 0.23470116647765446], 'size': [0.033663755439403885, 0.20172185302840845, 0.0]}, 'small_block': {'pos': [0.6140097595303955, -0.3535133918987863, 0.1097032402875184], 'size': [0.04461973939918376, 0.0849493067344041, 0.09534921802665242]}}"
3.7289999999997003,0.48399926035541646,0.0,0.4,0.48165204878633744,-1.3606680215354287e-07,0.39999754099999263,"{'table_obstacle': {'pos': [0.3825981920028062, 0.37518922255766707, 0.1646257963690813], 'size': [0.049837904948193595, 0.0813235869879147, 0.05243307039854257]}, 'pillar_obstacle': {'pos': [0.39994824830915515, -0.3824307480766307, 0.23470116647765446], 'size': [0.033663755439403885, 0.20172185302840845, 0.0]}, 'small_block': {'pos': [0.6140097595303955, -0.3535133918987863, 0.1097032402875184], 'size': [0.04461973939918376, 0.0849493067344041, 0.09534921802665242]}}"
3.7299999999997,0.48399926035541646,0.0,0.4,0.48168558860559957,-1.393159762721032e-07,0.39999757169301814,"{'table_obstacle': {'pos': [0.3825981920028062, 0.37518922255766707, 0.1646257963690813], 'size': [0.049837904948193595, 0.0813235869879147, 0.05243307039854257]}, 'pillar_obstacle': {'pos': [0.39994824830915515, -0.3824307480766307, 0.23470116647765446], 'size': [0.033663755439403885, 0.20172185302840845, 0.0]}, 'small_block': {'pos': [0.6140097595303955, -0.3535133918987863, 0.1097032402875184], 'size': [0.04461973939918376, 0.0849493067344041, 0.09534921802665242]}}"
3.7309999999997,0.48399926035541646,0.0,0.4,0.48171864935654807,-1.4244567896272418e-07,0.3999976021997926,"{'table_obstacle': {'pos': [0.3825981920028062, 0.37518922255766707, 0.1646257963690813], 'size': [0.049837904948193595, 0.0813235869879147, 0.05243307039854257]}, 'pillar_obstacle': {'pos': [0.39994824830915515, -0.3824307480766307, 0.23470116647765446], 'size': [0.033663755439403885, 0.20172185302840845, 0.0]}, 'small_block': {'pos': [0.6140097595303955, -0.3535133918987863, 0.1097032402875184], 'size': [0.04461973939918376, 0.0849493067344041, 0.09534921802665242]}}"
3.7319999999997,0.48399926035541646,0.0,0.4,0.4817512378759362,-1.4545860749658223e-07,0.39999763251391995,"{'table_obstacle': {'pos': [0.3825981920028062, 0.37518922255766707, 0.1646257963690813], 'size': [0.049837904948193595, 0.0813235869879147, 0.05243307039854257]}, 'pillar_obstacle': {'pos': [0.39994824830915515, -0.3824307480766307, 0.23470116647765446], 'size': [0.033663755439403885, 0.20172185302840845, 0.0]}, 'small_block': {'pos': [0.6140097595303955, -0.3535133918987863, 0.1097032402875184], 'size': [0.04461973939918376, 0.0849493067344041, 0.09534921802665242]}}"
3.7329999999997,0.48399926035541646,0.0,0.4,0.48178336090326734,-1.4835741217346546e-07,0.3999976626293937,"{'table_obstacle': {'pos': [0.3825981920028062, 0.37518922255766707, 0.1646257963690813], 'size': [0.049837904948193595, 0.0813235869879147, 0.05243307039854257]}, 'pillar_obstacle': {'pos': [0.39994824830915515, -0.3824307480766307, 0.23470116647765446], 'size': [0.033663755439403885, 0.20172185302840845, 0.0]}, 'small_block': {'pos': [0.6140097595303955, -0.3535133918987863, 0.1097032402875184], 'size': [0.04461973939918376, 0.0849493067344041, 0.09534921802665242]}}"
3.7339999999997,0.48399926035541646,0.0,0.4,0.4818150250821415,-1.5114469526605773e-07,0.3999976925405796,"{'table_obstacle': {'pos': [0.3825981920028062, 0.37518922255766707, 0.1646257963690813], 'size': [0.049837904948193595, 0.0813235869879147, 0.05243307039854257]}, 'pillar_obstacle': {'pos': [0.39994824830915515, -0.3824307480766307, 0.23470116647765446], 'size': [0.033663755439403885, 0.20172185302840845, 0.0]}, 'small_block': {'pos': [0.6140097595303955, -0.3535133918987863, 0.1097032402875184], 'size': [0.04461973939918376, 0.0849493067344041, 0.09534921802665242]}}"
3.7349999999996997,0.48399926035541646,0.0,0.4,0.4818462369615873,-1.5382301140043046e-07,0.3999977222421994,"{'table_obstacle': {'pos': [0.3825981920028062, 0.37518922255766707, 0.1646257963690813], 'size': [0.049837904948193595, 0.0813235869879147, 0.05243307039854257]}, 'pillar_obstacle': {'pos': [0.39994824830915515, -0.3824307480766307, 0.23470116647765446], 'size': [0.033663755439403885, 0.20172185302840845, 0.0]}, 'small_block': {'pos': [0.6140097595303955, -0.3535133918987863, 0.1097032402875184], 'size': [0.04461973939918376, 0.0849493067344041, 0.09534921802665242]}}"
3.7359999999996996,0.48399926035541646,0.0,0.4,0.48187700299738456,-1.5639486856334556e-07,0.3999977517293163,"{'table_obstacle': {'pos': [0.3825981920028062, 0.37518922255766707, 0.1646257963690813], 'size': [0.049837904948193595, 0.0813235869879147, 0.05243307039854257]}, 'pillar_obstacle': {'pos': [0.39994824830915515, -0.3824307480766307, 0.23470116647765446], 'size': [0.033663755439403885, 0.20172185302840845, 0.0]}, 'small_block': {'pos': [0.6140097595303955, -0.3535133918987863, 0.1097032402875184], 'size': [0.04461973939918376, 0.0849493067344041, 0.09534921802665242]}}"
3.7369999999996995,0.48399926035541646,0.0,0.4,0.48190732955336985,-1.5886272741225567e-07,0.39999778099732075,"{'table_obstacle': {'pos': [0.3825981920028062, 0.37518922255766707, 0.1646257963690813], 'size': [0.049837904948193595, 0.0813235869879147, 0.05243307039854257]}, 'pillar_obstacle': {'pos': [0.39994824830915515, -0.3824307480766307, 0.23470116647765446], 'size': [0.033663755439403885, 0.20172185302840845, 0.0]}, 'small_block': {'pos': [0.6140097595303955, -0.3535133918987863, 0.1097032402875184], 'size': [0.04461973939918376, 0.0849493067344041, 0.09534921802665242]}}"
3.7379999999996993,0.48399926035541646,0.0,0.4,0.48193722290272867,-1.612290027583009e-07,0.39999781004191687,"{'table_obstacle': {'pos': [0.3825981920028062, 0.37518922255766707, 0.1646257963690813], 'size': [0.049837904948193595, 0.0813235869879147, 0.05243307039854257]}, 'pillar_obstacle': {'pos': [0.39994824830915515, -0.3824307480766307, 0.23470116647765446], 'size': [0.033663755439403885, 0.20172185302840845, 0.0]}, 'small_block': {'pos': [0.6140097595303955, -0.3535133918987863, 0.1097032402875184], 'size': [0.04461973939918376, 0.0849493067344041, 0.09534921802665242]}}"
3.7389999999996992,0.48399926035541646,0.0,0.4,0.4819666892292713,-1.6349606342665763e-07,0.3999978388591097,"{'table_obstacle': {'pos': [0.3825981920028062, 0.37518922255766707, 0.1646257963690813], 'size': [0.049837904948193595, 0.0813235869879147, 0.05243307039854257]}, 'pillar_obstacle': {'pos': [0.39994824830915515, -0.3824307480766307, 0.23470116647765446], 'size': [0.033663755439403885, 0.20172185302840845, 0.0]}, 'small_block': {'pos': [0.6140097595303955, -0.3535133918987863, 0.1097032402875184], 'size': [0.04461973939918376, 0.0849493067344041, 0.09534921802665242]}}"
3.739999999999699,0.48799923625928343,0.0,0.4,0.4819957346286933,-1.656662326330353e-07,0.39999786744519256,"{'table_obstacle': {'pos': [0.3825981920028062, 0.37518922255766707, 0.1646257963690813], 'size': [0.049837904948193595, 0.0813235869879147, 0.05243307039854257]}, 'pillar_obstacle': {'pos': [0.39994824830915515, -0.3824307480766307, 0.23470116647765446], 'size': [0.033663755439403885, 0.20172185302840845, 0.0]}, 'small_block': {'pos': [0.6140097595303955, -0.3535133918987863, 0.1097032402875184], 'size': [0.04461973939918376, 0.0849493067344041, 0.09534921802665242]}}"
3.740999999999699,0.48799923625928343,0.0,0.4,0.4820352174404921,-1.4634565413079033e-07,0.39999781221325975,"{'table_obstacle': {'pos': [0.3825981920028062, 0.37518922255766707, 0.1646257963690813], 'size': [0.049837904948193595, 0.0813235869879147, 0.05243307039854257]}, 'pillar_obstacle': {'pos': [0.39994824830915515, -0.3824307480766307, 0.23470116647765446], 'size': [0.033663755439403885, 0.20172185302840845, 0.0]}, 'small_block': {'pos': [0.6140097595303955, -0.3535133918987863, 0.1097032402875184], 'size': [0.04461973939918376, 0.0849493067344041, 0.09534921802665242]}}"
3.741999999999699,0.48799923625928343,0.0,0.4,0.482082926734999,-1.1437416575527837e-07,0.3999977048668929,"{'table_obstacle': {'pos': [0.3825981920028062, 0.37518922255766707, 0.1646257963690813], 'size': [0.049837904948193595, 0.0813235869879147, 0.05243307039854257]}, 'pillar_obstacle': {'pos': [0.39994824830915515, -0.3824307480766307, 0.23470116647765446], 'size': [0.033663755439403885, 0.20172185302840845, 0.0]}, 'small_block': {'pos': [0.6140097595303955, -0.3535133918987863, 0.1097032402875184], 'size': [0.04461973939918376, 0.0849493067344041, 0.09534921802665242]}}"
3.742999999999699,0.48799923625928343,0.0,0.4,0.4821370747375502,-7.596973569747345e-08,0.3999975679127643,"{'table_obstacle': {'pos': [0.3825981920028062, 0.37518922255766707, 0.1646257963690813], 'size': [0.049837904948193595, 0.0813235869879147, 0.05243307039854257]}, 'pillar_obstacle': {'pos': [0.39994824830915515, -0.3824307480766307, 0.23470116647765446], 'size': [0.033663755439403885, 0.20172185302840845, 0.0]}, 'small_block': {'pos': [0.6140097595303955, -0.3535133918987863, 0.1097032402875184], 'size': [0.04461973939918376, 0.0849493067344041, 0.09534921802665242]}}"
3.7439999999996987,0.48799923625928343,0.0,0.4,0.4821962164983636,-3.5411087610698304e-08,0.3999974170979647,"{'table_obstacle': {'pos': [0.3825981920028062, 0.37518922255766707, 0.1646257963690813], 'size': [0.049837904948193595, 0.0813235869879147, 0.05243307039854257]}, 'pillar_obstacle': {'pos': [0.39994824830915515, -0.3824307480766307, 0.23470116647765446], 'size': [0.033663755439403885, 0.20172185302840845, 0.0]}, 'small_block': {'pos': [0.6140097595303955, -0.3535133918987863, 0.1097032402875184], 'size': [0.04461973939918376, 0.0849493067344041, 0.09534921802665242]}}"
3.7449999999996986,0.48799923625928343,0.0,0.4,0.4822591847721537,4.4456669609575485e-09,0.3999972632202352,"{'table_obstacle': {'pos': [0.3825981920028062, 0.37518922255766707, 0.1646257963690813], 'size': [0.049837904948193595, 0.0813235869879147, 0.05243307039854257]}, 'pillar_obstacle': {'pos': [0.39994824830915515, -0.3824307480766307, 0.23470116647765446], 'size': [0.033663755439403885, 0.20172185302840845, 0.0]}, 'small_block': {'pos': [0.6140097595303955, -0.3535133918987863, 0.1097032402875184], 'size': [0.04461973939918376, 0.0849493067344041, 0.09534921802665242]}}"
3.7459999999996985,0.48799923625928343,0.0,0.4,0.48232503723926023,4.1777615240320385e-08,0.3999971134732508,"{'table_obstacle': {'pos': [0.3825981920028062, 0.37518922255766707, 0.1646257963690813], 'size': [0.049837904948193595, 0.0813235869879147, 0.05243307039854257]}, 'pillar_obstacle': {'pos': [0.39994824830915515, -0.3824307480766307, 0.23470116647765446], 'size': [0.033663755439403885, 0.20172185302840845, 0.0]}, 'small_block': {'pos': [0.6140097595303955, -0.3535133918987863, 0.1097032402875184], 'size': [0.04461973939918376, 0.0849493067344041, 0.09534921802665242]}}"
3.7469999999996983,0.48799923625928343,0.0,0.4,0.48239301373687965,7.550292626212842e-08,0.3999969724459352,"{'table_obstacle': {'pos': [0.3825981920028062, 0.37518922255766707, 0.1646257963690813], 'size': [0.049837904948193595, 0.0813235869879147, 0.05243307039854257]}, 'pillar_obstacle': {'pos': [0.39994824830915515, -0.3824307480766307, 0.23470116647765446], 'size': [0.033663755439403885, 0.20172185302840845, 0.0]}, 'small_block': {'pos': [0.6140097595303955, -0.3535133918987863, 0.1097032402875184], 'size': [0.04461973939918376, 0.0849493067344041, 0.09534921802665242]}}"
3.7479999999996982,0.48799923625928343,0.0,0.4,0.482462501606757,1.0506294711497109e-07,0.39999684286365067,"{'table_obstacle': {'pos': [0.3825981920028062, 0.37518922255766707, 0.1646257963690813], 'size': [0.049837904948193595, 0.0813235869879147, 0.05243307039854257]}, 'pillar_obstacle': {'pos': [0.39994824830915515, -0.3824307480766307, 0.23470116647765446], 'size': [0.033663755439403885, 0.20172185302840845, 0.0]}, 'small_block': {'pos': [0.6140097595303955, -0.3535133918987863, 0.1097032402875184], 'size': [0.04461973939918376, 0.0849493067344041, 0.09534921802665242]}}"
3.748999999999698,0.48799923625928343,0.0,0.4,0.4825330076222069,1.3026073852089748e-07,0.39999672613643866,"{'table_obstacle': {'pos': [0.3825981920028062, 0.37518922255766707, 0.1646257963690813], 'size': [0.049837904948193595, 0.0813235869879147, 0.05243307039854257]}, 'pillar_obstacle': {'pos': [0.39994824830915515, -0.3824307480766307, 0.23470116647765446], 'size': [0.033663755439403885, 0.20172185302840845, 0.0]}, 'small_block': {'pos': [0.6140097595303955, -0.3535133918987863, 0.1097032402875184], 'size': [0.04461973939918376, 0.0849493067344041, 0.09534921802665242]}}"
3.749999999999698,0.48799923625928343,0.0,0.4,0.4826041352473299,1.511423826485906e-07,0.39999662276290937,"{'table_obstacle': {'pos': [0.3825981920028062, 0.37518922255766707, 0.1646257963690813], 'size': [0.049837904948193595, 0.0813235869879147, 0.05243307039854257]}, 'pillar_obstacle': {'pos': [0.39994824830915515, -0.3824307480766307, 0.23470116647765446], 'size': [0.033663755439403885, 0.20172185302840845, 0.0]}, 'small_block': {'pos': [0.6140097595303955, -0.3535133918987863, 0.1097032402875184], 'size': [0.04461973939918376, 0.0849493067344041, 0.09534921802665242]}}"
3.750999999999698,0.48799923625928343,0.0,0.4,0.4826755662169701,1.679105713145321e-07,0.39999653262613244,"{'table_obstacle': {'pos': [0.3825981920028062, 0.37518922255766707, 0.1646257963690813], 'size': [0.049837904948193595, 0.0813235869879147, 0.05243307039854257]}, 'pillar_obstacle': {'pos': [0.39994824830915515, -0.3824307480766307, 0.23470116647765446], 'size': [0.033663755439403885, 0.20172185302840845, 0.0]}, 'small_block': {'pos': [0.6140097595303955, -0.3535133918987863, 0.1097032402875184], 'size': [0.04461973939918376, 0.0849493067344041, 0.09534921802665242]}}"
3.751999999999698,0.48799923625928343,0.0,0.4,0.4827470456173553,1.8086244456369428e-07,0.3999964552088067,"{'table_obstacle': {'pos': [0.3825981920028062, 0.37518922255766707, 0.1646257963690813], 'size': [0.049837904948193595, 0.0813235869879147, 0.05243307039854257]}, 'pillar_obstacle': {'pos': [0.39994824830915515, -0.3824307480766307, 0.23470116647765446], 'size': [0.033663755439403885, 0.20172185302840845, 0.0]}, 'small_block': {'pos': [0.6140097595303955, -0.3535133918987863, 0.1097032402875184], 'size': [0.04461973939918376, 0.0849493067344041, 0.09534921802665242]}}"
3.7529999999996977,0.48799923625928343,0.0,0.4,0.48281836980271253,1.9034554680515733e-07,0.3999963897482129,"{'table_obstacle': {'pos': [0.3825981920028062, 0.37518922255766707, 0.1646257963690813], 'size': [0.049837904948193595, 0.0813235869879147, 0.05243307039854257]}, 'pillar_obstacle': {'pos': [0.39994824830915515, -0.3824307480766307, 0.23470116647765446], 'size': [0.033663755439403885, 0.20172185302840845, 0.0]}, 'small_block': {'pos': [0.6140097595303955, -0.3535133918987863, 0.1097032402875184], 'size': [0.04461973939918376, 0.0849493067344041, 0.09534921802665242]}}"
3.7539999999996976,0.48799923625928343,0.0,0.4,0.4828893766091694,1.967272278293827e-07,0.3999963353463834,"{'table_obstacle': {'pos': [0.3825981920028062, 0.37518922255766707, 0.1646257963690813], 'size': [0.049837904948193595, 0.0813235869879147, 0.05243307039854257]}, 'pillar_obstacle': {'pos': [0.39994824830915515, -0.3824307480766307, 0.23470116647765446], 'size': [0.033663755439403885, 0.20172185302840845, 0.0]}, 'small_block': {'pos': [0.6140097595303955, -0.3535133918987863, 0.1097032402875184], 'size': [0.04461973939918376, 0.0849493067344041, 0.09534921802665242]}}"
3.7549999999996975,0.48799923625928343,0.0,0.4,0.4829599374294629,2.0037394834555904e-07,0.39999629104710593,"{'table_obstacle': {'pos': [0.3825981920028062, 0.37518922255766707, 0.1646257963690813], 'size': [0.049837904948193595, 0.0813235869879147, 0.05243307039854257]}, 'pillar_obstacle': {'pos': [0.39994824830915515, -0.3824307480766307, 0.23470116647765446], 'size': [0.033663755439403885, 0.20172185302840845, 0.0]}, 'small_block': {'pos': [0.6140097595303955, -0.3535133918987863, 0.1097032402875184], 'size': [0.04461973939918376, 0.0849493067344041, 0.09534921802665242]}}"
3.7559999999996974,0.48799923625928343,0.0,0.4,0.48302995079482014,2.0163781333852832e-07,0.39999625588850424,"{'table_obstacle': {'pos': [0.3825981920028062, 0.37518922255766707, 0.1646257963690813], 'size': [0.049837904948193595, 0.0813235869879147, 0.05243307039854257]}, 'pillar_obstacle': {'pos': [0.39994824830915515, -0.3824307480766307, 0.23470116647765446], 'size': [0.033663755439403885, 0.20172185302840845, 0.0]}, 'small_block': {'pos': [0.6140097595303955, -0.3535133918987863, 0.1097032402875184], 'size': [0.04461973939918376, 0.0849493067344041, 0.09534921802665242]}}"
3.7569999999996972,0.48799923625928343,0.0,0.4,0.4830993371775461,2.008483169817257e-07,0.3999962289377627,"{'table_obstacle': {'pos': [0.3825981920028062, 0.37518922255766707, 0.1646257963690813], 'size': [0.049837904948193595, 0.0813235869879147, 0.05243307039854257]}, 'pillar_obstacle': {'pos': [0.39994824830915515, -0.3824307480766307, 0.23470116647765446], 'size': [0.033663755439403885, 0.20172185302840845, 0.0]}, 'small_block': {'pos': [0.6140097595303955, -0.3535133918987863, 0.1097032402875184], 'size': [0.04461973939918376, 0.0849493067344041, 0.09534921802665242]}}"
3.757999999999697,0.48799923625928343,0.0,0.4,0.483168034782264,1.9830779461097458e-07,0.3999962093129191,"{'table_obstacle': {'pos': [0.3825981920028062, 0.37518922255766707, 0.1646257963690813], 'size': [0.049837904948193595, 0.0813235869879147, 0.05243307039854257]}, 'pillar_obstacle': {'pos': [0.39994824830915515, -0.3824307480766307, 0.23470116647765446], 'size': [0.033663755439403885, 0.20172185302840845, 0.0]}, 'small_block': {'pos': [0.6140097595303955, -0.3535133918987863, 0.1097032402875184], 'size': [0.04461973939918376, 0.0849493067344041, 0.09534921802665242]}}"
3.758999999999697,0.48799923625928343,0.0,0.4,0.4832359961378498,1.9428946285006674e-07,0.39999619619540466,"{'table_obstacle': {'pos': [0.3825981920028062, 0.37518922255766707, 0.1646257963690813], 'size': [0.049837904948193595, 0.0813235869879147, 0.05243307039854257]}, 'pillar_obstacle': {'pos': [0.39994824830915515, -0.3824307480766307, 0.23470116647765446], 'size': [0.033663755439403885, 0.20172185302840845, 0.0]}, 'small_block': {'pos': [0.6140097595303955, -0.3535133918987863, 0.1097032402875184], 'size': [0.04461973939918376, 0.0849493067344041, 0.09534921802665242]}}"
3.759999999999697,0.48799923625928343,0.0,0.4,0.48330318533783184,1.890372176343422e-07,0.39999618883606664,"{'table_obstacle': {'pos': [0.3825981920028062, 0.37518922255766707, 0.1646257963690813], 'size': [0.049837904948193595, 0.0813235869879147, 0.05243307039854257]}, 'pillar_obstacle': {'pos': [0.39994824830915515, -0.3824307480766307, 0.23470116647765446], 'size': [0.033663755439403885, 0.20172185302840845, 0.0]}, 'small_block': {'pos': [0.6140097595303955, -0.3535133918987863, 0.1097032402875184], 'size': [0.04461973939918376, 0.0849493067344041, 0.09534921802665242]}}"
3.760999999999697,0.48799923625928343,0.0,0.4,0.48336957580595163,1.8276659152947393e-07,0.3999961865567015,"{'table_obstacle': {'pos': [0.3825981920028062, 0.37518922255766707, 0.1646257963690813], 'size': [0.049837904948193595, 0.0813235869879147, 0.05243307039854257]}, 'pillar_obstacle': {'pos': [0.39994824830915515, -0.3824307480766307, 0.23470116647765446], 'size': [0.033663755439403885, 0.20172185302840845, 0.0]}, 'small_block': {'pos': [0.6140097595303955, -0.3535133918987863, 0.1097032402875184], 'size': [0.04461973939918376, 0.0849493067344041, 0.09534921802665242]}}"
3.7619999999996967,0.48799923625928343,0.0,0.4,0.48343514848703706,1.7566642738785442e-07,0.3999961887485807,"{'table_obstacle': {'pos': [0.3825981920028062, 0.37518922255766707, 0.1646257963690813], 'size': [0.049837904948193595, 0.0813235869879147, 0.05243307039854257]}, 'pillar_obstacle': {'pos': [0.39994824830915515, -0.3824307480766307, 0.23470116647765446], 'size': [0.033663755439403885, 0.20172185302840845, 0.0]}, 'small_block': {'pos': [0.6140097595303955, -0.3535133918987863, 0.1097032402875184], 'size': [0.04461973939918376, 0.0849493067344041, 0.09534921802665242]}}"
3.7629999999996966,0.48799923625928343,0.0,0.4,0.48349989038230917,1.6790096270465312e-07,0.3999961948690559,"{'table_obstacle': {'pos': [0.3825981920028062, 0.37518922255766707, 0.1646257963690813], 'size': [0.049837904948193595, 0.0813235869879147, 0.05243307039854257]}, 'pillar_obstacle': {'pos': [0.39994824830915515, -0.3824307480766307, 0.23470116647765446], 'size': [0.033663755439403885, 0.20172185302840845, 0.0]}, 'small_block': {'pos': [0.6140097595303955, -0.3535133918987863, 0.1097032402875184], 'size': [0.04461973939918376, 0.0849493067344041, 0.09534921802665242]}}"
3.7639999999996965,0.48799923625928343,0.0,0.4,0.4835637933636314,1.5961209944787185e-07,0.3999962044370202,"{'table_obstacle': {'pos': [0.3825981920028062, 0.37518922255766707, 0.1646257963690813], 'size': [0.049837904948193595, 0.0813235869879147, 0.05243307039854257]}, 'pillar_obstacle': {'pos': [0.39994824830915515, -0.3824307480766307, 0.23470116647765446], 'size': [0.033663755439403885, 0.20172185302840845, 0.0]}, 'small_block': {'pos': [0.6140097595303955, -0.3535133918987863, 0.1097032402875184], 'size': [0.04461973939918376, 0.0849493067344041, 0.09534921802665242]}}"
3.7649999999996964,0.48799923625928343,0.0,0.4,0.4836268532136585,1.5092171643999755e-07,0.3999962170277773,"{'table_obstacle': {'pos': [0.3825981920028062, 0.37518922255766707, 0.1646257963690813], 'size': [0.049837904948193595, 0.0813235869879147, 0.05243307039854257]}, 'pillar_obstacle': {'pos': [0.39994824830915515, -0.3824307480766307, 0.23470116647765446], 'size': [0.033663755439403885, 0.20172185302840845, 0.0]}, 'small_block': {'pos': [0.6140097595303955, -0.3535133918987863, 0.1097032402875184], 'size': [0.04461973939918376, 0.0849493067344041, 0.09534921802665242]}}"
3.7659999999996963,0.48799923625928343,0.0,0.4,0.4836890688489271,1.4193392005409698e-07,0.3999962322677047,"{'table_obstacle': {'pos': [0.3825981920028062, 0.37518922255766707, 0.1646257963690813], 'size': [0.049837904948193595, 0.0813235869879147, 0.05243307039854257]}, 'pillar_obstacle': {'pos': [0.39994824830915515, -0.3824307480766307, 0.23470116647765446], 'size': [0.033663755439403885, 0.20172185302840845, 0.0]}, 'small_block': {'pos': [0.6140097595303955, -0.3535133918987863, 0.1097032402875184], 'size': [0.04461973939918376, 0.0849493067344041, 0.09534921802665242]}}"
3.766999999999696,0.48799923625928343,0.0,0.4,0.4837504416911041,1.327371732807351e-07,0.3999962498289667,"{'table_obstacle': {'pos': [0.3825981920028062, 0.37518922255766707, 0.1646257963690813], 'size': [0.049837904948193595, 0.0813235869879147, 0.05243307039854257]}, 'pillar_obstacle': {'pos': [0.39994824830915515, -0.3824307480766307, 0.23470116647765446], 'size': [0.033663755439403885, 0.20172185302840845, 0.0]}, 'small_block': {'pos': [0.6140097595303955, -0.3535133918987863, 0.1097032402875184], 'size': [0.04461973939918376, 0.0849493067344041, 0.09534921802665242]}}"
3.767999999999696,0.48799923625928343,0.0,0.4,0.4838109751582132,1.2340626702059857e-07,0.39999626942445154,"{'table_obstacle': {'pos': [0.3825981920028062, 0.37518922255766707, 0.1646257963690813], 'size': [0.049837904948193595, 0.0813235869879147, 0.05243307039854257]}, 'pillar_obstacle': {'pos': [0.39994824830915515, -0.3824307480766307, 0.23470116647765446], 'size': [0.033663755439403885, 0.20172185302840845, 0.0]}, 'small_block': {'pos': [0.6140097595303955, -0.3535133918987863, 0.1097032402875184], 'size': [0.04461973939918376, 0.0849493067344041, 0.09534921802665242]}}"
3.768999999999696,0.48799923625928343,0.0,0.4,0.4838706742530312,1.1400411452070867e-07,0.3999962908030306,"{'table_obstacle': {'pos': [0.3825981920028062, 0.37518922255766707, 0.1646257963690813], 'size': [0.049837904948193595, 0.0813235869879147, 0.05243307039854257]}, 'pillar_obstacle': {'pos': [0.39994824830915515, -0.3824307480766307, 0.23470116647765446], 'size': [0.033663755439403885, 0.20172185302840845, 0.0]}, 'small_block': {'pos': [0.6140097595303955, -0.3535133918987863, 0.1097032402875184], 'size': [0.04461973939918376, 0.0849493067344041, 0.09534921802665242]}}"
3.769999999999696,0.48799923625928343,0.0,0.4,0.4839295452301683,1.045833645544384e-07,0.3999963137451989,"{'table_obstacle': {'pos': [0.3825981920028062, 0.37518922255766707, 0.1646257963690813], 'size': [0.049837904948193595, 0.0813235869879147, 0.05243307039854257]}, 'pillar_obstacle': {'pos': [0.39994824830915515, -0.3824307480766307, 0.23470116647765446], 'size': [0.033663755439403885, 0.20172185302840845, 0.0]}, 'small_block': {'pos': [0.6140097595303955, -0.3535133918987863, 0.1097032402875184], 'size': [0.04461973939918376, 0.0849493067344041, 0.09534921802665242]}}"
3.7709999999996957,0.48799923625928343,0.0,0.4,0.4839875953268709,9.51878367884737e-08,0.39999633805912044,"{'table_obstacle': {'pos': [0.3825981920028062, 0.37518922255766707, 0.1646257963690813], 'size': [0.049837904948193595, 0.0813235869879147, 0.05243307039854257]}, 'pillar_obstacle': {'pos': [0.39994824830915515, -0.3824307480766307, 0.23470116647765446], 'size': [0.033663755439403885, 0.20172185302840845, 0.0]}, 'small_block': {'pos': [0.6140097595303955, -0.3535133918987863, 0.1097032402875184], 'size': [0.04461973939918376, 0.0849493067344041, 0.09534921802665242]}}"
3.7719999999996956,0.48799923625928343,0.0,0.4,0.48404483254543335,8.585378828364036e-08,0.3999963635770782,"{'table_obstacle': {'pos': [0.3825981920028062, 0.37518922255766707, 0.1646257963690813], 'size': [0.049837904948193595, 0.0813235869879147, 0.05243307039854257]}, 'pillar_obstacle': {'pos': [0.39994824830915515, -0.3824307480766307, 0.23470116647765446], 'size': [0.033663755439403885, 0.20172185302840845, 0.0]}, 'small_block': {'pos': [0.6140097595303955, -0.3535133918987863, 0.1097032402875184], 'size': [0.04461973939918376, 0.0849493067344041, 0.09534921802665242]}}"
3.7729999999996955,0.48799923625928343,0.0,0.4,0.4841012654773913,7.661102219709457e-08,0.3999963901523178,"{'table_obstacle': {'pos': [0.3825981920028062, 0.37518922255766707, 0.1646257963690813], 'size': [0.049837904948193595, 0.0813235869879147, 0.05243307039854257]}, 'pillar_obstacle': {'pos': [0.39994824830915515, -0.3824307480766307, 0.23470116647765446], 'size': [0.033663755439403885, 0.20172185302840845, 0.0]}, 'small_block': {'pos': [0.6140097595303955, -0.3535133918987863, 0.1097032402875184], 'size': [0.04461973939918376, 0.0849493067344041, 0.09534921802665242]}}"
3.7739999999996954,0.48799923625928343,0.0,0.4,0.48415690316155874,6.748385303180742e-08,0.3999964176562578,"{'table_obstacle': {'pos': [0.3825981920028062, 0.37518922255766707, 0.1646257963690813], 'size': [0.049837904948193595, 0.0813235869879147, 0.05243307039854257]}, 'pillar_obstacle': {'pos': [0.39994824830915515, -0.3824307480766307, 0.23470116647765446], 'size': [0.033663755439403885, 0.20172185302840845, 0.0]}, 'small_block': {'pos': [0.6140097595303955, -0.3535133918987863, 0.1097032402875184], 'size': [0.04461973939918376, 0.0849493067344041, 0.09534921802665242]}}"
3.7749999999996953,0.48799923625928343,0.0,0.4,0.48421175496946617,5.84919427609308e-08,0.3999964459760434,"{'table_obstacle': {'pos': [0.3825981920028062, 0.37518922255766707, 0.1646257963690813], 'size': [0.049837904948193595, 0.0813235869879147, 0.05243307039854257]}, 'pillar_obstacle': {'pos': [0.39994824830915515, -0.3824307480766307, 0.23470116647765446], 'size': [0.033663755439403885, 0.20172185302840845, 0.0]}, 'small_block': {'pos': [0.6140097595303955, -0.3535133918987863, 0.1097032402875184], 'size': [0.04461973939918376, 0.0849493067344041, 0.09534921802665242]}}"
3.775999999999695,0.48799923625928343,0.0,0.4,0.48426583051298483,4.965102090773074e-08,0.3999964750124087,"{'table_obstacle': {'pos': [0.3825981920028062, 0.37518922255766707, 0.1646257963690813], 'size': [0.049837904948193595, 0.0813235869879147, 0.05243307039854257]}, 'pillar_obstacle': {'pos': [0.39994824830915515, -0.3824307480766307, 0.23470116647765446], 'size': [0.033663755439403885, 0.20172185302840845, 0.0]}, 'small_block': {'pos': [0.6140097595303955, -0.3535133918987863, 0.1097032402875184], 'size': [0.04461973939918376, 0.0849493067344041, 0.09534921802665242]}}"
3.776999999999695,0.48799923625928343,0.0,0.4,0.48431913956991934,4.097350373597779e-08,0.3999965046778196,"{'table_obstacle': {'pos': [0.3825981920028062, 0.37518922255766707, 0.1646257963690813], 'size': [0.049837904948193595, 0.0813235869879147, 0.05243307039854257]}, 'pillar_obstacle': {'pos': [0.39994824830915515, -0.3824307480766307, 0.23470116647765446], 'size': [0.033663755439403885, 0.20172185302840845, 0.0]}, 'small_block': {'pos': [0.6140097595303955, -0.3535133918987863, 0.1097032402875184], 'size': [0.04461973939918376, 0.0849493067344041, 0.09534921802665242]}}"
3.777999999999695,0.48799923625928343,0.0,0.4,0.484371692024142,3.24690227522328e-08,0.39999653489486436,"{'table_obstacle': {'pos': [0.3825981920028062, 0.37518922255766707, 0.1646257963690813], 'size': [0.049837904948193595, 0.0813235869879147, 0.05243307039854257]}, 'pillar_obstacle': {'pos': [0.39994824830915515, -0.3824307480766307, 0.23470116647765446], 'size': [0.033663755439403885, 0.20172185302840845, 0.0]}, 'small_block': {'pos': [0.6140097595303955, -0.3535133918987863, 0.1097032402875184], 'size': [0.04461973939918376, 0.0849493067344041, 0.09534921802665242]}}"
3.778999999999695,0.48799923625928343,0.0,0.4,0.4844234978175039,2.41448759757171e-08,0.3999965655948648,"{'table_obstacle': {'pos': [0.3825981920028062, 0.37518922255766707, 0.1646257963690813], 'size': [0.049837904948193595, 0.0813235869879147, 0.05243307039854257]}, 'pillar_obstacle': {'pos': [0.39994824830915515, -0.3824307480766307, 0.23470116647765446], 'size': [0.033663755439403885, 0.20172185302840845, 0.0]}, 'small_block': {'pos': [0.6140097595303955, -0.3535133918987863, 0.1097032402875184], 'size': [0.04461973939918376, 0.0849493067344041, 0.09534921802665242]}}"
3.7799999999996947,0.48799923625928343,0.0,0.4,0.48447456691127994,1.600641242433679e-08,0.3999965967166812,"{'table_obstacle': {'pos': [0.3825981920028062, 0.37518922255766707, 0.1646257963690813], 'size': [0.049837904948193595, 0.0813235869879147, 0.05243307039854257]}, 'pillar_obstacle': {'pos': [0.39994824830915515, -0.3824307480766307, 0.23470116647765446], 'size': [0.033663755439403885, 0.20172185302840845, 0.0]}, 'small_block': {'pos': [0.6140097595303955, -0.3535133918987863, 0.1097032402875184], 'size': [0.04461973939918376, 0.0849493067344041, 0.09534921802665242]}}"
3.7809999999996946,0.48799923625928343,0.0,0.4,0.4845249092553272,8.057355567507457e-09,0.399996628205684,"{'table_obstacle': {'pos': [0.3825981920028062, 0.37518922255766707, 0.1646257963690813], 'size': [0.049837904948193595, 0.0813235869879147, 0.05243307039854257]}, 'pillar_obstacle': {'pos': [0.39994824830915515, -0.3824307480766307, 0.23470116647765446], 'size': [0.033663755439403885, 0.20172185302840845, 0.0]}, 'small_block': {'pos': [0.6140097595303955, -0.3535133918987863, 0.1097032402875184], 'size': [0.04461973939918376, 0.0849493067344041, 0.09534921802665242]}}"
3.7819999999996945,0.48799923625928343,0.0,0.4,0.4845745347634857,3.0008059070881914e-10,0.399996660012875,"{'table_obstacle': {'pos': [0.3825981920028062, 0.37518922255766707, 0.1646257963690813], 'size': [0.049837904948193595, 0.0813235869879147, 0.05243307039854257]}, 'pillar_obstacle': {'pos': [0.39994824830915515, -0.3824307480766307, 0.23470116647765446], 'size': [0.033663755439403885, 0.20172185302840845, 0.0]}, 'small_block': {'pos': [0.6140097595303955, -0.3535133918987863, 0.1097032402875184], 'size': [0.04461973939918376, 0.0849493067344041, 0.09534921802665242]}}"
3.7829999999996944,0.48799923625928343,0.0,0.4,0.4846234532940359,-7.2641555729299715e-09,0.3999966920941331,"{'table_obstacle': {'pos': [0.3825981920028062, 0.37518922255766707, 0.1646257963690813], 'size': [0.049837904948193595, 0.0813235869879147, 0.05243307039854257]}, 'pillar_obstacle': {'pos': [0.39994824830915515, -0.3824307480766307, 0.23470116647765446], 'size': [0.033663755439403885, 0.20172185302840845, 0.0]}, 'small_block': {'pos': [0.6140097595303955, -0.3535133918987863, 0.1097032402875184], 'size': [0.04461973939918376, 0.0849493067344041, 0.09534921802665242]}}"
3.7839999999996943,0.48799923625928343,0.0,0.4,0.4846716746342382,-1.4635016884211991e-08,0.3999967244095714,"{'table_obstacle': {'pos': [0.3825981920028062, 0.37518922255766707, 0.1646257963690813], 'size': [0.049837904948193595, 0.0813235869879147, 0.05243307039854257]}, 'pillar_obstacle': {'pos': [0.39994824830915515, -0.3824307480766307, 0.23470116647765446], 'size': [0.033663755439403885, 0.20172185302840845, 0.0]}, 'small_block': {'pos': [0.6140097595303955, -0.3535133918987863, 0.1097032402875184], 'size': [0.04461973939918376, 0.0849493067344041, 0.09534921802665242]}}"
3.784999999999694,0.48799923625928343,0.0,0.4,0.48471920848818123,-2.181292457425458e-08,0.39999675692298653,"{'table_obstacle': {'pos': [0.3825981920028062, 0.37518922255766707, 0.1646257963690813], 'size': [0.049837904948193595, 0.0813235869879147, 0.05243307039854257]}, 'pillar_obstacle': {'pos': [0.39994824830915515, -0.3824307480766307, 0.23470116647765446], 'size': [0.033663755439403885, 0.20172185302840845, 0.0]}, 'small_block': {'pos': [0.6140097595303955, -0.3535133918987863, 0.1097032402875184], 'size': [0.04461973939918376, 0.0849493067344041, 0.09534921802665242]}}"
3.785999999999694,0.48799923625928343,0.0,0.4,0.48476606446729864,-2.879891941626555e-08,0.39999678960139035,"{'table_obstacle': {'pos': [0.3825981920028062, 0.37518922255766707, 0.1646257963690813], 'size': [0.049837904948193595, 0.0813235869879147, 0.05243307039854257]}, 'pillar_obstacle': {'pos': [0.39994824830915515, -0.3824307480766307, 0.23470116647765446], 'size': [0.033663755439403885, 0.20172185302840845, 0.0]}, 'small_block': {'pos': [0.6140097595303955, -0.3535133918987863, 0.1097032402875184], 'size': [0.04461973939918376, 0.0849493067344041, 0.09534921802665242]}}"
3.786999999999694,0.48799923625928343,0.0,0.4,0.4848122520830502,-3.559454555406158e-08,0.39999682241460904,"{'table_obstacle': {'pos': [0.3825981920028062, 0.37518922255766707, 0.1646257963690813], 'size': [0.049837904948193595, 0.0813235869879147, 0.05243307039854257]}, 'pillar_obstacle': {'pos': [0.39994824830915515, -0.3824307480766307, 0.23470116647765446], 'size': [0.033663755439403885, 0.20172185302840845, 0.0]}, 'small_block': {'pos': [0.6140097595303955, -0.3535133918987863, 0.1097032402875184], 'size': [0.04461973939918376, 0.0849493067344041, 0.09534921802665242]}}"
3.787999999999694,0.48799923625928343,0.0,0.4,0.484857780741341,-4.2201754634116906e-08,0.399996855334943,"{'table_obstacle': {'pos': [0.3825981920028062, 0.37518922255766707, 0.1646257963690813], 'size': [0.049837904948193595, 0.0813235869879147, 0.05243307039854257]}, 'pillar_obstacle': {'pos': [0.39994824830915515, -0.3824307480766307, 0.23470116647765446], 'size': [0.033663755439403885, 0.20172185302840845, 0.0]}, 'small_block': {'pos': [0.6140097595303955, -0.3535133918987863, 0.1097032402875184], 'size': [0.04461973939918376, 0.0849493067344041, 0.09534921802665242]}}"
3.7889999999996937,0.48799923625928343,0.0,0.4,0.48490265973835334,-4.862282452276357e-08,0.3999968883368746,"{'table_obstacle': {'pos': [0.3825981920028062, 0.37518922255766707, 0.1646257963690813], 'size': [0.049837904948193595, 0.0813235869879147, 0.05243307039854257]}, 'pillar_obstacle': {'pos': [0.39994824830915515, -0.3824307480766307, 0.23470116647765446], 'size': [0.033663755439403885, 0.20172185302840845, 0.0]}, 'small_block': {'pos': [0.6140097595303955, -0.3535133918987863, 0.1097032402875184], 'size': [0.04461973939918376, 0.0849493067344041, 0.09534921802665242]}}"
3.7899999999996936,0.48799923625928343,0.0,0.4,0.4849468982575119,-5.4860292210074345e-08,0.39999692139682075,"{'table_obstacle': {'pos': [0.3825981920028062, 0.37518922255766707, 0.1646257963690813], 'size': [0.049837904948193595, 0.0813235869879147, 0.05243307039854257]}, 'pillar_obstacle': {'pos': [0.39994824830915515, -0.3824307480766307, 0.23470116647765446], 'size': [0.033663755439403885, 0.20172185302840845, 0.0]}, 'small_block': {'pos': [0.6140097595303955, -0.3535133918987863, 0.1097032402875184], 'size': [0.04461973939918376, 0.0849493067344041, 0.09534921802665242]}}"
3.7909999999996935,0.48799923625928343,0.0,0.4,0.484990505367365,-6.091689908824218e-08,0.39999695449291955,"{'table_obstacle': {'pos': [0.3825981920028062, 0.37518922255766707, 0.1646257963690813], 'size': [0.049837904948193595, 0.0813235869879147, 0.05243307039854257]}, 'pillar_obstacle': {'pos': [0.39994824830915515, -0.3824307480766307, 0.23470116647765446], 'size': [0.033663755439403885, 0.20172185302840845, 0.0]}, 'small_block': {'pos': [0.6140097595303955, -0.3535133918987863, 0.1097032402875184], 'size': [0.04461973939918376, 0.0849493067344041, 0.09534921802665242]}}"
3.7919999999996934,0.48799923625928343,0.0,0.4,0.48503349002019885,-6.679554232587546e-08,0.39999698760484975,"{'table_obstacle': {'pos': [0.3825981920028062, 0.37518922255766707, 0.1646257963690813], 'size': [0.049837904948193595, 0.0813235869879147, 0.05243307039854257]}, 'pillar_obstacle': {'pos': [0.39994824830915515, -0.3824307480766307, 0.23470116647765446], 'size': [0.033663755439403885, 0.20172185302840845, 0.0]}, 'small_block': {'pos': [0.6140097595303955, -0.3535133918987863, 0.1097032402875184], 'size': [0.04461973939918376, 0.0849493067344041, 0.09534921802665242]}}"
3.7929999999996933,0.48799923625928343,0.0,0.4,0.48507586105125,-7.249923852133455e-08,0.39999702071367343,"{'table_obstacle': {'pos': [0.3825981920028062, 0.37518922255766707, 0.1646257963690813], 'size': [0.049837904948193595, 0.0813235869879147, 0.05243307039854257]}, 'pillar_obstacle': {'pos': [0.39994824830915515, -0.3824307480766307, 0.23470116647765446], 'size': [0.033663755439403885, 0.20172185302840845, 0.0]}, 'small_block': {'pos': [0.6140097595303955, -0.3535133918987863, 0.1097032402875184], 'size': [0.04461973939918376, 0.0849493067344041, 0.09534921802665242]}}"
3.793999999999693,0.48799923625928343,0.0,0.4,0.48511762717838613,-7.803109071275484e-08,0.39999705380170375,"{'table_obstacle': {'pos': [0.3825981920028062, 0.37518922255766707, 0.1646257963690813], 'size': [0.049837904948193595, 0.0813235869879147, 0.05243307039854257]}, 'pillar_obstacle': {'pos': [0.39994824830915515, -0.3824307480766307, 0.23470116647765446], 'size': [0.033663755439403885, 0.20172185302840845, 0.0]}, 'small_block': {'pos': [0.6140097595303955, -0.3535133918987863, 0.1097032402875184], 'size': [0.04461973939918376, 0.0849493067344041, 0.09534921802665242]}}"
3.794999999999693,0.48799923625928343,0.0,0.4,0.4851587970021713,-8.339426257572964e-08,0.399997086852389,"{'table_obstacle': {'pos': [0.3825981920028062, 0.37518922255766707, 0.1646257963690813], 'size': [0.049837904948193595, 0.0813235869879147, 0.05243307039854257]}, 'pillar_obstacle': {'pos': [0.39994824830915515, -0.3824307480766307, 0.23470116647765446], 'size': [0.033663755439403885, 0.20172185302840845, 0.0]}, 'small_block': {'pos': [0.6140097595303955, -0.3535133918987863, 0.1097032402875184], 'size': [0.04461973939918376, 0.0849493067344041, 0.09534921802665242]}}"
3.795999999999693,0.48799923625928343,0.0,0.4,0.4851993790062319,-8.85919564532217e-08,0.3999971198502133,"{'table_obstacle': {'pos': [0.3825981920028062, 0.37518922255766707, 0.1646257963690813], 'size': [0.049837904948193595, 0.0813235869879147, 0.05243307039854257]}, 'pillar_obstacle': {'pos': [0.39994824830915515, -0.3824307480766307, 0.23470116647765446], 'size': [0.033663755439403885, 0.20172185302840845, 0.0]}, 'small_block': {'pos': [0.6140097595303955, -0.3535133918987863, 0.1097032402875184], 'size': [0.04461973939918376, 0.0849493067344041, 0.09534921802665242]}}"
3.796999999999693,0.48799923625928343,0.0,0.4,0.4852393815578656,-9.36273957615457e-08,0.3999971527806106,"{'table_obstacle': {'pos': [0.3825981920028062, 0.37518922255766707, 0.1646257963690813], 'size': [0.049837904948193595, 0.0813235869879147, 0.05243307039854257]}, 'pillar_obstacle': {'pos': [0.39994824830915515, -0.3824307480766307, 0.23470116647765446], 'size': [0.033663755439403885, 0.20172185302840845, 0.0]}, 'small_block': {'pos': [0.6140097595303955, -0.3535133918987863, 0.1097032402875184], 'size': [0.04461973939918376, 0.0849493067344041, 0.09534921802665242]}}"
3.7979999999996927,0.48799923625928343,0.0,0.4,0.48527881290884084,-9.85038108300896e-08,0.39999718562988923,"{'table_obstacle': {'pos': [0.3825981920028062, 0.37518922255766707, 0.1646257963690813], 'size': [0.049837904948193595, 0.0813235869879147, 0.05243307039854257]}, 'pillar_obstacle': {'pos': [0.39994824830915515, -0.3824307480766307, 0.23470116647765446], 'size': [0.033663755439403885, 0.20172185302840845, 0.0]}, 'small_block': {'pos': [0.6140097595303955, -0.3535133918987863, 0.1097032402875184], 'size': [0.04461973939918376, 0.0849493067344041, 0.09534921802665242]}}"
3.7989999999996926,0.48799923625928343,0.0,0.4,0.48531768119634583,-1.0322442613845583e-07,0.3999972183851667,"{'table_obstacle': {'pos': [0.3825981920028062, 0.37518922255766707, 0.1646257963690813], 'size': [0.049837904948193595, 0.0813235869879147, 0.05243307039854257]}, 'pillar_obstacle': {'pos': [0.39994824830915515, -0.3824307480766307, 0.23470116647765446], 'size': [0.033663755439403885, 0.20172185302840845, 0.0]}, 'small_block': {'pos': [0.6140097595303955, -0.3535133918987863, 0.1097032402875184], 'size': [0.04461973939918376, 0.0849493067344041, 0.09534921802665242]}}"
3.7999999999996925,0.48799923625928343,0.0,0.4,0.4853559944440567,-1.0779245141344837e-07,0.3999972510343132,"{'table_obstacle': {'pos': [0.3825981920028062, 0.37518922255766707, 0.1646257963690813], 'size': [0.049837904948193595, 0.0813235869879147, 0.05243307039854257]}, 'pillar_obstacle': {'pos': [0.39994824830915515, -0.3824307480766307, 0.23470116647765446], 'size': [0.033663755439403885, 0.20172185302840845, 0.0]}, 'small_block': {'pos': [0.6140097595303955, -0.3535133918987863, 0.1097032402875184], 'size': [0.04461973939918376, 0.0849493067344041, 0.09534921802665242]}}"
3.8009999999996924,0.48799923625928343,0.0,0.4,0.48539376056329686,-1.1221107346996467e-07,0.39999728356589925,"{'table_obstacle': {'pos': [0.3825981920028062, 0.37518922255766707, 0.1646257963690813], 'size': [0.049837904948193595, 0.0813235869879147, 0.05243307039854257]}, 'pillar_obstacle': {'pos': [0.39994824830915515, -0.3824307480766307, 0.23470116647765446], 'size': [0.033663755439403885, 0.20172185302840845, 0.0]}, 'small_block': {'pos': [0.6140097595303955, -0.3535133918987863, 0.1097032402875184], 'size': [0.04461973939918376, 0.0849493067344041, 0.09534921802665242]}}"
3.8019999999996923,0.48799923625928343,0.0,0.4,0.4854309873542636,-1.1648344992379155e-07,0.39999731596915183,"{'table_obstacle': {'pos': [0.3825981920028062, 0.37518922255766707, 0.1646257963690813], 'size': [0.049837904948193595, 0.0813235869879147, 0.05243307039854257]}, 'pillar_obstacle': {'pos': [0.39994824830915515, -0.3824307480766307, 0.23470116647765446], 'size': [0.033663755439403885, 0.20172185302840845, 0.0]}, 'small_block': {'pos': [0.6140097595303955, -0.3535133918987863, 0.1097032402875184], 'size': [0.04461973939918376, 0.0849493067344041, 0.09534921802665242]}}"
3.802999999999692,0.48799923625928343,0.0,0.4,0.48546768250731004,-1.2061270439333535e-07,0.3999973482339148,"{'table_obstacle': {'pos': [0.3825981920028062, 0.37518922255766707, 0.1646257963690813], 'size': [0.049837904948193595, 0.0813235869879147, 0.05243307039854257]}, 'pillar_obstacle': {'pos': [0.39994824830915515, -0.3824307480766307, 0.23470116647765446], 'size': [0.033663755439403885, 0.20172185302840845, 0.0]}, 'small_block': {'pos': [0.6140097595303955, -0.3535133918987863, 0.1097032402875184], 'size': [0.04461973939918376, 0.0849493067344041, 0.09534921802665242]}}"
3.803999999999692,0.48799923625928343,0.0,0.4,0.4855038536042635,-1.246019222659615e-07,0.3999973803506121,"{'table_obstacle': {'pos': [0.3825981920028062, 0.37518922255766707, 0.1646257963690813], 'size': [0.049837904948193595, 0.0813235869879147, 0.05243307039854257]}, 'pillar_obstacle': {'pos': [0.39994824830915515, -0.3824307480766307, 0.23470116647765446], 'size': [0.033663755439403885, 0.20172185302840845, 0.0]}, 'small_block': {'pos': [0.6140097595303955, -0.3535133918987863, 0.1097032402875184], 'size': [0.04461973939918376, 0.0849493067344041, 0.09534921802665242]}}"
3.804999999999692,0.48799923625928343,0.0,0.4,0.48553950811977165,-1.2845414747369674e-07,0.3999974123102165,"{'table_obstacle': {'pos': [0.3825981920028062, 0.37518922255766707, 0.1646257963690813], 'size': [0.049837904948193595, 0.0813235869879147, 0.05243307039854257]}, 'pillar_obstacle': {'pos': [0.39994824830915515, -0.3824307480766307, 0.23470116647765446], 'size': [0.033663755439403885, 0.20172185302840845, 0.0]}, 'small_block': {'pos': [0.6140097595303955, -0.3535133918987863, 0.1097032402875184], 'size': [0.04461973939918376, 0.0849493067344041, 0.09534921802665242]}}"
3.805999999999692,0.48799923625928343,0.0,0.4,0.48557465342266687,-1.3217238054021112e-07,0.39999744410421967,"{'table_obstacle': {'pos': [0.3825981920028062, 0.37518922255766707, 0.1646257963690813], 'size': [0.049837904948193595, 0.0813235869879147, 0.05243307039854257]}, 'pillar_obstacle': {'pos': [0.39994824830915515, -0.3824307480766307, 0.23470116647765446], 'size': [0.033663755439403885, 0.20172185302840845, 0.0]}, 'small_block': {'pos': [0.6140097595303955, -0.3535133918987863, 0.1097032402875184], 'size': [0.04461973939918376, 0.0849493067344041, 0.09534921802665242]}}"
3.8069999999996917,0.48799923625928343,0.0,0.4,0.48560929677734094,-1.3575957659012859e-07,0.39999747572460587,"{'table_obstacle': {'pos': [0.3825981920028062, 0.37518922255766707, 0.1646257963690813], 'size': [0.049837904948193595, 0.0813235869879147, 0.05243307039854257]}, 'pillar_obstacle': {'pos': [0.39994824830915515, -0.3824307480766307, 0.23470116647765446], 'size': [0.033663755439403885, 0.20172185302840845, 0.0]}, 'small_block': {'pos': [0.6140097595303955, -0.3535133918987863, 0.1097032402875184], 'size': [0.04461973939918376, 0.0849493067344041, 0.09534921802665242]}}"
3.8079999999996916,0.48799923625928343,0.0,0.4,0.48564344534512505,-1.392186435614385e-07,0.3999975071638276,"{'table_obstacle': {'pos': [0.3825981920028062, 0.37518922255766707, 0.1646257963690813], 'size': [0.049837904948193595, 0.0813235869879147, 0.05243307039854257]}, 'pillar_obstacle': {'pos': [0.39994824830915515, -0.3824307480766307, 0.23470116647765446], 'size': [0.033663755439403885, 0.20172185302840845, 0.0]}, 'small_block': {'pos': [0.6140097595303955, -0.3535133918987863, 0.1097032402875184], 'size': [0.04461973939918376, 0.0849493067344041, 0.09534921802665242]}}"
3.8089999999996915,0.48799923625928343,0.0,0.4,0.4856771061856692,-1.4255244226196784e-07,0.3999975384147833,"{'table_obstacle': {'pos': [0.3825981920028062, 0.37518922255766707, 0.1646257963690813], 'size': [0.049837904948193595, 0.0813235869879147, 0.05243307039854257]}, 'pillar_obstacle': {'pos': [0.39994824830915515, -0.3824307480766307, 0.23470116647765446], 'size': [0.033663755439403885, 0.20172185302840845, 0.0]}, 'small_block': {'pos': [0.6140097595303955, -0.3535133918987863, 0.1097032402875184], 'size': [0.04461973939918376, 0.0849493067344041, 0.09534921802665242]}}"
3.8099999999996914,0.48799923625928343,0.0,0.4,0.48571028625831947,-1.4576378429531678e-07,0.39999756947079634,"{'table_obstacle': {'pos': [0.3825981920028062, 0.37518922255766707, 0.1646257963690813], 'size': [0.049837904948193595, 0.0813235869879147, 0.05243307039854257]}, 'pillar_obstacle': {'pos': [0.39994824830915515, -0.3824307480766307, 0.23470116647765446], 'size': [0.033663755439403885, 0.20172185302840845, 0.0]}, 'small_block': {'pos': [0.6140097595303955, -0.3535133918987863, 0.1097032402875184], 'size': [0.04461973939918376, 0.0849493067344041, 0.09534921802665242]}}"
3.8109999999996913,0.48799923625928343,0.0,0.4,0.48574299242348723,-1.4885543323784026e-07,0.3999976003255958,"{'table_obstacle': {'pos': [0.3825981920028062, 0.37518922255766707, 0.1646257963690813], 'size': [0.049837904948193595, 0.0813235869879147, 0.05243307039854257]}, 'pillar_obstacle': {'pos': [0.39994824830915515, -0.3824307480766307, 0.23470116647765446], 'size': [0.033663755439403885, 0.20172185302840845, 0.0]}, 'small_block': {'pos': [0.6140097595303955, -0.3535133918987863, 0.1097032402875184], 'size': [0.04461973939918376, 0.0849493067344041, 0.09534921802665242]}}"
3.811999999999691,0.48799923625928343,0.0,0.4,0.48577523144401086,-1.5183010369313575e-07,0.39999763097329855,"{'table_obstacle': {'pos': [0.3825981920028062, 0.37518922255766707, 0.1646257963690813], 'size': [0.049837904948193595, 0.0813235869879147, 0.05243307039854257]}, 'pillar_obstacle': {'pos': [0.39994824830915515, -0.3824307480766307, 0.23470116647765446], 'size': [0.033663755439403885, 0.20172185302840845, 0.0]}, 'small_block': {'pos': [0.6140097595303955, -0.3535133918987863, 0.1097032402875184], 'size': [0.04461973939918376, 0.0849493067344041, 0.09534921802665242]}}"
3.812999999999691,0.48799923625928343,0.0,0.4,0.4858070099865053,-1.5469046139380562e-07,0.3999976614083919,"{'table_obstacle': {'pos': [0.3825981920028062, 0.37518922255766707, 0.1646257963690813], 'size': [0.049837904948193595, 0.0813235869879147, 0.05243307039854257]}, 'pillar_obstacle': {'pos': [0.39994824830915515, -0.3824307480766307, 0.23470116647765446], 'size': [0.033663755439403885, 0.20172185302840845, 0.0]}, 'small_block': {'pos': [0.6140097595303955, -0.3535133918987863, 0.1097032402875184], 'size': [0.04461973939918376, 0.0849493067344041, 0.09534921802665242]}}"
3.813999999999691,0.48799923625928343,0.0,0.4,0.4858383346227008,-1.5743912335329118e-07,0.39999769162571897,"{'table_obstacle': {'pos': [0.3825981920028062, 0.37518922255766707, 0.1646257963690813], 'size': [0.049837904948193595, 0.0813235869879147, 0.05243307039854257]}, 'pillar_obstacle': {'pos': [0.39994824830915515, -0.3824307480766307, 0.23470116647765446], 'size': [0.033663755439403885, 0.20172185302840845, 0.0]}, 'small_block': {'pos': [0.6140097595303955, -0.3535133918987863, 0.1097032402875184], 'size': [0.04461973939918376, 0.0849493067344041, 0.09534921802665242]}}"
3.814999999999691,0.48799923625928343,0.0,0.4,0.4858692118307674,-1.6007865863532648e-07,0.3999977216204625,"{'table_obstacle': {'pos': [0.3825981920028062, 0.37518922255766707, 0.1646257963690813], 'size': [0.049837904948193595, 0.0813235869879147, 0.05243307039854257]}, 'pillar_obstacle': {'pos': [0.39994824830915515, -0.3824307480766307, 0.23470116647765446], 'size': [0.033663755439403885, 0.20172185302840845, 0.0]}, 'small_block': {'pos': [0.6140097595303955, -0.3535133918987863, 0.1097032402875184], 'size': [0.04461973939918376, 0.0849493067344041, 0.09534921802665242]}}"
3.8159999999996908,0.48799923625928343,0.0,0.4,0.4858996479966255,-1.6261158829364627e-07,0.3999977513881303,"{'table_obstacle': {'pos': [0.3825981920028062, 0.37518922255766707, 0.1646257963690813], 'size': [0.049837904948193595, 0.0813235869879147, 0.05243307039854257]}, 'pillar_obstacle': {'pos': [0.39994824830915515, -0.3824307480766307, 0.23470116647765446], 'size': [0.033663755439403885, 0.20172185302840845, 0.0]}, 'small_block': {'pos': [0.6140097595303955, -0.3535133918987863, 0.1097032402875184], 'size': [0.04461973939918376, 0.0849493067344041, 0.09534921802665242]}}"
3.8169999999996906,0.48799923625928343,0.0,0.4,0.4859296494152414,-1.6504038572175182e-07,0.39999778092454336,"{'table_obstacle': {'pos': [0.3825981920028062, 0.37518922255766707, 0.1646257963690813], 'size': [0.049837904948193595, 0.0813235869879147, 0.05243307039854257]}, 'pillar_obstacle': {'pos': [0.39994824830915515, -0.3824307480766307, 0.23470116647765446], 'size': [0.033663755439403885, 0.20172185302840845, 0.0]}, 'small_block': {'pos': [0.6140097595303955, -0.3535133918987863, 0.1097032402875184], 'size': [0.04461973939918376, 0.0849493067344041, 0.09534921802665242]}}"
3.8179999999996905,0.48799923625928343,0.0,0.4,0.4859592222919078,-1.6736747798641272e-07,0.399997810225822,"{'table_obstacle': {'pos': [0.3825981920028062, 0.37518922255766707, 0.1646257963690813], 'size': [0.049837904948193595, 0.0813235869879147, 0.05243307039854257]}, 'pillar_obstacle': {'pos': [0.39994824830915515, -0.3824307480766307, 0.23470116647765446], 'size': [0.033663755439403885, 0.20172185302840845, 0.0]}, 'small_block': {'pos': [0.6140097595303955, -0.3535133918987863, 0.1097032402875184], 'size': [0.04461973939918376, 0.0849493067344041, 0.09534921802665242]}}"
3.8189999999996904,0.48799923625928343,0.0,0.4,0.4859883727435085,-1.6959524534024548e-07,0.3999978392883733,"{'table_obstacle': {'pos': [0.3825981920028062, 0.37518922255766707, 0.1646257963690813], 'size': [0.049837904948193595, 0.0813235869879147, 0.05243307039854257]}, 'pillar_obstacle': {'pos': [0.39994824830915515, -0.3824307480766307, 0.23470116647765446], 'size': [0.033663755439403885, 0.20172185302840845, 0.0]}, 'small_block': {'pos': [0.6140097595303955, -0.3535133918987863, 0.1097032402875184], 'size': [0.04461973939918376, 0.0849493067344041, 0.09534921802665242]}}"
3.8199999999996903,0.4919992115681942,0.0,0.4,0.486017106799766,-1.717260224419431e-07,0.39999786810888005,"{'table_obstacle': {'pos': [0.3825981920028062, 0.37518922255766707, 0.1646257963690813], 'size': [0.049837904948193595, 0.0813235869879147, 0.05243307039854257]}, 'pillar_obstacle': {'pos': [0.39994824830915515, -0.3824307480766307, 0.23470116647765446], 'size': [0.033663755439403885, 0.20172185302840845, 0.0]}, 'small_block': {'pos': [0.6140097595303955, -0.3535133918987863, 0.1097032402875184], 'size': [0.04461973939918376, 0.0849493067344041, 0.09534921802665242]}}"
3.82099999999969,0.4919992115681942,0.0,0.4,0.4860562791306576,-1.5192070131669424e-07,0.3999978109550294,"{'table_obstacle': {'pos': [0.3825981920028062, 0.37518922255766707, 0.1646257963690813], 'size': [0.049837904948193595, 0.0813235869879147, 0.05243307039854257]}, 'pillar_obstacle': {'pos': [0.39994824830915515, -0.3824307480766307, 0.23470116647765446], 'size': [0.033663755439403885, 0.20172185302840845, 0.0]}, 'small_block': {'pos': [0.6140097595303955, -0.3535133918987863, 0.1097032402875184], 'size': [0.04461973939918376, 0.0849493067344041, 0.09534921802665242]}}"
3.82199999999969,0.4919992115681942,0.0,0.4,0.48610368005022536,-1.1919945787308317e-07,0.3999977004031475,"{'table_obstacle': {'pos': [0.3825981920028062, 0.37518922255766707, 0.1646257963690813], 'size': [0.049837904948193595, 0.0813235869879147, 0.05243307039854257]}, 'pillar_obstacle': {'pos': [0.39994824830915515, -0.3824307480766307, 0.23470116647765446], 'size': [0.033663755439403885, 0.20172185302840845, 0.0]}, 'small_block': {'pos': [0.6140097595303955, -0.3535133918987863, 0.1097032402875184], 'size': [0.04461973939918376, 0.0849493067344041, 0.09534921802665242]}}"
3.82299999999969,0.4919992115681942,0.0,0.4,0.48615752265807094,-7.990816291658225e-08,0.3999975595780504,"{'table_obstacle': {'pos': [0.3825981920028062, 0.37518922255766707, 0.1646257963690813], 'size': [0.049837904948193595, 0.0813235869879147, 0.05243307039854257]}, 'pillar_obstacle': {'pos': [0.39994824830915515, -0.3824307480766307, 0.23470116647765446], 'size': [0.033663755439403885, 0.20172185302840845, 0.0]}, 'small_block': {'pos': [0.6140097595303955, -0.3535133918987863, 0.1097032402875184], 'size': [0.04461973939918376, 0.0849493067344041, 0.09534921802665242]}}"
3.82399999999969,0.4919992115681942,0.0,0.4,0.4862163626054633,-3.841438427373747e-08,0.3999974046552005,"{'table_obstacle': {'pos': [0.3825981920028062, 0.37518922255766707, 0.1646257963690813], 'size': [0.049837904948193595, 0.0813235869879147, 0.05243307039854257]}, 'pillar_obstacle': {'pos': [0.39994824830915515, -0.3824307480766307, 0.23470116647765446], 'size': [0.033663755439403885, 0.20172185302840845, 0.0]}, 'small_block': {'pos': [0.6140097595303955, -0.3535133918987863, 0.1097032402875184], 'size': [0.04461973939918376, 0.0849493067344041, 0.09534921802665242]}}"
3.8249999999996898,0.4919992115681942,0.0,0.4,0.4862790330469561,2.365788744574537e-09,0.3999972467205067,"{'table_obstacle': {'pos': [0.3825981920028062, 0.37518922255766707, 0.1646257963690813], 'size': [0.049837904948193595, 0.0813235869879147, 0.05243307039854257]}, 'pillar_obstacle': {'pos': [0.39994824830915515, -0.3824307480766307, 0.23470116647765446], 'size': [0.033663755439403885, 0.20172185302840845, 0.0]}, 'small_block': {'pos': [0.6140097595303955, -0.3535133918987863, 0.1097032402875184], 'size': [0.04461973939918376, 0.0849493067344041, 0.09534921802665242]}}"
3.8259999999996896,0.4919992115681942,0.0,0.4,0.4863445919153815,4.0570601925746126e-08,0.3999970931533018,"{'table_obstacle': {'pos': [0.3825981920028062, 0.37518922255766707, 0.1646257963690813], 'size': [0.049837904948193595, 0.0813235869879147, 0.05243307039854257]}, 'pillar_obstacle': {'pos': [0.39994824830915515, -0.3824307480766307, 0.23470116647765446], 'size': [0.033663755439403885, 0.20172185302840845, 0.0]}, 'small_block': {'pos': [0.6140097595303955, -0.3535133918987863, 0.1097032402875184], 'size': [0.04461973939918376, 0.0849493067344041, 0.09534921802665242]}}"
3.8269999999996895,0.4919992115681942,0.0,0.4,0.48641227919334423,7.509467621947735e-08,0.39999694865416224,"{'table_obstacle': {'pos': [0.3825981920028062, 0.37518922255766707, 0.1646257963690813], 'size': [0.049837904948193595, 0.0813235869879147, 0.05243307039854257]}, 'pillar_obstacle': {'pos': [0.39994824830915515, -0.3824307480766307, 0.23470116647765446], 'size': [0.033663755439403885, 0.20172185302840845, 0.0]}, 'small_block': {'pos': [0.6140097595303955, -0.3535133918987863, 0.1097032402875184], 'size': [0.04461973939918376, 0.0849493067344041, 0.09534921802665242]}}"
3.8279999999996894,0.4919992115681942,0.0,0.4,0.48648148229094834,1.0536671581366524e-07,0.3999968160075118,"{'table_obstacle': {'pos': [0.3825981920028062, 0.37518922255766707, 0.1646257963690813], 'size': [0.049837904948193595, 0.0813235869879147, 0.05243307039854257]}, 'pillar_obstacle': {'pos': [0.39994824830915515, -0.3824307480766307, 0.23470116647765446], 'size': [0.033663755439403885, 0.20172185302840845, 0.0]}, 'small_block': {'pos': [0.6140097595303955, -0.3535133918987863, 0.1097032402875184], 'size': [0.04461973939918376, 0.0849493067344041, 0.09534921802665242]}}"
3.8289999999996893,0.4919992115681942,0.0,0.4,0.4865517079951627,1.3118476635700005e-07,0.3999966966458359,"{'table_obstacle': {'pos': [0.3825981920028062, 0.37518922255766707, 0.1646257963690813], 'size': [0.049837904948193595, 0.0813235869879147, 0.05243307039854257]}, 'pillar_obstacle': {'pos': [0.39994824830915515, -0.3824307480766307, 0.23470116647765446], 'size': [0.033663755439403885, 0.20172185302840845, 0.0]}, 'small_block': {'pos': [0.6140097595303955, -0.3535133918987863, 0.1097032402875184], 'size': [0.04461973939918376, 0.0849493067344041, 0.09534921802665242]}}"
3.829999999999689,0.4919992115681942,0.0,0.4,0.4866225597455925,1.5259509194360175e-07,0.3999965910653891,"{'table_obstacle': {'pos': [0.3825981920028062, 0.37518922255766707, 0.1646257963690813], 'size': [0.049837904948193595, 0.0813235869879147, 0.05243307039854257]}, 'pillar_obstacle': {'pos': [0.39994824830915515, -0.3824307480766307, 0.23470116647765446], 'size': [0.033663755439403885, 0.20172185302840845, 0.0]}, 'small_block': {'pos': [0.6140097595303955, -0.3535133918987863, 0.1097032402875184], 'size': [0.04461973939918376, 0.0849493067344041, 0.09534921802665242]}}"
3.830999999999689,0.4919992115681942,0.0,0.4,0.48669371922663357,1.6980397951057527e-07,0.3999964991307407,"{'table_obstacle': {'pos': [0.3825981920028062, 0.37518922255766707, 0.1646257963690813], 'size': [0.049837904948193595, 0.0813235869879147, 0.05243307039854257]}, 'pillar_obstacle': {'pos': [0.39994824830915515, -0.3824307480766307, 0.23470116647765446], 'size': [0.033663755439403885, 0.20172185302840845, 0.0]}, 'small_block': {'pos': [0.6140097595303955, -0.3535133918987863, 0.1097032402875184], 'size': [0.04461973939918376, 0.0849493067344041, 0.09534921802665242]}}"
3.831999999999689,0.4919992115681942,0.0,0.4,0.4867649314570439,1.8311428004951505e-07,0.39999642029621063,"{'table_obstacle': {'pos': [0.3825981920028062, 0.37518922255766707, 0.1646257963690813], 'size': [0.049837904948193595, 0.0813235869879147, 0.05243307039854257]}, 'pillar_obstacle': {'pos': [0.39994824830915515, -0.3824307480766307, 0.23470116647765446], 'size': [0.033663755439403885, 0.20172185302840845, 0.0]}, 'small_block': {'pos': [0.6140097595303955, -0.3535133918987863, 0.1097032402875184], 'size': [0.04461973939918376, 0.0849493067344041, 0.09534921802665242]}}"
3.832999999999689,0.4919992115681942,0.0,0.4,0.48683599271303185,1.9288043578501262e-07,0.39999635376528997,"{'table_obstacle': {'pos': [0.3825981920028062, 0.37518922255766707, 0.1646257963690813], 'size': [0.049837904948193595, 0.0813235869879147, 0.05243307039854257]}, 'pillar_obstacle': {'pos': [0.39994824830915515, -0.3824307480766307, 0.23470116647765446], 'size': [0.033663755439403885, 0.20172185302840845, 0.0]}, 'small_block': {'pos': [0.6140097595303955, -0.3535133918987863, 0.1097032402875184], 'size': [0.04461973939918376, 0.0849493067344041, 0.09534921802665242]}}"
3.8339999999996888,0.4919992115681942,0.0,0.4,0.48690674074680335,1.9947722586106593e-07,0.39999629860393726,"{'table_obstacle': {'pos': [0.3825981920028062, 0.37518922255766707, 0.1646257963690813], 'size': [0.049837904948193595, 0.0813235869879147, 0.05243307039854257]}, 'pillar_obstacle': {'pos': [0.39994824830915515, -0.3824307480766307, 0.23470116647765446], 'size': [0.033663755439403885, 0.20172185302840845, 0.0]}, 'small_block': {'pos': [0.6140097595303955, -0.3535133918987863, 0.1097032402875184], 'size': [0.04461973939918376, 0.0849493067344041, 0.09534921802665242]}}"
3.8349999999996887,0.4919992115681942,0.0,0.4,0.4869770468645481,2.03278623968283e-07,0.399996253819716,"{'table_obstacle': {'pos': [0.3825981920028062, 0.37518922255766707, 0.1646257963690813], 'size': [0.049837904948193595, 0.0813235869879147, 0.05243307039854257]}, 'pillar_obstacle': {'pos': [0.39994824830915515, -0.3824307480766307, 0.23470116647765446], 'size': [0.033663755439403885, 0.20172185302840845, 0.0]}, 'small_block': {'pos': [0.6140097595303955, -0.3535133918987863, 0.1097032402875184], 'size': [0.04461973939918376, 0.0849493067344041, 0.09534921802665242]}}"
3.8359999999996885,0.4919992115681942,0.0,0.4,0.48704680951059187,2.0464403061709404e-07,0.39999621841577615,"{'table_obstacle': {'pos': [0.3825981920028062, 0.37518922255766707, 0.1646257963690813], 'size': [0.049837904948193595, 0.0813235869879147, 0.05243307039854257]}, 'pillar_obstacle': {'pos': [0.39994824830915515, -0.3824307480766307, 0.23470116647765446], 'size': [0.033663755439403885, 0.20172185302840845, 0.0]}, 'small_block': {'pos': [0.6140097595303955, -0.3535133918987863, 0.1097032402875184], 'size': [0.04461973939918376, 0.0849493067344041, 0.09534921802665242]}}"
3.8369999999996884,0.4919992115681942,0.0,0.4,0.48711594907151073,2.0390982973173937e-07,0.3999961914264553,"{'table_obstacle': {'pos': [0.3825981920028062, 0.37518922255766707, 0.1646257963690813], 'size': [0.049837904948193595, 0.0813235869879147, 0.05243307039854257]}, 'pillar_obstacle': {'pos': [0.39994824830915515, -0.3824307480766307, 0.23470116647765446], 'size': [0.033663755439403885, 0.20172185302840845, 0.0]}, 'small_block': {'pos': [0.6140097595303955, -0.3535133918987863, 0.1097032402875184], 'size': [0.04461973939918376, 0.0849493067344041, 0.09534921802665242]}}"
3.8379999999996883,0.4919992115681942,0.0,0.4,0.48718440366835636,2.0138473038899795e-07,0.39999617193956366,"{'table_obstacle': {'pos': [0.3825981920028062, 0.37518922255766707, 0.1646257963690813], 'size': [0.049837904948193595, 0.0813235869879147, 0.05243307039854257]}, 'pillar_obstacle': {'pos': [0.39994824830915515, -0.3824307480766307, 0.23470116647765446], 'size': [0.033663755439403885, 0.20172185302840845, 0.0]}, 'small_block': {'pos': [0.6140097595303955, -0.3535133918987863, 0.1097032402875184], 'size': [0.04461973939918376, 0.0849493067344041, 0.09534921802665242]}}"
3.838999999999688,0.4919992115681942,0.0,0.4,0.4872521257491878,1.9734775230023345e-07,0.39999615910915354,"{'table_obstacle': {'pos': [0.3825981920028062, 0.37518922255766707, 0.1646257963690813], 'size': [0.049837904948193595, 0.0813235869879147, 0.05243307039854257]}, 'pillar_obstacle': {'pos': [0.39994824830915515, -0.3824307480766307, 0.23470116647765446], 'size': [0.033663755439403885, 0.20172185302840845, 0.0]}, 'small_block': {'pos': [0.6140097595303955, -0.3535133918987863, 0.1097032402875184], 'size': [0.04461973939918376, 0.0849493067344041, 0.09534921802665242]}}"
3.839999999999688,0.4919992115681942,0.0,0.4,0.4873190793297863,1.9204800901095344e-07,0.3999961521615879,"{'table_obstacle': {'pos': [0.3825981920028062, 0.37518922255766707, 0.1646257963690813], 'size': [0.049837904948193595, 0.0813235869879147, 0.05243307039854257]}, 'pillar_obstacle': {'pos': [0.39994824830915515, -0.3824307480766307, 0.23470116647765446], 'size': [0.033663755439403885, 0.20172185302840845, 0.0]}, 'small_block': {'pos': [0.6140097595303955, -0.3535133918987863, 0.1097032402875184], 'size': [0.04461973939918376, 0.0849493067344041, 0.09534921802665242]}}"
3.840999999999688,0.4919992115681942,0.0,0.4,0.487385237759342,1.857056752954909e-07,0.3999961503969956,"{'table_obstacle': {'pos': [0.3825981920028062, 0.37518922255766707, 0.1646257963690813], 'size': [0.049837904948193595, 0.0813235869879147, 0.05243307039854257]}, 'pillar_obstacle': {'pos': [0.39994824830915515, -0.3824307480766307, 0.23470116647765446], 'size': [0.033663755439403885, 0.20172185302840845, 0.0]}, 'small_block': {'pos': [0.6140097595303955, -0.3535133918987863, 0.1097032402875184], 'size': [0.04461973939918376, 0.0849493067344041, 0.09534921802665242]}}"
3.841999999999688,0.4919992115681942,0.0,0.4,0.4874505819113154,1.7851368990805994e-07,0.3999961531876456,"{'table_obstacle': {'pos': [0.3825981920028062, 0.37518922255766707, 0.1646257963690813], 'size': [0.049837904948193595, 0.0813235869879147, 0.05243307039854257]}, 'pillar_obstacle': {'pos': [0.39994824830915515, -0.3824307480766307, 0.23470116647765446], 'size': [0.033663755439403885, 0.20172185302840845, 0.0]}, 'small_block': {'pos': [0.6140097595303955, -0.3535133918987863, 0.1097032402875184], 'size': [0.04461973939918376, 0.0849493067344041, 0.09534921802665242]}}"
3.8429999999996878,0.4919992115681942,0.0,0.4,0.48751509871865095,1.7063987503888918e-07,0.3999961599743539,"{'table_obstacle': {'pos': [0.3825981920028062, 0.37518922255766707, 0.1646257963690813], 'size': [0.049837904948193595, 0.0813235869879147, 0.05243307039854257]}, 'pillar_obstacle': {'pos': [0.39994824830915515, -0.3824307480766307, 0.23470116647765446], 'size': [0.033663755439403885, 0.20172185302840845, 0.0]}, 'small_block': {'pos': [0.6140097595303955, -0.3535133918987863, 0.1097032402875184], 'size': [0.04461973939918376, 0.0849493067344041, 0.09534921802665242]}}"
3.8439999999996877,0.4919992115681942,0.0,0.4,0.4875787799878748,1.6222925208532497e-07,0.3999961702617237,"{'table_obstacle': {'pos': [0.3825981920028062, 0.37518922255766707, 0.1646257963690813], 'size': [0.049837904948193595, 0.0813235869879147, 0.05243307039854257]}, 'pillar_obstacle': {'pos': [0.39994824830915515, -0.3824307480766307, 0.23470116647765446], 'size': [0.033663755439403885, 0.20172185302840845, 0.0]}, 'small_block': {'pos': [0.6140097595303955, -0.3535133918987863, 0.1097032402875184], 'size': [0.04461973939918376, 0.0849493067344041, 0.09534921802665242]}}"
3.8449999999996876,0.4919992115681942,0.0,0.4,0.48764162143906387,1.5340639713286427e-07,0.399996183612789,"{'table_obstacle': {'pos': [0.3825981920028062, 0.37518922255766707, 0.1646257963690813], 'size': [0.049837904948193595, 0.0813235869879147, 0.05243307039854257]}, 'pillar_obstacle': {'pos': [0.39994824830915515, -0.3824307480766307, 0.23470116647765446], 'size': [0.033663755439403885, 0.20172185302840845, 0.0]}, 'small_block': {'pos': [0.6140097595303955, -0.3535133918987863, 0.1097032402875184], 'size': [0.04461973939918376, 0.0849493067344041, 0.09534921802665242]}}"
3.8459999999996874,0.4919992115681942,0.0,0.4,0.4877036219287416,1.4427773673064928e-07,0.39999619964345445,"{'table_obstacle': {'pos': [0.3825981920028062, 0.37518922255766707, 0.1646257963690813], 'size': [0.049837904948193595, 0.0813235869879147, 0.05243307039854257]}, 'pillar_obstacle': {'pos': [0.39994824830915515, -0.3824307480766307, 0.23470116647765446], 'size': [0.033663755439403885, 0.20172185302840845, 0.0]}, 'small_block': {'pos': [0.6140097595303955, -0.3535133918987863, 0.1097032402875184], 'size': [0.04461973939918376, 0.0849493067344041, 0.09534921802665242]}}"
3.8469999999996873,0.4919992115681942,0.0,0.4,0.48776478282092967,1.3493372004753101e-07,0.39999621801699714,"{'table_obstacle': {'pos': [0.3825981920028062, 0.37518922255766707, 0.1646257963690813], 'size': [0.049837904948193595, 0.0813235869879147, 0.05243307039854257]}, 'pillar_obstacle': {'pos': [0.39994824830915515, -0.3824307480766307, 0.23470116647765446], 'size': [0.033663755439403885, 0.20172185302840845, 0.0]}, 'small_block': {'pos': [0.6140097595303955, -0.3535133918987863, 0.1097032402875184], 'size': [0.04461973939918376, 0.0849493067344041, 0.09534921802665242]}}"
3.8479999999996872,0.4919992115681942,0.0,0.4,0.48782510747818214,1.2545083064096573e-07,0.39999623843880505,"{'table_obstacle': {'pos': [0.3825981920028062, 0.37518922255766707, 0.1646257963690813], 'size': [0.049837904948193595, 0.0813235869879147, 0.05243307039854257]}, 'pillar_obstacle': {'pos': [0.39994824830915515, -0.3824307480766307, 0.23470116647765446], 'size': [0.033663755439403885, 0.20172185302840845, 0.0]}, 'small_block': {'pos': [0.6140097595303955, -0.3535133918987863, 0.1097032402875184], 'size': [0.04461973939918376, 0.0849493067344041, 0.09534921802665242]}}"
3.848999999999687,0.4919992115681942,0.0,0.4,0.487884600849799,1.158934169393489e-07,0.39999626065145794,"{'table_obstacle': {'pos': [0.3825981920028062, 0.37518922255766707, 0.1646257963690813], 'size': [0.049837904948193595, 0.0813235869879147, 0.05243307039854257]}, 'pillar_obstacle': {'pos': [0.39994824830915515, -0.3824307480766307, 0.23470116647765446], 'size': [0.033663755439403885, 0.20172185302840845, 0.0]}, 'small_block': {'pos': [0.6140097595303955, -0.3535133918987863, 0.1097032402875184], 'size': [0.04461973939918376, 0.0849493067344041, 0.09534921802665242]}}"
3.849999999999687,0.4919992115681942,0.0,0.4,0.48794326913873537,1.0631534022082685e-07,0.39999628443020274,"{'table_obstacle': {'pos': [0.3825981920028062, 0.37518922255766707, 0.1646257963690813], 'size': [0.049837904948193595, 0.0813235869879147, 0.05243307039854257]}, 'pillar_obstacle': {'pos': [0.39994824830915515, -0.3824307480766307, 0.23470116647765446], 'size': [0.033663755439403885, 0.20172185302840845, 0.0]}, 'small_block': {'pos': [0.6140097595303955, -0.3535133918987863, 0.1097032402875184], 'size': [0.04461973939918376, 0.0849493067344041, 0.09534921802665242]}}"
3.850999999999687,0.4919992115681942,0.0,0.4,0.4880011195322525,9.676143879535781e-08,0.3999963095788553,"{'table_obstacle': {'pos': [0.3825981920028062, 0.37518922255766707, 0.1646257963690813], 'size': [0.049837904948193595, 0.0813235869879147, 0.05243307039854257]}, 'pillar_obstacle': {'pos': [0.39994824830915515, -0.3824307480766307, 0.23470116647765446], 'size': [0.033663755439403885, 0.20172185302840845, 0.0]}, 'small_block': {'pos': [0.6140097595303955, -0.3535133918987863, 0.1097032402875184], 'size': [0.04461973939918376, 0.0849493067344041, 0.09534921802665242]}}"
3.851999999999687,0.4919992115681942,0.0,0.4,0.48805815998418195,8.726882255321129e-08,0.39999633592612144,"{'table_obstacle': {'pos': [0.3825981920028062, 0.37518922255766707, 0.1646257963690813], 'size': [0.049837904948193595, 0.0813235869879147, 0.05243307039854257]}, 'pillar_obstacle': {'pos': [0.39994824830915515, -0.3824307480766307, 0.23470116647765446], 'size': [0.033663755439403885, 0.20172185302840845, 0.0]}, 'small_block': {'pos': [0.6140097595303955, -0.3535133918987863, 0.1097032402875184], 'size': [0.04461973939918376, 0.0849493067344041, 0.09534921802665242]}}"
3.8529999999996867,0.4919992115681942,0.0,0.4,0.4881143990389966,7.786800385931178e-08,0.3999963633223267,"{'table_obstacle': {'pos': [0.3825981920028062, 0.37518922255766707, 0.1646257963690813], 'size': [0.049837904948193595, 0.0813235869879147, 0.05243307039854257]}, 'pillar_obstacle': {'pos': [0.39994824830915515, -0.3824307480766307, 0.23470116647765446], 'size': [0.033663755439403885, 0.20172185302840845, 0.0]}, 'small_block': {'pos': [0.6140097595303955, -0.3535133918987863, 0.1097032402875184], 'size': [0.04461973939918376, 0.0849493067344041, 0.09534921802665242]}}"
3.8539999999996866,0.4919992115681942,0.0,0.4,0.4881698456897319,6.858388451486023e-08,0.3999963916365301,"{'table_obstacle': {'pos': [0.3825981920028062, 0.37518922255766707, 0.1646257963690813], 'size': [0.049837904948193595, 0.0813235869879147, 0.05243307039854257]}, 'pillar_obstacle': {'pos': [0.39994824830915515, -0.3824307480766307, 0.23470116647765446], 'size': [0.033663755439403885, 0.20172185302840845, 0.0]}, 'small_block': {'pos': [0.6140097595303955, -0.3535133918987863, 0.1097032402875184], 'size': [0.04461973939918376, 0.0849493067344041, 0.09534921802665242]}}"
3.8549999999996865,0.4919992115681942,0.0,0.4,0.4882245092633223,5.943660934701492e-08,0.39999642075398995,"{'table_obstacle': {'pos': [0.3825981920028062, 0.37518922255766707, 0.1646257963690813], 'size': [0.049837904948193595, 0.0813235869879147, 0.05243307039854257]}, 'pillar_obstacle': {'pos': [0.39994824830915515, -0.3824307480766307, 0.23470116647765446], 'size': [0.033663755439403885, 0.20172185302840845, 0.0]}, 'small_block': {'pos': [0.6140097595303955, -0.3535133918987863, 0.1097032402875184], 'size': [0.04461973939918376, 0.0849493067344041, 0.09534921802665242]}}"
3.8559999999996863,0.4919992115681942,0.0,0.4,0.4882783993281386,5.044230255071077e-08,0.3999964505739542,"{'table_obstacle': {'pos': [0.3825981920028062, 0.37518922255766707, 0.1646257963690813], 'size': [0.049837904948193595, 0.0813235869879147, 0.05243307039854257]}, 'pillar_obstacle': {'pos': [0.39994824830915515, -0.3824307480766307, 0.23470116647765446], 'size': [0.033663755439403885, 0.20172185302840845, 0.0]}, 'small_block': {'pos': [0.6140097595303955, -0.3535133918987863, 0.1097032402875184], 'size': [0.04461973939918376, 0.0849493067344041, 0.09534921802665242]}}"
3.8569999999996862,0.4919992115681942,0.0,0.4,0.48833152561949816,4.161369969790209e-08,0.3999964810077387,"{'table_obstacle': {'pos': [0.3825981920028062, 0.37518922255766707, 0.1646257963690813], 'size': [0.049837904948193595, 0.0813235869879147, 0.05243307039854257]}, 'pillar_obstacle': {'pos': [0.39994824830915515, -0.3824307480766307, 0.23470116647765446], 'size': [0.033663755439403885, 0.20172185302840845, 0.0]}, 'small_block': {'pos': [0.6140097595303955, -0.3535133918987863, 0.1097032402875184], 'size': [0.04461973939918376, 0.0849493067344041, 0.09534921802665242]}}"
3.857999999999686,0.4919992115681942,0.0,0.4,0.4883838979797328,3.296068809133261e-08,0.39999651197706326,"{'table_obstacle': {'pos': [0.3825981920028062, 0.37518922255766707, 0.1646257963690813], 'size': [0.049837904948193595, 0.0813235869879147, 0.05243307039854257]}, 'pillar_obstacle': {'pos': [0.39994824830915515, -0.3824307480766307, 0.23470116647765446], 'size': [0.033663755439403885, 0.20172185302840845, 0.0]}, 'small_block': {'pos': [0.6140097595303955, -0.3535133918987863, 0.1097032402875184], 'size': [0.04461973939918376, 0.0849493067344041, 0.09534921802665242]}}"
3.858999999999686,0.4919992115681942,0.0,0.4,0.4884355263100376,2.449076817659605e-08,0.39999654341261776,"{'table_obstacle': {'pos': [0.3825981920028062, 0.37518922255766707, 0.1646257963690813], 'size': [0.049837904948193595, 0.0813235869879147, 0.05243307039854257]}, 'pillar_obstacle': {'pos': [0.39994824830915515, -0.3824307480766307, 0.23470116647765446], 'size': [0.033663755439403885, 0.20172185302840845, 0.0]}, 'small_block': {'pos': [0.6140097595303955, -0.3535133918987863, 0.1097032402875184], 'size': [0.04461973939918376, 0.0849493067344041, 0.09534921802665242]}}"
3.859999999999686,0.4919992115681942,0.0,0.4,0.48848642053186253,1.6209445701850834e-08,0.39999657525282545,"{'table_obstacle': {'pos': [0.3825981920028062, 0.37518922255766707, 0.1646257963690813], 'size': [0.049837904948193595, 0.0813235869879147, 0.05243307039854257]}, 'pillar_obstacle': {'pos': [0.39994824830915515, -0.3824307480766307, 0.23470116647765446], 'size': [0.033663755439403885, 0.20172185302840845, 0.0]}, 'small_block': {'pos': [0.6140097595303955, -0.3535133918987863, 0.1097032402875184], 'size': [0.04461973939918376, 0.0849493067344041, 0.09534921802665242]}}"
3.860999999999686,0.4919992115681942,0.0,0.4,0.48853659055602294,8.120563878959151e-09,0.39999660744278304,"{'table_obstacle': {'pos': [0.3825981920028062, 0.37518922255766707, 0.1646257963690813], 'size': [0.049837904948193595, 0.0813235869879147, 0.05243307039854257]}, 'pillar_obstacle': {'pos': [0.39994824830915515, -0.3824307480766307, 0.23470116647765446], 'size': [0.033663755439403885, 0.20172185302840845, 0.0]}, 'small_block': {'pos': [0.6140097595303955, -0.3535133918987863, 0.1097032402875184], 'size': [0.04461973939918376, 0.0849493067344041, 0.09534921802665242]}}"
3.8619999999996857,0.4919992115681942,0.0,0.4,0.4885860462580612,2.26585266214002e-10,0.3999966399333516,"{'table_obstacle': {'pos': [0.3825981920028062, 0.37518922255766707, 0.1646257963690813], 'size': [0.049837904948193595, 0.0813235869879147, 0.05243307039854257]}, 'pillar_obstacle': {'pos': [0.39994824830915515, -0.3824307480766307, 0.23470116647765446], 'size': [0.033663755439403885, 0.20172185302840845, 0.0]}, 'small_block': {'pos': [0.6140097595303955, -0.3535133918987863, 0.1097032402875184], 'size': [0.04461973939918376, 0.0849493067344041, 0.09534921802665242]}}"
3.8629999999996856,0.4919992115681942,0.0,0.4,0.4886347974586646,-7.47117136989612e-09,0.39999667268038075,"{'table_obstacle': {'pos': [0.3825981920028062, 0.37518922255766707, 0.1646257963690813], 'size': [0.049837904948193595, 0.0813235869879147, 0.05243307039854257]}, 'pillar_obstacle': {'pos': [0.39994824830915515, -0.3824307480766307, 0.23470116647765446], 'size': [0.033663755439403885, 0.20172185302840845, 0.0]}, 'small_block': {'pos': [0.6140097595303955, -0.3535133918987863, 0.1097032402875184], 'size': [0.04461973939918376, 0.0849493067344041, 0.09534921802665242]}}"
3.8639999999996855,0.4919992115681942,0.0,0.4,0.4886828539081763,-1.4972330989484575e-08,0.39999670564404266,"{'table_obstacle': {'pos': [0.3825981920028062, 0.37518922255766707, 0.1646257963690813], 'size': [0.049837904948193595, 0.0813235869879147, 0.05243307039854257]}, 'pillar_obstacle': {'pos': [0.39994824830915515, -0.3824307480766307, 0.23470116647765446], 'size': [0.033663755439403885, 0.20172185302840845, 0.0]}, 'small_block': {'pos': [0.6140097595303955, -0.3535133918987863, 0.1097032402875184], 'size': [0.04461973939918376, 0.0849493067344041, 0.09534921802665242]}}"
3.8649999999996854,0.4919992115681942,0.0,0.4,0.48873022527441123,-2.227729381180331e-08,0.39999673878826597,"{'table_obstacle': {'pos': [0.3825981920028062, 0.37518922255766707, 0.1646257963690813], 'size': [0.049837904948193595, 0.0813235869879147, 0.05243307039854257]}, 'pillar_obstacle': {'pos': [0.39994824830915515, -0.3824307480766307, 0.23470116647765446], 'size': [0.033663755439403885, 0.20172185302840845, 0.0]}, 'small_block': {'pos': [0.6140097595303955, -0.3535133918987863, 0.1097032402875184], 'size': [0.04461973939918376, 0.0849493067344041, 0.09534921802665242]}}"
3.8659999999996852,0.4919992115681942,0.0,0.4,0.48877692113315196,-2.93870942186551e-08,0.39999677208025364,"{'table_obstacle': {'pos': [0.3825981920028062, 0.37518922255766707, 0.1646257963690813], 'size': [0.049837904948193595, 0.0813235869879147, 0.05243307039854257]}, 'pillar_obstacle': {'pos': [0.39994824830915515, -0.3824307480766307, 0.23470116647765446], 'size': [0.033663755439403885, 0.20172185302840845, 0.0]}, 'small_block': {'pos': [0.6140097595303955, -0.3535133918987863, 0.1097032402875184], 'size': [0.04461973939918376, 0.0849493067344041, 0.09534921802665242]}}"
3.866999999999685,0.4919992115681942,0.0,0.4,0.4888229509608038,-3.630328331823077e-08,0.39999680549006955,"{'table_obstacle': {'pos': [0.3825981920028062, 0.37518922255766707, 0.1646257963690813], 'size': [0.049837904948193595, 0.0813235869879147, 0.05243307039854257]}, 'pillar_obstacle': {'pos': [0.39994824830915515, -0.3824307480766307, 0.23470116647765446], 'size': [0.033663755439403885, 0.20172185302840845, 0.0]}, 'small_block': {'pos': [0.6140097595303955, -0.3535133918987863, 0.1097032402875184], 'size': [0.04461973939918376, 0.0849493067344041, 0.09534921802665242]}}"
3.867999999999685,0.4919992115681942,0.0,0.4,0.4888683241287958,-4.302782886928604e-08,0.3999968389902883,"{'table_obstacle': {'pos': [0.3825981920028062, 0.37518922255766707, 0.1646257963690813], 'size': [0.049837904948193595, 0.0813235869879147, 0.05243307039854257]}, 'pillar_obstacle': {'pos': [0.39994824830915515, -0.3824307480766307, 0.23470116647765446], 'size': [0.033663755439403885, 0.20172185302840845, 0.0]}, 'small_block': {'pos': [0.6140097595303955, -0.3535133918987863, 0.1097032402875184], 'size': [0.04461973939918376, 0.0849493067344041, 0.09534921802665242]}}"
3.868999999999685,0.4919992115681942,0.0,0.4,0.48891304989939416,-4.956303402963649e-08,0.3999968725556949,"{'table_obstacle': {'pos': [0.3825981920028062, 0.37518922255766707, 0.1646257963690813], 'size': [0.049837904948193595, 0.0813235869879147, 0.05243307039854257]}, 'pillar_obstacle': {'pos': [0.39994824830915515, -0.3824307480766307, 0.23470116647765446], 'size': [0.033663755439403885, 0.20172185302840845, 0.0]}, 'small_block': {'pos': [0.6140097595303955, -0.3535133918987863, 0.1097032402875184], 'size': [0.04461973939918376, 0.0849493067344041, 0.09534921802665242]}}"
3.869999999999685,0.4919992115681942,0.0,0.4,0.4889571374226513,-5.5911467519201786e-08,0.3999969061630307,"{'table_obstacle': {'pos': [0.3825981920028062, 0.37518922255766707, 0.1646257963690813], 'size': [0.049837904948193595, 0.0813235869879147, 0.05243307039854257]}, 'pillar_obstacle': {'pos': [0.39994824830915515, -0.3824307480766307, 0.23470116647765446], 'size': [0.033663755439403885, 0.20172185302840845, 0.0]}, 'small_block': {'pos': [0.6140097595303955, -0.3535133918987863, 0.1097032402875184], 'size': [0.04461973939918376, 0.0849493067344041, 0.09534921802665242]}}"
3.8709999999996847,0.4919992115681942,0.0,0.4,0.48900059573427057,-6.207590730534319e-08,0.39999693979077405,"{'table_obstacle': {'pos': [0.3825981920028062, 0.37518922255766707, 0.1646257963690813], 'size': [0.049837904948193595, 0.0813235869879147, 0.05243307039854257]}, 'pillar_obstacle': {'pos': [0.39994824830915515, -0.3824307480766307, 0.23470116647765446], 'size': [0.033663755439403885, 0.20172185302840845, 0.0]}, 'small_block': {'pos': [0.6140097595303955, -0.3535133918987863, 0.1097032402875184], 'size': [0.04461973939918376, 0.0849493067344041, 0.09534921802665242]}}"
3.8719999999996846,0.4919992115681942,0.0,0.4,0.48904343375421117,-6.805929263332528e-08,0.3999969734189547,"{'table_obstacle': {'pos': [0.3825981920028062, 0.37518922255766707, 0.1646257963690813], 'size': [0.049837904948193595, 0.0813235869879147, 0.05243307039854257]}, 'pillar_obstacle': {'pos': [0.39994824830915515, -0.3824307480766307, 0.23470116647765446], 'size': [0.033663755439403885, 0.20172185302840845, 0.0]}, 'small_block': {'pos': [0.6140097595303955, -0.3535133918987863, 0.1097032402875184], 'size': [0.04461973939918376, 0.0849493067344041, 0.09534921802665242]}}"
3.8729999999996845,0.4919992115681942,0.0,0.4,0.48908566028588285,-7.386468469535858e-08,0.399997007028994,"{'table_obstacle': {'pos': [0.3825981920028062, 0.37518922255766707, 0.1646257963690813], 'size': [0.049837904948193595, 0.0813235869879147, 0.05243307039854257]}, 'pillar_obstacle': {'pos': [0.39994824830915515, -0.3824307480766307, 0.23470116647765446], 'size': [0.033663755439403885, 0.20172185302840845, 0.0]}, 'small_block': {'pos': [0.6140097595303955, -0.3535133918987863, 0.1097032402875184], 'size': [0.04461973939918376, 0.0849493067344041, 0.09534921802665242]}}"
3.8739999999996844,0.4919992115681942,0.0,0.4,0.48912728401581923,-7.949523444774773e-08,0.3999970406035676,"{'table_obstacle': {'pos': [0.3825981920028062, 0.37518922255766707, 0.1646257963690813], 'size': [0.049837904948193595, 0.0813235869879147, 0.05243307039854257]}, 'pillar_obstacle': {'pos': [0.39994824830915515, -0.3824307480766307, 0.23470116647765446], 'size': [0.033663755439403885, 0.20172185302840845, 0.0]}, 'small_block': {'pos': [0.6140097595303955, -0.3535133918987863, 0.1097032402875184], 'size': [0.04461973939918376, 0.0849493067344041, 0.09534921802665242]}}"
3.8749999999996843,0.4919992115681942,0.0,0.4,0.48916831351373025,-8.495415449772284e-08,0.39999707412648894,"{'table_obstacle': {'pos': [0.3825981920028062, 0.37518922255766707, 0.1646257963690813], 'size': [0.049837904948193595, 0.0813235869879147, 0.05243307039854257]}, 'pillar_obstacle': {'pos': [0.39994824830915515, -0.3824307480766307, 0.23470116647765446], 'size': [0.033663755439403885, 0.20172185302840845, 0.0]}, 'small_block': {'pos': [0.6140097595303955, -0.3535133918987863, 0.1097032402875184], 'size': [0.04461973939918376, 0.0849493067344041, 0.09534921802665242]}}"
3.875999999999684,0.4919992115681942,0.0,0.4,0.48920875723285967,-9.024469896504667e-08,0.39999710758260576,"{'table_obstacle': {'pos': [0.3825981920028062, 0.37518922255766707, 0.1646257963690813], 'size': [0.049837904948193595, 0.0813235869879147, 0.05243307039854257]}, 'pillar_obstacle': {'pos': [0.39994824830915515, -0.3824307480766307, 0.23470116647765446], 'size': [0.033663755439403885, 0.20172185302840845, 0.0]}, 'small_block': {'pos': [0.6140097595303955, -0.3535133918987863, 0.1097032402875184], 'size': [0.04461973939918376, 0.0849493067344041, 0.09534921802665242]}}"
3.876999999999684,0.4919992115681942,0.0,0.4,0.4892486235105827,-9.537014331840695e-08,0.39999714095771405,"{'table_obstacle': {'pos': [0.3825981920028062, 0.37518922255766707, 0.1646257963690813], 'size': [0.049837904948193595, 0.0813235869879147, 0.05243307039854257]}, 'pillar_obstacle': {'pos': [0.39994824830915515, -0.3824307480766307, 0.23470116647765446], 'size': [0.033663755439403885, 0.20172185302840845, 0.0]}, 'small_block': {'pos': [0.6140097595303955, -0.3535133918987863, 0.1097032402875184], 'size': [0.04461973939918376, 0.0849493067344041, 0.09534921802665242]}}"
3.877999999999684,0.4919992115681942,0.0,0.4,0.4892879205691984,-1.0033377049691272e-07,0.39999717423848036,"{'table_obstacle': {'pos': [0.3825981920028062, 0.37518922255766707, 0.1646257963690813], 'size': [0.049837904948193595, 0.0813235869879147, 0.05243307039854257]}, 'pillar_obstacle': {'pos': [0.39994824830915515, -0.3824307480766307, 0.23470116647765446], 'size': [0.033663755439403885, 0.20172185302840845, 0.0]}, 'small_block': {'pos': [0.6140097595303955, -0.3535133918987863, 0.1097032402875184], 'size': [0.04461973939918376, 0.0849493067344041, 0.09534921802665242]}}"
3.878999999999684,0.4919992115681942,0.0,0.4,0.4893266565168689,-1.0513885832028895e-07,0.39999720741237627,"{'table_obstacle': {'pos': [0.3825981920028062, 0.37518922255766707, 0.1646257963690813], 'size': [0.049837904948193595, 0.0813235869879147, 0.05243307039854257]}, 'pillar_obstacle': {'pos': [0.39994824830915515, -0.3824307480766307, 0.23470116647765446], 'size': [0.033663755439403885, 0.20172185302840845, 0.0]}, 'small_block': {'pos': [0.6140097595303955, -0.3535133918987863, 0.1097032402875184], 'size': [0.04461973939918376, 0.0849493067344041, 0.09534921802665242]}}"
3.8799999999996837,0.4919992115681942,0.0,0.4,0.48936483934868147,-1.09788670093768e-07,0.39999724046762,"{'table_obstacle': {'pos': [0.3825981920028062, 0.37518922255766707, 0.1646257963690813], 'size': [0.049837904948193595, 0.0813235869879147, 0.05243307039854257]}, 'pillar_obstacle': {'pos': [0.39994824830915515, -0.3824307480766307, 0.23470116647765446], 'size': [0.033663755439403885, 0.20172185302840845, 0.0]}, 'small_block': {'pos': [0.6140097595303955, -0.3535133918987863, 0.1097032402875184], 'size': [0.04461973939918376, 0.0849493067344041, 0.09534921802665242]}}"
3.8809999999996836,0.4919992115681942,0.0,0.4,0.4894024769477972,-1.1428644603963881e-07,0.3999972733931243,"{'table_obstacle': {'pos': [0.3825981920028062, 0.37518922255766707, 0.1646257963690813], 'size': [0.049837904948193595, 0.0813235869879147, 0.05243307039854257]}, 'pillar_obstacle': {'pos': [0.39994824830915515, -0.3824307480766307, 0.23470116647765446], 'size': [0.033663755439403885, 0.20172185302840845, 0.0]}, 'small_block': {'pos': [0.6140097595303955, -0.3535133918987863, 0.1097032402875184], 'size': [0.04461973939918376, 0.0849493067344041, 0.09534921802665242]}}"
3.8819999999996835,0.4919992115681942,0.0,0.4,0.4894395770866733,-1.1863539703675502e-07,0.399997306178452,"{'table_obstacle': {'pos': [0.3825981920028062, 0.37518922255766707, 0.1646257963690813], 'size': [0.049837904948193595, 0.0813235869879147, 0.05243307039854257]}, 'pillar_obstacle': {'pos': [0.39994824830915515, -0.3824307480766307, 0.23470116647765446], 'size': [0.033663755439403885, 0.20172185302840845, 0.0]}, 'small_block': {'pos': [0.6140097595303955, -0.3535133918987863, 0.1097032402875184], 'size': [0.04461973939918376, 0.0849493067344041, 0.09534921802665242]}}"
3.8829999999996834,0.4919992115681942,0.0,0.4,0.4894761474283356,-1.2283869968982784e-07,0.3999973388137751,"{'table_obstacle': {'pos': [0.3825981920028062, 0.37518922255766707, 0.1646257963690813], 'size': [0.049837904948193595, 0.0813235869879147, 0.05243307039854257]}, 'pillar_obstacle': {'pos': [0.39994824830915515, -0.3824307480766307, 0.23470116647765446], 'size': [0.033663755439403885, 0.20172185302840845, 0.0]}, 'small_block': {'pos': [0.6140097595303955, -0.3535133918987863, 0.1097032402875184], 'size': [0.04461973939918376, 0.0849493067344041, 0.09534921802665242]}}"
3.8839999999996833,0.4919992115681942,0.0,0.4,0.48951219552769204,-1.2689949154539854e-07,0.3999973712898394,"{'table_obstacle': {'pos': [0.3825981920028062, 0.37518922255766707, 0.1646257963690813], 'size': [0.049837904948193595, 0.0813235869879147, 0.05243307039854257]}, 'pillar_obstacle': {'pos': [0.39994824830915515, -0.3824307480766307, 0.23470116647765446], 'size': [0.033663755439403885, 0.20172185302840845, 0.0]}, 'small_block': {'pos': [0.6140097595303955, -0.3535133918987863, 0.1097032402875184], 'size': [0.04461973939918376, 0.0849493067344041, 0.09534921802665242]}}"
3.884999999999683,0.4919992115681942,0.0,0.4,0.4895477288328701,-1.3082086893864515e-07,0.39999740359793107,"{'table_obstacle': {'pos': [0.3825981920028062, 0.37518922255766707, 0.1646257963690813], 'size': [0.049837904948193595, 0.0813235869879147, 0.05243307039854257]}, 'pillar_obstacle': {'pos': [0.39994824830915515, -0.3824307480766307, 0.23470116647765446], 'size': [0.033663755439403885, 0.20172185302840845, 0.0]}, 'small_block': {'pos': [0.6140097595303955, -0.3535133918987863, 0.1097032402875184], 'size': [0.04461973939918376, 0.0849493067344041, 0.09534921802665242]}}"
3.885999999999683,0.4919992115681942,0.0,0.4,0.4895827546865769,-1.3460588355848012e-07,0.39999743572984886,"{'table_obstacle': {'pos': [0.3825981920028062, 0.37518922255766707, 0.1646257963690813], 'size': [0.049837904948193595, 0.0813235869879147, 0.05243307039854257]}, 'pillar_obstacle': {'pos': [0.39994824830915515, -0.3824307480766307, 0.23470116647765446], 'size': [0.033663755439403885, 0.20172185302840845, 0.0]}, 'small_block': {'pos': [0.6140097595303955, -0.3535133918987863, 0.1097032402875184], 'size': [0.04461973939918376, 0.0849493067344041, 0.09534921802665242]}}"
3.886999999999683,0.4919992115681942,0.0,0.4,0.48961728032746527,-1.38257541133149e-07,0.3999974676778759,"{'table_obstacle': {'pos': [0.3825981920028062, 0.37518922255766707, 0.1646257963690813], 'size': [0.049837904948193595, 0.0813235869879147, 0.05243307039854257]}, 'pillar_obstacle': {'pos': [0.39994824830915515, -0.3824307480766307, 0.23470116647765446], 'size': [0.033663755439403885, 0.20172185302840845, 0.0]}, 'small_block': {'pos': [0.6140097595303955, -0.3535133918987863, 0.1097032402875184], 'size': [0.04461973939918376, 0.0849493067344041, 0.09534921802665242]}}"
3.887999999999683,0.4919992115681942,0.0,0.4,0.4896513128915092,-1.4177879995875948e-07,0.3999974994347554,"{'table_obstacle': {'pos': [0.3825981920028062, 0.37518922255766707, 0.1646257963690813], 'size': [0.049837904948193595, 0.0813235869879147, 0.05243307039854257]}, 'pillar_obstacle': {'pos': [0.39994824830915515, -0.3824307480766307, 0.23470116647765446], 'size': [0.033663755439403885, 0.20172185302840845, 0.0]}, 'small_block': {'pos': [0.6140097595303955, -0.3535133918987863, 0.1097032402875184], 'size': [0.04461973939918376, 0.0849493067344041, 0.09534921802665242]}}"
3.8889999999996827,0.4919992115681942,0.0,0.4,0.4896848594133775,-1.451725696187981e-07,0.39999753099367036,"{'table_obstacle': {'pos': [0.3825981920028062, 0.37518922255766707, 0.1646257963690813], 'size': [0.049837904948193595, 0.0813235869879147, 0.05243307039854257]}, 'pillar_obstacle': {'pos': [0.39994824830915515, -0.3824307480766307, 0.23470116647765446], 'size': [0.033663755439403885, 0.20172185302840845, 0.0]}, 'small_block': {'pos': [0.6140097595303955, -0.3535133918987863, 0.1097032402875184], 'size': [0.04461973939918376, 0.0849493067344041, 0.09534921802665242]}}"
3.8899999999996826,0.4919992115681942,0.0,0.4,0.48971792682780413,-1.4844171103417594e-07,0.39999756234821976,"{'table_obstacle': {'pos': [0.3825981920028062, 0.37518922255766707, 0.1646257963690813], 'size': [0.049837904948193595, 0.0813235869879147, 0.05243307039854257]}, 'pillar_obstacle': {'pos': [0.39994824830915515, -0.3824307480766307, 0.23470116647765446], 'size': [0.033663755439403885, 0.20172185302840845, 0.0]}, 'small_block': {'pos': [0.6140097595303955, -0.3535133918987863, 0.1097032402875184], 'size': [0.04461973939918376, 0.0849493067344041, 0.09534921802665242]}}"
3.8909999999996825,0.4919992115681942,0.0,0.4,0.4897505219709519,-1.515890350884387e-07,0.3999975934924021,"{'table_obstacle': {'pos': [0.3825981920028062, 0.37518922255766707, 0.1646257963690813], 'size': [0.049837904948193595, 0.0813235869879147, 0.05243307039854257]}, 'pillar_obstacle': {'pos': [0.39994824830915515, -0.3824307480766307, 0.23470116647765446], 'size': [0.033663755439403885, 0.20172185302840845, 0.0]}, 'small_block': {'pos': [0.6140097595303955, -0.3535133918987863, 0.1097032402875184], 'size': [0.04461973939918376, 0.0849493067344041, 0.09534921802665242]}}"
3.8919999999996824,0.4919992115681942,0.0,0.4,0.48978265158176887,-1.5461730344316417e-07,0.3999976244205966,"{'table_obstacle': {'pos': [0.3825981920028062, 0.37518922255766707, 0.1646257963690813], 'size': [0.049837904948193595, 0.0813235869879147, 0.05243307039854257]}, 'pillar_obstacle': {'pos': [0.39994824830915515, -0.3824307480766307, 0.23470116647765446], 'size': [0.033663755439403885, 0.20172185302840845, 0.0]}, 'small_block': {'pos': [0.6140097595303955, -0.3535133918987863, 0.1097032402875184], 'size': [0.04461973939918376, 0.0849493067344041, 0.09534921802665242]}}"
3.8929999999996823,0.4919992115681942,0.0,0.4,0.48981432230333305,-1.575292281027335e-07,0.3999976551275446,"{'table_obstacle': {'pos': [0.3825981920028062, 0.37518922255766707, 0.1646257963690813], 'size': [0.049837904948193595, 0.0813235869879147, 0.05243307039854257]}, 'pillar_obstacle': {'pos': [0.39994824830915515, -0.3824307480766307, 0.23470116647765446], 'size': [0.033663755439403885, 0.20172185302840845, 0.0]}, 'small_block': {'pos': [0.6140097595303955, -0.3535133918987863, 0.1097032402875184], 'size': [0.04461973939918376, 0.0849493067344041, 0.09534921802665242]}}"
3.893999999999682,0.4919992115681942,0.0,0.4,0.48984554068418457,-1.6032747149664402e-07,0.3999976856083371,"{'table_obstacle': {'pos': [0.3825981920028062, 0.37518922255766707, 0.1646257963690813], 'size': [0.049837904948193595, 0.0813235869879147, 0.05243307039854257]}, 'pillar_obstacle': {'pos': [0.39994824830915515, -0.3824307480766307, 0.23470116647765446], 'size': [0.033663755439403885, 0.20172185302840845, 0.0]}, 'small_block': {'pos': [0.6140097595303955, -0.3535133918987863, 0.1097032402875184], 'size': [0.04461973939918376, 0.0849493067344041, 0.09534921802665242]}}"
3.894999999999682,0.4919992115681942,0.0,0.4,0.48987631317964503,-1.630146475527197e-07,0.3999977158583976,"{'table_obstacle': {'pos': [0.3825981920028062, 0.37518922255766707, 0.1646257963690813], 'size': [0.049837904948193595, 0.0813235869879147, 0.05243307039854257]}, 'pillar_obstacle': {'pos': [0.39994824830915515, -0.3824307480766307, 0.23470116647765446], 'size': [0.033663755439403885, 0.20172185302840845, 0.0]}, 'small_block': {'pos': [0.6140097595303955, -0.3535133918987863, 0.1097032402875184], 'size': [0.04461973939918376, 0.0849493067344041, 0.09534921802665242]}}"
3.895999999999682,0.4919992115681942,0.0,0.4,0.48990664615312407,-1.6559332117416304e-07,0.39999774587346837,"{'table_obstacle': {'pos': [0.3825981920028062, 0.37518922255766707, 0.1646257963690813], 'size': [0.049837904948193595, 0.0813235869879147, 0.05243307039854257]}, 'pillar_obstacle': {'pos': [0.39994824830915515, -0.3824307480766307, 0.23470116647765446], 'size': [0.033663755439403885, 0.20172185302840845, 0.0]}, 'small_block': {'pos': [0.6140097595303955, -0.3535133918987863, 0.1097032402875184], 'size': [0.04461973939918376, 0.0849493067344041, 0.09534921802665242]}}"
3.896999999999682,0.4919992115681942,0.0,0.4,0.48993654587740865,-1.6806600877326908e-07,0.3999977756495981,"{'table_obstacle': {'pos': [0.3825981920028062, 0.37518922255766707, 0.1646257963690813], 'size': [0.049837904948193595, 0.0813235869879147, 0.05243307039854257]}, 'pillar_obstacle': {'pos': [0.39994824830915515, -0.3824307480766307, 0.23470116647765446], 'size': [0.033663755439403885, 0.20172185302840845, 0.0]}, 'small_block': {'pos': [0.6140097595303955, -0.3535133918987863, 0.1097032402875184], 'size': [0.04461973939918376, 0.0849493067344041, 0.09534921802665242]}}"
3.8979999999996817,0.4919992115681942,0.0,0.4,0.4899660185359383,-1.7043517966595678e-07,0.3999978051831281,"{'table_obstacle': {'pos': [0.3825981920028062, 0.37518922255766707, 0.1646257963690813], 'size': [0.049837904948193595, 0.0813235869879147, 0.05243307039854257]}, 'pillar_obstacle': {'pos': [0.39994824830915515, -0.3824307480766307, 0.23470116647765446], 'size': [0.033663755439403885, 0.20172185302840845, 0.0]}, 'small_block': {'pos': [0.6140097595303955, -0.3535133918987863, 0.1097032402875184], 'size': [0.04461973939918376, 0.0849493067344041, 0.09534921802665242]}}"
3.8989999999996816,0.49599918625202505,0.0,0.4,0.489995070224066,-1.7270325592133082e-07,0.39999783447068066,"{'table_obstacle': {'pos': [0.3825981920028062, 0.37518922255766707, 0.1646257963690813], 'size': [0.049837904948193595, 0.0813235869879147, 0.05243307039854257]}, 'pillar_obstacle': {'pos': [0.39994824830915515, -0.3824307480766307, 0.23470116647765446], 'size': [0.033663755439403885, 0.20172185302840845, 0.0]}, 'small_block': {'pos': [0.6140097595303955, -0.3535133918987863, 0.1097032402875184], 'size': [0.04461973939918376, 0.0849493067344041, 0.09534921802665242]}}"
3.8999999999996815,0.49599918625202505,0.0,0.4,0.49003455195010853,-1.5257708736133563e-07,0.3999977755826723,"{'table_obstacle': {'pos': [0.3825981920028062, 0.37518922255766707, 0.1646257963690813], 'size': [0.049837904948193595, 0.0813235869879147, 0.05243307039854257]}, 'pillar_obstacle': {'pos': [0.39994824830915515, -0.3824307480766307, 0.23470116647765446], 'size': [0.033663755439403885, 0.20172185302840845, 0.0]}, 'small_block': {'pos': [0.6140097595303955, -0.3535133918987863, 0.1097032402875184], 'size': [0.04461973939918376, 0.0849493067344041, 0.09534921802665242]}}"
3.9009999999996814,0.49599918625202505,0.0,0.4,0.49008225541456063,-1.1926069615964118e-07,0.3999976619612195,"{'table_obstacle': {'pos': [0.3825981920028062, 0.37518922255766707, 0.1646257963690813], 'size': [0.049837904948193595, 0.0813235869879147, 0.05243307039854257]}, 'pillar_obstacle': {'pos': [0.39994824830915515, -0.3824307480766307, 0.23470116647765446], 'size': [0.033663755439403885, 0.20172185302840845, 0.0]}, 'small_block': {'pos': [0.6140097595303955, -0.3535133918987863, 0.1097032402875184], 'size': [0.04461973939918376, 0.0849493067344041, 0.09534921802665242]}}"
3.9019999999996813,0.49599918625202505,0.0,0.4,0.49013639473248216,-7.92304076968049e-08,0.3999975173481082,"{'table_obstacle': {'pos': [0.3825981920028062, 0.37518922255766707, 0.1646257963690813], 'size': [0.049837904948193595, 0.0813235869879147, 0.05243307039854257]}, 'pillar_obstacle': {'pos': [0.39994824830915515, -0.3824307480766307, 0.23470116647765446], 'size': [0.033663755439403885, 0.20172185302840845, 0.0]}, 'small_block': {'pos': [0.6140097595303955, -0.3535133918987863, 0.1097032402875184], 'size': [0.04461973939918376, 0.0849493067344041, 0.09534921802665242]}}"
3.902999999999681,0.49599918625202505,0.0,0.4,0.490195526295165,-3.69444649957405e-08,0.39999735834973943,"{'table_obstacle': {'pos': [0.3825981920028062, 0.37518922255766707, 0.1646257963690813], 'size': [0.049837904948193595, 0.0813235869879147, 0.05243307039854257]}, 'pillar_obstacle': {'pos': [0.39994824830915515, -0.3824307480766307, 0.23470116647765446], 'size': [0.033663755439403885, 0.20172185302840845, 0.0]}, 'small_block': {'pos': [0.6140097595303955, -0.3535133918987863, 0.1097032402875184], 'size': [0.04461973939918376, 0.0849493067344041, 0.09534921802665242]}}"
3.903999999999681,0.49599918625202505,0.0,0.4,0.49025848379332415,4.6197790840624e-09,0.39999719634502334,"{'table_obstacle': {'pos': [0.3825981920028062, 0.37518922255766707, 0.1646257963690813], 'size': [0.049837904948193595, 0.0813235869879147, 0.05243307039854257]}, 'pillar_obstacle': {'pos': [0.39994824830915515, -0.3824307480766307, 0.23470116647765446], 'size': [0.033663755439403885, 0.20172185302840845, 0.0]}, 'small_block': {'pos': [0.6140097595303955, -0.3535133918987863, 0.1097032402875184], 'size': [0.04461973939918376, 0.0849493067344041, 0.09534921802665242]}}"
3.904999999999681,0.49599918625202505,0.0,0.4,0.4903243255457238,4.356084640393738e-08,0.39999703890501426,"{'table_obstacle': {'pos': [0.3825981920028062, 0.37518922255766707, 0.1646257963690813], 'size': [0.049837904948193595, 0.0813235869879147, 0.05243307039854257]}, 'pillar_obstacle': {'pos': [0.39994824830915515, -0.3824307480766307, 0.23470116647765446], 'size': [0.033663755439403885, 0.20172185302840845, 0.0]}, 'small_block': {'pos': [0.6140097595303955, -0.3535133918987863, 0.1097032402875184], 'size': [0.04461973939918376, 0.0849493067344041, 0.09534921802665242]}}"
3.905999999999681,0.49599918625202505,0.0,0.4,0.4903922918108294,7.874922811216264e-08,0.39999689084851114,"{'table_obstacle': {'pos': [0.3825981920028062, 0.37518922255766707, 0.1646257963690813], 'size': [0.049837904948193595, 0.0813235869879147, 0.05243307039854257]}, 'pillar_obstacle': {'pos': [0.39994824830915515, -0.3824307480766307, 0.23470116647765446], 'size': [0.033663755439403885, 0.20172185302840845, 0.0]}, 'small_block': {'pos': [0.6140097595303955, -0.3535133918987863, 0.1097032402875184], 'size': [0.04461973939918376, 0.0849493067344041, 0.09534921802665242]}}"
3.9069999999996807,0.49599918625202505,0.0,0.4,0.4904617701945636,1.0960062046558688e-07,0.3999967550255916,"{'table_obstacle': {'pos': [0.3825981920028062, 0.37518922255766707, 0.1646257963690813], 'size': [0.049837904948193595, 0.0813235869879147, 0.05243307039854257]}, 'pillar_obstacle': {'pos': [0.39994824830915515, -0.3824307480766307, 0.23470116647765446], 'size': [0.033663755439403885, 0.20172185302840845, 0.0]}, 'small_block': {'pos': [0.6140097595303955, -0.3535133918987863, 0.1097032402875184], 'size': [0.04461973939918376, 0.0849493067344041, 0.09534921802665242]}}"
3.9079999999996806,0.49599918625202505,0.0,0.4,0.4905322676220666,1.359078452515381e-07,0.3999966328974905,"{'table_obstacle': {'pos': [0.3825981920028062, 0.37518922255766707, 0.1646257963690813], 'size': [0.049837904948193595, 0.0813235869879147, 0.05243307039854257]}, 'pillar_obstacle': {'pos': [0.39994824830915515, -0.3824307480766307, 0.23470116647765446], 'size': [0.033663755439403885, 0.20172185302840845, 0.0]}, 'small_block': {'pos': [0.6140097595303955, -0.3535133918987863, 0.1097032402875184], 'size': [0.04461973939918376, 0.0849493067344041, 0.09534921802665242]}}"
3.9089999999996805,0.49599918625202505,0.0,0.4,0.4906033876301168,1.5771725028115947e-07,0.39999652496393384,"{'table_obstacle': {'pos': [0.3825981920028062, 0.37518922255766707, 0.1646257963690813], 'size': [0.049837904948193595, 0.0813235869879147, 0.05243307039854257]}, 'pillar_obstacle': {'pos': [0.39994824830915515, -0.3824307480766307, 0.23470116647765446], 'size': [0.033663755439403885, 0.20172185302840845, 0.0]}, 'small_block': {'pos': [0.6140097595303955, -0.3535133918987863, 0.1097032402875184], 'size': [0.04461973939918376, 0.0849493067344041, 0.09534921802665242]}}"
3.9099999999996804,0.49599918625202505,0.0,0.4,0.49067481197160034,1.752386940573968e-07,0.3999964310762407,"{'table_obstacle': {'pos': [0.3825981920028062, 0.37518922255766707, 0.1646257963690813], 'size': [0.049837904948193595, 0.0813235869879147, 0.05243307039854257]}, 'pillar_obstacle': {'pos': [0.39994824830915515, -0.3824307480766307, 0.23470116647765446], 'size': [0.033663755439403885, 0.20172185302840845, 0.0]}, 'small_block': {'pos': [0.6140097595303955, -0.3535133918987863, 0.1097032402875184], 'size': [0.04461973939918376, 0.0849493067344041, 0.09534921802665242]}}"
3.9109999999996803,0.49599918625202505,0.0,0.4,0.49074628571413703,1.8878076475416872e-07,0.3999963506649821,"{'table_obstacle': {'pos': [0.3825981920028062, 0.37518922255766707, 0.1646257963690813], 'size': [0.049837904948193595, 0.0813235869879147, 0.05243307039854257]}, 'pillar_obstacle': {'pos': [0.39994824830915515, -0.3824307480766307, 0.23470116647765446], 'size': [0.033663755439403885, 0.20172185302840845, 0.0]}, 'small_block': {'pos': [0.6140097595303955, -0.3535133918987863, 0.1097032402875184], 'size': [0.04461973939918376, 0.0849493067344041, 0.09534921802665242]}}"
3.91199999999968,0.49599918625202505,0.0,0.4,0.4908176051697778,1.987048582594101e-07,0.3999962829038718,"{'table_obstacle': {'pos': [0.3825981920028062, 0.37518922255766707, 0.1646257963690813], 'size': [0.049837904948193595, 0.0813235869879147, 0.05243307039854257]}, 'pillar_obstacle': {'pos': [0.39994824830915515, -0.3824307480766307, 0.23470116647765446], 'size': [0.033663755439403885, 0.20172185302840845, 0.0]}, 'small_block': {'pos': [0.6140097595303955, -0.3535133918987863, 0.1097032402875184], 'size': [0.04461973939918376, 0.0849493067344041, 0.09534921802665242]}}"
3.91299999999968,0.49599918625202505,0.0,0.4,0.4908886081183212,2.0539325730669046e-07,0.3999962268262125,"{'table_obstacle': {'pos': [0.3825981920028062, 0.37518922255766707, 0.1646257963690813], 'size': [0.049837904948193595, 0.0813235869879147, 0.05243307039854257]}, 'pillar_obstacle': {'pos': [0.39994824830915515, -0.3824307480766307, 0.23470116647765446], 'size': [0.033663755439403885, 0.20172185302840845, 0.0]}, 'small_block': {'pos': [0.6140097595303955, -0.3535133918987863, 0.1097032402875184], 'size': [0.04461973939918376, 0.0849493067344041, 0.09534921802665242]}}"
3.91399999999968,0.49599918625202505,0.0,0.4,0.49095916588870286,2.092275286116557e-07,0.3999961814062083,"{'table_obstacle': {'pos': [0.3825981920028062, 0.37518922255766707, 0.1646257963690813], 'size': [0.049837904948193595, 0.0813235869879147, 0.05243307039854257]}, 'pillar_obstacle': {'pos': [0.39994824830915515, -0.3824307480766307, 0.23470116647765446], 'size': [0.033663755439403885, 0.20172185302840845, 0.0]}, 'small_block': {'pos': [0.6140097595303955, -0.3535133918987863, 0.1097032402875184], 'size': [0.04461973939918376, 0.0849493067344041, 0.09534921802665242]}}"
3.91499999999968,0.49599918625202505,0.0,0.4,0.49102917694553244,2.105744492170353e-07,0.3999961456143999,"{'table_obstacle': {'pos': [0.3825981920028062, 0.37518922255766707, 0.1646257963690813], 'size': [0.049837904948193595, 0.0813235869879147, 0.05243307039854257]}, 'pillar_obstacle': {'pos': [0.39994824830915515, -0.3824307480766307, 0.23470116647765446], 'size': [0.033663755439403885, 0.20172185302840845, 0.0]}, 'small_block': {'pos': [0.6140097595303955, -0.3535133918987863, 0.1097032402875184], 'size': [0.04461973939918376, 0.0849493067344041, 0.09534921802665242]}}"
3.9159999999996797,0.49599918625202505,0.0,0.4,0.4910985616948405,2.0977736997132537e-07,0.3999961184541904,"{'table_obstacle': {'pos': [0.3825981920028062, 0.37518922255766707, 0.1646257963690813], 'size': [0.049837904948193595, 0.0813235869879147, 0.05243307039854257]}, 'pillar_obstacle': {'pos': [0.39994824830915515, -0.3824307480766307, 0.23470116647765446], 'size': [0.033663755439403885, 0.20172185302840845, 0.0]}, 'small_block': {'pos': [0.6140097595303955, -0.3535133918987863, 0.1097032402875184], 'size': [0.04461973939918376, 0.0849493067344041, 0.09534921802665242]}}"
3.9169999999996796,0.49599918625202505,0.0,0.4,0.49116725827738783,2.0715144394501723e-07,0.3999960989846803,"{'table_obstacle': {'pos': [0.3825981920028062, 0.37518922255766707, 0.1646257963690813], 'size': [0.049837904948193595, 0.0813235869879147, 0.05243307039854257]}, 'pillar_obstacle': {'pos': [0.39994824830915515, -0.3824307480766307, 0.23470116647765446], 'size': [0.033663755439403885, 0.20172185302840845, 0.0]}, 'small_block': {'pos': [0.6140097595303955, -0.3535133918987863, 0.1097032402875184], 'size': [0.04461973939918376, 0.0849493067344041, 0.09534921802665242]}}"
3.9179999999996795,0.49599918625202505,0.0,0.4,0.4912352191618779,2.0298155520624631e-07,0.39999608633371475,"{'table_obstacle': {'pos': [0.3825981920028062, 0.37518922255766707, 0.1646257963690813], 'size': [0.049837904948193595, 0.0813235869879147, 0.05243307039854257]}, 'pillar_obstacle': {'pos': [0.39994824830915515, -0.3824307480766307, 0.23470116647765446], 'size': [0.033663755439403885, 0.20172185302840845, 0.0]}, 'small_block': {'pos': [0.6140097595303955, -0.3535133918987863, 0.1097032402875184], 'size': [0.04461973939918376, 0.0849493067344041, 0.09534921802665242]}}"
3.9189999999996794,0.49599918625202505,0.0,0.4,0.49130240838607053,1.9752208758094066e-07,0.3999960797040455,"{'table_obstacle': {'pos': [0.3825981920028062, 0.37518922255766707, 0.1646257963690813], 'size': [0.049837904948193595, 0.0813235869879147, 0.05243307039854257]}, 'pillar_obstacle': {'pos': [0.39994824830915515, -0.3824307480766307, 0.23470116647765446], 'size': [0.033663755439403885, 0.20172185302840845, 0.0]}, 'small_block': {'pos': [0.6140097595303955, -0.3535133918987863, 0.1097032402875184], 'size': [0.04461973939918376, 0.0849493067344041, 0.09534921802665242]}}"
3.9199999999996793,0.49599918625202505,0.0,0.4,0.4913687993226609,1.9099790137044487e-07,0.3999960783747536,"{'table_obstacle': {'pos': [0.3825981920028062, 0.37518922255766707, 0.1646257963690813], 'size': [0.049837904948193595, 0.0813235869879147, 0.05243307039854257]}, 'pillar_obstacle': {'pos': [0.39994824830915515, -0.3824307480766307, 0.23470116647765446], 'size': [0.033663755439403885, 0.20172185302840845, 0.0]}, 'small_block': {'pos': [0.6140097595303955, -0.3535133918987863, 0.1097032402875184], 'size': [0.04461973939918376, 0.0849493067344041, 0.09534921802665242]}}"
3.920999999999679,0.49599918625202505,0.0,0.4,0.49143437287019825,1.836060638114031e-07,0.39999608169950923,"{'table_obstacle': {'pos': [0.3825981920028062, 0.37518922255766707, 0.1646257963690813], 'size': [0.049837904948193595, 0.0813235869879147, 0.05243307039854257]}, 'pillar_obstacle': {'pos': [0.39994824830915515, -0.3824307480766307, 0.23470116647765446], 'size': [0.033663755439403885, 0.20172185302840845, 0.0]}, 'small_block': {'pos': [0.6140097595303955, -0.3535133918987863, 0.1097032402875184], 'size': [0.04461973939918376, 0.0849493067344041, 0.09534921802665242]}}"
3.921999999999679,0.49599918625202505,0.0,0.4,0.49149911598825774,1.755180082265151e-07,0.39999608910281503,"{'table_obstacle': {'pos': [0.3825981920028062, 0.37518922255766707, 0.1646257963690813], 'size': [0.049837904948193595, 0.0813235869879147, 0.05243307039854257]}, 'pillar_obstacle': {'pos': [0.39994824830915515, -0.3824307480766307, 0.23470116647765446], 'size': [0.033663755439403885, 0.20172185302840845, 0.0]}, 'small_block': {'pos': [0.6140097595303955, -0.3535133918987863, 0.1097032402875184], 'size': [0.04461973939918376, 0.0849493067344041, 0.09534921802665242]}}"
3.922999999999679,0.49599918625202505,0.0,0.4,0.49156302051144307,1.6688189099989552e-07,0.3999961000750566,"{'table_obstacle': {'pos': [0.3825981920028062, 0.37518922255766707, 0.1646257963690813], 'size': [0.049837904948193595, 0.0813235869879147, 0.05243307039854257]}, 'pillar_obstacle': {'pos': [0.39994824830915515, -0.3824307480766307, 0.23470116647765446], 'size': [0.033663755439403885, 0.20172185302840845, 0.0]}, 'small_block': {'pos': [0.6140097595303955, -0.3535133918987863, 0.1097032402875184], 'size': [0.04461973939918376, 0.0849493067344041, 0.09534921802665242]}}"
3.923999999999679,0.49599918625202505,0.0,0.4,0.4916260821892183,1.5782499516787e-07,0.39999611416694597,"{'table_obstacle': {'pos': [0.3825981920028062, 0.37518922255766707, 0.1646257963690813], 'size': [0.049837904948193595, 0.0813235869879147, 0.05243307039854257]}, 'pillar_obstacle': {'pos': [0.39994824830915515, -0.3824307480766307, 0.23470116647765446], 'size': [0.033663755439403885, 0.20172185302840845, 0.0]}, 'small_block': {'pos': [0.6140097595303955, -0.3535133918987863, 0.1097032402875184], 'size': [0.04461973939918376, 0.0849493067344041, 0.09534921802665242]}}"
3.9249999999996787,0.49599918625202505,0.0,0.4,0.4916882999086535,1.4845607004458695e-07,0.39999613098376113,"{'table_obstacle': {'pos': [0.3825981920028062, 0.37518922255766707, 0.1646257963690813], 'size': [0.049837904948193595, 0.0813235869879147, 0.05243307039854257]}, 'pillar_obstacle': {'pos': [0.39994824830915515, -0.3824307480766307, 0.23470116647765446], 'size': [0.033663755439403885, 0.20172185302840845, 0.0]}, 'small_block': {'pos': [0.6140097595303955, -0.3535133918987863, 0.1097032402875184], 'size': [0.04461973939918376, 0.0849493067344041, 0.09534921802665242]}}"
3.9259999999996786,0.49599918625202505,0.0,0.4,0.4917496750653147,1.3886754839433396e-07,0.39999615017965523,"{'table_obstacle': {'pos': [0.3825981920028062, 0.37518922255766707, 0.1646257963690813], 'size': [0.049837904948193595, 0.0813235869879147, 0.05243307039854257]}, 'pillar_obstacle': {'pos': [0.39994824830915515, -0.3824307480766307, 0.23470116647765446], 'size': [0.033663755439403885, 0.20172185302840845, 0.0]}, 'small_block': {'pos': [0.6140097595303955, -0.3535133918987863, 0.1097032402875184], 'size': [0.04461973939918376, 0.0849493067344041, 0.09534921802665242]}}"
3.9269999999996785,0.49599918625202505,0.0,0.4,0.4918102110541419,1.291375972026852e-07,0.39999617145221533,"{'table_obstacle': {'pos': [0.3825981920028062, 0.37518922255766707, 0.1646257963690813], 'size': [0.049837904948193595, 0.0813235869879147, 0.05243307039854257]}, 'pillar_obstacle': {'pos': [0.39994824830915515, -0.3824307480766307, 0.23470116647765446], 'size': [0.033663755439403885, 0.20172185302840845, 0.0]}, 'small_block': {'pos': [0.6140097595303955, -0.3535133918987863, 0.1097032402875184], 'size': [0.04461973939918376, 0.0849493067344041, 0.09534921802665242]}}"
3.9279999999996784,0.49599918625202505,0.0,0.4,0.4918699128575097,1.193319878962498e-07,0.3999961945373752,"{'table_obstacle': {'pos': [0.3825981920028062, 0.37518922255766707, 0.1646257963690813], 'size': [0.049837904948193595, 0.0813235869879147, 0.05243307039854257]}, 'pillar_obstacle': {'pos': [0.39994824830915515, -0.3824307480766307, 0.23470116647765446], 'size': [0.033663755439403885, 0.20172185302840845, 0.0]}, 'small_block': {'pos': [0.6140097595303955, -0.3535133918987863, 0.1097032402875184], 'size': [0.04461973939918376, 0.0849493067344041, 0.09534921802665242]}}"
3.9289999999996783,0.49599918625202505,0.0,0.4,0.4919287867119979,1.0950577683441833e-07,0.3999962192047414,"{'table_obstacle': {'pos': [0.3825981920028062, 0.37518922255766707, 0.1646257963690813], 'size': [0.049837904948193595, 0.0813235869879147, 0.05243307039854257]}, 'pillar_obstacle': {'pos': [0.39994824830915515, -0.3824307480766307, 0.23470116647765446], 'size': [0.033663755439403885, 0.20172185302840845, 0.0]}, 'small_block': {'pos': [0.6140097595303955, -0.3535133918987863, 0.1097032402875184], 'size': [0.04461973939918376, 0.0849493067344041, 0.09534921802665242]}}"
3.929999999999678,0.49599918625202505,0.0,0.4,0.4919868398389113,9.970480148475693e-08,0.3999962452533591,"{'table_obstacle': {'pos': [0.3825981920028062, 0.37518922255766707, 0.1646257963690813], 'size': [0.049837904948193595, 0.0813235869879147, 0.05243307039854257]}, 'pillar_obstacle': {'pos': [0.39994824830915515, -0.3824307480766307, 0.23470116647765446], 'size': [0.033663755439403885, 0.20172185302840845, 0.0]}, 'small_block': {'pos': [0.6140097595303955, -0.3535133918987863, 0.1097032402875184], 'size': [0.04461973939918376, 0.0849493067344041, 0.09534921802665242]}}"
3.930999999999678,0.49599918625202505,0.0,0.4,0.49204408022642776,8.996700080934194e-08,0.39999627250791225,"{'table_obstacle': {'pos': [0.3825981920028062, 0.37518922255766707, 0.1646257963690813], 'size': [0.049837904948193595, 0.0813235869879147, 0.05243307039854257]}, 'pillar_obstacle': {'pos': [0.39994824830915515, -0.3824307480766307, 0.23470116647765446], 'size': [0.033663755439403885, 0.20172185302840845, 0.0]}, 'small_block': {'pos': [0.6140097595303955, -0.3535133918987863, 0.1097032402875184], 'size': [0.04461973939918376, 0.0849493067344041, 0.09534921802665242]}}"
3.931999999999678,0.49599918625202505,0.0,0.4,0.4921005164535662,8.03235719183088e-08,0.399996300815348,"{'table_obstacle': {'pos': [0.3825981920028062, 0.37518922255766707, 0.1646257963690813], 'size': [0.049837904948193595, 0.0813235869879147, 0.05243307039854257]}, 'pillar_obstacle': {'pos': [0.39994824830915515, -0.3824307480766307, 0.23470116647765446], 'size': [0.033663755439403885, 0.20172185302840845, 0.0]}, 'small_block': {'pos': [0.6140097595303955, -0.3535133918987863, 0.1097032402875184], 'size': [0.04461973939918376, 0.0849493067344041, 0.09534921802665242]}}"
3.932999999999678,0.49599918625202505,0.0,0.4,0.4921561575480143,7.079997671068807e-08,0.3999963300418961,"{'table_obstacle': {'pos': [0.3825981920028062, 0.37518922255766707, 0.1646257963690813], 'size': [0.049837904948193595, 0.0813235869879147, 0.05243307039854257]}, 'pillar_obstacle': {'pos': [0.39994824830915515, -0.3824307480766307, 0.23470116647765446], 'size': [0.033663755439403885, 0.20172185302840845, 0.0]}, 'small_block': {'pos': [0.6140097595303955, -0.3535133918987863, 0.1097032402875184], 'size': [0.04461973939918376, 0.0849493067344041, 0.09534921802665242]}}"
3.9339999999996778,0.49599918625202505,0.0,0.4,0.4922110128713863,6.14168145761861e-08,0.39999636007045675,"{'table_obstacle': {'pos': [0.3825981920028062, 0.37518922255766707, 0.1646257963690813], 'size': [0.049837904948193595, 0.0813235869879147, 0.05243307039854257]}, 'pillar_obstacle': {'pos': [0.39994824830915515, -0.3824307480766307, 0.23470116647765446], 'size': [0.033663755439403885, 0.20172185302840845, 0.0]}, 'small_block': {'pos': [0.6140097595303955, -0.3535133918987863, 0.1097032402875184], 'size': [0.04461973939918376, 0.0849493067344041, 0.09534921802665242]}}"
3.9349999999996776,0.49599918625202505,0.0,0.4,0.4922650920266883,5.2190573722285316e-08,0.3999963907983175,"{'table_obstacle': {'pos': [0.3825981920028062, 0.37518922255766707, 0.1646257963690813], 'size': [0.049837904948193595, 0.0813235869879147, 0.05243307039854257]}, 'pillar_obstacle': {'pos': [0.39994824830915515, -0.3824307480766307, 0.23470116647765446], 'size': [0.033663755439403885, 0.20172185302840845, 0.0]}, 'small_block': {'pos': [0.6140097595303955, -0.3535133918987863, 0.1097032402875184], 'size': [0.04461973939918376, 0.0849493067344041, 0.09534921802665242]}}"
3.9359999999996775,0.49599918625202505,0.0,0.4,0.49231840478377153,4.313427861841412e-08,0.3999964221351735,"{'table_obstacle': {'pos': [0.3825981920028062, 0.37518922255766707, 0.1646257963690813], 'size': [0.049837904948193595, 0.0813235869879147, 0.05243307039854257]}, 'pillar_obstacle': {'pos': [0.39994824830915515, -0.3824307480766307, 0.23470116647765446], 'size': [0.033663755439403885, 0.20172185302840845, 0.0]}, 'small_block': {'pos': [0.6140097595303955, -0.3535133918987863, 0.1097032402875184], 'size': [0.04461973939918376, 0.0849493067344041, 0.09534921802665242]}}"
3.9369999999996774,0.49599918625202505,0.0,0.4,0.49237096101934585,3.4258040515951876e-08,0.39999645400141026,"{'table_obstacle': {'pos': [0.3825981920028062, 0.37518922255766707, 0.1646257963690813], 'size': [0.049837904948193595, 0.0813235869879147, 0.05243307039854257]}, 'pillar_obstacle': {'pos': [0.39994824830915515, -0.3824307480766307, 0.23470116647765446], 'size': [0.033663755439403885, 0.20172185302840845, 0.0]}, 'small_block': {'pos': [0.6140097595303955, -0.3535133918987863, 0.1097032402875184], 'size': [0.04461973939918376, 0.0849493067344041, 0.09534921802665242]}}"
3.9379999999996773,0.49599918625202505,0.0,0.4,0.4924227706687876,2.5569530097029228e-08,0.3999964863266255,"{'table_obstacle': {'pos': [0.3825981920028062, 0.37518922255766707, 0.1646257963690813], 'size': [0.049837904948193595, 0.0813235869879147, 0.05243307039854257]}, 'pillar_obstacle': {'pos': [0.39994824830915515, -0.3824307480766307, 0.23470116647765446], 'size': [0.033663755439403885, 0.20172185302840845, 0.0]}, 'small_block': {'pos': [0.6140097595303955, -0.3535133918987863, 0.1097032402875184], 'size': [0.04461973939918376, 0.0849493067344041, 0.09534921802665242]}}"
3.938999999999677,0.49599918625202505,0.0,0.4,0.49247384368749175,1.707437766619429e-08,0.39999651904835465,"{'table_obstacle': {'pos': [0.3825981920028062, 0.37518922255766707, 0.1646257963690813], 'size': [0.049837904948193595, 0.0813235869879147, 0.05243307039854257]}, 'pillar_obstacle': {'pos': [0.39994824830915515, -0.3824307480766307, 0.23470116647765446], 'size': [0.033663755439403885, 0.20172185302840845, 0.0]}, 'small_block': {'pos': [0.6140097595303955, -0.3535133918987863, 0.1097032402875184], 'size': [0.04461973939918376, 0.0849493067344041, 0.09534921802665242]}}"
3.939999999999677,0.49599918625202505,0.0,0.4,0.4925241900199537,8.776513241729912e-09,0.3999965521109788,"{'table_obstacle': {'pos': [0.3825981920028062, 0.37518922255766707, 0.1646257963690813], 'size': [0.049837904948193595, 0.0813235869879147, 0.05243307039854257]}, 'pillar_obstacle': {'pos': [0.39994824830915515, -0.3824307480766307, 0.23470116647765446], 'size': [0.033663755439403885, 0.20172185302840845, 0.0]}, 'small_block': {'pos': [0.6140097595303955, -0.3535133918987863, 0.1097032402875184], 'size': [0.04461973939918376, 0.0849493067344041, 0.09534921802665242]}}"
3.940999999999677,0.49599918625202505,0.0,0.4,0.4925738195751042,6.784542433619388e-10,0.39999658546478767,"{'table_obstacle': {'pos': [0.3825981920028062, 0.37518922255766707, 0.1646257963690813], 'size': [0.049837904948193595, 0.0813235869879147, 0.05243307039854257]}, 'pillar_obstacle': {'pos': [0.39994824830915515, -0.3824307480766307, 0.23470116647765446], 'size': [0.033663755439403885, 0.20172185302840845, 0.0]}, 'small_block': {'pos': [0.6140097595303955, -0.3535133918987863, 0.1097032402875184], 'size': [0.04461973939918376, 0.0849493067344041, 0.09534921802665242]}}"
3.941999999999677,0.49599918625202505,0.0,0.4,0.49262274220670743,-7.218452399079428e-09,0.39999661906517947,"{'table_obstacle': {'pos': [0.3825981920028062, 0.37518922255766707, 0.1646257963690813], 'size': [0.049837904948193595, 0.0813235869879147, 0.05243307039854257]}, 'pillar_obstacle': {'pos': [0.39994824830915515, -0.3824307480766307, 0.23470116647765446], 'size': [0.033663755439403885, 0.20172185302840845, 0.0]}, 'small_block': {'pos': [0.6140097595303955, -0.3535133918987863, 0.1097032402875184], 'size': [0.04461973939918376, 0.0849493067344041, 0.09534921802665242]}}"
3.9429999999996768,0.49599918625202505,0.0,0.4,0.492670967697853,-1.4913824659519682e-08,0.39999665287197755,"{'table_obstacle': {'pos': [0.3825981920028062, 0.37518922255766707, 0.1646257963690813], 'size': [0.049837904948193595, 0.0813235869879147, 0.05243307039854257]}, 'pillar_obstacle': {'pos': [0.39994824830915515, -0.3824307480766307, 0.23470116647765446], 'size': [0.033663755439403885, 0.20172185302840845, 0.0]}, 'small_block': {'pos': [0.6140097595303955, -0.3535133918987863, 0.1097032402875184], 'size': [0.04461973939918376, 0.0849493067344041, 0.09534921802665242]}}"
3.9439999999996767,0.49599918625202505,0.0,0.4,0.49271850574875964,-2.2408074296515604e-08,0.399996686848846,"{'table_obstacle': {'pos': [0.3825981920028062, 0.37518922255766707, 0.1646257963690813], 'size': [0.049837904948193595, 0.0813235869879147, 0.05243307039854257]}, 'pillar_obstacle': {'pos': [0.39994824830915515, -0.3824307480766307, 0.23470116647765446], 'size': [0.033663755439403885, 0.20172185302840845, 0.0]}, 'small_block': {'pos': [0.6140097595303955, -0.3535133918987863, 0.1097032402875184], 'size': [0.04461973939918376, 0.0849493067344041, 0.09534921802665242]}}"
3.9449999999996765,0.49599918625202505,0.0,0.4,0.4927653659672597,-2.9702262114601243e-08,0.3999967209627933,"{'table_obstacle': {'pos': [0.3825981920028062, 0.37518922255766707, 0.1646257963690813], 'size': [0.049837904948193595, 0.0813235869879147, 0.05243307039854257]}, 'pillar_obstacle': {'pos': [0.39994824830915515, -0.3824307480766307, 0.23470116647765446], 'size': [0.033663755439403885, 0.20172185302840845, 0.0]}, 'small_block': {'pos': [0.6140097595303955, -0.3535133918987863, 0.1097032402875184], 'size': [0.04461973939918376, 0.0849493067344041, 0.09534921802665242]}}"
3.9459999999996764,0.49599918625202505,0.0,0.4,0.4928115578614456,-3.6797977497768625e-08,0.3999967551837475,"{'table_obstacle': {'pos': [0.3825981920028062, 0.37518922255766707, 0.1646257963690813], 'size': [0.049837904948193595, 0.0813235869879147, 0.05243307039854257]}, 'pillar_obstacle': {'pos': [0.39994824830915515, -0.3824307480766307, 0.23470116647765446], 'size': [0.033663755439403885, 0.20172185302840845, 0.0]}, 'small_block': {'pos': [0.6140097595303955, -0.3535133918987863, 0.1097032402875184], 'size': [0.04461973939918376, 0.0849493067344041, 0.09534921802665242]}}"
3.9469999999996763,0.49599918625202505,0.0,0.4,0.49285709083406576,-4.369723663631714e-08,0.3999967894841962,"{'table_obstacle': {'pos': [0.3825981920028062, 0.37518922255766707, 0.1646257963690813], 'size': [0.049837904948193595, 0.0813235869879147, 0.05243307039854257]}, 'pillar_obstacle': {'pos': [0.39994824830915515, -0.3824307480766307, 0.23470116647765446], 'size': [0.033663755439403885, 0.20172185302840845, 0.0]}, 'small_block': {'pos': [0.6140097595303955, -0.3535133918987863, 0.1097032402875184], 'size': [0.04461973939918376, 0.0849493067344041, 0.09534921802665242]}}"
3.947999999999676,0.49599918625202505,0.0,0.4,0.49290197417833215,-5.0402398816337365e-08,0.39999682383887863,"{'table_obstacle': {'pos': [0.3825981920028062, 0.37518922255766707, 0.1646257963690813], 'size': [0.049837904948193595, 0.0813235869879147, 0.05243307039854257]}, 'pillar_obstacle': {'pos': [0.39994824830915515, -0.3824307480766307, 0.23470116647765446], 'size': [0.033663755439403885, 0.20172185302840845, 0.0]}, 'small_block': {'pos': [0.6140097595303955, -0.3535133918987863, 0.1097032402875184], 'size': [0.04461973939918376, 0.0849493067344041, 0.09534921802665242]}}"
3.948999999999676,0.49599918625202505,0.0,0.4,0.4929462170748662,-5.691609573143604e-08,0.39999685822452236,"{'table_obstacle': {'pos': [0.3825981920028062, 0.37518922255766707, 0.1646257963690813], 'size': [0.049837904948193595, 0.0813235869879147, 0.05243307039854257]}, 'pillar_obstacle': {'pos': [0.39994824830915515, -0.3824307480766307, 0.23470116647765446], 'size': [0.033663755439403885, 0.20172185302840845, 0.0]}, 'small_block': {'pos': [0.6140097595303955, -0.3535133918987863, 0.1097032402875184], 'size': [0.04461973939918376, 0.0849493067344041, 0.09534921802665242]}}"
3.949999999999676,0.49599918625202505,0.0,0.4,0.4929898285895638,-6.32411728731775e-08,0.39999689261962057,"{'table_obstacle': {'pos': [0.3825981920028062, 0.37518922255766707, 0.1646257963690813], 'size': [0.049837904948193595, 0.0813235869879147, 0.05243307039854257]}, 'pillar_obstacle': {'pos': [0.39994824830915515, -0.3824307480766307, 0.23470116647765446], 'size': [0.033663755439403885, 0.20172185302840845, 0.0]}, 'small_block': {'pos': [0.6140097595303955, -0.3535133918987863, 0.1097032402875184], 'size': [0.04461973939918376, 0.0849493067344041, 0.09534921802665242]}}"
3.950999999999676,0.49599918625202505,0.0,0.4,0.4930328176721968,-6.938064107598182e-08,0.39999692700423983,"{'table_obstacle': {'pos': [0.3825981920028062, 0.37518922255766707, 0.1646257963690813], 'size': [0.049837904948193595, 0.0813235869879147, 0.05243307039854257]}, 'pillar_obstacle': {'pos': [0.39994824830915515, -0.3824307480766307, 0.23470116647765446], 'size': [0.033663755439403885, 0.20172185302840845, 0.0]}, 'small_block': {'pos': [0.6140097595303955, -0.3535133918987863, 0.1097032402875184], 'size': [0.04461973939918376, 0.0849493067344041, 0.09534921802665242]}}"
3.9519999999996758,0.49599918625202505,0.0,0.4,0.49307519315561066,-7.533763607482058e-08,0.39999696135985713,"{'table_obstacle': {'pos': [0.3825981920028062, 0.37518922255766707, 0.1646257963690813], 'size': [0.049837904948193595, 0.0813235869879147, 0.05243307039854257]}, 'pillar_obstacle': {'pos': [0.39994824830915515, -0.3824307480766307, 0.23470116647765446], 'size': [0.033663755439403885, 0.20172185302840845, 0.0]}, 'small_block': {'pos': [0.6140097595303955, -0.3535133918987863, 0.1097032402875184], 'size': [0.04461973939918376, 0.0849493067344041, 0.09534921802665242]}}"
3.9529999999996757,0.49599918625202505,0.0,0.4,0.49311696375539693,-8.111538562979254e-08,0.3999969956692193,"{'table_obstacle': {'pos': [0.3825981920028062, 0.37518922255766707, 0.1646257963690813], 'size': [0.049837904948193595, 0.0813235869879147, 0.05243307039854257]}, 'pillar_obstacle': {'pos': [0.39994824830915515, -0.3824307480766307, 0.23470116647765446], 'size': [0.033663755439403885, 0.20172185302840845, 0.0]}, 'small_block': {'pos': [0.6140097595303955, -0.3535133918987863, 0.1097032402875184], 'size': [0.04461973939918376, 0.0849493067344041, 0.09534921802665242]}}"
3.9539999999996756,0.49599918625202505,0.0,0.4,0.49315813806994757,-8.671718093119279e-08,0.3999970299162221,"{'table_obstacle': {'pos': [0.3825981920028062, 0.37518922255766707, 0.1646257963690813], 'size': [0.049837904948193595, 0.0813235869879147, 0.05243307039854257]}, 'pillar_obstacle': {'pos': [0.39994824830915515, -0.3824307480766307, 0.23470116647765446], 'size': [0.033663755439403885, 0.20172185302840845, 0.0]}, 'small_block': {'pos': [0.6140097595303955, -0.3535133918987863, 0.1097032402875184], 'size': [0.04461973939918376, 0.0849493067344041, 0.09534921802665242]}}"
3.9549999999996754,0.49599918625202505,0.0,0.4,0.49319872458081515,-9.214635511973773e-08,0.3999970640858069,"{'table_obstacle': {'pos': [0.3825981920028062, 0.37518922255766707, 0.1646257963690813], 'size': [0.049837904948193595, 0.0813235869879147, 0.05243307039854257]}, 'pillar_obstacle': {'pos': [0.39994824830915515, -0.3824307480766307, 0.23470116647765446], 'size': [0.033663755439403885, 0.20172185302840845, 0.0]}, 'small_block': {'pos': [0.6140097595303955, -0.3535133918987863, 0.1097032402875184], 'size': [0.04461973939918376, 0.0849493067344041, 0.09534921802665242]}}"
3.9559999999996753,0.49599918625202505,0.0,0.4,0.49323873165331283,-9.74062641759745e-08,0.39999709816387014,"{'table_obstacle': {'pos': [0.3825981920028062, 0.37518922255766707, 0.1646257963690813], 'size': [0.049837904948193595, 0.0813235869879147, 0.05243307039854257]}, 'pillar_obstacle': {'pos': [0.39994824830915515, -0.3824307480766307, 0.23470116647765446], 'size': [0.033663755439403885, 0.20172185302840845, 0.0]}, 'small_block': {'pos': [0.6140097595303955, -0.3535133918987863, 0.1097032402875184], 'size': [0.04461973939918376, 0.0849493067344041, 0.09534921802665242]}}"
3.956999999999675,0.49599918625202505,0.0,0.4,0.49327816753730924,-1.0250027093543584e-07,0.3999971321371862,"{'table_obstacle': {'pos': [0.3825981920028062, 0.37518922255766707, 0.1646257963690813], 'size': [0.049837904948193595, 0.0813235869879147, 0.05243307039854257]}, 'pillar_obstacle': {'pos': [0.39994824830915515, -0.3824307480766307, 0.23470116647765446], 'size': [0.033663755439403885, 0.20172185302840845, 0.0]}, 'small_block': {'pos': [0.6140097595303955, -0.3535133918987863, 0.1097032402875184], 'size': [0.04461973939918376, 0.0849493067344041, 0.09534921802665242]}}"
3.957999999999675,0.49599918625202505,0.0,0.4,0.49331704036817176,-1.0743173358813672e-07,0.39999716599333857,"{'table_obstacle': {'pos': [0.3825981920028062, 0.37518922255766707, 0.1646257963690813], 'size': [0.049837904948193595, 0.0813235869879147, 0.05243307039854257]}, 'pillar_obstacle': {'pos': [0.39994824830915515, -0.3824307480766307, 0.23470116647765446], 'size': [0.033663755439403885, 0.20172185302840845, 0.0]}, 'small_block': {'pos': [0.6140097595303955, -0.3535133918987863, 0.1097032402875184], 'size': [0.04461973939918376, 0.0849493067344041, 0.09534921802665242]}}"
3.958999999999675,0.49599918625202505,0.0,0.4,0.4933553581678307,-1.122039955255415e-07,0.3999971997206612,"{'table_obstacle': {'pos': [0.3825981920028062, 0.37518922255766707, 0.1646257963690813], 'size': [0.049837904948193595, 0.0813235869879147, 0.05243307039854257]}, 'pillar_obstacle': {'pos': [0.39994824830915515, -0.3824307480766307, 0.23470116647765446], 'size': [0.033663755439403885, 0.20172185302840845, 0.0]}, 'small_block': {'pos': [0.6140097595303955, -0.3535133918987863, 0.1097032402875184], 'size': [0.04461973939918376, 0.0849493067344041, 0.09534921802665242]}}"
3.959999999999675,0.49599918625202505,0.0,0.4,0.49339312884593245,-1.1682037629561045e-07,0.3999972333081866,"{'table_obstacle': {'pos': [0.3825981920028062, 0.37518922255766707, 0.1646257963690813], 'size': [0.049837904948193595, 0.0813235869879147, 0.05243307039854257]}, 'pillar_obstacle': {'pos': [0.39994824830915515, -0.3824307480766307, 0.23470116647765446], 'size': [0.033663755439403885, 0.20172185302840845, 0.0]}, 'small_block': {'pos': [0.6140097595303955, -0.3535133918987863, 0.1097032402875184], 'size': [0.04461973939918376, 0.0849493067344041, 0.09534921802665242]}}"
3.960999999999675,0.49599918625202505,0.0,0.4,0.49343036020106545,-1.2128416577486e-07,0.3999972667455979,"{'table_obstacle': {'pos': [0.3825981920028062, 0.37518922255766707, 0.1646257963690813], 'size': [0.049837904948193595, 0.0813235869879147, 0.05243307039854257]}, 'pillar_obstacle': {'pos': [0.39994824830915515, -0.3824307480766307, 0.23470116647765446], 'size': [0.033663755439403885, 0.20172185302840845, 0.0]}, 'small_block': {'pos': [0.6140097595303955, -0.3535133918987863, 0.1097032402875184], 'size': [0.04461973939918376, 0.0849493067344041, 0.09534921802665242]}}"
3.9619999999996747,0.49599918625202505,0.0,0.4,0.49346705992203627,-1.2559861805148349e-07,0.3999973000231904,"{'table_obstacle': {'pos': [0.3825981920028062, 0.37518922255766707, 0.1646257963690813], 'size': [0.049837904948193595, 0.0813235869879147, 0.05243307039854257]}, 'pillar_obstacle': {'pos': [0.39994824830915515, -0.3824307480766307, 0.23470116647765446], 'size': [0.033663755439403885, 0.20172185302840845, 0.0]}, 'small_block': {'pos': [0.6140097595303955, -0.3535133918987863, 0.1097032402875184], 'size': [0.04461973939918376, 0.0849493067344041, 0.09534921802665242]}}"
3.9629999999996746,0.49599918625202505,0.0,0.4,0.49350323558918663,-1.297669487151234e-07,0.3999973331318332,"{'table_obstacle': {'pos': [0.3825981920028062, 0.37518922255766707, 0.1646257963690813], 'size': [0.049837904948193595, 0.0813235869879147, 0.05243307039854257]}, 'pillar_obstacle': {'pos': [0.39994824830915515, -0.3824307480766307, 0.23470116647765446], 'size': [0.033663755439403885, 0.20172185302840845, 0.0]}, 'small_block': {'pos': [0.6140097595303955, -0.3535133918987863, 0.1097032402875184], 'size': [0.04461973939918376, 0.0849493067344041, 0.09534921802665242]}}"
3.9639999999996745,0.49599918625202505,0.0,0.4,0.49353889467573686,-1.3379232958673542e-07,0.3999973660629367,"{'table_obstacle': {'pos': [0.3825981920028062, 0.37518922255766707, 0.1646257963690813], 'size': [0.049837904948193595, 0.0813235869879147, 0.05243307039854257]}, 'pillar_obstacle': {'pos': [0.39994824830915515, -0.3824307480766307, 0.23470116647765446], 'size': [0.033663755439403885, 0.20172185302840845, 0.0]}, 'small_block': {'pos': [0.6140097595303955, -0.3535133918987863, 0.1097032402875184], 'size': [0.04461973939918376, 0.0849493067344041, 0.09534921802665242]}}"
3.9649999999996743,0.49599918625202505,0.0,0.4,0.49357404454914583,-1.376778876783019e-07,0.39999739880842367,"{'table_obstacle': {'pos': [0.3825981920028062, 0.37518922255766707, 0.1646257963690813], 'size': [0.049837904948193595, 0.0813235869879147, 0.05243307039854257]}, 'pillar_obstacle': {'pos': [0.39994824830915515, -0.3824307480766307, 0.23470116647765446], 'size': [0.033663755439403885, 0.20172185302840845, 0.0]}, 'small_block': {'pos': [0.6140097595303955, -0.3535133918987863, 0.1097032402875184], 'size': [0.04461973939918376, 0.0849493067344041, 0.09534921802665242]}}"
3.9659999999996742,0.49599918625202505,0.0,0.4,0.4936086924724862,-1.4142670304317607e-07,0.39999743136070165,"{'table_obstacle': {'pos': [0.3825981920028062, 0.37518922255766707, 0.1646257963690813], 'size': [0.049837904948193595, 0.0813235869879147, 0.05243307039854257]}, 'pillar_obstacle': {'pos': [0.39994824830915515, -0.3824307480766307, 0.23470116647765446], 'size': [0.033663755439403885, 0.20172185302840845, 0.0]}, 'small_block': {'pos': [0.6140097595303955, -0.3535133918987863, 0.1097032402875184], 'size': [0.04461973939918376, 0.0849493067344041, 0.09534921802665242]}}"
3.966999999999674,0.49599918625202505,0.0,0.4,0.49364284560581967,-1.4504180675199608e-07,0.3999974637126379,"{'table_obstacle': {'pos': [0.3825981920028062, 0.37518922255766707, 0.1646257963690813], 'size': [0.049837904948193595, 0.0813235869879147, 0.05243307039854257]}, 'pillar_obstacle': {'pos': [0.39994824830915515, -0.3824307480766307, 0.23470116647765446], 'size': [0.033663755439403885, 0.20172185302840845, 0.0]}, 'small_block': {'pos': [0.6140097595303955, -0.3535133918987863, 0.1097032402875184], 'size': [0.04461973939918376, 0.0849493067344041, 0.09534921802665242]}}"
3.967999999999674,0.49599918625202505,0.0,0.4,0.4936765110075773,-1.4852618033963933e-07,0.399997495857538,"{'table_obstacle': {'pos': [0.3825981920028062, 0.37518922255766707, 0.1646257963690813], 'size': [0.049837904948193595, 0.0813235869879147, 0.05243307039854257]}, 'pillar_obstacle': {'pos': [0.39994824830915515, -0.3824307480766307, 0.23470116647765446], 'size': [0.033663755439403885, 0.20172185302840845, 0.0]}, 'small_block': {'pos': [0.6140097595303955, -0.3535133918987863, 0.1097032402875184], 'size': [0.04461973939918376, 0.0849493067344041, 0.09534921802665242]}}"
3.968999999999674,0.49599918625202505,0.0,0.4,0.4937096956359324,-1.5188275520581002e-07,0.3999975277891246,"{'table_obstacle': {'pos': [0.3825981920028062, 0.37518922255766707, 0.1646257963690813], 'size': [0.049837904948193595, 0.0813235869879147, 0.05243307039854257]}, 'pillar_obstacle': {'pos': [0.39994824830915515, -0.3824307480766307, 0.23470116647765446], 'size': [0.033663755439403885, 0.20172185302840845, 0.0]}, 'small_block': {'pos': [0.6140097595303955, -0.3535133918987863, 0.1097032402875184], 'size': [0.04461973939918376, 0.0849493067344041, 0.09534921802665242]}}"
3.969999999999674,0.49599918625202505,0.0,0.4,0.4937424063501694,-1.551144120000631e-07,0.3999975595015174,"{'table_obstacle': {'pos': [0.3825981920028062, 0.37518922255766707, 0.1646257963690813], 'size': [0.049837904948193595, 0.0813235869879147, 0.05243307039854257]}, 'pillar_obstacle': {'pos': [0.39994824830915515, -0.3824307480766307, 0.23470116647765446], 'size': [0.033663755439403885, 0.20172185302840845, 0.0]}, 'small_block': {'pos': [0.6140097595303955, -0.3535133918987863, 0.1097032402875184], 'size': [0.04461973939918376, 0.0849493067344041, 0.09534921802665242]}}"
3.9709999999996737,0.49599918625202505,0.0,0.4,0.4937746499120435,-1.582239806520165e-07,0.3999975909892158,"{'table_obstacle': {'pos': [0.3825981920028062, 0.37518922255766707, 0.1646257963690813], 'size': [0.049837904948193595, 0.0813235869879147, 0.05243307039854257]}, 'pillar_obstacle': {'pos': [0.39994824830915515, -0.3824307480766307, 0.23470116647765446], 'size': [0.033663755439403885, 0.20172185302840845, 0.0]}, 'small_block': {'pos': [0.6140097595303955, -0.3535133918987863, 0.1097032402875184], 'size': [0.04461973939918376, 0.0849493067344041, 0.09534921802665242]}}"
3.9719999999996736,0.49599918625202505,0.0,0.4,0.4938064329871298,-1.6121424033177415e-07,0.399997622247082,"{'table_obstacle': {'pos': [0.3825981920028062, 0.37518922255766707, 0.1646257963690813], 'size': [0.049837904948193595, 0.0813235869879147, 0.05243307039854257]}, 'pillar_obstacle': {'pos': [0.39994824830915515, -0.3824307480766307, 0.23470116647765446], 'size': [0.033663755439403885, 0.20172185302840845, 0.0]}, 'small_block': {'pos': [0.6140097595303955, -0.3535133918987863, 0.1097032402875184], 'size': [0.04461973939918376, 0.0849493067344041, 0.09534921802665242]}}"
3.9729999999996735,0.49599918625202505,0.0,0.4,0.49383776214615854,-1.640879197606493e-07,0.3999976532703253,"{'table_obstacle': {'pos': [0.3825981920028062, 0.37518922255766707, 0.1646257963690813], 'size': [0.049837904948193595, 0.0813235869879147, 0.05243307039854257]}, 'pillar_obstacle': {'pos': [0.39994824830915515, -0.3824307480766307, 0.23470116647765446], 'size': [0.033663755439403885, 0.20172185302840845, 0.0]}, 'small_block': {'pos': [0.6140097595303955, -0.3535133918987863, 0.1097032402875184], 'size': [0.04461973939918376, 0.0849493067344041, 0.09534921802665242]}}"
3.9739999999996733,0.49599918625202505,0.0,0.4,0.49386864386634055,-1.6684769711776055e-07,0.39999768405448644,"{'table_obstacle': {'pos': [0.3825981920028062, 0.37518922255766707, 0.1646257963690813], 'size': [0.049837904948193595, 0.0813235869879147, 0.05243307039854257]}, 'pillar_obstacle': {'pos': [0.39994824830915515, -0.3824307480766307, 0.23470116647765446], 'size': [0.033663755439403885, 0.20172185302840845, 0.0]}, 'small_block': {'pos': [0.6140097595303955, -0.3535133918987863, 0.1097032402875184], 'size': [0.04461973939918376, 0.0849493067344041, 0.09534921802665242]}}"
3.9749999999996732,0.49599918625202505,0.0,0.4,0.4938990845326745,-1.6949620121207949e-07,0.3999977145954247,"{'table_obstacle': {'pos': [0.3825981920028062, 0.37518922255766707, 0.1646257963690813], 'size': [0.049837904948193595, 0.0813235869879147, 0.05243307039854257]}, 'pillar_obstacle': {'pos': [0.39994824830915515, -0.3824307480766307, 0.23470116647765446], 'size': [0.033663755439403885, 0.20172185302840845, 0.0]}, 'small_block': {'pos': [0.6140097595303955, -0.3535133918987863, 0.1097032402875184], 'size': [0.04461973939918376, 0.0849493067344041, 0.09534921802665242]}}"
3.975999999999673,0.49599918625202505,0.0,0.4,0.4939290904392432,-1.7203601114815668e-07,0.3999977448893034,"{'table_obstacle': {'pos': [0.3825981920028062, 0.37518922255766707, 0.1646257963690813], 'size': [0.049837904948193595, 0.0813235869879147, 0.05243307039854257]}, 'pillar_obstacle': {'pos': [0.39994824830915515, -0.3824307480766307, 0.23470116647765446], 'size': [0.033663755439403885, 0.20172185302840845, 0.0]}, 'small_block': {'pos': [0.6140097595303955, -0.3535133918987863, 0.1097032402875184], 'size': [0.04461973939918376, 0.0849493067344041, 0.09534921802665242]}}"
3.976999999999673,0.49599918625202505,0.0,0.4,0.4939586677904913,-1.744696573606635e-07,0.39999777493257804,"{'table_obstacle': {'pos': [0.3825981920028062, 0.37518922255766707, 0.1646257963690813], 'size': [0.049837904948193595, 0.0813235869879147, 0.05243307039854257]}, 'pillar_obstacle': {'pos': [0.39994824830915515, -0.3824307480766307, 0.23470116647765446], 'size': [0.033663755439403885, 0.20172185302840845, 0.0]}, 'small_block': {'pos': [0.6140097595303955, -0.3535133918987863, 0.1097032402875184], 'size': [0.04461973939918376, 0.0849493067344041, 0.09534921802665242]}}"
3.977999999999673,0.49599918625202505,0.0,0.4,0.49398782270248887,-1.7679962235064978e-07,0.3999978047219834,"{'table_obstacle': {'pos': [0.3825981920028062, 0.37518922255766707, 0.1646257963690813], 'size': [0.049837904948193595, 0.0813235869879147, 0.05243307039854257]}, 'pillar_obstacle': {'pos': [0.39994824830915515, -0.3824307480766307, 0.23470116647765446], 'size': [0.033663755439403885, 0.20172185302840845, 0.0]}, 'small_block': {'pos': [0.6140097595303955, -0.3535133918987863, 0.1097032402875184], 'size': [0.04461973939918376, 0.0849493067344041, 0.09534921802665242]}}"
3.978999999999673,0.499999160278305,0.0,0.4,0.4940165612041799,-1.7902834049879017e-07,0.39999783425452323,"{'table_obstacle': {'pos': [0.3825981920028062, 0.37518922255766707, 0.1646257963690813], 'size': [0.049837904948193595, 0.0813235869879147, 0.05243307039854257]}, 'pillar_obstacle': {'pos': [0.39994824830915515, -0.3824307480766307, 0.23470116647765446], 'size': [0.033663755439403885, 0.20172185302840845, 0.0]}, 'small_block': {'pos': [0.6140097595303955, -0.3535133918987863, 0.1097032402875184], 'size': [0.04461973939918376, 0.0849493067344041, 0.09534921802665242]}}"
3.9799999999996727,0.499999160278305,0.0,0.4,0.4940557303556606,-1.5838908581110223e-07,0.39999777334957226,"{'table_obstacle': {'pos': [0.3825981920028062, 0.37518922255766707, 0.1646257963690813], 'size': [0.049837904948193595, 0.0813235869879147, 0.05243307039854257]}, 'pillar_obstacle': {'pos': [0.39994824830915515, -0.3824307480766307, 0.23470116647765446], 'size': [0.033663755439403885, 0.20172185302840845, 0.0]}, 'small_block': {'pos': [0.6140097595303955, -0.3535133918987863, 0.1097032402875184], 'size': [0.04461973939918376, 0.0849493067344041, 0.09534921802665242]}}"
3.9809999999996726,0.499999160278305,0.0,0.4,0.49410312319815397,-1.2427757363303718e-07,0.39999765636213447,"{'table_obstacle': {'pos': [0.3825981920028062, 0.37518922255766707, 0.1646257963690813], 'size': [0.049837904948193595, 0.0813235869879147, 0.05243307039854257]}, 'pillar_obstacle': {'pos': [0.39994824830915515, -0.3824307480766307, 0.23470116647765446], 'size': [0.033663755439403885, 0.20172185302840845, 0.0]}, 'small_block': {'pos': [0.6140097595303955, -0.3535133918987863, 0.1097032402875184], 'size': [0.04461973939918376, 0.0849493067344041, 0.09534921802665242]}}"
3.9819999999996725,0.499999160278305,0.0,0.4,0.4941569547909909,-8.330611789469723e-08,0.3999975076807159,"{'table_obstacle': {'pos': [0.3825981920028062, 0.37518922255766707, 0.1646257963690813], 'size': [0.049837904948193595, 0.0813235869879147, 0.05243307039854257]}, 'pillar_obstacle': {'pos': [0.39994824830915515, -0.3824307480766307, 0.23470116647765446], 'size': [0.033663755439403885, 0.20172185302840845, 0.0]}, 'small_block': {'pos': [0.6140097595303955, -0.3535133918987863, 0.1097032402875184], 'size': [0.04461973939918376, 0.0849493067344041, 0.09534921802665242]}}"
3.9829999999996724,0.499999160278305,0.0,0.4,0.4942157821764257,-4.0027449957701977e-08,0.3999973443601222,"{'table_obstacle': {'pos': [0.3825981920028062, 0.37518922255766707, 0.1646257963690813], 'size': [0.049837904948193595, 0.0813235869879147, 0.05243307039854257]}, 'pillar_obstacle': {'pos': [0.39994824830915515, -0.3824307480766307, 0.23470116647765446], 'size': [0.033663755439403885, 0.20172185302840845, 0.0]}, 'small_block': {'pos': [0.6140097595303955, -0.3535133918987863, 0.1097032402875184], 'size': [0.04461973939918376, 0.0849493067344041, 0.09534921802665242]}}"
3.9839999999996722,0.499999160278305,0.0,0.4,0.4942784394800225,2.5172681109692195e-09,0.39999717808118196,"{'table_obstacle': {'pos': [0.3825981920028062, 0.37518922255766707, 0.1646257963690813], 'size': [0.049837904948193595, 0.0813235869879147, 0.05243307039854257]}, 'pillar_obstacle': {'pos': [0.39994824830915515, -0.3824307480766307, 0.23470116647765446], 'size': [0.033663755439403885, 0.20172185302840845, 0.0]}, 'small_block': {'pos': [0.6140097595303955, -0.3535133918987863, 0.1097032402875184], 'size': [0.04461973939918376, 0.0849493067344041, 0.09534921802665242]}}"
3.984999999999672,0.499999160278305,0.0,0.4,0.49434398529705414,4.238521551177688e-08,0.3999970166097678,"{'table_obstacle': {'pos': [0.3825981920028062, 0.37518922255766707, 0.1646257963690813], 'size': [0.049837904948193595, 0.0813235869879147, 0.05243307039854257]}, 'pillar_obstacle': {'pos': [0.39994824830915515, -0.3824307480766307, 0.23470116647765446], 'size': [0.033663755439403885, 0.20172185302840845, 0.0]}, 'small_block': {'pos': [0.6140097595303955, -0.3535133918987863, 0.1097032402875184], 'size': [0.04461973939918376, 0.0849493067344041, 0.09534921802665242]}}"
3.985999999999672,0.499999160278305,0.0,0.4,0.4944116600473452,7.842180232806175e-08,0.3999968648821642,"{'table_obstacle': {'pos': [0.3825981920028062, 0.37518922255766707, 0.1646257963690813], 'size': [0.049837904948193595, 0.0813235869879147, 0.05243307039854257]}, 'pillar_obstacle': {'pos': [0.39994824830915515, -0.3824307480766307, 0.23470116647765446], 'size': [0.033663755439403885, 0.20172185302840845, 0.0]}, 'small_block': {'pos': [0.6140097595303955, -0.3535133918987863, 0.1097032402875184], 'size': [0.04461973939918376, 0.0849493067344041, 0.09534921802665242]}}"
3.986999999999672,0.499999160278305,0.0,0.4,0.49448085141526177,1.1002924315023051e-07,0.3999967258109574,"{'table_obstacle': {'pos': [0.3825981920028062, 0.37518922255766707, 0.1646257963690813], 'size': [0.049837904948193595, 0.0813235869879147, 0.05243307039854257]}, 'pillar_obstacle': {'pos': [0.39994824830915515, -0.3824307480766307, 0.23470116647765446], 'size': [0.033663755439403885, 0.20172185302840845, 0.0]}, 'small_block': {'pos': [0.6140097595303955, -0.3535133918987863, 0.1097032402875184], 'size': [0.04461973939918376, 0.0849493067344041, 0.09534921802665242]}}"
3.987999999999672,0.499999160278305,0.0,0.4,0.49455106634546103,1.369949920160272e-07,0.39999660088158673,"{'table_obstacle': {'pos': [0.3825981920028062, 0.37518922255766707, 0.1646257963690813], 'size': [0.049837904948193595, 0.0813235869879147, 0.05243307039854257]}, 'pillar_obstacle': {'pos': [0.39994824830915515, -0.3824307480766307, 0.23470116647765446], 'size': [0.033663755439403885, 0.20172185302840845, 0.0]}, 'small_block': {'pos': [0.6140097595303955, -0.3535133918987863, 0.1097032402875184], 'size': [0.04461973939918376, 0.0849493067344041, 0.09534921802665242]}}"
3.9889999999996717,0.499999160278305,0.0,0.4,0.49462190835308806,1.5936556245661974e-07,0.3999964905920128,"{'table_obstacle': {'pos': [0.3825981920028062, 0.37518922255766707, 0.1646257963690813], 'size': [0.049837904948193595, 0.0813235869879147, 0.05243307039854257]}, 'pillar_obstacle': {'pos': [0.39994824830915515, -0.3824307480766307, 0.23470116647765446], 'size': [0.033663755439403885, 0.20172185302840845, 0.0]}, 'small_block': {'pos': [0.6140097595303955, -0.3535133918987863, 0.1097032402875184], 'size': [0.04461973939918376, 0.0849493067344041, 0.09534921802665242]}}"
3.9899999999996716,0.499999160278305,0.0,0.4,0.49469305914135436,1.7735461217300355e-07,0.3999963947748549,"{'table_obstacle': {'pos': [0.3825981920028062, 0.37518922255766707, 0.1646257963690813], 'size': [0.049837904948193595, 0.0813235869879147, 0.05243307039854257]}, 'pillar_obstacle': {'pos': [0.39994824830915515, -0.3824307480766307, 0.23470116647765446], 'size': [0.033663755439403885, 0.20172185302840845, 0.0]}, 'small_block': {'pos': [0.6140097595303955, -0.3535133918987863, 0.1097032402875184], 'size': [0.04461973939918376, 0.0849493067344041, 0.09534921802665242]}}"
3.9909999999996715,0.499999160278305,0.0,0.4,0.4947642637097627,1.912767847267065e-07,0.39999631283159104,"{'table_obstacle': {'pos': [0.3825981920028062, 0.37518922255766707, 0.1646257963690813], 'size': [0.049837904948193595, 0.0813235869879147, 0.05243307039854257]}, 'pillar_obstacle': {'pos': [0.39994824830915515, -0.3824307480766307, 0.23470116647765446], 'size': [0.033663755439403885, 0.20172185302840845, 0.0]}, 'small_block': {'pos': [0.6140097595303955, -0.3535133918987863, 0.1097032402875184], 'size': [0.04461973939918376, 0.0849493067344041, 0.09534921802665242]}}"
3.9919999999996714,0.499999160278305,0.0,0.4,0.4948353182907673,2.0150079721493292e-07,0.39999624390111715,"{'table_obstacle': {'pos': [0.3825981920028062, 0.37518922255766707, 0.1646257963690813], 'size': [0.049837904948193595, 0.0813235869879147, 0.05243307039854257]}, 'pillar_obstacle': {'pos': [0.39994824830915515, -0.3824307480766307, 0.23470116647765446], 'size': [0.033663755439403885, 0.20172185302840845, 0.0]}, 'small_block': {'pos': [0.6140097595303955, -0.3535133918987863, 0.1097032402875184], 'size': [0.04461973939918376, 0.0849493067344041, 0.09534921802665242]}}"
3.9929999999996713,0.499999160278305,0.0,0.4,0.49490606057809255,2.0841682514626314e-07,0.39999618697946326,"{'table_obstacle': {'pos': [0.3825981920028062, 0.37518922255766707, 0.1646257963690813], 'size': [0.049837904948193595, 0.0813235869879147, 0.05243307039854257]}, 'pillar_obstacle': {'pos': [0.39994824830915515, -0.3824307480766307, 0.23470116647765446], 'size': [0.033663755439403885, 0.20172185302840845, 0.0]}, 'small_block': {'pos': [0.6140097595303955, -0.3535133918987863, 0.1097032402875184], 'size': [0.04461973939918376, 0.0849493067344041, 0.09534921802665242]}}"
3.993999999999671,0.499999160278305,0.0,0.4,0.49497636181165355,2.1241441767505666e-07,0.39999614100333686,"{'table_obstacle': {'pos': [0.3825981920028062, 0.37518922255766707, 0.1646257963690813], 'size': [0.049837904948193595, 0.0813235869879147, 0.05243307039854257]}, 'pillar_obstacle': {'pos': [0.39994824830915515, -0.3824307480766307, 0.23470116647765446], 'size': [0.033663755439403885, 0.20172185302840845, 0.0]}, 'small_block': {'pos': [0.6140097595303955, -0.3535133918987863, 0.1097032402875184], 'size': [0.04461973939918376, 0.0849493067344041, 0.09534921802665242]}}"
3.994999999999671,0.499999160278305,0.0,0.4,0.49504612036654233,2.1386810801066233e-07,0.3999961049070286,"{'table_obstacle': {'pos': [0.3825981920028062, 0.37518922255766707, 0.1646257963690813], 'size': [0.049837904948193595, 0.0813235869879147, 0.05243307039854257]}, 'pillar_obstacle': {'pos': [0.39994824830915515, -0.3824307480766307, 0.23470116647765446], 'size': [0.033663755439403885, 0.20172185302840845, 0.0]}, 'small_block': {'pos': [0.6140097595303955, -0.3535133918987863, 0.1097032402875184], 'size': [0.04461973939918376, 0.0849493067344041, 0.09534921802665242]}}"
3.995999999999671,0.499999160278305,0.0,0.4,0.49511525656042543,2.1312857307810667e-07,0.3999960776598585,"{'table_obstacle': {'pos': [0.3825981920028062, 0.37518922255766707, 0.1646257963690813], 'size': [0.049837904948193595, 0.0813235869879147, 0.05243307039854257]}, 'pillar_obstacle': {'pos': [0.39994824830915515, -0.3824307480766307, 0.23470116647765446], 'size': [0.033663755439403885, 0.20172185302840845, 0.0]}, 'small_block': {'pos': [0.6140097595303955, -0.3535133918987863, 0.1097032402875184], 'size': [0.04461973939918376, 0.0849493067344041, 0.09534921802665242]}}"
3.996999999999671,0.499999160278305,0.0,0.4,0.4951837084479201,2.1051774471507154e-07,0.399996058289532,"{'table_obstacle': {'pos': [0.3825981920028062, 0.37518922255766707, 0.1646257963690813], 'size': [0.049837904948193595, 0.0813235869879147, 0.05243307039854257]}, 'pillar_obstacle': {'pos': [0.39994824830915515, -0.3824307480766307, 0.23470116647765446], 'size': [0.033663755439403885, 0.20172185302840845, 0.0]}, 'small_block': {'pos': [0.6140097595303955, -0.3535133918987863, 0.1097032402875184], 'size': [0.04461973939918376, 0.0849493067344041, 0.09534921802665242]}}"
3.9979999999996707,0.499999160278305,0.0,0.4,0.49525142841445585,2.063266811055948e-07,0.3999960458954338,"{'table_obstacle': {'pos': [0.3825981920028062, 0.37518922255766707, 0.1646257963690813], 'size': [0.049837904948193595, 0.0813235869879147, 0.05243307039854257]}, 'pillar_obstacle': {'pos': [0.39994824830915515, -0.3824307480766307, 0.23470116647765446], 'size': [0.033663755439403885, 0.20172185302840845, 0.0]}, 'small_block': {'pos': [0.6140097595303955, -0.3535133918987863, 0.1097032402875184], 'size': [0.04461973939918376, 0.0849493067344041, 0.09534921802665242]}}"
3.9989999999996706,0.499999160278305,0.0,0.4,0.4953183804177346,2.0081531741254322e-07,0.39999603965484015,"{'table_obstacle': {'pos': [0.3825981920028062, 0.37518922255766707, 0.1646257963690813], 'size': [0.049837904948193595, 0.0813235869879147, 0.05243307039854257]}, 'pillar_obstacle': {'pos': [0.39994824830915515, -0.3824307480766307, 0.23470116647765446], 'size': [0.033663755439403885, 0.20172185302840845, 0.0]}, 'small_block': {'pos': [0.6140097595303955, -0.3535133918987863, 0.1097032402875184], 'size': [0.04461973939918376, 0.0849493067344041, 0.09534921802665242]}}"
3.9999999999996705,0.499999160278305,0.0,0.4,0.4953845377537502,1.9421345540456673e-07,0.3999960388242697,"{'table_obstacle': {'pos': [0.3825981920028062, 0.37518922255766707, 0.1646257963690813], 'size': [0.049837904948193595, 0.0813235869879147, 0.05243307039854257]}, 'pillar_obstacle': {'pos': [0.39994824830915515, -0.3824307480766307, 0.23470116647765446], 'size': [0.033663755439403885, 0.20172185302840845, 0.0]}, 'small_block': {'pos': [0.6140097595303955, -0.3535133918987863, 0.1097032402875184], 'size': [0.04461973939918376, 0.0849493067344041, 0.09534921802665242]}}"
4.000999999999671,0.499999160278305,0.0,0.4,0.49544988124770156,1.867225212624971e-07,0.39999604273758704,"{'table_obstacle': {'pos': [0.3825981920028062, 0.37518922255766707, 0.1646257963690813], 'size': [0.049837904948193595, 0.0813235869879147, 0.05243307039854257]}, 'pillar_obstacle': {'pos': [0.39994824830915515, -0.3824307480766307, 0.23470116647765446], 'size': [0.033663755439403885, 0.20172185302840845, 0.0]}, 'small_block': {'pos': [0.6140097595303955, -0.3535133918987863, 0.1097032402875184], 'size': [0.04461973939918376, 0.0849493067344041, 0.09534921802665242]}}"
4.001999999999671,0.499999160278305,0.0,0.4,0.49551439778906753,1.7851776583672022e-07,0.3999960508020429,"{'table_obstacle': {'pos': [0.3825981920028062, 0.37518922255766707, 0.1646257963690813], 'size': [0.049837904948193595, 0.0813235869879147, 0.05243307039854257]}, 'pillar_obstacle': {'pos': [0.39994824830915515, -0.3824307480766307, 0.23470116647765446], 'size': [0.033663755439403885, 0.20172185302840845, 0.0]}, 'small_block': {'pos': [0.6140097595303955, -0.3535133918987863, 0.1097032402875184], 'size': [0.04461973939918376, 0.0849493067344041, 0.09534921802665242]}}"
4.0029999999996715,0.499999160278305,0.0,0.4,0.49557807914545177,1.697506667306943e-07,0.3999960624930999,"{'table_obstacle': {'pos': [0.3825981920028062, 0.37518922255766707, 0.1646257963690813], 'size': [0.049837904948193595, 0.0813235869879147, 0.05243307039854257]}, 'pillar_obstacle': {'pos': [0.39994824830915515, -0.3824307480766307, 0.23470116647765446], 'size': [0.033663755439403885, 0.20172185302840845, 0.0]}, 'small_block': {'pos': [0.6140097595303955, -0.3535133918987863, 0.1097032402875184], 'size': [0.04461973939918376, 0.0849493067344041, 0.09534921802665242]}}"
4.003999999999672,0.499999160278305,0.0,0.4,0.49564092100222495,1.6055137998399142e-07,0.3999960773486416,"{'table_obstacle': {'pos': [0.3825981920028062, 0.37518922255766707, 0.1646257963690813], 'size': [0.049837904948193595, 0.0813235869879147, 0.05243307039854257]}, 'pillar_obstacle': {'pos': [0.39994824830915515, -0.3824307480766307, 0.23470116647765446], 'size': [0.033663755439403885, 0.20172185302840845, 0.0]}, 'small_block': {'pos': [0.6140097595303955, -0.3535133918987863, 0.1097032402875184], 'size': [0.04461973939918376, 0.0849493067344041, 0.09534921802665242]}}"
4.004999999999672,0.499999160278305,0.0,0.4,0.4957029221850648,1.5103112666026338e-07,0.3999960949629816,"{'table_obstacle': {'pos': [0.3825981920028062, 0.37518922255766707, 0.1646257963690813], 'size': [0.049837904948193595, 0.0813235869879147, 0.05243307039854257]}, 'pillar_obstacle': {'pos': [0.39994824830915515, -0.3824307480766307, 0.23470116647765446], 'size': [0.033663755439403885, 0.20172185302840845, 0.0]}, 'small_block': {'pos': [0.6140097595303955, -0.3535133918987863, 0.1097032402875184], 'size': [0.04461973939918376, 0.0849493067344041, 0.09534921802665242]}}"
4.0059999999996725,0.499999160278305,0.0,0.4,0.4957640840306356,1.4128445501519907e-07,0.3999961149809561,"{'table_obstacle': {'pos': [0.3825981920028062, 0.37518922255766707, 0.1646257963690813], 'size': [0.049837904948193595, 0.0813235869879147, 0.05243307039854257]}, 'pillar_obstacle': {'pos': [0.39994824830915515, -0.3824307480766307, 0.23470116647765446], 'size': [0.033663755439403885, 0.20172185302840845, 0.0]}, 'small_block': {'pos': [0.6140097595303955, -0.3535133918987863, 0.1097032402875184], 'size': [0.04461973939918376, 0.0849493067344041, 0.09534921802665242]}}"
4.006999999999673,0.499999160278305,0.0,0.4,0.49582440987726384,1.3139133630730685e-07,0.3999961370922764,"{'table_obstacle': {'pos': [0.3825981920028062, 0.37518922255766707, 0.1646257963690813], 'size': [0.049837904948193595, 0.0813235869879147, 0.05243307039854257]}, 'pillar_obstacle': {'pos': [0.39994824830915515, -0.3824307480766307, 0.23470116647765446], 'size': [0.033663755439403885, 0.20172185302840845, 0.0]}, 'small_block': {'pos': [0.6140097595303955, -0.3535133918987863, 0.1097032402875184], 'size': [0.04461973939918376, 0.0849493067344041, 0.09534921802665242]}}"
4.007999999999673,0.499999160278305,0.0,0.4,0.4958839046528031,1.2141907127838852e-07,0.3999961610262556,"{'table_obstacle': {'pos': [0.3825981920028062, 0.37518922255766707, 0.1646257963690813], 'size': [0.049837904948193595, 0.0813235869879147, 0.05243307039854257]}, 'pillar_obstacle': {'pos': [0.39994824830915515, -0.3824307480766307, 0.23470116647765446], 'size': [0.033663755439403885, 0.20172185302840845, 0.0]}, 'small_block': {'pos': [0.6140097595303955, -0.3535133918987863, 0.1097032402875184], 'size': [0.04461973939918376, 0.0849493067344041, 0.09534921802665242]}}"
4.0089999999996735,0.499999160278305,0.0,0.4,0.49594257454122526,1.1142400878175974e-07,0.399996186546967,"{'table_obstacle': {'pos': [0.3825981920028062, 0.37518922255766707, 0.1646257963690813], 'size': [0.049837904948193595, 0.0813235869879147, 0.05243307039854257]}, 'pillar_obstacle': {'pos': [0.39994824830915515, -0.3824307480766307, 0.23470116647765446], 'size': [0.033663755439403885, 0.20172185302840845, 0.0]}, 'small_block': {'pos': [0.6140097595303955, -0.3535133918987863, 0.1097032402875184], 'size': [0.04461973939918376, 0.0849493067344041, 0.09534921802665242]}}"
4.009999999999674,0.499999160278305,0.0,0.4,0.49600042671297273,1.0145307243570972e-07,0.39999621344885766,"{'table_obstacle': {'pos': [0.3825981920028062, 0.37518922255766707, 0.1646257963690813], 'size': [0.049837904948193595, 0.0813235869879147, 0.05243307039854257]}, 'pillar_obstacle': {'pos': [0.39994824830915515, -0.3824307480766307, 0.23470116647765446], 'size': [0.033663755439403885, 0.20172185302840845, 0.0]}, 'small_block': {'pos': [0.6140097595303955, -0.3535133918987863, 0.1097032402875184], 'size': [0.04461973939918376, 0.0849493067344041, 0.09534921802665242]}}"
4.010999999999674,0.499999160278305,0.0,0.4,0.496057469106958,9.154511043074193e-08,0.3999962415528173,"{'table_obstacle': {'pos': [0.3825981920028062, 0.37518922255766707, 0.1646257963690813], 'size': [0.049837904948193595, 0.0813235869879147, 0.05243307039854257]}, 'pillar_obstacle': {'pos': [0.39994824830915515, -0.3824307480766307, 0.23470116647765446], 'size': [0.033663755439403885, 0.20172185302840845, 0.0]}, 'small_block': {'pos': [0.6140097595303955, -0.3535133918987863, 0.1097032402875184], 'size': [0.04461973939918376, 0.0849493067344041, 0.09534921802665242]}}"
4.0119999999996745,0.499999160278305,0.0,0.4,0.4961137102543933,8.173207617388969e-08,0.3999962707026834,"{'table_obstacle': {'pos': [0.3825981920028062, 0.37518922255766707, 0.1646257963690813], 'size': [0.049837904948193595, 0.0813235869879147, 0.05243307039854257]}, 'pillar_obstacle': {'pos': [0.39994824830915515, -0.3824307480766307, 0.23470116647765446], 'size': [0.033663755439403885, 0.20172185302840845, 0.0]}, 'small_block': {'pos': [0.6140097595303955, -0.3535133918987863, 0.1097032402875184], 'size': [0.04461973939918376, 0.0849493067344041, 0.09534921802665242]}}"
4.012999999999675,0.499999160278305,0.0,0.4,0.4961691591364994,7.204005830819381e-08,0.3999963007621613,"{'table_obstacle': {'pos': [0.3825981920028062, 0.37518922255766707, 0.1646257963690813], 'size': [0.049837904948193595, 0.0813235869879147, 0.05243307039854257]}, 'pillar_obstacle': {'pos': [0.39994824830915515, -0.3824307480766307, 0.23470116647765446], 'size': [0.033663755439403885, 0.20172185302840845, 0.0]}, 'small_block': {'pos': [0.6140097595303955, -0.3535133918987863, 0.1097032402875184], 'size': [0.04461973939918376, 0.0849493067344041, 0.09534921802665242]}}"
4.013999999999675,0.499999160278305,0.0,0.4,0.49622382506965373,6.249017127031502e-08,0.3999963316121195,"{'table_obstacle': {'pos': [0.3825981920028062, 0.37518922255766707, 0.1646257963690813], 'size': [0.049837904948193595, 0.0813235869879147, 0.05243307039854257]}, 'pillar_obstacle': {'pos': [0.39994824830915515, -0.3824307480766307, 0.23470116647765446], 'size': [0.033663755439403885, 0.20172185302840845, 0.0]}, 'small_block': {'pos': [0.6140097595303955, -0.3535133918987863, 0.1097032402875184], 'size': [0.04461973939918376, 0.0849493067344041, 0.09534921802665242]}}"
4.0149999999996755,0.499999160278305,0.0,0.4,0.4962777176127645,5.309932465169815e-08,0.399996363148233,"{'table_obstacle': {'pos': [0.3825981920028062, 0.37518922255766707, 0.1646257963690813], 'size': [0.049837904948193595, 0.0813235869879147, 0.05243307039854257]}, 'pillar_obstacle': {'pos': [0.39994824830915515, -0.3824307480766307, 0.23470116647765446], 'size': [0.033663755439403885, 0.20172185302840845, 0.0]}, 'small_block': {'pos': [0.6140097595303955, -0.3535133918987863, 0.1097032402875184], 'size': [0.04461973939918376, 0.0849493067344041, 0.09534921802665242]}}"
4.015999999999676,0.499999160278305,0.0,0.4,0.4963308464926344,4.388088311100721e-08,0.3999963952789358,"{'table_obstacle': {'pos': [0.3825981920028062, 0.37518922255766707, 0.1646257963690813], 'size': [0.049837904948193595, 0.0813235869879147, 0.05243307039854257]}, 'pillar_obstacle': {'pos': [0.39994824830915515, -0.3824307480766307, 0.23470116647765446], 'size': [0.033663755439403885, 0.20172185302840845, 0.0]}, 'small_block': {'pos': [0.6140097595303955, -0.3535133918987863, 0.1097032402875184], 'size': [0.04461973939918376, 0.0849493067344041, 0.09534921802665242]}}"
4.016999999999676,0.499999160278305,0.0,0.4,0.4963832215439039,3.484523156407561e-08,0.39999642792364853,"{'table_obstacle': {'pos': [0.3825981920028062, 0.37518922255766707, 0.1646257963690813], 'size': [0.049837904948193595, 0.0813235869879147, 0.05243307039854257]}, 'pillar_obstacle': {'pos': [0.39994824830915515, -0.3824307480766307, 0.23470116647765446], 'size': [0.033663755439403885, 0.20172185302840845, 0.0]}, 'small_block': {'pos': [0.6140097595303955, -0.3535133918987863, 0.1097032402875184], 'size': [0.04461973939918376, 0.0849493067344041, 0.09534921802665242]}}"
4.0179999999996765,0.499999160278305,0.0,0.4,0.49643485266079473,2.600025651227843e-08,0.39999646101124986,"{'table_obstacle': {'pos': [0.3825981920028062, 0.37518922255766707, 0.1646257963690813], 'size': [0.049837904948193595, 0.0813235869879147, 0.05243307039854257]}, 'pillar_obstacle': {'pos': [0.39994824830915515, -0.3824307480766307, 0.23470116647765446], 'size': [0.033663755439403885, 0.20172185302840845, 0.0]}, 'small_block': {'pos': [0.6140097595303955, -0.3535133918987863, 0.1097032402875184], 'size': [0.04461973939918376, 0.0849493067344041, 0.09534921802665242]}}"
4.018999999999677,0.499999160278305,0.0,0.4,0.4964857497584013,1.735175602361341e-08,0.3999964944787632,"{'table_obstacle': {'pos': [0.3825981920028062, 0.37518922255766707, 0.1646257963690813], 'size': [0.049837904948193595, 0.0813235869879147, 0.05243307039854257]}, 'pillar_obstacle': {'pos': [0.39994824830915515, -0.3824307480766307, 0.23470116647765446], 'size': [0.033663755439403885, 0.20172185302840845, 0.0]}, 'small_block': {'pos': [0.6140097595303955, -0.3535133918987863, 0.1097032402875184], 'size': [0.04461973939918376, 0.0849493067344041, 0.09534921802665242]}}"
4.019999999999677,0.499999160278305,0.0,0.4,0.4965359227417272,8.903788034455586e-09,0.39999652827022747,"{'table_obstacle': {'pos': [0.3825981920028062, 0.37518922255766707, 0.1646257963690813], 'size': [0.049837904948193595, 0.0813235869879147, 0.05243307039854257]}, 'pillar_obstacle': {'pos': [0.39994824830915515, -0.3824307480766307, 0.23470116647765446], 'size': [0.033663755439403885, 0.20172185302840845, 0.0]}, 'small_block': {'pos': [0.6140097595303955, -0.3535133918987863, 0.1097032402875184], 'size': [0.04461973939918376, 0.0849493067344041, 0.09534921802665242]}}"
4.0209999999996775,0.499999160278305,0.0,0.4,0.49658538148097325,6.589632102156491e-10,0.39999656233573255,"{'table_obstacle': {'pos': [0.3825981920028062, 0.37518922255766707, 0.1646257963690813], 'size': [0.049837904948193595, 0.0813235869879147, 0.05243307039854257]}, 'pillar_obstacle': {'pos': [0.39994824830915515, -0.3824307480766307, 0.23470116647765446], 'size': [0.033663755439403885, 0.20172185302840845, 0.0]}, 'small_block': {'pos': [0.6140097595303955, -0.3535133918987863, 0.1097032402875184], 'size': [0.04461973939918376, 0.0849493067344041, 0.09534921802665242]}}"
4.021999999999678,0.499999160278305,0.0,0.4,0.4966341357918975,-7.381305215193283e-09,0.3999965966305927,"{'table_obstacle': {'pos': [0.3825981920028062, 0.37518922255766707, 0.1646257963690813], 'size': [0.049837904948193595, 0.0813235869879147, 0.05243307039854257]}, 'pillar_obstacle': {'pos': [0.39994824830915515, -0.3824307480766307, 0.23470116647765446], 'size': [0.033663755439403885, 0.20172185302840845, 0.0]}, 'small_block': {'pos': [0.6140097595303955, -0.3535133918987863, 0.1097032402875184], 'size': [0.04461973939918376, 0.0849493067344041, 0.09534921802665242]}}"
4.022999999999678,0.499999160278305,0.0,0.4,0.49668219542027414,-1.5216593469907677e-08,0.3999966311146424,"{'table_obstacle': {'pos': [0.3825981920028062, 0.37518922255766707, 0.1646257963690813], 'size': [0.049837904948193595, 0.0813235869879147, 0.05243307039854257]}, 'pillar_obstacle': {'pos': [0.39994824830915515, -0.3824307480766307, 0.23470116647765446], 'size': [0.033663755439403885, 0.20172185302840845, 0.0]}, 'small_block': {'pos': [0.6140097595303955, -0.3535133918987863, 0.1097032402875184], 'size': [0.04461973939918376, 0.0849493067344041, 0.09534921802665242]}}"
4.0239999999996785,0.499999160278305,0.0,0.4,0.4967295700296664,-2.2847290450572366e-08,0.3999966657516345,"{'table_obstacle': {'pos': [0.3825981920028062, 0.37518922255766707, 0.1646257963690813], 'size': [0.049837904948193595, 0.0813235869879147, 0.05243307039854257]}, 'pillar_obstacle': {'pos': [0.39994824830915515, -0.3824307480766307, 0.23470116647765446], 'size': [0.033663755439403885, 0.20172185302840845, 0.0]}, 'small_block': {'pos': [0.6140097595303955, -0.3535133918987863, 0.1097032402875184], 'size': [0.04461973939918376, 0.0849493067344041, 0.09534921802665242]}}"
4.024999999999679,0.499999160278305,0.0,0.4,0.49677626919188533,-3.027445065837983e-08,0.399996700508729,"{'table_obstacle': {'pos': [0.3825981920028062, 0.37518922255766707, 0.1646257963690813], 'size': [0.049837904948193595, 0.0813235869879147, 0.05243307039854257]}, 'pillar_obstacle': {'pos': [0.39994824830915515, -0.3824307480766307, 0.23470116647765446], 'size': [0.033663755439403885, 0.20172185302840845, 0.0]}, 'small_block': {'pos': [0.6140097595303955, -0.3535133918987863, 0.1097032402875184], 'size': [0.04461973939918376, 0.0849493067344041, 0.09534921802665242]}}"
4.025999999999679,0.499999160278305,0.0,0.4,0.49682230237961117,-3.749966997958984e-08,0.3999967353560563,"{'table_obstacle': {'pos': [0.3825981920028062, 0.37518922255766707, 0.1646257963690813], 'size': [0.049837904948193595, 0.0813235869879147, 0.05243307039854257]}, 'pillar_obstacle': {'pos': [0.39994824830915515, -0.3824307480766307, 0.23470116647765446], 'size': [0.033663755439403885, 0.20172185302840845, 0.0]}, 'small_block': {'pos': [0.6140097595303955, -0.3535133918987863, 0.1097032402875184], 'size': [0.04461973939918376, 0.0849493067344041, 0.09534921802665242]}}"
4.0269999999996795,0.499999160278305,0.0,0.4,0.49686767896076905,-4.4524982334353085e-08,0.3999967702663453,"{'table_obstacle': {'pos': [0.3825981920028062, 0.37518922255766707, 0.1646257963690813], 'size': [0.049837904948193595, 0.0813235869879147, 0.05243307039854257]}, 'pillar_obstacle': {'pos': [0.39994824830915515, -0.3824307480766307, 0.23470116647765446], 'size': [0.033663755439403885, 0.20172185302840845, 0.0]}, 'small_block': {'pos': [0.6140097595303955, -0.3535133918987863, 0.1097032402875184], 'size': [0.04461973939918376, 0.0849493067344041, 0.09534921802665242]}}"
4.02799999999968,0.499999160278305,0.0,0.4,0.4969124081943179,-5.1352773484327676e-08,0.39999680521460823,"{'table_obstacle': {'pos': [0.3825981920028062, 0.37518922255766707, 0.1646257963690813], 'size': [0.049837904948193595, 0.0813235869879147, 0.05243307039854257]}, 'pillar_obstacle': {'pos': [0.39994824830915515, -0.3824307480766307, 0.23470116647765446], 'size': [0.033663755439403885, 0.20172185302840845, 0.0]}, 'small_block': {'pos': [0.6140097595303955, -0.3535133918987863, 0.1097032402875184], 'size': [0.04461973939918376, 0.0849493067344041, 0.09534921802665242]}}"
4.02899999999968,0.499999160278305,0.0,0.4,0.49695649922717977,-5.798570874842623e-08,0.39999684017786935,"{'table_obstacle': {'pos': [0.3825981920028062, 0.37518922255766707, 0.1646257963690813], 'size': [0.049837904948193595, 0.0813235869879147, 0.05243307039854257]}, 'pillar_obstacle': {'pos': [0.39994824830915515, -0.3824307480766307, 0.23470116647765446], 'size': [0.033663755439403885, 0.20172185302840845, 0.0]}, 'small_block': {'pos': [0.6140097595303955, -0.3535133918987863, 0.1097032402875184], 'size': [0.04461973939918376, 0.0849493067344041, 0.09534921802665242]}}"
4.0299999999996805,0.499999160278305,0.0,0.4,0.4969999610920869,-6.442667304873721e-08,0.39999687513493654,"{'table_obstacle': {'pos': [0.3825981920028062, 0.37518922255766707, 0.1646257963690813], 'size': [0.049837904948193595, 0.0813235869879147, 0.05243307039854257]}, 'pillar_obstacle': {'pos': [0.39994824830915515, -0.3824307480766307, 0.23470116647765446], 'size': [0.033663755439403885, 0.20172185302840845, 0.0]}, 'small_block': {'pos': [0.6140097595303955, -0.3535133918987863, 0.1097032402875184], 'size': [0.04461973939918376, 0.0849493067344041, 0.09534921802665242]}}"
4.030999999999681,0.499999160278305,0.0,0.4,0.497042802706172,-7.067872168204263e-08,0.399996910066205,"{'table_obstacle': {'pos': [0.3825981920028062, 0.37518922255766707, 0.1646257963690813], 'size': [0.049837904948193595, 0.0813235869879147, 0.05243307039854257]}, 'pillar_obstacle': {'pos': [0.39994824830915515, -0.3824307480766307, 0.23470116647765446], 'size': [0.033663755439403885, 0.20172185302840845, 0.0]}, 'small_block': {'pos': [0.6140097595303955, -0.3535133918987863, 0.1097032402875184], 'size': [0.04461973939918376, 0.0849493067344041, 0.09534921802665242]}}"
4.031999999999681,0.499999160278305,0.0,0.4,0.49708503287015154,-7.674503840618574e-08,0.3999969449534883,"{'table_obstacle': {'pos': [0.3825981920028062, 0.37518922255766707, 0.1646257963690813], 'size': [0.049837904948193595, 0.0813235869879147, 0.05243307039854257]}, 'pillar_obstacle': {'pos': [0.39994824830915515, -0.3824307480766307, 0.23470116647765446], 'size': [0.033663755439403885, 0.20172185302840845, 0.0]}, 'small_block': {'pos': [0.6140097595303955, -0.3535133918987863, 0.1097032402875184], 'size': [0.04461973939918376, 0.0849493067344041, 0.09534921802665242]}}"
4.0329999999996815,0.499999160278305,0.0,0.4,0.4971266602679864,-8.262890090989304e-08,0.39999697977987586,"{'table_obstacle': {'pos': [0.3825981920028062, 0.37518922255766707, 0.1646257963690813], 'size': [0.049837904948193595, 0.0813235869879147, 0.05243307039854257]}, 'pillar_obstacle': {'pos': [0.39994824830915515, -0.3824307480766307, 0.23470116647765446], 'size': [0.033663755439403885, 0.20172185302840845, 0.0]}, 'small_block': {'pos': [0.6140097595303955, -0.3535133918987863, 0.1097032402875184], 'size': [0.04461973939918376, 0.0849493067344041, 0.09534921802665242]}}"
4.033999999999682,0.499999160278305,0.0,0.4,0.4971676934669256,-8.833365401388546e-08,0.3999970145296099,"{'table_obstacle': {'pos': [0.3825981920028062, 0.37518922255766707, 0.1646257963690813], 'size': [0.049837904948193595, 0.0813235869879147, 0.05243307039854257]}, 'pillar_obstacle': {'pos': [0.39994824830915515, -0.3824307480766307, 0.23470116647765446], 'size': [0.033663755439403885, 0.20172185302840845, 0.0]}, 'small_block': {'pos': [0.6140097595303955, -0.3535133918987863, 0.1097032402875184], 'size': [0.04461973939918376, 0.0849493067344041, 0.09534921802665242]}}"
4.034999999999682,0.499999160278305,0.0,0.4,0.4972081409178552,-9.386268512837942e-08,0.39999704918797724,"{'table_obstacle': {'pos': [0.3825981920028062, 0.37518922255766707, 0.1646257963690813], 'size': [0.049837904948193595, 0.0813235869879147, 0.05243307039854257]}, 'pillar_obstacle': {'pos': [0.39994824830915515, -0.3824307480766307, 0.23470116647765446], 'size': [0.033663755439403885, 0.20172185302840845, 0.0]}, 'small_block': {'pos': [0.6140097595303955, -0.3535133918987863, 0.1097032402875184], 'size': [0.04461973939918376, 0.0849493067344041, 0.09534921802665242]}}"
4.0359999999996825,0.499999160278305,0.0,0.4,0.49724801095588994,-9.921940561758632e-08,0.3999970837412205,"{'table_obstacle': {'pos': [0.3825981920028062, 0.37518922255766707, 0.1646257963690813], 'size': [0.049837904948193595, 0.0813235869879147, 0.05243307039854257]}, 'pillar_obstacle': {'pos': [0.39994824830915515, -0.3824307480766307, 0.23470116647765446], 'size': [0.033663755439403885, 0.20172185302840845, 0.0]}, 'small_block': {'pos': [0.6140097595303955, -0.3535133918987863, 0.1097032402875184], 'size': [0.04461973939918376, 0.0849493067344041, 0.09534921802665242]}}"
4.036999999999683,0.499999160278305,0.0,0.4,0.4972873118011575,-1.0440723515402421e-07,0.3999971181764565,"{'table_obstacle': {'pos': [0.3825981920028062, 0.37518922255766707, 0.1646257963690813], 'size': [0.049837904948193595, 0.0813235869879147, 0.05243307039854257]}, 'pillar_obstacle': {'pos': [0.39994824830915515, -0.3824307480766307, 0.23470116647765446], 'size': [0.033663755439403885, 0.20172185302840845, 0.0]}, 'small_block': {'pos': [0.6140097595303955, -0.3535133918987863, 0.1097032402875184], 'size': [0.04461973939918376, 0.0849493067344041, 0.09534921802665242]}}"
4.037999999999683,0.499999160278305,0.0,0.4,0.4973260515597348,-1.0942958888592769e-07,0.3999971524816083,"{'table_obstacle': {'pos': [0.3825981920028062, 0.37518922255766707, 0.1646257963690813], 'size': [0.049837904948193595, 0.0813235869879147, 0.05243307039854257]}, 'pillar_obstacle': {'pos': [0.39994824830915515, -0.3824307480766307, 0.23470116647765446], 'size': [0.033663755439403885, 0.20172185302840845, 0.0]}, 'small_block': {'pos': [0.6140097595303955, -0.3535133918987863, 0.1097032402875184], 'size': [0.04461973939918376, 0.0849493067344041, 0.09534921802665242]}}"
4.0389999999996835,0.499999160278305,0.0,0.4,0.4973642382247024,-1.1428986654049494e-07,0.39999718664534456,"{'table_obstacle': {'pos': [0.3825981920028062, 0.37518922255766707, 0.1646257963690813], 'size': [0.049837904948193595, 0.0813235869879147, 0.05243307039854257]}, 'pillar_obstacle': {'pos': [0.39994824830915515, -0.3824307480766307, 0.23470116647765446], 'size': [0.033663755439403885, 0.20172185302840845, 0.0]}, 'small_block': {'pos': [0.6140097595303955, -0.3535133918987863, 0.1097032402875184], 'size': [0.04461973939918376, 0.0849493067344041, 0.09534921802665242]}}"
4.039999999999684,0.499999160278305,0.0,0.4,0.49740187967729077,-1.1899144549915279e-07,0.39999722065702625,"{'table_obstacle': {'pos': [0.3825981920028062, 0.37518922255766707, 0.1646257963690813], 'size': [0.049837904948193595, 0.0813235869879147, 0.05243307039854257]}, 'pillar_obstacle': {'pos': [0.39994824830915515, -0.3824307480766307, 0.23470116647765446], 'size': [0.033663755439403885, 0.20172185302840845, 0.0]}, 'small_block': {'pos': [0.6140097595303955, -0.3535133918987863, 0.1097032402875184], 'size': [0.04461973939918376, 0.0849493067344041, 0.09534921802665242]}}"
4.040999999999684,0.499999160278305,0.0,0.4,0.4974389836880983,-1.2353767181096777e-07,0.3999972545066608,"{'table_obstacle': {'pos': [0.3825981920028062, 0.37518922255766707, 0.1646257963690813], 'size': [0.049837904948193595, 0.0813235869879147, 0.05243307039854257]}, 'pillar_obstacle': {'pos': [0.39994824830915515, -0.3824307480766307, 0.23470116647765446], 'size': [0.033663755439403885, 0.20172185302840845, 0.0]}, 'small_block': {'pos': [0.6140097595303955, -0.3535133918987863, 0.1097032402875184], 'size': [0.04461973939918376, 0.0849493067344041, 0.09534921802665242]}}"
4.0419999999996845,0.499999160278305,0.0,0.4,0.4974755579183607,-1.2793185676076504e-07,0.3999972881848606,"{'table_obstacle': {'pos': [0.3825981920028062, 0.37518922255766707, 0.1646257963690813], 'size': [0.049837904948193595, 0.0813235869879147, 0.05243307039854257]}, 'pillar_obstacle': {'pos': [0.39994824830915515, -0.3824307480766307, 0.23470116647765446], 'size': [0.033663755439403885, 0.20172185302840845, 0.0]}, 'small_block': {'pos': [0.6140097595303955, -0.3535133918987863, 0.1097032402875184], 'size': [0.04461973939918376, 0.0849493067344041, 0.09534921802665242]}}"
4.042999999999685,0.499999160278305,0.0,0.4,0.49751160992125987,-1.3217727114884686e-07,0.399997321682805,"{'table_obstacle': {'pos': [0.3825981920028062, 0.37518922255766707, 0.1646257963690813], 'size': [0.049837904948193595, 0.0813235869879147, 0.05243307039854257]}, 'pillar_obstacle': {'pos': [0.39994824830915515, -0.3824307480766307, 0.23470116647765446], 'size': [0.033663755439403885, 0.20172185302840845, 0.0]}, 'small_block': {'pos': [0.6140097595303955, -0.3535133918987863, 0.1097032402875184], 'size': [0.04461973939918376, 0.0849493067344041, 0.09534921802665242]}}"
4.043999999999685,0.499999160278305,0.0,0.4,0.49754714714326076,-1.3627714271166558e-07,0.3999973549922084,"{'table_obstacle': {'pos': [0.3825981920028062, 0.37518922255766707, 0.1646257963690813], 'size': [0.049837904948193595, 0.0813235869879147, 0.05243307039854257]}, 'pillar_obstacle': {'pos': [0.39994824830915515, -0.3824307480766307, 0.23470116647765446], 'size': [0.033663755439403885, 0.20172185302840845, 0.0]}, 'small_block': {'pos': [0.6140097595303955, -0.3535133918987863, 0.1097032402875184], 'size': [0.04461973939918376, 0.0849493067344041, 0.09534921802665242]}}"
4.0449999999996855,0.499999160278305,0.0,0.4,0.49758217692546713,-1.4023465366577197e-07,0.39999738810529,"{'table_obstacle': {'pos': [0.3825981920028062, 0.37518922255766707, 0.1646257963690813], 'size': [0.049837904948193595, 0.0813235869879147, 0.05243307039854257]}, 'pillar_obstacle': {'pos': [0.39994824830915515, -0.3824307480766307, 0.23470116647765446], 'size': [0.033663755439403885, 0.20172185302840845, 0.0]}, 'small_block': {'pos': [0.6140097595303955, -0.3535133918987863, 0.1097032402875184], 'size': [0.04461973939918376, 0.0849493067344041, 0.09534921802665242]}}"
4.045999999999686,0.499999160278305,0.0,0.4,0.4976167065049864,-1.4405293748832792e-07,0.39999742101474745,"{'table_obstacle': {'pos': [0.3825981920028062, 0.37518922255766707, 0.1646257963690813], 'size': [0.049837904948193595, 0.0813235869879147, 0.05243307039854257]}, 'pillar_obstacle': {'pos': [0.39994824830915515, -0.3824307480766307, 0.23470116647765446], 'size': [0.033663755439403885, 0.20172185302840845, 0.0]}, 'small_block': {'pos': [0.6140097595303955, -0.3535133918987863, 0.1097032402875184], 'size': [0.04461973939918376, 0.0849493067344041, 0.09534921802665242]}}"
4.046999999999686,0.499999160278305,0.0,0.4,0.4976507430163021,-1.4773507899362037e-07,0.3999974537137308,"{'table_obstacle': {'pos': [0.3825981920028062, 0.37518922255766707, 0.1646257963690813], 'size': [0.049837904948193595, 0.0813235869879147, 0.05243307039854257]}, 'pillar_obstacle': {'pos': [0.39994824830915515, -0.3824307480766307, 0.23470116647765446], 'size': [0.033663755439403885, 0.20172185302840845, 0.0]}, 'small_block': {'pos': [0.6140097595303955, -0.3535133918987863, 0.1097032402875184], 'size': [0.04461973939918376, 0.0849493067344041, 0.09534921802665242]}}"
4.0479999999996865,0.499999160278305,0.0,0.4,0.49768429349264576,-1.5128411259924164e-07,0.399997486195822,"{'table_obstacle': {'pos': [0.3825981920028062, 0.37518922255766707, 0.1646257963690813], 'size': [0.049837904948193595, 0.0813235869879147, 0.05243307039854257]}, 'pillar_obstacle': {'pos': [0.39994824830915515, -0.3824307480766307, 0.23470116647765446], 'size': [0.033663755439403885, 0.20172185302840845, 0.0]}, 'small_block': {'pos': [0.6140097595303955, -0.3535133918987863, 0.1097032402875184], 'size': [0.04461973939918376, 0.0849493067344041, 0.09534921802665242]}}"
4.048999999999687,0.499999160278305,0.0,0.4,0.4977173648673654,-1.5470302131674691e-07,0.3999975184550113,"{'table_obstacle': {'pos': [0.3825981920028062, 0.37518922255766707, 0.1646257963690813], 'size': [0.049837904948193595, 0.0813235869879147, 0.05243307039854257]}, 'pillar_obstacle': {'pos': [0.39994824830915515, -0.3824307480766307, 0.23470116647765446], 'size': [0.033663755439403885, 0.20172185302840845, 0.0]}, 'small_block': {'pos': [0.6140097595303955, -0.3535133918987863, 0.1097032402875184], 'size': [0.04461973939918376, 0.0849493067344041, 0.09534921802665242]}}"
4.049999999999687,0.499999160278305,0.0,0.4,0.49774996397528765,-1.579947369005138e-07,0.3999975504856812,"{'table_obstacle': {'pos': [0.3825981920028062, 0.37518922255766707, 0.1646257963690813], 'size': [0.049837904948193595, 0.0813235869879147, 0.05243307039854257]}, 'pillar_obstacle': {'pos': [0.39994824830915515, -0.3824307480766307, 0.23470116647765446], 'size': [0.033663755439403885, 0.20172185302840845, 0.0]}, 'small_block': {'pos': [0.6140097595303955, -0.3535133918987863, 0.1097032402875184], 'size': [0.04461973939918376, 0.0849493067344041, 0.09534921802665242]}}"
4.0509999999996875,0.499999160278305,0.0,0.4,0.49778209755407327,-1.6116213956322635e-07,0.3999975822825859,"{'table_obstacle': {'pos': [0.3825981920028062, 0.37518922255766707, 0.1646257963690813], 'size': [0.049837904948193595, 0.0813235869879147, 0.05243307039854257]}, 'pillar_obstacle': {'pos': [0.39994824830915515, -0.3824307480766307, 0.23470116647765446], 'size': [0.033663755439403885, 0.20172185302840845, 0.0]}, 'small_block': {'pos': [0.6140097595303955, -0.3535133918987863, 0.1097032402875184], 'size': [0.04461973939918376, 0.0849493067344041, 0.09534921802665242]}}"
4.051999999999688,0.499999160278305,0.0,0.4,0.49781377224555723,-1.6420805786798672e-07,0.3999976138408361,"{'table_obstacle': {'pos': [0.3825981920028062, 0.37518922255766707, 0.1646257963690813], 'size': [0.049837904948193595, 0.0813235869879147, 0.05243307039854257]}, 'pillar_obstacle': {'pos': [0.39994824830915515, -0.3824307480766307, 0.23470116647765446], 'size': [0.033663755439403885, 0.20172185302840845, 0.0]}, 'small_block': {'pos': [0.6140097595303955, -0.3535133918987863, 0.1097032402875184], 'size': [0.04461973939918376, 0.0849493067344041, 0.09534921802665242]}}"
4.052999999999688,0.499999160278305,0.0,0.4,0.4978449945970829,-1.6713526901520095e-07,0.3999976451558824,"{'table_obstacle': {'pos': [0.3825981920028062, 0.37518922255766707, 0.1646257963690813], 'size': [0.049837904948193595, 0.0813235869879147, 0.05243307039854257]}, 'pillar_obstacle': {'pos': [0.39994824830915515, -0.3824307480766307, 0.23470116647765446], 'size': [0.033663755439403885, 0.20172185302840845, 0.0]}, 'small_block': {'pos': [0.6140097595303955, -0.3535133918987863, 0.1097032402875184], 'size': [0.04461973939918376, 0.0849493067344041, 0.09534921802665242]}}"
4.0539999999996885,0.499999160278305,0.0,0.4,0.49787577106281894,-1.6994649907272097e-07,0.3999976762235014,"{'table_obstacle': {'pos': [0.3825981920028062, 0.37518922255766707, 0.1646257963690813], 'size': [0.049837904948193595, 0.0813235869879147, 0.05243307039854257]}, 'pillar_obstacle': {'pos': [0.39994824830915515, -0.3824307480766307, 0.23470116647765446], 'size': [0.033663755439403885, 0.20172185302840845, 0.0]}, 'small_block': {'pos': [0.6140097595303955, -0.3535133918987863, 0.1097032402875184], 'size': [0.04461973939918376, 0.0849493067344041, 0.09534921802665242]}}"
4.054999999999689,0.499999160278305,0.0,0.4,0.49790610800506263,-1.7264442342910498e-07,0.39999770703978094,"{'table_obstacle': {'pos': [0.3825981920028062, 0.37518922255766707, 0.1646257963690813], 'size': [0.049837904948193595, 0.0813235869879147, 0.05243307039854257]}, 'pillar_obstacle': {'pos': [0.39994824830915515, -0.3824307480766307, 0.23470116647765446], 'size': [0.033663755439403885, 0.20172185302840845, 0.0]}, 'small_block': {'pos': [0.6140097595303955, -0.3535133918987863, 0.1097032402875184], 'size': [0.04461973939918376, 0.0849493067344041, 0.09534921802665242]}}"
4.055999999999689,0.499999160278305,0.0,0.4,0.4979360116955302,-1.752316675666972e-07,0.39999773760110774,"{'table_obstacle': {'pos': [0.3825981920028062, 0.37518922255766707, 0.1646257963690813], 'size': [0.049837904948193595, 0.0813235869879147, 0.05243307039854257]}, 'pillar_obstacle': {'pos': [0.39994824830915515, -0.3824307480766307, 0.23470116647765446], 'size': [0.033663755439403885, 0.20172185302840845, 0.0]}, 'small_block': {'pos': [0.6140097595303955, -0.3535133918987863, 0.1097032402875184], 'size': [0.04461973939918376, 0.0849493067344041, 0.09534921802665242]}}"
4.0569999999996895,0.499999160278305,0.0,0.4,0.49796548831663073,-1.7771080703271314e-07,0.39999776790415326,"{'table_obstacle': {'pos': [0.3825981920028062, 0.37518922255766707, 0.1646257963690813], 'size': [0.049837904948193595, 0.0813235869879147, 0.05243307039854257]}, 'pillar_obstacle': {'pos': [0.39994824830915515, -0.3824307480766307, 0.23470116647765446], 'size': [0.033663755439403885, 0.20172185302840845, 0.0]}, 'small_block': {'pos': [0.6140097595303955, -0.3535133918987863, 0.1097032402875184], 'size': [0.04461973939918376, 0.0849493067344041, 0.09534921802665242]}}"
4.05799999999969,0.5039991336119654,0.0,0.4,0.49799454396272347,-1.8008436873673298e-07,0.3999977979458635,"{'table_obstacle': {'pos': [0.3825981920028062, 0.37518922255766707, 0.1646257963690813], 'size': [0.049837904948193595, 0.0813235869879147, 0.05243307039854257]}, 'pillar_obstacle': {'pos': [0.39994824830915515, -0.3824307480766307, 0.23470116647765446], 'size': [0.033663755439403885, 0.20172185302840845, 0.0]}, 'small_block': {'pos': [0.6140097595303955, -0.3535133918987863, 0.1097032402875184], 'size': [0.04461973939918376, 0.0849493067344041, 0.09534921802665242]}}"
4.05899999999969,0.5039991336119654,0.0,0.4,0.4980340217410354,-1.5910223680457624e-07,0.399997735236402,"{'table_obstacle': {'pos': [0.3825981920028062, 0.37518922255766707, 0.1646257963690813], 'size': [0.049837904948193595, 0.0813235869879147, 0.05243307039854257]}, 'pillar_obstacle': {'pos': [0.39994824830915515, -0.3824307480766307, 0.23470116647765446], 'size': [0.033663755439403885, 0.20172185302840845, 0.0]}, 'small_block': {'pos': [0.6140097595303955, -0.3535133918987863, 0.1097032402875184], 'size': [0.04461973939918376, 0.0849493067344041, 0.09534921802665242]}}"
4.0599999999996905,0.5039991336119654,0.0,0.4,0.49808171617869135,-1.2435572378100141e-07,0.3999976150393152,"{'table_obstacle': {'pos': [0.3825981920028062, 0.37518922255766707, 0.1646257963690813], 'size': [0.049837904948193595, 0.0813235869879147, 0.05243307039854257]}, 'pillar_obstacle': {'pos': [0.39994824830915515, -0.3824307480766307, 0.23470116647765446], 'size': [0.033663755439403885, 0.20172185302840845, 0.0]}, 'small_block': {'pos': [0.6140097595303955, -0.3535133918987863, 0.1097032402875184], 'size': [0.04461973939918376, 0.0849493067344041, 0.09534921802665242]}}"
4.060999999999691,0.5039991336119654,0.0,0.4,0.4981358434226384,-8.259597259684913e-08,0.399997462390498,"{'table_obstacle': {'pos': [0.3825981920028062, 0.37518922255766707, 0.1646257963690813], 'size': [0.049837904948193595, 0.0813235869879147, 0.05243307039854257]}, 'pillar_obstacle': {'pos': [0.39994824830915515, -0.3824307480766307, 0.23470116647765446], 'size': [0.033663755439403885, 0.20172185302840845, 0.0]}, 'small_block': {'pos': [0.6140097595303955, -0.3535133918987863, 0.1097032402875184], 'size': [0.04461973939918376, 0.0849493067344041, 0.09534921802665242]}}"
4.061999999999691,0.5039991336119654,0.0,0.4,0.4981949613069583,-3.847223795441046e-08,0.39999729479700036,"{'table_obstacle': {'pos': [0.3825981920028062, 0.37518922255766707, 0.1646257963690813], 'size': [0.049837904948193595, 0.0813235869879147, 0.05243307039854257]}, 'pillar_obstacle': {'pos': [0.39994824830915515, -0.3824307480766307, 0.23470116647765446], 'size': [0.033663755439403885, 0.20172185302840845, 0.0]}, 'small_block': {'pos': [0.6140097595303955, -0.3535133918987863, 0.1097032402875184], 'size': [0.04461973939918376, 0.0849493067344041, 0.09534921802665242]}}"
4.0629999999996915,0.5039991336119654,0.0,0.4,0.4982579045300568,4.909078845315899e-09,0.39999712424725775,"{'table_obstacle': {'pos': [0.3825981920028062, 0.37518922255766707, 0.1646257963690813], 'size': [0.049837904948193595, 0.0813235869879147, 0.05243307039854257]}, 'pillar_obstacle': {'pos': [0.39994824830915515, -0.3824307480766307, 0.23470116647765446], 'size': [0.033663755439403885, 0.20172185302840845, 0.0]}, 'small_block': {'pos': [0.6140097595303955, -0.3535133918987863, 0.1097032402875184], 'size': [0.04461973939918376, 0.0849493067344041, 0.09534921802665242]}}"
4.063999999999692,0.5039991336119654,0.0,0.4,0.4983237320986161,4.556283580221481e-08,0.39999695870857277,"{'table_obstacle': {'pos': [0.3825981920028062, 0.37518922255766707, 0.1646257963690813], 'size': [0.049837904948193595, 0.0813235869879147, 0.05243307039854257]}, 'pillar_obstacle': {'pos': [0.39994824830915515, -0.3824307480766307, 0.23470116647765446], 'size': [0.033663755439403885, 0.20172185302840845, 0.0]}, 'small_block': {'pos': [0.6140097595303955, -0.3535133918987863, 0.1097032402875184], 'size': [0.04461973939918376, 0.0849493067344041, 0.09534921802665242]}}"
4.064999999999692,0.5039991336119654,0.0,0.4,0.49839168472555195,8.230871714660743e-08,0.3999968032416148,"{'table_obstacle': {'pos': [0.3825981920028062, 0.37518922255766707, 0.1646257963690813], 'size': [0.049837904948193595, 0.0813235869879147, 0.05243307039854257]}, 'pillar_obstacle': {'pos': [0.39994824830915515, -0.3824307480766307, 0.23470116647765446], 'size': [0.033663755439403885, 0.20172185302840845, 0.0]}, 'small_block': {'pos': [0.6140097595303955, -0.3535133918987863, 0.1097032402875184], 'size': [0.04461973939918376, 0.0849493067344041, 0.09534921802665242]}}"
4.0659999999996925,0.5039991336119654,0.0,0.4,0.49846115030224847,1.1453505182854198e-07,0.3999966608282468,"{'table_obstacle': {'pos': [0.3825981920028062, 0.37518922255766707, 0.1646257963690813], 'size': [0.049837904948193595, 0.0813235869879147, 0.05243307039854257]}, 'pillar_obstacle': {'pos': [0.39994824830915515, -0.3824307480766307, 0.23470116647765446], 'size': [0.033663755439403885, 0.20172185302840845, 0.0]}, 'small_block': {'pos': [0.6140097595303955, -0.3535133918987863, 0.1097032402875184], 'size': [0.04461973939918376, 0.0849493067344041, 0.09534921802665242]}}"
4.066999999999693,0.5039991336119654,0.0,0.4,0.4985316359183673,1.4202369852566867e-07,0.39999653298448473,"{'table_obstacle': {'pos': [0.3825981920028062, 0.37518922255766707, 0.1646257963690813], 'size': [0.049837904948193595, 0.0813235869879147, 0.05243307039854257]}, 'pillar_obstacle': {'pos': [0.39994824830915515, -0.3824307480766307, 0.23470116647765446], 'size': [0.033663755439403885, 0.20172185302840845, 0.0]}, 'small_block': {'pos': [0.6140097595303955, -0.3535133918987863, 0.1097032402875184], 'size': [0.04461973939918376, 0.0849493067344041, 0.09534921802665242]}}"
4.067999999999693,0.5039991336119654,0.0,0.4,0.4986027451899333,1.6482122894968505e-07,0.39999642021234577,"{'table_obstacle': {'pos': [0.3825981920028062, 0.37518922255766707, 0.1646257963690813], 'size': [0.049837904948193595, 0.0813235869879147, 0.05243307039854257]}, 'pillar_obstacle': {'pos': [0.39994824830915515, -0.3824307480766307, 0.23470116647765446], 'size': [0.033663755439403885, 0.20172185302840845, 0.0]}, 'small_block': {'pos': [0.6140097595303955, -0.3535133918987863, 0.1097032402875184], 'size': [0.04461973939918376, 0.0849493067344041, 0.09534921802665242]}}"
4.0689999999996935,0.5039991336119654,0.0,0.4,0.498674159890154,1.831450785634691e-07,0.3999963223309461,"{'table_obstacle': {'pos': [0.3825981920028062, 0.37518922255766707, 0.1646257963690813], 'size': [0.049837904948193595, 0.0813235869879147, 0.05243307039854257]}, 'pillar_obstacle': {'pos': [0.39994824830915515, -0.3824307480766307, 0.23470116647765446], 'size': [0.033663755439403885, 0.20172185302840845, 0.0]}, 'small_block': {'pos': [0.6140097595303955, -0.3535133918987863, 0.1097032402875184], 'size': [0.04461973939918376, 0.0849493067344041, 0.09534921802665242]}}"
4.069999999999694,0.5039991336119654,0.0,0.4,0.49874562506738435,1.973159785034319e-07,0.3999962387172222,"{'table_obstacle': {'pos': [0.3825981920028062, 0.37518922255766707, 0.1646257963690813], 'size': [0.049837904948193595, 0.0813235869879147, 0.05243307039854257]}, 'pillar_obstacle': {'pos': [0.39994824830915515, -0.3824307480766307, 0.23470116647765446], 'size': [0.033663755439403885, 0.20172185302840845, 0.0]}, 'small_block': {'pos': [0.6140097595303955, -0.3535133918987863, 0.1097032402875184], 'size': [0.04461973939918376, 0.0849493067344041, 0.09534921802665242]}}"
4.070999999999694,0.5039991336119654,0.0,0.4,0.49881693698889723,2.0771003445067477e-07,0.3999961684791679,"{'table_obstacle': {'pos': [0.3825981920028062, 0.37518922255766707, 0.1646257963690813], 'size': [0.049837904948193595, 0.0813235869879147, 0.05243307039854257]}, 'pillar_obstacle': {'pos': [0.39994824830915515, -0.3824307480766307, 0.23470116647765446], 'size': [0.033663755439403885, 0.20172185302840845, 0.0]}, 'small_block': {'pos': [0.6140097595303955, -0.3535133918987863, 0.1097032402875184], 'size': [0.04461973939918376, 0.0849493067344041, 0.09534921802665242]}}"
4.0719999999996945,0.5039991336119654,0.0,0.4,0.49888793337434023,2.147253988999163e-07,0.3999961105788561,"{'table_obstacle': {'pos': [0.3825981920028062, 0.37518922255766707, 0.1646257963690813], 'size': [0.049837904948193595, 0.0813235869879147, 0.05243307039854257]}, 'pillar_obstacle': {'pos': [0.39994824830915515, -0.3824307480766307, 0.23470116647765446], 'size': [0.033663755439403885, 0.20172185302840845, 0.0]}, 'small_block': {'pos': [0.6140097595303955, -0.3535133918987863, 0.1097032402875184], 'size': [0.04461973939918376, 0.0849493067344041, 0.09534921802665242]}}"
4.072999999999695,0.5039991336119654,0.0,0.4,0.4989584854843223,2.1875969781307523e-07,0.39999606391826126,"{'table_obstacle': {'pos': [0.3825981920028062, 0.37518922255766707, 0.1646257963690813], 'size': [0.049837904948193595, 0.0813235869879147, 0.05243307039854257]}, 'pillar_obstacle': {'pos': [0.39994824830915515, -0.3824307480766307, 0.23470116647765446], 'size': [0.033663755439403885, 0.20172185302840845, 0.0]}, 'small_block': {'pos': [0.6140097595303955, -0.3535133918987863, 0.1097032402875184], 'size': [0.04461973939918376, 0.0849493067344041, 0.09534921802665242]}}"
4.073999999999695,0.5039991336119654,0.0,0.4,0.49902849171197494,2.201953143078987e-07,0.3999960273976908,"{'table_obstacle': {'pos': [0.3825981920028062, 0.37518922255766707, 0.1646257963690813], 'size': [0.049837904948193595, 0.0813235869879147, 0.05243307039854257]}, 'pillar_obstacle': {'pos': [0.39994824830915515, -0.3824307480766307, 0.23470116647765446], 'size': [0.033663755439403885, 0.20172185302840845, 0.0]}, 'small_block': {'pos': [0.6140097595303955, -0.3535133918987863, 0.1097032402875184], 'size': [0.04461973939918376, 0.0849493067344041, 0.09534921802665242]}}"
4.0749999999996955,0.5039991336119654,0.0,0.4,0.49909787239211134,2.1939034056497674e-07,0.39999599995420326,"{'table_obstacle': {'pos': [0.3825981920028062, 0.37518922255766707, 0.1646257963690813], 'size': [0.049837904948193595, 0.0813235869879147, 0.05243307039854257]}, 'pillar_obstacle': {'pos': [0.39994824830915515, -0.3824307480766307, 0.23470116647765446], 'size': [0.033663755439403885, 0.20172185302840845, 0.0]}, 'small_block': {'pos': [0.6140097595303955, -0.3535133918987863, 0.1097032402875184], 'size': [0.04461973939918376, 0.0849493067344041, 0.09534921802665242]}}"
4.075999999999696,0.5039991336119654,0.0,0.4,0.49916656559677514,2.1667356955730064e-07,0.39999598058554403,"{'table_obstacle': {'pos': [0.3825981920028062, 0.37518922255766707, 0.1646257963690813], 'size': [0.049837904948193595, 0.0813235869879147, 0.05243307039854257]}, 'pillar_obstacle': {'pos': [0.39994824830915515, -0.3824307480766307, 0.23470116647765446], 'size': [0.033663755439403885, 0.20172185302840845, 0.0]}, 'small_block': {'pos': [0.6140097595303955, -0.3535133918987863, 0.1097032402875184], 'size': [0.04461973939918376, 0.0849493067344041, 0.09534921802665242]}}"
4.076999999999696,0.5039991336119654,0.0,0.4,0.49923452372984367,2.1234230562402622e-07,0.399995968363734,"{'table_obstacle': {'pos': [0.3825981920028062, 0.37518922255766707, 0.1646257963690813], 'size': [0.049837904948193595, 0.0813235869879147, 0.05243307039854257]}, 'pillar_obstacle': {'pos': [0.39994824830915515, -0.3824307480766307, 0.23470116647765446], 'size': [0.033663755439403885, 0.20172185302840845, 0.0]}, 'small_block': {'pos': [0.6140097595303955, -0.3535133918987863, 0.1097032402875184], 'size': [0.04461973939918376, 0.0849493067344041, 0.09534921802665242]}}"
4.0779999999996965,0.5039991336119654,0.0,0.4,0.49930171076891905,2.066620981226288e-07,0.3999959624413831,"{'table_obstacle': {'pos': [0.3825981920028062, 0.37518922255766707, 0.1646257963690813], 'size': [0.049837904948193595, 0.0813235869879147, 0.05243307039854257]}, 'pillar_obstacle': {'pos': [0.39994824830915515, -0.3824307480766307, 0.23470116647765446], 'size': [0.033663755439403885, 0.20172185302840845, 0.0]}, 'small_block': {'pos': [0.6140097595303955, -0.3535133918987863, 0.1097032402875184], 'size': [0.04461973939918376, 0.0849493067344041, 0.09534921802665242]}}"
4.078999999999697,0.5039991336119654,0.0,0.4,0.4993681000315625,1.9986774069472172e-07,0.39999596205300936,"{'table_obstacle': {'pos': [0.3825981920028062, 0.37518922255766707, 0.1646257963690813], 'size': [0.049837904948193595, 0.0813235869879147, 0.05243307039854257]}, 'pillar_obstacle': {'pos': [0.39994824830915515, -0.3824307480766307, 0.23470116647765446], 'size': [0.033663755439403885, 0.20172185302840845, 0.0]}, 'small_block': {'pos': [0.6140097595303955, -0.3535133918987863, 0.1097032402875184], 'size': [0.04461973939918376, 0.0849493067344041, 0.09534921802665242]}}"
4.079999999999697,0.5039991336119654,0.0,0.4,0.49943367236627095,1.9216506060401033e-07,0.39999596651302655,"{'table_obstacle': {'pos': [0.3825981920028062, 0.37518922255766707, 0.1646257963690813], 'size': [0.049837904948193595, 0.0813235869879147, 0.05243307039854257]}, 'pillar_obstacle': {'pos': [0.39994824830915515, -0.3824307480766307, 0.23470116647765446], 'size': [0.033663755439403885, 0.20172185302840845, 0.0]}, 'small_block': {'pos': [0.6140097595303955, -0.3535133918987863, 0.1097032402875184], 'size': [0.04461973939918376, 0.0849493067344041, 0.09534921802665242]}}"
4.0809999999996975,0.5039991336119654,0.0,0.4,0.4994984146875134,1.8373315665245662e-07,0.39999597521161434,"{'table_obstacle': {'pos': [0.3825981920028062, 0.37518922255766707, 0.1646257963690813], 'size': [0.049837904948193595, 0.0813235869879147, 0.05243307039854257]}, 'pillar_obstacle': {'pos': [0.39994824830915515, -0.3824307480766307, 0.23470116647765446], 'size': [0.033663755439403885, 0.20172185302840845, 0.0]}, 'small_block': {'pos': [0.6140097595303955, -0.3535133918987863, 0.1097032402875184], 'size': [0.04461973939918376, 0.0849493067344041, 0.09534921802665242]}}"
4.081999999999698,0.5039991336119654,0.0,0.4,0.4995623187894737,1.7472685102589739e-07,0.3999959876093495,"{'table_obstacle': {'pos': [0.3825981920028062, 0.37518922255766707, 0.1646257963690813], 'size': [0.049837904948193595, 0.0813235869879147, 0.05243307039854257]}, 'pillar_obstacle': {'pos': [0.39994824830915515, -0.3824307480766307, 0.23470116647765446], 'size': [0.033663755439403885, 0.20172185302840845, 0.0]}, 'small_block': {'pos': [0.6140097595303955, -0.3535133918987863, 0.1097032402875184], 'size': [0.04461973939918376, 0.0849493067344041, 0.09534921802665242]}}"
4.082999999999698,0.5039991336119654,0.0,0.4,0.4996253803855502,1.6527918549219588e-07,0.39999600323120504,"{'table_obstacle': {'pos': [0.3825981920028062, 0.37518922255766707, 0.1646257963690813], 'size': [0.049837904948193595, 0.0813235869879147, 0.05243307039854257]}, 'pillar_obstacle': {'pos': [0.39994824830915515, -0.3824307480766307, 0.23470116647765446], 'size': [0.033663755439403885, 0.20172185302840845, 0.0]}, 'small_block': {'pos': [0.6140097595303955, -0.3535133918987863, 0.1097032402875184], 'size': [0.04461973939918376, 0.0849493067344041, 0.09534921802665242]}}"
4.0839999999996985,0.5039991336119654,0.0,0.4,0.4996875983307332,1.5550385944384982e-07,0.39999602166035414,"{'table_obstacle': {'pos': [0.3825981920028062, 0.37518922255766707, 0.1646257963690813], 'size': [0.049837904948193595, 0.0813235869879147, 0.05243307039854257]}, 'pillar_obstacle': {'pos': [0.39994824830915515, -0.3824307480766307, 0.23470116647765446], 'size': [0.033663755439403885, 0.20172185302840845, 0.0]}, 'small_block': {'pos': [0.6140097595303955, -0.3535133918987863, 0.1097032402875184], 'size': [0.04461973939918376, 0.0849493067344041, 0.09534921802665242]}}"
4.084999999999699,0.5039991336119654,0.0,0.4,0.4997489739921148,1.454975378099896e-07,0.3999960425320597,"{'table_obstacle': {'pos': [0.3825981920028062, 0.37518922255766707, 0.1646257963690813], 'size': [0.049837904948193595, 0.0813235869879147, 0.05243307039854257]}, 'pillar_obstacle': {'pos': [0.39994824830915515, -0.3824307480766307, 0.23470116647765446], 'size': [0.033663755439403885, 0.20172185302840845, 0.0]}, 'small_block': {'pos': [0.6140097595303955, -0.3535133918987863, 0.1097032402875184], 'size': [0.04461973939918376, 0.0849493067344041, 0.09534921802665242]}}"
4.085999999999699,0.5039991336119654,0.0,0.4,0.4998095107393965,1.3534198847260558e-07,0.3999960655278402,"{'table_obstacle': {'pos': [0.3825981920028062, 0.37518922255766707, 0.1646257963690813], 'size': [0.049837904948193595, 0.0813235869879147, 0.05243307039854257]}, 'pillar_obstacle': {'pos': [0.39994824830915515, -0.3824307480766307, 0.23470116647765446], 'size': [0.033663755439403885, 0.20172185302840845, 0.0]}, 'small_block': {'pos': [0.6140097595303955, -0.3535133918987863, 0.1097032402875184], 'size': [0.04461973939918376, 0.0849493067344041, 0.09534921802665242]}}"
4.0869999999996995,0.5039991336119654,0.0,0.4,0.49986921353259206,1.2510603164482346e-07,0.3999960903700238,"{'table_obstacle': {'pos': [0.3825981920028062, 0.37518922255766707, 0.1646257963690813], 'size': [0.049837904948193595, 0.0813235869879147, 0.05243307039854257]}, 'pillar_obstacle': {'pos': [0.39994824830915515, -0.3824307480766307, 0.23470116647765446], 'size': [0.033663755439403885, 0.20172185302840845, 0.0]}, 'small_block': {'pos': [0.6140097595303955, -0.3535133918987863, 0.1097032402875184], 'size': [0.04461973939918376, 0.0849493067344041, 0.09534921802665242]}}"
4.0879999999997,0.5039991336119654,0.0,0.4,0.49992808858846693,1.1484729224875118e-07,0.39999611681674885,"{'table_obstacle': {'pos': [0.3825981920028062, 0.37518922255766707, 0.1646257963690813], 'size': [0.049837904948193595, 0.0813235869879147, 0.05243307039854257]}, 'pillar_obstacle': {'pos': [0.39994824830915515, -0.3824307480766307, 0.23470116647765446], 'size': [0.033663755439403885, 0.20172185302840845, 0.0]}, 'small_block': {'pos': [0.6140097595303955, -0.3535133918987863, 0.1097032402875184], 'size': [0.04461973939918376, 0.0849493067344041, 0.09534921802665242]}}"
4.0889999999997,0.5039991336119654,0.0,0.4,0.4999861431107526,1.0461376160009122e-07,0.39999614465743566,"{'table_obstacle': {'pos': [0.3825981920028062, 0.37518922255766707, 0.1646257963690813], 'size': [0.049837904948193595, 0.0813235869879147, 0.05243307039854257]}, 'pillar_obstacle': {'pos': [0.39994824830915515, -0.3824307480766307, 0.23470116647765446], 'size': [0.033663755439403885, 0.20172185302840845, 0.0]}, 'small_block': {'pos': [0.6140097595303955, -0.3535133918987863, 0.1097032402875184], 'size': [0.04461973939918376, 0.0849493067344041, 0.09534921802665242]}}"
4.0899999999997005,0.5039991336119654,0.0,0.4,0.5000433850720216,9.44451740088206e-08,0.3999961737087309,"{'table_obstacle': {'pos': [0.3825981920028062, 0.37518922255766707, 0.1646257963690813], 'size': [0.049837904948193595, 0.0813235869879147, 0.05243307039854257]}, 'pillar_obstacle': {'pos': [0.39994824830915515, -0.3824307480766307, 0.23470116647765446], 'size': [0.033663755439403885, 0.20172185302840845, 0.0]}, 'small_block': {'pos': [0.6140097595303955, -0.3535133918987863, 0.1097032402875184], 'size': [0.04461973939918376, 0.0849493067344041, 0.09534921802665242]}}"
4.090999999999701,0.5039991336119654,0.0,0.4,0.5000998230374032,8.437421511549072e-08,0.39999620381090295,"{'table_obstacle': {'pos': [0.3825981920028062, 0.37518922255766707, 0.1646257963690813], 'size': [0.049837904948193595, 0.0813235869879147, 0.05243307039854257]}, 'pillar_obstacle': {'pos': [0.39994824830915515, -0.3824307480766307, 0.23470116647765446], 'size': [0.033663755439403885, 0.20172185302840845, 0.0]}, 'small_block': {'pos': [0.6140097595303955, -0.3535133918987863, 0.1097032402875184], 'size': [0.04461973939918376, 0.0849493067344041, 0.09534921802665242]}}"
4.091999999999701,0.5039991336119654,0.0,0.4,0.5001554660221953,7.442757230703169e-08,0.39999623482466196,"{'table_obstacle': {'pos': [0.3825981920028062, 0.37518922255766707, 0.1646257963690813], 'size': [0.049837904948193595, 0.0813235869879147, 0.05243307039854257]}, 'pillar_obstacle': {'pos': [0.39994824830915515, -0.3824307480766307, 0.23470116647765446], 'size': [0.033663755439403885, 0.20172185302840845, 0.0]}, 'small_block': {'pos': [0.6140097595303955, -0.3535133918987863, 0.1097032402875184], 'size': [0.04461973939918376, 0.0849493067344041, 0.09534921802665242]}}"
4.0929999999997015,0.5039991336119654,0.0,0.4,0.5002103233769261,6.462684687365027e-08,0.3999962666283737,"{'table_obstacle': {'pos': [0.3825981920028062, 0.37518922255766707, 0.1646257963690813], 'size': [0.049837904948193595, 0.0813235869879147, 0.05243307039854257]}, 'pillar_obstacle': {'pos': [0.39994824830915515, -0.3824307480766307, 0.23470116647765446], 'size': [0.033663755439403885, 0.20172185302840845, 0.0]}, 'small_block': {'pos': [0.6140097595303955, -0.3535133918987863, 0.1097032402875184], 'size': [0.04461973939918376, 0.0849493067344041, 0.09534921802665242]}}"
4.093999999999702,0.5039991336119654,0.0,0.4,0.5002644046946502,5.4989338875964614e-08,0.3999962991156295,"{'table_obstacle': {'pos': [0.3825981920028062, 0.37518922255766707, 0.1646257963690813], 'size': [0.049837904948193595, 0.0813235869879147, 0.05243307039854257]}, 'pillar_obstacle': {'pos': [0.39994824830915515, -0.3824307480766307, 0.23470116647765446], 'size': [0.033663755439403885, 0.20172185302840845, 0.0]}, 'small_block': {'pos': [0.6140097595303955, -0.3535133918987863, 0.1097032402875184], 'size': [0.04461973939918376, 0.0849493067344041, 0.09534921802665242]}}"
4.094999999999702,0.5039991336119654,0.0,0.4,0.5003177197362509,4.5528722265759096e-08,0.39999633219313374,"{'table_obstacle': {'pos': [0.3825981920028062, 0.37518922255766707, 0.1646257963690813], 'size': [0.049837904948193595, 0.0813235869879147, 0.05243307039854257]}, 'pillar_obstacle': {'pos': [0.39994824830915515, -0.3824307480766307, 0.23470116647765446], 'size': [0.033663755439403885, 0.20172185302840845, 0.0]}, 'small_block': {'pos': [0.6140097595303955, -0.3535133918987863, 0.1097032402875184], 'size': [0.04461973939918376, 0.0849493067344041, 0.09534921802665242]}}"
4.0959999999997025,0.5039991336119654,0.0,0.4,0.5003702783703258,3.6255622153716564e-08,0.39999636577887865,"{'table_obstacle': {'pos': [0.3825981920028062, 0.37518922255766707, 0.1646257963690813], 'size': [0.049837904948193595, 0.0813235869879147, 0.05243307039854257]}, 'pillar_obstacle': {'pos': [0.39994824830915515, -0.3824307480766307, 0.23470116647765446], 'size': [0.033663755439403885, 0.20172185302840845, 0.0]}, 'small_block': {'pos': [0.6140097595303955, -0.3535133918987863, 0.1097032402875184], 'size': [0.04461973939918376, 0.0849493067344041, 0.09534921802665242]}}"
4.096999999999703,0.5039991336119654,0.0,0.4,0.5004220905248823,2.7178108630472657e-08,0.3999963998005691,"{'table_obstacle': {'pos': [0.3825981920028062, 0.37518922255766707, 0.1646257963690813], 'size': [0.049837904948193595, 0.0813235869879147, 0.05243307039854257]}, 'pillar_obstacle': {'pos': [0.39994824830915515, -0.3824307480766307, 0.23470116647765446], 'size': [0.033663755439403885, 0.20172185302840845, 0.0]}, 'small_block': {'pos': [0.6140097595303955, -0.3535133918987863, 0.1097032402875184], 'size': [0.04461973939918376, 0.0849493067344041, 0.09534921802665242]}}"
4.097999999999703,0.5039991336119654,0.0,0.4,0.5004731661485922,1.8302114042623556e-08,0.3999964341942693,"{'table_obstacle': {'pos': [0.3825981920028062, 0.37518922255766707, 0.1646257963690813], 'size': [0.049837904948193595, 0.0813235869879147, 0.05243307039854257]}, 'pillar_obstacle': {'pos': [0.39994824830915515, -0.3824307480766307, 0.23470116647765446], 'size': [0.033663755439403885, 0.20172185302840845, 0.0]}, 'small_block': {'pos': [0.6140097595303955, -0.3535133918987863, 0.1097032402875184], 'size': [0.04461973939918376, 0.0849493067344041, 0.09534921802665242]}}"
4.0989999999997035,0.5039991336119654,0.0,0.4,0.50052351517979,9.631789726353014e-09,0.3999964689032392,"{'table_obstacle': {'pos': [0.3825981920028062, 0.37518922255766707, 0.1646257963690813], 'size': [0.049837904948193595, 0.0813235869879147, 0.05243307039854257]}, 'pillar_obstacle': {'pos': [0.39994824830915515, -0.3824307480766307, 0.23470116647765446], 'size': [0.033663755439403885, 0.20172185302840845, 0.0]}, 'small_block': {'pos': [0.6140097595303955, -0.3535133918987863, 0.1097032402875184], 'size': [0.04461973939918376, 0.0849493067344041, 0.09534921802665242]}}"
4.099999999999704,0.5039991336119654,0.0,0.4,0.5005731475217369,1.1698066508002218e-09,0.39999650387694274,"{'table_obstacle': {'pos': [0.3825981920028062, 0.37518922255766707, 0.1646257963690813], 'size': [0.049837904948193595, 0.0813235869879147, 0.05243307039854257]}, 'pillar_obstacle': {'pos': [0.39994824830915515, -0.3824307480766307, 0.23470116647765446], 'size': [0.033663755439403885, 0.20172185302840845, 0.0]}, 'small_block': {'pos': [0.6140097595303955, -0.3535133918987863, 0.1097032402875184], 'size': [0.04461973939918376, 0.0849493067344041, 0.09534921802665242]}}"
4.100999999999704,0.5039991336119654,0.0,0.4,0.5006220730229556,-7.082390620230291e-09,0.3999965390701942,"{'table_obstacle': {'pos': [0.3825981920028062, 0.37518922255766707, 0.1646257963690813], 'size': [0.049837904948193595, 0.0813235869879147, 0.05243307039854257]}, 'pillar_obstacle': {'pos': [0.39994824830915515, -0.3824307480766307, 0.23470116647765446], 'size': [0.033663755439403885, 0.20172185302840845, 0.0]}, 'small_block': {'pos': [0.6140097595303955, -0.3535133918987863, 0.1097032402875184], 'size': [0.04461973939918376, 0.0849493067344041, 0.09534921802665242]}}"
4.1019999999997045,0.5039991336119654,0.0,0.4,0.5006703014616701,-1.5124370117636153e-08,0.39999657444243625,"{'table_obstacle': {'pos': [0.3825981920028062, 0.37518922255766707, 0.1646257963690813], 'size': [0.049837904948193595, 0.0813235869879147, 0.05243307039854257]}, 'pillar_obstacle': {'pos': [0.39994824830915515, -0.3824307480766307, 0.23470116647765446], 'size': [0.033663755439403885, 0.20172185302840845, 0.0]}, 'small_block': {'pos': [0.6140097595303955, -0.3535133918987863, 0.1097032402875184], 'size': [0.04461973939918376, 0.0849493067344041, 0.09534921802665242]}}"
4.102999999999705,0.5039991336119654,0.0,0.4,0.5007178425335659,-2.2956531750363414e-08,0.3999966099571194,"{'table_obstacle': {'pos': [0.3825981920028062, 0.37518922255766707, 0.1646257963690813], 'size': [0.049837904948193595, 0.0813235869879147, 0.05243307039854257]}, 'pillar_obstacle': {'pos': [0.39994824830915515, -0.3824307480766307, 0.23470116647765446], 'size': [0.033663755439403885, 0.20172185302840845, 0.0]}, 'small_block': {'pos': [0.6140097595303955, -0.3535133918987863, 0.1097032402875184], 'size': [0.04461973939918376, 0.0849493067344041, 0.09534921802665242]}}"
4.103999999999705,0.5039991336119654,0.0,0.4,0.5007647058422322,-3.057995682294992e-08,0.3999966455811749,"{'table_obstacle': {'pos': [0.3825981920028062, 0.37518922255766707, 0.1646257963690813], 'size': [0.049837904948193595, 0.0813235869879147, 0.05243307039854257]}, 'pillar_obstacle': {'pos': [0.39994824830915515, -0.3824307480766307, 0.23470116647765446], 'size': [0.033663755439403885, 0.20172185302840845, 0.0]}, 'small_block': {'pos': [0.6140097595303955, -0.3535133918987863, 0.1097032402875184], 'size': [0.04461973939918376, 0.0849493067344041, 0.09534921802665242]}}"
4.1049999999997056,0.5039991336119654,0.0,0.4,0.5008109008917783,-3.799628183163905e-08,0.3999966812845678,"{'table_obstacle': {'pos': [0.3825981920028062, 0.37518922255766707, 0.1646257963690813], 'size': [0.049837904948193595, 0.0813235869879147, 0.05243307039854257]}, 'pillar_obstacle': {'pos': [0.39994824830915515, -0.3824307480766307, 0.23470116647765446], 'size': [0.033663755439403885, 0.20172185302840845, 0.0]}, 'small_block': {'pos': [0.6140097595303955, -0.3535133918987863, 0.1097032402875184], 'size': [0.04461973939918376, 0.0849493067344041, 0.09534921802665242]}}"
4.105999999999706,0.5039991336119654,0.0,0.4,0.5008564370811986,-4.520759052663417e-08,0.3999967170399129,"{'table_obstacle': {'pos': [0.3825981920028062, 0.37518922255766707, 0.1646257963690813], 'size': [0.049837904948193595, 0.0813235869879147, 0.05243307039854257]}, 'pillar_obstacle': {'pos': [0.39994824830915515, -0.3824307480766307, 0.23470116647765446], 'size': [0.033663755439403885, 0.20172185302840845, 0.0]}, 'small_block': {'pos': [0.6140097595303955, -0.3535133918987863, 0.1097032402875184], 'size': [0.04461973939918376, 0.0849493067344041, 0.09534921802665242]}}"
4.106999999999706,0.5039991336119654,0.0,0.4,0.5009013237001587,-5.221632845020767e-08,0.3999967528221511,"{'table_obstacle': {'pos': [0.3825981920028062, 0.37518922255766707, 0.1646257963690813], 'size': [0.049837904948193595, 0.0813235869879147, 0.05243307039854257]}, 'pillar_obstacle': {'pos': [0.39994824830915515, -0.3824307480766307, 0.23470116647765446], 'size': [0.033663755439403885, 0.20172185302840845, 0.0]}, 'small_block': {'pos': [0.6140097595303955, -0.3535133918987863, 0.1097032402875184], 'size': [0.04461973939918376, 0.0849493067344041, 0.09534921802665242]}}"
4.1079999999997066,0.5039991336119654,0.0,0.4,0.5009455699259182,-5.902522654094387e-08,0.3999967886082726,"{'table_obstacle': {'pos': [0.3825981920028062, 0.37518922255766707, 0.1646257963690813], 'size': [0.049837904948193595, 0.0813235869879147, 0.05243307039854257]}, 'pillar_obstacle': {'pos': [0.39994824830915515, -0.3824307480766307, 0.23470116647765446], 'size': [0.033663755439403885, 0.20172185302840845, 0.0]}, 'small_block': {'pos': [0.6140097595303955, -0.3535133918987863, 0.1097032402875184], 'size': [0.04461973939918376, 0.0849493067344041, 0.09534921802665242]}}"
4.108999999999707,0.5039991336119654,0.0,0.4,0.5009891848211787,-6.563724147808883e-08,0.39999682437707906,"{'table_obstacle': {'pos': [0.3825981920028062, 0.37518922255766707, 0.1646257963690813], 'size': [0.049837904948193595, 0.0813235869879147, 0.05243307039854257]}, 'pillar_obstacle': {'pos': [0.39994824830915515, -0.3824307480766307, 0.23470116647765446], 'size': [0.033663755439403885, 0.20172185302840845, 0.0]}, 'small_block': {'pos': [0.6140097595303955, -0.3535133918987863, 0.1097032402875184], 'size': [0.04461973939918376, 0.0849493067344041, 0.09534921802665242]}}"
4.109999999999707,0.5039991336119654,0.0,0.4,0.50103217733267,-7.20555036638455e-08,0.39999686010898494,"{'table_obstacle': {'pos': [0.3825981920028062, 0.37518922255766707, 0.1646257963690813], 'size': [0.049837904948193595, 0.0813235869879147, 0.05243307039854257]}, 'pillar_obstacle': {'pos': [0.39994824830915515, -0.3824307480766307, 0.23470116647765446], 'size': [0.033663755439403885, 0.20172185302840845, 0.0]}, 'small_block': {'pos': [0.6140097595303955, -0.3535133918987863, 0.1097032402875184], 'size': [0.04461973939918376, 0.0849493067344041, 0.09534921802665242]}}"
4.1109999999997076,0.5039991336119654,0.0,0.4,0.5010745562903346,-7.8283275593074e-08,0.39999689578584274,"{'table_obstacle': {'pos': [0.3825981920028062, 0.37518922255766707, 0.1646257963690813], 'size': [0.049837904948193595, 0.0813235869879147, 0.05243307039854257]}, 'pillar_obstacle': {'pos': [0.39994824830915515, -0.3824307480766307, 0.23470116647765446], 'size': [0.033663755439403885, 0.20172185302840845, 0.0]}, 'small_block': {'pos': [0.6140097595303955, -0.3535133918987863, 0.1097032402875184], 'size': [0.04461973939918376, 0.0849493067344041, 0.09534921802665242]}}"
4.111999999999708,0.5039991336119654,0.0,0.4,0.5011163304069886,-8.432391689905228e-08,0.3999969313907981,"{'table_obstacle': {'pos': [0.3825981920028062, 0.37518922255766707, 0.1646257963690813], 'size': [0.049837904948193595, 0.0813235869879147, 0.05243307039854257]}, 'pillar_obstacle': {'pos': [0.39994824830915515, -0.3824307480766307, 0.23470116647765446], 'size': [0.033663755439403885, 0.20172185302840845, 0.0]}, 'small_block': {'pos': [0.6140097595303955, -0.3535133918987863, 0.1097032402875184], 'size': [0.04461973939918376, 0.0849493067344041, 0.09534921802665242]}}"
4.112999999999708,0.5039991336119654,0.0,0.4,0.5011575082783661,-9.01808548043203e-08,0.39999696690816183,"{'table_obstacle': {'pos': [0.3825981920028062, 0.37518922255766707, 0.1646257963690813], 'size': [0.049837904948193595, 0.0813235869879147, 0.05243307039854257]}, 'pillar_obstacle': {'pos': [0.39994824830915515, -0.3824307480766307, 0.23470116647765446], 'size': [0.033663755439403885, 0.20172185302840845, 0.0]}, 'small_block': {'pos': [0.6140097595303955, -0.3535133918987863, 0.1097032402875184], 'size': [0.04461973939918376, 0.0849493067344041, 0.09534921802665242]}}"
4.113999999999709,0.5039991336119654,0.0,0.4,0.5011980983834718,-9.58575606005285e-08,0.3999970023233019,"{'table_obstacle': {'pos': [0.3825981920028062, 0.37518922255766707, 0.1646257963690813], 'size': [0.049837904948193595, 0.0813235869879147, 0.05243307039854257]}, 'pillar_obstacle': {'pos': [0.39994824830915515, -0.3824307480766307, 0.23470116647765446], 'size': [0.033663755439403885, 0.20172185302840845, 0.0]}, 'small_block': {'pos': [0.6140097595303955, -0.3535133918987863, 0.1097032402875184], 'size': [0.04461973939918376, 0.0849493067344041, 0.09534921802665242]}}"
4.114999999999709,0.5039991336119654,0.0,0.4,0.5012381090851723,-1.0135753073660197e-07,0.39999703762254935,"{'table_obstacle': {'pos': [0.3825981920028062, 0.37518922255766707, 0.1646257963690813], 'size': [0.049837904948193595, 0.0813235869879147, 0.05243307039854257]}, 'pillar_obstacle': {'pos': [0.39994824830915515, -0.3824307480766307, 0.23470116647765446], 'size': [0.033663755439403885, 0.20172185302840845, 0.0]}, 'small_block': {'pos': [0.6140097595303955, -0.3535133918987863, 0.1097032402875184], 'size': [0.04461973939918376, 0.0849493067344041, 0.09534921802665242]}}"
4.115999999999709,0.5039991336119654,0.0,0.4,0.5012775486309845,-1.0668426974650905e-07,0.3999970727931183,"{'table_obstacle': {'pos': [0.3825981920028062, 0.37518922255766707, 0.1646257963690813], 'size': [0.049837904948193595, 0.0813235869879147, 0.05243307039854257]}, 'pillar_obstacle': {'pos': [0.39994824830915515, -0.3824307480766307, 0.23470116647765446], 'size': [0.033663755439403885, 0.20172185302840845, 0.0]}, 'small_block': {'pos': [0.6140097595303955, -0.3535133918987863, 0.1097032402875184], 'size': [0.04461973939918376, 0.0849493067344041, 0.09534921802665242]}}"
4.11699999999971,0.5039991336119654,0.0,0.4,0.5013164251540151,-1.1184127790404553e-07,0.3999971078230338,"{'table_obstacle': {'pos': [0.3825981920028062, 0.37518922255766707, 0.1646257963690813], 'size': [0.049837904948193595, 0.0813235869879147, 0.05243307039854257]}, 'pillar_obstacle': {'pos': [0.39994824830915515, -0.3824307480766307, 0.23470116647765446], 'size': [0.033663755439403885, 0.20172185302840845, 0.0]}, 'small_block': {'pos': [0.6140097595303955, -0.3535133918987863, 0.1097032402875184], 'size': [0.04461973939918376, 0.0849493067344041, 0.09534921802665242]}}"
4.11799999999971,0.5039991336119654,0.0,0.4,0.5013547466740162,-1.1683203971469724e-07,0.39999714270107145,"{'table_obstacle': {'pos': [0.3825981920028062, 0.37518922255766707, 0.1646257963690813], 'size': [0.049837904948193595, 0.0813235869879147, 0.05243307039854257]}, 'pillar_obstacle': {'pos': [0.39994824830915515, -0.3824307480766307, 0.23470116647765446], 'size': [0.033663755439403885, 0.20172185302840845, 0.0]}, 'small_block': {'pos': [0.6140097595303955, -0.3535133918987863, 0.1097032402875184], 'size': [0.04461973939918376, 0.0849493067344041, 0.09534921802665242]}}"
4.11899999999971,0.5039991336119654,0.0,0.4,0.5013925210985387,-1.2166001630421866e-07,0.399997177416703,"{'table_obstacle': {'pos': [0.3825981920028062, 0.37518922255766707, 0.1646257963690813], 'size': [0.049837904948193595, 0.0813235869879147, 0.05243307039854257]}, 'pillar_obstacle': {'pos': [0.39994824830915515, -0.3824307480766307, 0.23470116647765446], 'size': [0.033663755439403885, 0.20172185302840845, 0.0]}, 'small_block': {'pos': [0.6140097595303955, -0.3535133918987863, 0.1097032402875184], 'size': [0.04461973939918376, 0.0849493067344041, 0.09534921802665242]}}"
4.119999999999711,0.5039991336119654,0.0,0.4,0.5014297562241493,-1.2632863763466305e-07,0.39999721196004934,"{'table_obstacle': {'pos': [0.3825981920028062, 0.37518922255766707, 0.1646257963690813], 'size': [0.049837904948193595, 0.0813235869879147, 0.05243307039854257]}, 'pillar_obstacle': {'pos': [0.39994824830915515, -0.3824307480766307, 0.23470116647765446], 'size': [0.033663755439403885, 0.20172185302840845, 0.0]}, 'small_block': {'pos': [0.6140097595303955, -0.3535133918987863, 0.1097032402875184], 'size': [0.04461973939918376, 0.0849493067344041, 0.09534921802665242]}}"
4.120999999999711,0.5039991336119654,0.0,0.4,0.5014664597377069,-1.3084129773750973e-07,0.39999724632183786,"{'table_obstacle': {'pos': [0.3825981920028062, 0.37518922255766707, 0.1646257963690813], 'size': [0.049837904948193595, 0.0813235869879147, 0.05243307039854257]}, 'pillar_obstacle': {'pos': [0.39994824830915515, -0.3824307480766307, 0.23470116647765446], 'size': [0.033663755439403885, 0.20172185302840845, 0.0]}, 'small_block': {'pos': [0.6140097595303955, -0.3535133918987863, 0.1097032402875184], 'size': [0.04461973939918376, 0.0849493067344041, 0.09534921802665242]}}"
4.121999999999711,0.5039991336119654,0.0,0.4,0.5015026392176738,-1.3520134896194394e-07,0.3999972804933648,"{'table_obstacle': {'pos': [0.3825981920028062, 0.37518922255766707, 0.1646257963690813], 'size': [0.049837904948193595, 0.0813235869879147, 0.05243307039854257]}, 'pillar_obstacle': {'pos': [0.39994824830915515, -0.3824307480766307, 0.23470116647765446], 'size': [0.033663755439403885, 0.20172185302840845, 0.0]}, 'small_block': {'pos': [0.6140097595303955, -0.3535133918987863, 0.1097032402875184], 'size': [0.04461973939918376, 0.0849493067344041, 0.09534921802665242]}}"
4.122999999999712,0.5039991336119654,0.0,0.4,0.5015383021354572,-1.3941210014104173e-07,0.39999731446646325,"{'table_obstacle': {'pos': [0.3825981920028062, 0.37518922255766707, 0.1646257963690813], 'size': [0.049837904948193595, 0.0813235869879147, 0.05243307039854257]}, 'pillar_obstacle': {'pos': [0.39994824830915515, -0.3824307480766307, 0.23470116647765446], 'size': [0.033663755439403885, 0.20172185302840845, 0.0]}, 'small_block': {'pos': [0.6140097595303955, -0.3535133918987863, 0.1097032402875184], 'size': [0.04461973939918376, 0.0849493067344041, 0.09534921802665242]}}"
4.123999999999712,0.5039991336119654,0.0,0.4,0.5015734558567678,-1.434768126643148e-07,0.39999734823347083,"{'table_obstacle': {'pos': [0.3825981920028062, 0.37518922255766707, 0.1646257963690813], 'size': [0.049837904948193595, 0.0813235869879147, 0.05243307039854257]}, 'pillar_obstacle': {'pos': [0.39994824830915515, -0.3824307480766307, 0.23470116647765446], 'size': [0.033663755439403885, 0.20172185302840845, 0.0]}, 'small_block': {'pos': [0.6140097595303955, -0.3535133918987863, 0.1097032402875184], 'size': [0.04461973939918376, 0.0849493067344041, 0.09534921802665242]}}"
4.124999999999712,0.5039991336119654,0.0,0.4,0.5016081076429896,-1.4739869931733428e-07,0.39999738178720406,"{'table_obstacle': {'pos': [0.3825981920028062, 0.37518922255766707, 0.1646257963690813], 'size': [0.049837904948193595, 0.0813235869879147, 0.05243307039854257]}, 'pillar_obstacle': {'pos': [0.39994824830915515, -0.3824307480766307, 0.23470116647765446], 'size': [0.033663755439403885, 0.20172185302840845, 0.0]}, 'small_block': {'pos': [0.6140097595303955, -0.3535133918987863, 0.1097032402875184], 'size': [0.04461973939918376, 0.0849493067344041, 0.09534921802665242]}}"
4.125999999999713,0.5039991336119654,0.0,0.4,0.5016422646525557,-1.511809219328303e-07,0.39999741512093206,"{'table_obstacle': {'pos': [0.3825981920028062, 0.37518922255766707, 0.1646257963690813], 'size': [0.049837904948193595, 0.0813235869879147, 0.05243307039854257]}, 'pillar_obstacle': {'pos': [0.39994824830915515, -0.3824307480766307, 0.23470116647765446], 'size': [0.033663755439403885, 0.20172185302840845, 0.0]}, 'small_block': {'pos': [0.6140097595303955, -0.3535133918987863, 0.1097032402875184], 'size': [0.04461973939918376, 0.0849493067344041, 0.09534921802665242]}}"
4.126999999999713,0.5039991336119654,0.0,0.4,0.5016759339423245,-1.5482659101735431e-07,0.3999974482283558,"{'table_obstacle': {'pos': [0.3825981920028062, 0.37518922255766707, 0.1646257963690813], 'size': [0.049837904948193595, 0.0813235869879147, 0.05243307039854257]}, 'pillar_obstacle': {'pos': [0.39994824830915515, -0.3824307480766307, 0.23470116647765446], 'size': [0.033663755439403885, 0.20172185302840845, 0.0]}, 'small_block': {'pos': [0.6140097595303955, -0.3535133918987863, 0.1097032402875184], 'size': [0.04461973939918376, 0.0849493067344041, 0.09534921802665242]}}"
4.127999999999713,0.5039991336119654,0.0,0.4,0.5017091224689517,-1.5833876477511296e-07,0.39999748110358463,"{'table_obstacle': {'pos': [0.3825981920028062, 0.37518922255766707, 0.1646257963690813], 'size': [0.049837904948193595, 0.0813235869879147, 0.05243307039854257]}, 'pillar_obstacle': {'pos': [0.39994824830915515, -0.3824307480766307, 0.23470116647765446], 'size': [0.033663755439403885, 0.20172185302840845, 0.0]}, 'small_block': {'pos': [0.6140097595303955, -0.3535133918987863, 0.1097032402875184], 'size': [0.04461973939918376, 0.0849493067344041, 0.09534921802665242]}}"
4.128999999999714,0.5039991336119654,0.0,0.4,0.5017418370902571,-1.6172044873666297e-07,0.39999751374111836,"{'table_obstacle': {'pos': [0.3825981920028062, 0.37518922255766707, 0.1646257963690813], 'size': [0.049837904948193595, 0.0813235869879147, 0.05243307039854257]}, 'pillar_obstacle': {'pos': [0.39994824830915515, -0.3824307480766307, 0.23470116647765446], 'size': [0.033663755439403885, 0.20172185302840845, 0.0]}, 'small_block': {'pos': [0.6140097595303955, -0.3535133918987863, 0.1097032402875184], 'size': [0.04461973939918376, 0.0849493067344041, 0.09534921802665242]}}"
4.129999999999714,0.5039991336119654,0.0,0.4,0.5017740845665823,-1.6497459565882706e-07,0.3999975461358291,"{'table_obstacle': {'pos': [0.3825981920028062, 0.37518922255766707, 0.1646257963690813], 'size': [0.049837904948193595, 0.0813235869879147, 0.05243307039854257]}, 'pillar_obstacle': {'pos': [0.39994824830915515, -0.3824307480766307, 0.23470116647765446], 'size': [0.033663755439403885, 0.20172185302840845, 0.0]}, 'small_block': {'pos': [0.6140097595303955, -0.3535133918987863, 0.1097032402875184], 'size': [0.04461973939918376, 0.0849493067344041, 0.09534921802665242]}}"
4.130999999999714,0.5039991336119654,0.0,0.4,0.5018058715621382,-1.6810410513562127e-07,0.3999975782829447,"{'table_obstacle': {'pos': [0.3825981920028062, 0.37518922255766707, 0.1646257963690813], 'size': [0.049837904948193595, 0.0813235869879147, 0.05243307039854257]}, 'pillar_obstacle': {'pos': [0.39994824830915515, -0.3824307480766307, 0.23470116647765446], 'size': [0.033663755439403885, 0.20172185302840845, 0.0]}, 'small_block': {'pos': [0.6140097595303955, -0.3535133918987863, 0.1097032402875184], 'size': [0.04461973939918376, 0.0849493067344041, 0.09534921802665242]}}"
4.131999999999715,0.5039991336119654,0.0,0.4,0.5018372046463393,-1.711118245752961e-07,0.39999761017803165,"{'table_obstacle': {'pos': [0.3825981920028062, 0.37518922255766707, 0.1646257963690813], 'size': [0.049837904948193595, 0.0813235869879147, 0.05243307039854257]}, 'pillar_obstacle': {'pos': [0.39994824830915515, -0.3824307480766307, 0.23470116647765446], 'size': [0.033663755439403885, 0.20172185302840845, 0.0]}, 'small_block': {'pos': [0.6140097595303955, -0.3535133918987863, 0.1097032402875184], 'size': [0.04461973939918376, 0.0849493067344041, 0.09534921802665242]}}"
4.132999999999715,0.5039991336119654,0.0,0.4,0.5018680902951256,-1.7400054882067135e-07,0.3999976418169816,"{'table_obstacle': {'pos': [0.3825981920028062, 0.37518922255766707, 0.1646257963690813], 'size': [0.049837904948193595, 0.0813235869879147, 0.05243307039854257]}, 'pillar_obstacle': {'pos': [0.39994824830915515, -0.3824307480766307, 0.23470116647765446], 'size': [0.033663755439403885, 0.20172185302840845, 0.0]}, 'small_block': {'pos': [0.6140097595303955, -0.3535133918987863, 0.1097032402875184], 'size': [0.04461973939918376, 0.0849493067344041, 0.09534921802665242]}}"
4.133999999999715,0.5039991336119654,0.0,0.4,0.5018985348922719,-1.767730209115939e-07,0.39999767319599705,"{'table_obstacle': {'pos': [0.3825981920028062, 0.37518922255766707, 0.1646257963690813], 'size': [0.049837904948193595, 0.0813235869879147, 0.05243307039854257]}, 'pillar_obstacle': {'pos': [0.39994824830915515, -0.3824307480766307, 0.23470116647765446], 'size': [0.033663755439403885, 0.20172185302840845, 0.0]}, 'small_block': {'pos': [0.6140097595303955, -0.3535133918987863, 0.1097032402875184], 'size': [0.04461973939918376, 0.0849493067344041, 0.09534921802665242]}}"
4.134999999999716,0.5039991336119654,0.0,0.4,0.5019285447306786,-1.794319324676683e-07,0.3999977043115772,"{'table_obstacle': {'pos': [0.3825981920028062, 0.37518922255766707, 0.1646257963690813], 'size': [0.049837904948193595, 0.0813235869879147, 0.05243307039854257]}, 'pillar_obstacle': {'pos': [0.39994824830915515, -0.3824307480766307, 0.23470116647765446], 'size': [0.033663755439403885, 0.20172185302840845, 0.0]}, 'small_block': {'pos': [0.6140097595303955, -0.3535133918987863, 0.1097032402875184], 'size': [0.04461973939918376, 0.0849493067344041, 0.09534921802665242]}}"
4.135999999999716,0.5039991336119654,0.0,0.4,0.5019581260136523,-1.8197992417655878e-07,0.39999773516050735,"{'table_obstacle': {'pos': [0.3825981920028062, 0.37518922255766707, 0.1646257963690813], 'size': [0.049837904948193595, 0.0813235869879147, 0.05243307039854257]}, 'pillar_obstacle': {'pos': [0.39994824830915515, -0.3824307480766307, 0.23470116647765446], 'size': [0.033663755439403885, 0.20172185302840845, 0.0]}, 'small_block': {'pos': [0.6140097595303955, -0.3535133918987863, 0.1097032402875184], 'size': [0.04461973939918376, 0.0849493067344041, 0.09534921802665242]}}"
4.136999999999716,0.5039991336119654,0.0,0.4,0.5019872848561644,-1.8441958685477998e-07,0.3999977657398439,"{'table_obstacle': {'pos': [0.3825981920028062, 0.37518922255766707, 0.1646257963690813], 'size': [0.049837904948193595, 0.0813235869879147, 0.05243307039854257]}, 'pillar_obstacle': {'pos': [0.39994824830915515, -0.3824307480766307, 0.23470116647765446], 'size': [0.033663755439403885, 0.20172185302840845, 0.0]}, 'small_block': {'pos': [0.6140097595303955, -0.3535133918987863, 0.1097032402875184], 'size': [0.04461973939918376, 0.0849493067344041, 0.09534921802665242]}}"
4.137999999999717,0.5079991062150553,0.0,0.4,0.5020160272861011,-1.8675346129163692e-07,0.3999977960469065,"{'table_obstacle': {'pos': [0.3825981920028062, 0.37518922255766707, 0.1646257963690813], 'size': [0.049837904948193595, 0.0813235869879147, 0.05243307039854257]}, 'pillar_obstacle': {'pos': [0.39994824830915515, -0.3824307480766307, 0.23470116647765446], 'size': [0.033663755439403885, 0.20172185302840845, 0.0]}, 'small_block': {'pos': [0.6140097595303955, -0.3535133918987863, 0.1097032402875184], 'size': [0.04461973939918376, 0.0849493067344041, 0.09534921802665242]}}"
4.138999999999717,0.5079991062150553,0.0,0.4,0.5020551921547969,-1.652267425027563e-07,0.39999773121902976,"{'table_obstacle': {'pos': [0.3825981920028062, 0.37518922255766707, 0.1646257963690813], 'size': [0.049837904948193595, 0.0813235869879147, 0.05243307039854257]}, 'pillar_obstacle': {'pos': [0.39994824830915515, -0.3824307480766307, 0.23470116647765446], 'size': [0.033663755439403885, 0.20172185302840845, 0.0]}, 'small_block': {'pos': [0.6140097595303955, -0.3535133918987863, 0.1097032402875184], 'size': [0.04461973939918376, 0.0849493067344041, 0.09534921802665242]}}"
4.139999999999717,0.5079991062150553,0.0,0.4,0.5021025754369587,-1.296348862772882e-07,0.39999760747890145,"{'table_obstacle': {'pos': [0.3825981920028062, 0.37518922255766707, 0.1646257963690813], 'size': [0.049837904948193595, 0.0813235869879147, 0.05243307039854257]}, 'pillar_obstacle': {'pos': [0.39994824830915515, -0.3824307480766307, 0.23470116647765446], 'size': [0.033663755439403885, 0.20172185302840845, 0.0]}, 'small_block': {'pos': [0.6140097595303955, -0.3535133918987863, 0.1097032402875184], 'size': [0.04461973939918376, 0.0849493067344041, 0.09534921802665242]}}"
4.140999999999718,0.5079991062150553,0.0,0.4,0.5021563943011133,-8.687389662123029e-08,0.39999745054209446,"{'table_obstacle': {'pos': [0.3825981920028062, 0.37518922255766707, 0.1646257963690813], 'size': [0.049837904948193595, 0.0813235869879147, 0.05243307039854257]}, 'pillar_obstacle': {'pos': [0.39994824830915515, -0.3824307480766307, 0.23470116647765446], 'size': [0.033663755439403885, 0.20172185302840845, 0.0]}, 'small_block': {'pos': [0.6140097595303955, -0.3535133918987863, 0.1097032402875184], 'size': [0.04461973939918376, 0.0849493067344041, 0.09534921802665242]}}"
4.141999999999718,0.5079991062150553,0.0,0.4,0.5022152072876305,-4.1693714262784975e-08,0.3999972783871865,"{'table_obstacle': {'pos': [0.3825981920028062, 0.37518922255766707, 0.1646257963690813], 'size': [0.049837904948193595, 0.0813235869879147, 0.05243307039854257]}, 'pillar_obstacle': {'pos': [0.39994824830915515, -0.3824307480766307, 0.23470116647765446], 'size': [0.033663755439403885, 0.20172185302840845, 0.0]}, 'small_block': {'pos': [0.6140097595303955, -0.3535133918987863, 0.1097032402875184], 'size': [0.04461973939918376, 0.0849493067344041, 0.09534921802665242]}}"
4.142999999999718,0.5079991062150553,0.0,0.4,0.5022778495687782,2.7312371771528224e-09,0.3999971033204125,"{'table_obstacle': {'pos': [0.3825981920028062, 0.37518922255766707, 0.1646257963690813], 'size': [0.049837904948193595, 0.0813235869879147, 0.05243307039854257]}, 'pillar_obstacle': {'pos': [0.39994824830915515, -0.3824307480766307, 0.23470116647765446], 'size': [0.033663755439403885, 0.20172185302840845, 0.0]}, 'small_block': {'pos': [0.6140097595303955, -0.3535133918987863, 0.1097032402875184], 'size': [0.04461973939918376, 0.0849493067344041, 0.09534921802665242]}}"
4.143999999999719,0.5079991062150553,0.0,0.4,0.5023433804547115,4.437172118332145e-08,0.3999969335144778,"{'table_obstacle': {'pos': [0.3825981920028062, 0.37518922255766707, 0.1646257963690813], 'size': [0.049837904948193595, 0.0813235869879147, 0.05243307039854257]}, 'pillar_obstacle': {'pos': [0.39994824830915515, -0.3824307480766307, 0.23470116647765446], 'size': [0.033663755439403885, 0.20172185302840845, 0.0]}, 'small_block': {'pos': [0.6140097595303955, -0.3535133918987863, 0.1097032402875184], 'size': [0.04461973939918376, 0.0849493067344041, 0.09534921802665242]}}"
4.144999999999719,0.5079991062150553,0.0,0.4,0.5024110408378221,8.20206503805706e-08,0.3999967741542776,"{'table_obstacle': {'pos': [0.3825981920028062, 0.37518922255766707, 0.1646257963690813], 'size': [0.049837904948193595, 0.0813235869879147, 0.05243307039854257]}, 'pillar_obstacle': {'pos': [0.39994824830915515, -0.3824307480766307, 0.23470116647765446], 'size': [0.033663755439403885, 0.20172185302840845, 0.0]}, 'small_block': {'pos': [0.6140097595303955, -0.3535133918987863, 0.1097032402875184], 'size': [0.04461973939918376, 0.0849493067344041, 0.09534921802665242]}}"
4.145999999999719,0.5079991062150553,0.0,0.4,0.5024802186996079,1.1505194318737578e-07,0.3999966282881653,"{'table_obstacle': {'pos': [0.3825981920028062, 0.37518922255766707, 0.1646257963690813], 'size': [0.049837904948193595, 0.0813235869879147, 0.05243307039854257]}, 'pillar_obstacle': {'pos': [0.39994824830915515, -0.3824307480766307, 0.23470116647765446], 'size': [0.033663755439403885, 0.20172185302840845, 0.0]}, 'small_block': {'pos': [0.6140097595303955, -0.3535133918987863, 0.1097032402875184], 'size': [0.04461973939918376, 0.0849493067344041, 0.09534921802665242]}}"
4.14699999999972,0.5079991062150553,0.0,0.4,0.5025504211562642,1.4324169805885007e-07,0.39999649745839344,"{'table_obstacle': {'pos': [0.3825981920028062, 0.37518922255766707, 0.1646257963690813], 'size': [0.049837904948193595, 0.0813235869879147, 0.05243307039854257]}, 'pillar_obstacle': {'pos': [0.39994824830915515, -0.3824307480766307, 0.23470116647765446], 'size': [0.033663755439403885, 0.20172185302840845, 0.0]}, 'small_block': {'pos': [0.6140097595303955, -0.3535133918987863, 0.1097032402875184], 'size': [0.04461973939918376, 0.0849493067344041, 0.09534921802665242]}}"
4.14799999999972,0.5079991062150553,0.0,0.4,0.5026212518058876,1.6663662770141685e-07,0.3999963821658905,"{'table_obstacle': {'pos': [0.3825981920028062, 0.37518922255766707, 0.1646257963690813], 'size': [0.049837904948193595, 0.0813235869879147, 0.05243307039854257]}, 'pillar_obstacle': {'pos': [0.39994824830915515, -0.3824307480766307, 0.23470116647765446], 'size': [0.033663755439403885, 0.20172185302840845, 0.0]}, 'small_block': {'pos': [0.6140097595303955, -0.3535133918987863, 0.1097032402875184], 'size': [0.04461973939918376, 0.0849493067344041, 0.09534921802665242]}}"
4.14899999999972,0.5079991062150553,0.0,0.4,0.5026923923733984,1.8545818773254306e-07,0.39999628221083655,"{'table_obstacle': {'pos': [0.3825981920028062, 0.37518922255766707, 0.1646257963690813], 'size': [0.049837904948193595, 0.0813235869879147, 0.05243307039854257]}, 'pillar_obstacle': {'pos': [0.39994824830915515, -0.3824307480766307, 0.23470116647765446], 'size': [0.033663755439403885, 0.20172185302840845, 0.0]}, 'small_block': {'pos': [0.6140097595303955, -0.3535133918987863, 0.1097032402875184], 'size': [0.04461973939918376, 0.0849493067344041, 0.09534921802665242]}}"
4.149999999999721,0.5079991062150553,0.0,0.4,0.5027635878388353,2.0003353885742455e-07,0.3999961969402421,"{'table_obstacle': {'pos': [0.3825981920028062, 0.37518922255766707, 0.1646257963690813], 'size': [0.049837904948193595, 0.0813235869879147, 0.05243307039854257]}, 'pillar_obstacle': {'pos': [0.39994824830915515, -0.3824307480766307, 0.23470116647765446], 'size': [0.033663755439403885, 0.20172185302840845, 0.0]}, 'small_block': {'pos': [0.6140097595303955, -0.3535133918987863, 0.1097032402875184], 'size': [0.04461973939918376, 0.0849493067344041, 0.09534921802665242]}}"
4.150999999999721,0.5079991062150553,0.0,0.4,0.502834634388631,2.107465718275111e-07,0.39999612542608926,"{'table_obstacle': {'pos': [0.3825981920028062, 0.37518922255766707, 0.1646257963690813], 'size': [0.049837904948193595, 0.0813235869879147, 0.05243307039854257]}, 'pillar_obstacle': {'pos': [0.39994824830915515, -0.3824307480766307, 0.23470116647765446], 'size': [0.033663755439403885, 0.20172185302840845, 0.0]}, 'small_block': {'pos': [0.6140097595303955, -0.3535133918987863, 0.1097032402875184], 'size': [0.04461973939918376, 0.0849493067344041, 0.09534921802665242]}}"
4.151999999999721,0.5079991062150553,0.0,0.4,0.5029053696544584,2.18003836375378e-07,0.3999960665917841,"{'table_obstacle': {'pos': [0.3825981920028062, 0.37518922255766707, 0.1646257963690813], 'size': [0.049837904948193595, 0.0813235869879147, 0.05243307039854257]}, 'pillar_obstacle': {'pos': [0.39994824830915515, -0.3824307480766307, 0.23470116647765446], 'size': [0.033663755439403885, 0.20172185302840845, 0.0]}, 'small_block': {'pos': [0.6140097595303955, -0.3535133918987863, 0.1097032402875184], 'size': [0.04461973939918376, 0.0849493067344041, 0.09534921802665242]}}"
4.152999999999722,0.5079991062150553,0.0,0.4,0.502975664805631,2.222114576092484e-07,0.3999960193003269,"{'table_obstacle': {'pos': [0.3825981920028062, 0.37518922255766707, 0.1646257963690813], 'size': [0.049837904948193595, 0.0813235869879147, 0.05243307039854257]}, 'pillar_obstacle': {'pos': [0.39994824830915515, -0.3824307480766307, 0.23470116647765446], 'size': [0.033663755439403885, 0.20172185302840845, 0.0]}, 'small_block': {'pos': [0.6140097595303955, -0.3535133918987863, 0.1097032402875184], 'size': [0.04461973939918376, 0.0849493067344041, 0.09534921802665242]}}"
4.153999999999722,0.5079991062150553,0.0,0.4,0.503045418143309,2.2376007844791677e-07,0.3999959824142942,"{'table_obstacle': {'pos': [0.3825981920028062, 0.37518922255766707, 0.1646257963690813], 'size': [0.049837904948193595, 0.0813235869879147, 0.05243307039854257]}, 'pillar_obstacle': {'pos': [0.39994824830915515, -0.3824307480766307, 0.23470116647765446], 'size': [0.033663755439403885, 0.20172185302840845, 0.0]}, 'small_block': {'pos': [0.6140097595303955, -0.3535133918987863, 0.1097032402875184], 'size': [0.04461973939918376, 0.0849493067344041, 0.09534921802665242]}}"
4.154999999999722,0.5079991062150553,0.0,0.4,0.5031145499114481,2.2301559688213058e-07,0.3999959548352269,"{'table_obstacle': {'pos': [0.3825981920028062, 0.37518922255766707, 0.1646257963690813], 'size': [0.049837904948193595, 0.0813235869879147, 0.05243307039854257]}, 'pillar_obstacle': {'pos': [0.39994824830915515, -0.3824307480766307, 0.23470116647765446], 'size': [0.033663755439403885, 0.20172185302840845, 0.0]}, 'small_block': {'pos': [0.6140097595303955, -0.3535133918987863, 0.1097032402875184], 'size': [0.04461973939918376, 0.0849493067344041, 0.09534921802665242]}}"
4.155999999999723,0.5079991062150553,0.0,0.4,0.5031829980935063,2.2031403003266651e-07,0.399995935528123,"{'table_obstacle': {'pos': [0.3825981920028062, 0.37518922255766707, 0.1646257963690813], 'size': [0.049837904948193595, 0.0813235869879147, 0.05243307039854257]}, 'pillar_obstacle': {'pos': [0.39994824830915515, -0.3824307480766307, 0.23470116647765446], 'size': [0.033663755439403885, 0.20172185302840845, 0.0]}, 'small_block': {'pos': [0.6140097595303955, -0.3535133918987863, 0.1097032402875184], 'size': [0.04461973939918376, 0.0849493067344041, 0.09534921802665242]}}"
4.156999999999723,0.5079991062150553,0.0,0.4,0.5032507150077543,2.1595926304817406e-07,0.39999592353528607,"{'table_obstacle': {'pos': [0.3825981920028062, 0.37518922255766707, 0.1646257963690813], 'size': [0.049837904948193595, 0.0813235869879147, 0.05243307039854257]}, 'pillar_obstacle': {'pos': [0.39994824830915515, -0.3824307480766307, 0.23470116647765446], 'size': [0.033663755439403885, 0.20172185302840845, 0.0]}, 'small_block': {'pos': [0.6140097595303955, -0.3535133918987863, 0.1097032402875184], 'size': [0.04461973939918376, 0.0849493067344041, 0.09534921802665242]}}"
4.157999999999723,0.5079991062150553,0.0,0.4,0.5033176645495501,2.102227651450402e-07,0.39999591798270506,"{'table_obstacle': {'pos': [0.3825981920028062, 0.37518922255766707, 0.1646257963690813], 'size': [0.049837904948193595, 0.0813235869879147, 0.05243307039854257]}, 'pillar_obstacle': {'pos': [0.39994824830915515, -0.3824307480766307, 0.23470116647765446], 'size': [0.033663755439403885, 0.20172185302840845, 0.0]}, 'small_block': {'pos': [0.6140097595303955, -0.3535133918987863, 0.1097032402875184], 'size': [0.04461973939918376, 0.0849493067344041, 0.09534921802665242]}}"
4.158999999999724,0.5079991062150553,0.0,0.4,0.503383819957731,2.0334459921703168e-07,0.3999959180812984,"{'table_obstacle': {'pos': [0.3825981920028062, 0.37518922255766707, 0.1646257963690813], 'size': [0.049837904948193595, 0.0813235869879147, 0.05243307039854257]}, 'pillar_obstacle': {'pos': [0.39994824830915515, -0.3824307480766307, 0.23470116647765446], 'size': [0.033663755439403885, 0.20172185302840845, 0.0]}, 'small_block': {'pos': [0.6140097595303955, -0.3535133918987863, 0.1097032402875184], 'size': [0.04461973939918376, 0.0849493067344041, 0.09534921802665242]}}"
4.159999999999724,0.5079991062150553,0.0,0.4,0.5034491620055913,1.955352425469464e-07,0.3999959231247432,"{'table_obstacle': {'pos': [0.3825981920028062, 0.37518922255766707, 0.1646257963690813], 'size': [0.049837904948193595, 0.0813235869879147, 0.05243307039854257]}, 'pillar_obstacle': {'pos': [0.39994824830915515, -0.3824307480766307, 0.23470116647765446], 'size': [0.033663755439403885, 0.20172185302840845, 0.0]}, 'small_block': {'pos': [0.6140097595303955, -0.3535133918987863, 0.1097032402875184], 'size': [0.04461973939918376, 0.0849493067344041, 0.09534921802665242]}}"
4.160999999999724,0.5079991062150553,0.0,0.4,0.5035136775358223,1.8697786718110612e-07,0.39999593248514165,"{'table_obstacle': {'pos': [0.3825981920028062, 0.37518922255766707, 0.1646257963690813], 'size': [0.049837904948193595, 0.0813235869879147, 0.05243307039854257]}, 'pillar_obstacle': {'pos': [0.39994824830915515, -0.3824307480766307, 0.23470116647765446], 'size': [0.033663755439403885, 0.20172185302840845, 0.0]}, 'small_block': {'pos': [0.6140097595303955, -0.3535133918987863, 0.1097032402875184], 'size': [0.04461973939918376, 0.0849493067344041, 0.09534921802665242]}}"
4.161999999999725,0.5079991062150553,0.0,0.4,0.5035773582740873,1.778308392566911e-07,0.3999959456074138,"{'table_obstacle': {'pos': [0.3825981920028062, 0.37518922255766707, 0.1646257963690813], 'size': [0.049837904948193595, 0.0813235869879147, 0.05243307039854257]}, 'pillar_obstacle': {'pos': [0.39994824830915515, -0.3824307480766307, 0.23470116647765446], 'size': [0.033663755439403885, 0.20172185302840845, 0.0]}, 'small_block': {'pos': [0.6140097595303955, -0.3535133918987863, 0.1097032402875184], 'size': [0.04461973939918376, 0.0849493067344041, 0.09534921802665242]}}"
4.162999999999725,0.5079991062150553,0.0,0.4,0.5036401998683258,1.6823026701665815e-07,0.3999959620030598,"{'table_obstacle': {'pos': [0.3825981920028062, 0.37518922255766707, 0.1646257963690813], 'size': [0.049837904948193595, 0.0813235869879147, 0.05243307039854257]}, 'pillar_obstacle': {'pos': [0.39994824830915515, -0.3824307480766307, 0.23470116647765446], 'size': [0.033663755439403885, 0.20172185302840845, 0.0]}, 'small_block': {'pos': [0.6140097595303955, -0.3535133918987863, 0.1097032402875184], 'size': [0.04461973939918376, 0.0849493067344041, 0.09534921802665242]}}"
4.163999999999725,0.5079991062150553,0.0,0.4,0.503702201110909,1.5829248839392728e-07,0.39999598124372177,"{'table_obstacle': {'pos': [0.3825981920028062, 0.37518922255766707, 0.1646257963690813], 'size': [0.049837904948193595, 0.0813235869879147, 0.05243307039854257]}, 'pillar_obstacle': {'pos': [0.39994824830915515, -0.3824307480766307, 0.23470116647765446], 'size': [0.033663755439403885, 0.20172185302840845, 0.0]}, 'small_block': {'pos': [0.6140097595303955, -0.3535133918987863, 0.1097032402875184], 'size': [0.04461973939918376, 0.0849493067344041, 0.09534921802665242]}}"
4.164999999999726,0.5079991062150553,0.0,0.4,0.5037633633089328,1.4811642810109232e-07,0.39999600295484994,"{'table_obstacle': {'pos': [0.3825981920028062, 0.37518922255766707, 0.1646257963690813], 'size': [0.049837904948193595, 0.0813235869879147, 0.05243307039854257]}, 'pillar_obstacle': {'pos': [0.39994824830915515, -0.3824307480766307, 0.23470116647765446], 'size': [0.033663755439403885, 0.20172185302840845, 0.0]}, 'small_block': {'pos': [0.6140097595303955, -0.3535133918987863, 0.1097032402875184], 'size': [0.04461973939918376, 0.0849493067344041, 0.09534921802665242]}}"
4.165999999999726,0.5079991062150553,0.0,0.4,0.5038236897745039,1.3778577994370043e-07,0.3999960268096543,"{'table_obstacle': {'pos': [0.3825981920028062, 0.37518922255766707, 0.1646257963690813], 'size': [0.049837904948193595, 0.0813235869879147, 0.05243307039854257]}, 'pillar_obstacle': {'pos': [0.39994824830915515, -0.3824307480766307, 0.23470116647765446], 'size': [0.033663755439403885, 0.20172185302840845, 0.0]}, 'small_block': {'pos': [0.6140097595303955, -0.3535133918987863, 0.1097032402875184], 'size': [0.04461973939918376, 0.0849493067344041, 0.09534921802665242]}}"
4.166999999999726,0.5079991062150553,0.0,0.4,0.5038831854122399,1.273709985800099e-07,0.39999605252346554,"{'table_obstacle': {'pos': [0.3825981920028062, 0.37518922255766707, 0.1646257963690813], 'size': [0.049837904948193595, 0.0813235869879147, 0.05243307039854257]}, 'pillar_obstacle': {'pos': [0.39994824830915515, -0.3824307480766307, 0.23470116647765446], 'size': [0.033663755439403885, 0.20172185302840845, 0.0]}, 'small_block': {'pos': [0.6140097595303955, -0.3535133918987863, 0.1097032402875184], 'size': [0.04461973939918376, 0.0849493067344041, 0.09534921802665242]}}"
4.167999999999727,0.5079991062150553,0.0,0.4,0.5039418563855149,1.1693108944381876e-07,0.3999960798485592,"{'table_obstacle': {'pos': [0.3825981920028062, 0.37518922255766707, 0.1646257963690813], 'size': [0.049837904948193595, 0.0813235869879147, 0.05243307039854257]}, 'pillar_obstacle': {'pos': [0.39994824830915515, -0.3824307480766307, 0.23470116647765446], 'size': [0.033663755439403885, 0.20172185302840845, 0.0]}, 'small_block': {'pos': [0.6140097595303955, -0.3535133918987863, 0.1097032402875184], 'size': [0.04461973939918376, 0.0849493067344041, 0.09534921802665242]}}"
4.168999999999727,0.5079991062150553,0.0,0.4,0.5039997098464981,1.0651520463564817e-07,0.3999961085694737,"{'table_obstacle': {'pos': [0.3825981920028062, 0.37518922255766707, 0.1646257963690813], 'size': [0.049837904948193595, 0.0813235869879147, 0.05243307039854257]}, 'pillar_obstacle': {'pos': [0.39994824830915515, -0.3824307480766307, 0.23470116647765446], 'size': [0.033663755439403885, 0.20172185302840845, 0.0]}, 'small_block': {'pos': [0.6140097595303955, -0.3535133918987863, 0.1097032402875184], 'size': [0.04461973939918376, 0.0849493067344041, 0.09534921802665242]}}"
4.169999999999727,0.5079991062150553,0.0,0.4,0.5040567537178662,9.6164050111293e-08,0.3999961384988117,"{'table_obstacle': {'pos': [0.3825981920028062, 0.37518922255766707, 0.1646257963690813], 'size': [0.049837904948193595, 0.0813235869879147, 0.05243307039854257]}, 'pillar_obstacle': {'pos': [0.39994824830915515, -0.3824307480766307, 0.23470116647765446], 'size': [0.033663755439403885, 0.20172185302840845, 0.0]}, 'small_block': {'pos': [0.6140097595303955, -0.3535133918987863, 0.1097032402875184], 'size': [0.04461973939918376, 0.0849493067344041, 0.09534921802665242]}}"
4.170999999999728,0.5079991062150553,0.0,0.4,0.5041129965163784,8.591112020088795e-08,0.3999961694735164,"{'table_obstacle': {'pos': [0.3825981920028062, 0.37518922255766707, 0.1646257963690813], 'size': [0.049837904948193595, 0.0813235869879147, 0.05243307039854257]}, 'pillar_obstacle': {'pos': [0.39994824830915515, -0.3824307480766307, 0.23470116647765446], 'size': [0.033663755439403885, 0.20172185302840845, 0.0]}, 'small_block': {'pos': [0.6140097595303955, -0.3535133918987863, 0.1097032402875184], 'size': [0.04461973939918376, 0.0849493067344041, 0.09534921802665242]}}"
4.171999999999728,0.5079991062150553,0.0,0.4,0.5041684472103556,7.578377246979677e-08,0.39999620135158437,"{'table_obstacle': {'pos': [0.3825981920028062, 0.37518922255766707, 0.1646257963690813], 'size': [0.049837904948193595, 0.0813235869879147, 0.05243307039854257]}, 'pillar_obstacle': {'pos': [0.39994824830915515, -0.3824307480766307, 0.23470116647765446], 'size': [0.033663755439403885, 0.20172185302840845, 0.0]}, 'small_block': {'pos': [0.6140097595303955, -0.3535133918987863, 0.1097032402875184], 'size': [0.04461973939918376, 0.0849493067344041, 0.09534921802665242]}}"
4.172999999999728,0.5079991062150553,0.0,0.4,0.5042231151046295,6.580415903516273e-08,0.39999623400918677,"{'table_obstacle': {'pos': [0.3825981920028062, 0.37518922255766707, 0.1646257963690813], 'size': [0.049837904948193595, 0.0813235869879147, 0.05243307039854257]}, 'pillar_obstacle': {'pos': [0.39994824830915515, -0.3824307480766307, 0.23470116647765446], 'size': [0.033663755439403885, 0.20172185302840845, 0.0]}, 'small_block': {'pos': [0.6140097595303955, -0.3535133918987863, 0.1097032402875184], 'size': [0.04461973939918376, 0.0849493067344041, 0.09534921802665242]}}"
4.173999999999729,0.5079991062150553,0.0,0.4,0.5042770097477361,5.599003059671644e-08,0.3999962673381588,"{'table_obstacle': {'pos': [0.3825981920028062, 0.37518922255766707, 0.1646257963690813], 'size': [0.049837904948193595, 0.0813235869879147, 0.05243307039854257]}, 'pillar_obstacle': {'pos': [0.39994824830915515, -0.3824307480766307, 0.23470116647765446], 'size': [0.033663755439403885, 0.20172185302840845, 0.0]}, 'small_block': {'pos': [0.6140097595303955, -0.3535133918987863, 0.1097032402875184], 'size': [0.04461973939918376, 0.0849493067344041, 0.09534921802665242]}}"
4.174999999999729,0.5079991062150553,0.0,0.4,0.5043301408571308,4.6355425878124046e-08,0.39999630124381813,"{'table_obstacle': {'pos': [0.3825981920028062, 0.37518922255766707, 0.1646257963690813], 'size': [0.049837904948193595, 0.0813235869879147, 0.05243307039854257]}, 'pillar_obstacle': {'pos': [0.39994824830915515, -0.3824307480766307, 0.23470116647765446], 'size': [0.033663755439403885, 0.20172185302840845, 0.0]}, 'small_block': {'pos': [0.6140097595303955, -0.3535133918987863, 0.1097032402875184], 'size': [0.04461973939918376, 0.0849493067344041, 0.09534921802665242]}}"
4.175999999999729,0.5079991062150553,0.0,0.4,0.5043825182589927,3.691126239393318e-08,0.3999963356430827,"{'table_obstacle': {'pos': [0.3825981920028062, 0.37518922255766707, 0.1646257963690813], 'size': [0.049837904948193595, 0.0813235869879147, 0.05243307039854257]}, 'pillar_obstacle': {'pos': [0.39994824830915515, -0.3824307480766307, 0.23470116647765446], 'size': [0.033663755439403885, 0.20172185302840845, 0.0]}, 'small_block': {'pos': [0.6140097595303955, -0.3535133918987863, 0.1097032402875184], 'size': [0.04461973939918376, 0.0849493067344041, 0.09534921802665242]}}"
4.17699999999973,0.5079991062150553,0.0,0.4,0.5044341518398524,2.766584112050466e-08,0.39999637046284187,"{'table_obstacle': {'pos': [0.3825981920028062, 0.37518922255766707, 0.1646257963690813], 'size': [0.049837904948193595, 0.0813235869879147, 0.05243307039854257]}, 'pillar_obstacle': {'pos': [0.39994824830915515, -0.3824307480766307, 0.23470116647765446], 'size': [0.033663755439403885, 0.20172185302840845, 0.0]}, 'small_block': {'pos': [0.6140097595303955, -0.3535133918987863, 0.1097032402875184], 'size': [0.04461973939918376, 0.0849493067344041, 0.09534921802665242]}}"
4.17799999999973,0.5079991062150553,0.0,0.4,0.5044850515077872,1.8625274609348234e-08,0.399996405638562,"{'table_obstacle': {'pos': [0.3825981920028062, 0.37518922255766707, 0.1646257963690813], 'size': [0.049837904948193595, 0.0813235869879147, 0.05243307039854257]}, 'pillar_obstacle': {'pos': [0.39994824830915515, -0.3824307480766307, 0.23470116647765446], 'size': [0.033663755439403885, 0.20172185302840845, 0.0]}, 'small_block': {'pos': [0.6140097595303955, -0.3535133918987863, 0.1097032402875184], 'size': [0.04461973939918376, 0.0849493067344041, 0.09534921802665242]}}"
4.17899999999973,0.5079991062150553,0.0,0.4,0.5045352271613636,9.793850816632336e-09,0.3999964411130872,"{'table_obstacle': {'pos': [0.3825981920028062, 0.37518922255766707, 0.1646257963690813], 'size': [0.049837904948193595, 0.0813235869879147, 0.05243307039854257]}, 'pillar_obstacle': {'pos': [0.39994824830915515, -0.3824307480766307, 0.23470116647765446], 'size': [0.033663755439403885, 0.20172185302840845, 0.0]}, 'small_block': {'pos': [0.6140097595303955, -0.3535133918987863, 0.1097032402875184], 'size': [0.04461973939918376, 0.0849493067344041, 0.09534921802665242]}}"
4.179999999999731,0.5079991062150553,0.0,0.4,0.5045846886648581,1.1743416592498238e-09,0.39999647683561335,"{'table_obstacle': {'pos': [0.3825981920028062, 0.37518922255766707, 0.1646257963690813], 'size': [0.049837904948193595, 0.0813235869879147, 0.05243307039854257]}, 'pillar_obstacle': {'pos': [0.39994824830915515, -0.3824307480766307, 0.23470116647765446], 'size': [0.033663755439403885, 0.20172185302840845, 0.0]}, 'small_block': {'pos': [0.6140097595303955, -0.3535133918987863, 0.1097032402875184], 'size': [0.04461973939918376, 0.0849493067344041, 0.09534921802665242]}}"
4.180999999999731,0.5079991062150553,0.0,0.4,0.5046334458285477,-7.231738275620103e-09,0.3999965127608122,"{'table_obstacle': {'pos': [0.3825981920028062, 0.37518922255766707, 0.1646257963690813], 'size': [0.049837904948193595, 0.0813235869879147, 0.05243307039854257]}, 'pillar_obstacle': {'pos': [0.39994824830915515, -0.3824307480766307, 0.23470116647765446], 'size': [0.033663755439403885, 0.20172185302840845, 0.0]}, 'small_block': {'pos': [0.6140097595303955, -0.3535133918987863, 0.1097032402875184], 'size': [0.04461973939918376, 0.0849493067344041, 0.09534921802665242]}}"
4.181999999999731,0.5079991062150553,0.0,0.4,0.5046815083931171,-1.5423911393409982e-08,0.39999654884808444,"{'table_obstacle': {'pos': [0.3825981920028062, 0.37518922255766707, 0.1646257963690813], 'size': [0.049837904948193595, 0.0813235869879147, 0.05243307039854257]}, 'pillar_obstacle': {'pos': [0.39994824830915515, -0.3824307480766307, 0.23470116647765446], 'size': [0.033663755439403885, 0.20172185302840845, 0.0]}, 'small_block': {'pos': [0.6140097595303955, -0.3535133918987863, 0.1097032402875184], 'size': [0.04461973939918376, 0.0849493067344041, 0.09534921802665242]}}"
4.182999999999732,0.5079991062150553,0.0,0.4,0.5047288860173845,-2.3402553011061338e-08,0.3999965850609212,"{'table_obstacle': {'pos': [0.3825981920028062, 0.37518922255766707, 0.1646257963690813], 'size': [0.049837904948193595, 0.0813235869879147, 0.05243307039854257]}, 'pillar_obstacle': {'pos': [0.39994824830915515, -0.3824307480766307, 0.23470116647765446], 'size': [0.033663755439403885, 0.20172185302840845, 0.0]}, 'small_block': {'pos': [0.6140097595303955, -0.3535133918987863, 0.1097032402875184], 'size': [0.04461973939918376, 0.0849493067344041, 0.09534921802665242]}}"
4.183999999999732,0.5079991062150553,0.0,0.4,0.5047755882687174,-3.116873753676014e-08,0.39999662136636294,"{'table_obstacle': {'pos': [0.3825981920028062, 0.37518922255766707, 0.1646257963690813], 'size': [0.049837904948193595, 0.0813235869879147, 0.05243307039854257]}, 'pillar_obstacle': {'pos': [0.39994824830915515, -0.3824307480766307, 0.23470116647765446], 'size': [0.033663755439403885, 0.20172185302840845, 0.0]}, 'small_block': {'pos': [0.6140097595303955, -0.3535133918987863, 0.1097032402875184], 'size': [0.04461973939918376, 0.0849493067344041, 0.09534921802665242]}}"
4.184999999999732,0.5079991062150553,0.0,0.4,0.5048216246156237,-3.872410780276999e-08,0.3999966577345372,"{'table_obstacle': {'pos': [0.3825981920028062, 0.37518922255766707, 0.1646257963690813], 'size': [0.049837904948193595, 0.0813235869879147, 0.05243307039854257]}, 'pillar_obstacle': {'pos': [0.39994824830915515, -0.3824307480766307, 0.23470116647765446], 'size': [0.033663755439403885, 0.20172185302840845, 0.0]}, 'small_block': {'pos': [0.6140097595303955, -0.3535133918987863, 0.1097032402875184], 'size': [0.04461973939918376, 0.0849493067344041, 0.09534921802665242]}}"
4.185999999999733,0.5079991062150553,0.0,0.4,0.5048670044220943,-4.6070766754960454e-08,0.3999966941382654,"{'table_obstacle': {'pos': [0.3825981920028062, 0.37518922255766707, 0.1646257963690813], 'size': [0.049837904948193595, 0.0813235869879147, 0.05243307039854257]}, 'pillar_obstacle': {'pos': [0.39994824830915515, -0.3824307480766307, 0.23470116647765446], 'size': [0.033663755439403885, 0.20172185302840845, 0.0]}, 'small_block': {'pos': [0.6140097595303955, -0.3535133918987863, 0.1097032402875184], 'size': [0.04461973939918376, 0.0849493067344041, 0.09534921802665242]}}"
4.186999999999733,0.5079991062150553,0.0,0.4,0.5049117369433687,-5.3211187728452076e-08,0.399996730552729,"{'table_obstacle': {'pos': [0.3825981920028062, 0.37518922255766707, 0.1646257963690813], 'size': [0.049837904948193595, 0.0813235869879147, 0.05243307039854257]}, 'pillar_obstacle': {'pos': [0.39994824830915515, -0.3824307480766307, 0.23470116647765446], 'size': [0.033663755439403885, 0.20172185302840845, 0.0]}, 'small_block': {'pos': [0.6140097595303955, -0.3535133918987863, 0.1097032402875184], 'size': [0.04461973939918376, 0.0849493067344041, 0.09534921802665242]}}"
4.187999999999733,0.5079991062150553,0.0,0.4,0.5049558313228422,-6.014813778606943e-08,0.399996766955185,"{'table_obstacle': {'pos': [0.3825981920028062, 0.37518922255766707, 0.1646257963690813], 'size': [0.049837904948193595, 0.0813235869879147, 0.05243307039854257]}, 'pillar_obstacle': {'pos': [0.39994824830915515, -0.3824307480766307, 0.23470116647765446], 'size': [0.033663755439403885, 0.20172185302840845, 0.0]}, 'small_block': {'pos': [0.6140097595303955, -0.3535133918987863, 0.1097032402875184], 'size': [0.04461973939918376, 0.0849493067344041, 0.09534921802665242]}}"
4.188999999999734,0.5079991062150553,0.0,0.4,0.5049992965898953,-6.688461579710201e-08,0.399996803324724,"{'table_obstacle': {'pos': [0.3825981920028062, 0.37518922255766707, 0.1646257963690813], 'size': [0.049837904948193595, 0.0813235869879147, 0.05243307039854257]}, 'pillar_obstacle': {'pos': [0.39994824830915515, -0.3824307480766307, 0.23470116647765446], 'size': [0.033663755439403885, 0.20172185302840845, 0.0]}, 'small_block': {'pos': [0.6140097595303955, -0.3535133918987863, 0.1097032402875184], 'size': [0.04461973939918376, 0.0849493067344041, 0.09534921802665242]}}"
4.189999999999734,0.5079991062150553,0.0,0.4,0.5050421416584664,-7.342379890981945e-08,0.39999683964206195,"{'table_obstacle': {'pos': [0.3825981920028062, 0.37518922255766707, 0.1646257963690813], 'size': [0.049837904948193595, 0.0813235869879147, 0.05243307039854257]}, 'pillar_obstacle': {'pos': [0.39994824830915515, -0.3824307480766307, 0.23470116647765446], 'size': [0.033663755439403885, 0.20172185302840845, 0.0]}, 'small_block': {'pos': [0.6140097595303955, -0.3535133918987863, 0.1097032402875184], 'size': [0.04461973939918376, 0.0849493067344041, 0.09534921802665242]}}"
4.190999999999734,0.5079991062150553,0.0,0.4,0.5050843753262227,-7.976900104307358e-08,0.399996875889367,"{'table_obstacle': {'pos': [0.3825981920028062, 0.37518922255766707, 0.1646257963690813], 'size': [0.049837904948193595, 0.0813235869879147, 0.05243307039854257]}, 'pillar_obstacle': {'pos': [0.39994824830915515, -0.3824307480766307, 0.23470116647765446], 'size': [0.033663755439403885, 0.20172185302840845, 0.0]}, 'small_block': {'pos': [0.6140097595303955, -0.3535133918987863, 0.1097032402875184], 'size': [0.04461973939918376, 0.0849493067344041, 0.09534921802665242]}}"
4.191999999999735,0.5079991062150553,0.0,0.4,0.5051260062742091,-8.592363581213713e-08,0.39999691205010485,"{'table_obstacle': {'pos': [0.3825981920028062, 0.37518922255766707, 0.1646257963690813], 'size': [0.049837904948193595, 0.0813235869879147, 0.05243307039854257]}, 'pillar_obstacle': {'pos': [0.39994824830915515, -0.3824307480766307, 0.23470116647765446], 'size': [0.033663755439403885, 0.20172185302840845, 0.0]}, 'small_block': {'pos': [0.6140097595303955, -0.3535133918987863, 0.1097032402875184], 'size': [0.04461973939918376, 0.0849493067344041, 0.09534921802665242]}}"
4.192999999999735,0.5079991062150553,0.0,0.4,0.5051670430668806,-9.189118691953701e-08,0.39999694810891223,"{'table_obstacle': {'pos': [0.3825981920028062, 0.37518922255766707, 0.1646257963690813], 'size': [0.049837904948193595, 0.0813235869879147, 0.05243307039854257]}, 'pillar_obstacle': {'pos': [0.39994824830915515, -0.3824307480766307, 0.23470116647765446], 'size': [0.033663755439403885, 0.20172185302840845, 0.0]}, 'small_block': {'pos': [0.6140097595303955, -0.3535133918987863, 0.1097032402875184], 'size': [0.04461973939918376, 0.0849493067344041, 0.09534921802665242]}}"
4.193999999999735,0.5079991062150553,0.0,0.4,0.5052074941524438,-9.76751840050326e-08,0.3999969840514851,"{'table_obstacle': {'pos': [0.3825981920028062, 0.37518922255766707, 0.1646257963690813], 'size': [0.049837904948193595, 0.0813235869879147, 0.05243307039854257]}, 'pillar_obstacle': {'pos': [0.39994824830915515, -0.3824307480766307, 0.23470116647765446], 'size': [0.033663755439403885, 0.20172185302840845, 0.0]}, 'small_block': {'pos': [0.6140097595303955, -0.3535133918987863, 0.1097032402875184], 'size': [0.04461973939918376, 0.0849493067344041, 0.09534921802665242]}}"
4.194999999999736,0.5079991062150553,0.0,0.4,0.5052473678634393,-1.0327918277969397e-07,0.3999970198644834,"{'table_obstacle': {'pos': [0.3825981920028062, 0.37518922255766707, 0.1646257963690813], 'size': [0.049837904948193595, 0.0813235869879147, 0.05243307039854257]}, 'pillar_obstacle': {'pos': [0.39994824830915515, -0.3824307480766307, 0.23470116647765446], 'size': [0.033663755439403885, 0.20172185302840845, 0.0]}, 'small_block': {'pos': [0.6140097595303955, -0.3535133918987863, 0.1097032402875184], 'size': [0.04461973939918376, 0.0849493067344041, 0.09534921802665242]}}"
4.195999999999736,0.5079991062150553,0.0,0.4,0.5052866724175213,-1.0870674798380179e-07,0.3999970555354468,"{'table_obstacle': {'pos': [0.3825981920028062, 0.37518922255766707, 0.1646257963690813], 'size': [0.049837904948193595, 0.0813235869879147, 0.05243307039854257]}, 'pillar_obstacle': {'pos': [0.39994824830915515, -0.3824307480766307, 0.23470116647765446], 'size': [0.033663755439403885, 0.20172185302840845, 0.0]}, 'small_block': {'pos': [0.6140097595303955, -0.3535133918987863, 0.1097032402875184], 'size': [0.04461973939918376, 0.0849493067344041, 0.09534921802665242]}}"
4.196999999999736,0.5079991062150553,0.0,0.4,0.5053254159183854,-1.1396144060351058e-07,0.39999709105272485,"{'table_obstacle': {'pos': [0.3825981920028062, 0.37518922255766707, 0.1646257963690813], 'size': [0.049837904948193595, 0.0813235869879147, 0.05243307039854257]}, 'pillar_obstacle': {'pos': [0.39994824830915515, -0.3824307480766307, 0.23470116647765446], 'size': [0.033663755439403885, 0.20172185302840845, 0.0]}, 'small_block': {'pos': [0.6140097595303955, -0.3535133918987863, 0.1097032402875184], 'size': [0.04461973939918376, 0.0849493067344041, 0.09534921802665242]}}"
4.197999999999737,0.5079991062150553,0.0,0.4,0.5053636063568194,-1.1904680645445737e-07,0.39999712640541324,"{'table_obstacle': {'pos': [0.3825981920028062, 0.37518922255766707, 0.1646257963690813], 'size': [0.049837904948193595, 0.0813235869879147, 0.05243307039854257]}, 'pillar_obstacle': {'pos': [0.39994824830915515, -0.3824307480766307, 0.23470116647765446], 'size': [0.033663755439403885, 0.20172185302840845, 0.0]}, 'small_block': {'pos': [0.6140097595303955, -0.3535133918987863, 0.1097032402875184], 'size': [0.04461973939918376, 0.0849493067344041, 0.09534921802665242]}}"
4.198999999999737,0.5079991062150553,0.0,0.4,0.5054012516118452,-1.2396636741828908e-07,0.3999971615833,"{'table_obstacle': {'pos': [0.3825981920028062, 0.37518922255766707, 0.1646257963690813], 'size': [0.049837904948193595, 0.0813235869879147, 0.05243307039854257]}, 'pillar_obstacle': {'pos': [0.39994824830915515, -0.3824307480766307, 0.23470116647765446], 'size': [0.033663755439403885, 0.20172185302840845, 0.0]}, 'small_block': {'pos': [0.6140097595303955, -0.3535133918987863, 0.1097032402875184], 'size': [0.04461973939918376, 0.0849493067344041, 0.09534921802665242]}}"
4.199999999999737,0.5079991062150553,0.0,0.4,0.5054383594519309,-1.2872361434572077e-07,0.39999719657681654,"{'table_obstacle': {'pos': [0.3825981920028062, 0.37518922255766707, 0.1646257963690813], 'size': [0.049837904948193595, 0.0813235869879147, 0.05243307039854257]}, 'pillar_obstacle': {'pos': [0.39994824830915515, -0.3824307480766307, 0.23470116647765446], 'size': [0.033663755439403885, 0.20172185302840845, 0.0]}, 'small_block': {'pos': [0.6140097595303955, -0.3535133918987863, 0.1097032402875184], 'size': [0.04461973939918376, 0.0849493067344041, 0.09534921802665242]}}"
4.200999999999738,0.5079991062150553,0.0,0.4,0.5054749375362583,-1.3332200139125964e-07,0.39999723137699567,"{'table_obstacle': {'pos': [0.3825981920028062, 0.37518922255766707, 0.1646257963690813], 'size': [0.049837904948193595, 0.0813235869879147, 0.05243307039854257]}, 'pillar_obstacle': {'pos': [0.39994824830915515, -0.3824307480766307, 0.23470116647765446], 'size': [0.033663755439403885, 0.20172185302840845, 0.0]}, 'small_block': {'pos': [0.6140097595303955, -0.3535133918987863, 0.1097032402875184], 'size': [0.04461973939918376, 0.0849493067344041, 0.09534921802665242]}}"
4.201999999999738,0.5079991062150553,0.0,0.4,0.5055109934160275,-1.3776494098869445e-07,0.3999972659754336,"{'table_obstacle': {'pos': [0.3825981920028062, 0.37518922255766707, 0.1646257963690813], 'size': [0.049837904948193595, 0.0813235869879147, 0.05243307039854257]}, 'pillar_obstacle': {'pos': [0.39994824830915515, -0.3824307480766307, 0.23470116647765446], 'size': [0.033663755439403885, 0.20172185302840845, 0.0]}, 'small_block': {'pos': [0.6140097595303955, -0.3535133918987863, 0.1097032402875184], 'size': [0.04461973939918376, 0.0849493067344041, 0.09534921802665242]}}"
4.202999999999738,0.5079991062150553,0.0,0.4,0.5055465345357911,-1.420558012362843e-07,0.3999973003642561,"{'table_obstacle': {'pos': [0.3825981920028062, 0.37518922255766707, 0.1646257963690813], 'size': [0.049837904948193595, 0.0813235869879147, 0.05243307039854257]}, 'pillar_obstacle': {'pos': [0.39994824830915515, -0.3824307480766307, 0.23470116647765446], 'size': [0.033663755439403885, 0.20172185302840845, 0.0]}, 'small_block': {'pos': [0.6140097595303955, -0.3535133918987863, 0.1097032402875184], 'size': [0.04461973939918376, 0.0849493067344041, 0.09534921802665242]}}"
4.203999999999739,0.5079991062150553,0.0,0.4,0.5055815682348066,-1.4619790245241934e-07,0.39999733453608805,"{'table_obstacle': {'pos': [0.3825981920028062, 0.37518922255766707, 0.1646257963690813], 'size': [0.049837904948193595, 0.0813235869879147, 0.05243307039854257]}, 'pillar_obstacle': {'pos': [0.39994824830915515, -0.3824307480766307, 0.23470116647765446], 'size': [0.033663755439403885, 0.20172185302840845, 0.0]}, 'small_block': {'pos': [0.6140097595303955, -0.3535133918987863, 0.1097032402875184], 'size': [0.04461973939918376, 0.0849493067344041, 0.09534921802665242]}}"
4.204999999999739,0.5079991062150553,0.0,0.4,0.5056161017483994,-1.5019451491937804e-07,0.3999973684840261,"{'table_obstacle': {'pos': [0.3825981920028062, 0.37518922255766707, 0.1646257963690813], 'size': [0.049837904948193595, 0.0813235869879147, 0.05243307039854257]}, 'pillar_obstacle': {'pos': [0.39994824830915515, -0.3824307480766307, 0.23470116647765446], 'size': [0.033663755439403885, 0.20172185302840845, 0.0]}, 'small_block': {'pos': [0.6140097595303955, -0.3535133918987863, 0.1097032402875184], 'size': [0.04461973939918376, 0.0849493067344041, 0.09534921802665242]}}"
4.205999999999739,0.5079991062150553,0.0,0.4,0.5056501422093321,-1.540488576613566e-07,0.3999974022016144,"{'table_obstacle': {'pos': [0.3825981920028062, 0.37518922255766707, 0.1646257963690813], 'size': [0.049837904948193595, 0.0813235869879147, 0.05243307039854257]}, 'pillar_obstacle': {'pos': [0.39994824830915515, -0.3824307480766307, 0.23470116647765446], 'size': [0.033663755439403885, 0.20172185302840845, 0.0]}, 'small_block': {'pos': [0.6140097595303955, -0.3535133918987863, 0.1097032402875184], 'size': [0.04461973939918376, 0.0849493067344041, 0.09534921802665242]}}"
4.20699999999974,0.5079991062150553,0.0,0.4,0.505683696649175,-1.577640979655548e-07,0.3999974356828204,"{'table_obstacle': {'pos': [0.3825981920028062, 0.37518922255766707, 0.1646257963690813], 'size': [0.049837904948193595, 0.0813235869879147, 0.05243307039854257]}, 'pillar_obstacle': {'pos': [0.39994824830915515, -0.3824307480766307, 0.23470116647765446], 'size': [0.033663755439403885, 0.20172185302840845, 0.0]}, 'small_block': {'pos': [0.6140097595303955, -0.3535133918987863, 0.1097032402875184], 'size': [0.04461973939918376, 0.0849493067344041, 0.09534921802665242]}}"
4.20799999999974,0.5079991062150553,0.0,0.4,0.5057167719996716,-1.613433489589894e-07,0.39999746892201515,"{'table_obstacle': {'pos': [0.3825981920028062, 0.37518922255766707, 0.1646257963690813], 'size': [0.049837904948193595, 0.0813235869879147, 0.05243307039854257]}, 'pillar_obstacle': {'pos': [0.39994824830915515, -0.3824307480766307, 0.23470116647765446], 'size': [0.033663755439403885, 0.20172185302840845, 0.0]}, 'small_block': {'pos': [0.6140097595303955, -0.3535133918987863, 0.1097032402875184], 'size': [0.04461973939918376, 0.0849493067344041, 0.09534921802665242]}}"
4.20899999999974,0.5079991062150553,0.0,0.4,0.5057493750941001,-1.6478967095763444e-07,0.3999975019139531,"{'table_obstacle': {'pos': [0.3825981920028062, 0.37518922255766707, 0.1646257963690813], 'size': [0.049837904948193595, 0.0813235869879147, 0.05243307039854257]}, 'pillar_obstacle': {'pos': [0.39994824830915515, -0.3824307480766307, 0.23470116647765446], 'size': [0.033663755439403885, 0.20172185302840845, 0.0]}, 'small_block': {'pos': [0.6140097595303955, -0.3535133918987863, 0.1097032402875184], 'size': [0.04461973939918376, 0.0849493067344041, 0.09534921802665242]}}"
4.209999999999741,0.5079991062150553,0.0,0.4,0.5057815126686246,-1.681060705071197e-07,0.39999753465375454,"{'table_obstacle': {'pos': [0.3825981920028062, 0.37518922255766707, 0.1646257963690813], 'size': [0.049837904948193595, 0.0813235869879147, 0.05243307039854257]}, 'pillar_obstacle': {'pos': [0.39994824830915515, -0.3824307480766307, 0.23470116647765446], 'size': [0.033663755439403885, 0.20172185302840845, 0.0]}, 'small_block': {'pos': [0.6140097595303955, -0.3535133918987863, 0.1097032402875184], 'size': [0.04461973939918376, 0.0849493067344041, 0.09534921802665242]}}"
4.210999999999741,0.5079991062150553,0.0,0.4,0.5058131913636374,-1.7129550012615956e-07,0.39999756713688933,"{'table_obstacle': {'pos': [0.3825981920028062, 0.37518922255766707, 0.1646257963690813], 'size': [0.049837904948193595, 0.0813235869879147, 0.05243307039854257]}, 'pillar_obstacle': {'pos': [0.39994824830915515, -0.3824307480766307, 0.23470116647765446], 'size': [0.033663755439403885, 0.20172185302840845, 0.0]}, 'small_block': {'pos': [0.6140097595303955, -0.3535133918987863, 0.1097032402875184], 'size': [0.04461973939918376, 0.0849493067344041, 0.09534921802665242]}}"
4.211999999999741,0.5079991062150553,0.0,0.4,0.505844417725088,-1.743608591228387e-07,0.39999759935915974,"{'table_obstacle': {'pos': [0.3825981920028062, 0.37518922255766707, 0.1646257963690813], 'size': [0.049837904948193595, 0.0813235869879147, 0.05243307039854257]}, 'pillar_obstacle': {'pos': [0.39994824830915515, -0.3824307480766307, 0.23470116647765446], 'size': [0.033663755439403885, 0.20172185302840845, 0.0]}, 'small_block': {'pos': [0.6140097595303955, -0.3535133918987863, 0.1097032402875184], 'size': [0.04461973939918376, 0.0849493067344041, 0.09534921802665242]}}"
4.212999999999742,0.5079991062150553,0.0,0.4,0.5058751982057997,-1.7730499346871356e-07,0.39999763131668736,"{'table_obstacle': {'pos': [0.3825981920028062, 0.37518922255766707, 0.1646257963690813], 'size': [0.049837904948193595, 0.0813235869879147, 0.05243307039854257]}, 'pillar_obstacle': {'pos': [0.39994824830915515, -0.3824307480766307, 0.23470116647765446], 'size': [0.033663755439403885, 0.20172185302840845, 0.0]}, 'small_block': {'pos': [0.6140097595303955, -0.3535133918987863, 0.1097032402875184], 'size': [0.04461973939918376, 0.0849493067344041, 0.09534921802665242]}}"
4.213999999999742,0.5079991062150553,0.0,0.4,0.5059055391667717,-1.8013069643493723e-07,0.39999766300589823,"{'table_obstacle': {'pos': [0.3825981920028062, 0.37518922255766707, 0.1646257963690813], 'size': [0.049837904948193595, 0.0813235869879147, 0.05243307039854257]}, 'pillar_obstacle': {'pos': [0.39994824830915515, -0.3824307480766307, 0.23470116647765446], 'size': [0.033663755439403885, 0.20172185302840845, 0.0]}, 'small_block': {'pos': [0.6140097595303955, -0.3535133918987863, 0.1097032402875184], 'size': [0.04461973939918376, 0.0849493067344041, 0.09534921802665242]}}"
4.214999999999742,0.5079991062150553,0.0,0.4,0.5059354468784677,-1.8284070857281634e-07,0.39999769442350985,"{'table_obstacle': {'pos': [0.3825981920028062, 0.37518922255766707, 0.1646257963690813], 'size': [0.049837904948193595, 0.0813235869879147, 0.05243307039854257]}, 'pillar_obstacle': {'pos': [0.39994824830915515, -0.3824307480766307, 0.23470116647765446], 'size': [0.033663755439403885, 0.20172185302840845, 0.0]}, 'small_block': {'pos': [0.6140097595303955, -0.3535133918987863, 0.1097032402875184], 'size': [0.04461973939918376, 0.0849493067344041, 0.09534921802665242]}}"
4.215999999999743,0.5079991062150553,0.0,0.4,0.5059649275220888,-1.8543771940028435e-07,0.39999772556651947,"{'table_obstacle': {'pos': [0.3825981920028062, 0.37518922255766707, 0.1646257963690813], 'size': [0.049837904948193595, 0.0813235869879147, 0.05243307039854257]}, 'pillar_obstacle': {'pos': [0.39994824830915515, -0.3824307480766307, 0.23470116647765446], 'size': [0.033663755439403885, 0.20172185302840845, 0.0]}, 'small_block': {'pos': [0.6140097595303955, -0.3535133918987863, 0.1097032402875184], 'size': [0.04461973939918376, 0.0849493067344041, 0.09534921802665242]}}"
4.216999999999743,0.5119990780464169,0.0,0.4,0.5059939871908283,-1.8792436693215818e-07,0.39999775643219093,"{'table_obstacle': {'pos': [0.3825981920028062, 0.37518922255766707, 0.1646257963690813], 'size': [0.049837904948193595, 0.0813235869879147, 0.05243307039854257]}, 'pillar_obstacle': {'pos': [0.39994824830915515, -0.3824307480766307, 0.23470116647765446], 'size': [0.033663755439403885, 0.20172185302840845, 0.0]}, 'small_block': {'pos': [0.6140097595303955, -0.3535133918987863, 0.1097032402875184], 'size': [0.04461973939918376, 0.0849493067344041, 0.09534921802665242]}}"
4.217999999999743,0.5119990780464169,0.0,0.4,0.5060334604605964,-1.6603017324673355e-07,0.3999976897195226,"{'table_obstacle': {'pos': [0.3825981920028062, 0.37518922255766707, 0.1646257963690813], 'size': [0.049837904948193595, 0.0813235869879147, 0.05243307039854257]}, 'pillar_obstacle': {'pos': [0.39994824830915515, -0.3824307480766307, 0.23470116647765446], 'size': [0.033663755439403885, 0.20172185302840845, 0.0]}, 'small_block': {'pos': [0.6140097595303955, -0.3535133918987863, 0.1097032402875184], 'size': [0.04461973939918376, 0.0849493067344041, 0.09534921802665242]}}"
4.218999999999744,0.5119990780464169,0.0,0.4,0.5060811449015747,-1.297590937716302e-07,0.3999975626089884,"{'table_obstacle': {'pos': [0.3825981920028062, 0.37518922255766707, 0.1646257963690813], 'size': [0.049837904948193595, 0.0813235869879147, 0.05243307039854257]}, 'pillar_obstacle': {'pos': [0.39994824830915515, -0.3824307480766307, 0.23470116647765446], 'size': [0.033663755439403885, 0.20172185302840845, 0.0]}, 'small_block': {'pos': [0.6140097595303955, -0.3535133918987863, 0.1097032402875184], 'size': [0.04461973939918376, 0.0849493067344041, 0.09534921802665242]}}"
4.219999999999744,0.5119990780464169,0.0,0.4,0.5061352588495336,-8.615516264794211e-08,0.39999740149862467,"{'table_obstacle': {'pos': [0.3825981920028062, 0.37518922255766707, 0.1646257963690813], 'size': [0.049837904948193595, 0.0813235869879147, 0.05243307039854257]}, 'pillar_obstacle': {'pos': [0.39994824830915515, -0.3824307480766307, 0.23470116647765446], 'size': [0.033663755439403885, 0.20172185302840845, 0.0]}, 'small_block': {'pos': [0.6140097595303955, -0.3535133918987863, 0.1097032402875184], 'size': [0.04461973939918376, 0.0849493067344041, 0.09534921802665242]}}"
4.220999999999744,0.5119990780464169,0.0,0.4,0.5061943616939668,-4.007127588713813e-08,0.39999722484384087,"{'table_obstacle': {'pos': [0.3825981920028062, 0.37518922255766707, 0.1646257963690813], 'size': [0.049837904948193595, 0.0813235869879147, 0.05243307039854257]}, 'pillar_obstacle': {'pos': [0.39994824830915515, -0.3824307480766307, 0.23470116647765446], 'size': [0.033663755439403885, 0.20172185302840845, 0.0]}, 'small_block': {'pos': [0.6140097595303955, -0.3535133918987863, 0.1097032402875184], 'size': [0.04461973939918376, 0.0849493067344041, 0.09534921802665242]}}"
4.221999999999745,0.5119990780464169,0.0,0.4,0.506257289220669,5.248528037478718e-09,0.39999704527534735,"{'table_obstacle': {'pos': [0.3825981920028062, 0.37518922255766707, 0.1646257963690813], 'size': [0.049837904948193595, 0.0813235869879147, 0.05243307039854257]}, 'pillar_obstacle': {'pos': [0.39994824830915515, -0.3824307480766307, 0.23470116647765446], 'size': [0.033663755439403885, 0.20172185302840845, 0.0]}, 'small_block': {'pos': [0.6140097595303955, -0.3535133918987863, 0.1097032402875184], 'size': [0.04461973939918376, 0.0849493067344041, 0.09534921802665242]}}"
4.222999999999745,0.5119990780464169,0.0,0.4,0.5063231011795835,4.772982803327707e-08,0.39999687117850147,"{'table_obstacle': {'pos': [0.3825981920028062, 0.37518922255766707, 0.1646257963690813], 'size': [0.049837904948193595, 0.0813235869879147, 0.05243307039854257]}, 'pillar_obstacle': {'pos': [0.39994824830915515, -0.3824307480766307, 0.23470116647765446], 'size': [0.033663755439403885, 0.20172185302840845, 0.0]}, 'small_block': {'pos': [0.6140097595303955, -0.3535133918987863, 0.1097032402875184], 'size': [0.04461973939918376, 0.0849493067344041, 0.09534921802665242]}}"
4.223999999999745,0.5119990780464169,0.0,0.4,0.5063910387754997,8.613804876961206e-08,0.39999670786971164,"{'table_obstacle': {'pos': [0.3825981920028062, 0.37518922255766707, 0.1646257963690813], 'size': [0.049837904948193595, 0.0813235869879147, 0.05243307039854257]}, 'pillar_obstacle': {'pos': [0.39994824830915515, -0.3824307480766307, 0.23470116647765446], 'size': [0.033663755439403885, 0.20172185302840845, 0.0]}, 'small_block': {'pos': [0.6140097595303955, -0.3535133918987863, 0.1097032402875184], 'size': [0.04461973939918376, 0.0849493067344041, 0.09534921802665242]}}"
4.224999999999746,0.5119990780464169,0.0,0.4,0.5064604902095988,1.1983225132259453e-07,0.3999965584707993,"{'table_obstacle': {'pos': [0.3825981920028062, 0.37518922255766707, 0.1646257963690813], 'size': [0.049837904948193595, 0.0813235869879147, 0.05243307039854257]}, 'pillar_obstacle': {'pos': [0.39994824830915515, -0.3824307480766307, 0.23470116647765446], 'size': [0.033663755439403885, 0.20172185302840845, 0.0]}, 'small_block': {'pos': [0.6140097595303955, -0.3535133918987863, 0.1097032402875184], 'size': [0.04461973939918376, 0.0849493067344041, 0.09534921802665242]}}"
4.225999999999746,0.5119990780464169,0.0,0.4,0.5065309627509249,1.485825224180996e-07,0.3999964245567101,"{'table_obstacle': {'pos': [0.3825981920028062, 0.37518922255766707, 0.1646257963690813], 'size': [0.049837904948193595, 0.0813235869879147, 0.05243307039854257]}, 'pillar_obstacle': {'pos': [0.39994824830915515, -0.3824307480766307, 0.23470116647765446], 'size': [0.033663755439403885, 0.20172185302840845, 0.0]}, 'small_block': {'pos': [0.6140097595303955, -0.3535133918987863, 0.1097032402875184], 'size': [0.04461973939918376, 0.0849493067344041, 0.09534921802665242]}}"
4.226999999999746,0.5119990780464169,0.0,0.4,0.5066020601028419,1.7243560098706118e-07,0.39999630663310903,"{'table_obstacle': {'pos': [0.3825981920028062, 0.37518922255766707, 0.1646257963690813], 'size': [0.049837904948193595, 0.0813235869879147, 0.05243307039854257]}, 'pillar_obstacle': {'pos': [0.39994824830915515, -0.3824307480766307, 0.23470116647765446], 'size': [0.033663755439403885, 0.20172185302840845, 0.0]}, 'small_block': {'pos': [0.6140097595303955, -0.3535133918987863, 0.1097032402875184], 'size': [0.04461973939918376, 0.0849493067344041, 0.09534921802665242]}}"
4.227999999999747,0.5119990780464169,0.0,0.4,0.506673464062211,1.9161694208875393e-07,0.3999962044863832,"{'table_obstacle': {'pos': [0.3825981920028062, 0.37518922255766707, 0.1646257963690813], 'size': [0.049837904948193595, 0.0813235869879147, 0.05243307039854257]}, 'pillar_obstacle': {'pos': [0.39994824830915515, -0.3824307480766307, 0.23470116647765446], 'size': [0.033663755439403885, 0.20172185302840845, 0.0]}, 'small_block': {'pos': [0.6140097595303955, -0.3535133918987863, 0.1097032402875184], 'size': [0.04461973939918376, 0.0849493067344041, 0.09534921802665242]}}"
4.228999999999747,0.5119990780464169,0.0,0.4,0.5067449196581781,2.0646017574704702e-07,0.39999611743808255,"{'table_obstacle': {'pos': [0.3825981920028062, 0.37518922255766707, 0.1646257963690813], 'size': [0.049837904948193595, 0.0813235869879147, 0.05243307039854257]}, 'pillar_obstacle': {'pos': [0.39994824830915515, -0.3824307480766307, 0.23470116647765446], 'size': [0.033663755439403885, 0.20172185302840845, 0.0]}, 'small_block': {'pos': [0.6140097595303955, -0.3535133918987863, 0.1097032402875184], 'size': [0.04461973939918376, 0.0849493067344041, 0.09534921802665242]}}"
4.229999999999747,0.5119990780464169,0.0,0.4,0.5068162231111137,2.1735705647339408e-07,0.39999604452798776,"{'table_obstacle': {'pos': [0.3825981920028062, 0.37518922255766707, 0.1646257963690813], 'size': [0.049837904948193595, 0.0813235869879147, 0.05243307039854257]}, 'pillar_obstacle': {'pos': [0.39994824830915515, -0.3824307480766307, 0.23470116647765446], 'size': [0.033663755439403885, 0.20172185302840845, 0.0]}, 'small_block': {'pos': [0.6140097595303955, -0.3535133918987863, 0.1097032402875184], 'size': [0.04461973939918376, 0.0849493067344041, 0.09534921802665242]}}"
4.230999999999748,0.5119990780464169,0.0,0.4,0.506887212077001,2.247226309194402e-07,0.3999959846440416,"{'table_obstacle': {'pos': [0.3825981920028062, 0.37518922255766707, 0.1646257963690813], 'size': [0.049837904948193595, 0.0813235869879147, 0.05243307039854257]}, 'pillar_obstacle': {'pos': [0.39994824830915515, -0.3824307480766307, 0.23470116647765446], 'size': [0.033663755439403885, 0.20172185302840845, 0.0]}, 'small_block': {'pos': [0.6140097595303955, -0.3535133918987863, 0.1097032402875184], 'size': [0.04461973939918376, 0.0849493067344041, 0.09534921802665242]}}"
4.231999999999748,0.5119990780464169,0.0,0.4,0.5069577577437966,2.2897163155609908e-07,0.399995936612921,"{'table_obstacle': {'pos': [0.3825981920028062, 0.37518922255766707, 0.1646257963690813], 'size': [0.049837904948193595, 0.0813235869879147, 0.05243307039854257]}, 'pillar_obstacle': {'pos': [0.39994824830915515, -0.3824307480766307, 0.23470116647765446], 'size': [0.033663755439403885, 0.20172185302840845, 0.0]}, 'small_block': {'pos': [0.6140097595303955, -0.3535133918987863, 0.1097032402875184], 'size': [0.04461973939918376, 0.0849493067344041, 0.09534921802665242]}}"
4.232999999999748,0.5119990780464169,0.0,0.4,0.507027758428417,2.305030704576807e-07,0.3999958992616278,"{'table_obstacle': {'pos': [0.3825981920028062, 0.37518922255766707, 0.1646257963690813], 'size': [0.049837904948193595, 0.0813235869879147, 0.05243307039854257]}, 'pillar_obstacle': {'pos': [0.39994824830915515, -0.3824307480766307, 0.23470116647765446], 'size': [0.033663755439403885, 0.20172185302840845, 0.0]}, 'small_block': {'pos': [0.6140097595303955, -0.3535133918987863, 0.1097032402875184], 'size': [0.04461973939918376, 0.0849493067344041, 0.09534921802665242]}}"
4.233999999999749,0.5119990780464169,0.0,0.4,0.507097134389597,2.2969075456744444e-07,0.3999958714579064,"{'table_obstacle': {'pos': [0.3825981920028062, 0.37518922255766707, 0.1646257963690813], 'size': [0.049837904948193595, 0.0813235869879147, 0.05243307039854257]}, 'pillar_obstacle': {'pos': [0.39994824830915515, -0.3824307480766307, 0.23470116647765446], 'size': [0.033663755439403885, 0.20172185302840845, 0.0]}, 'small_block': {'pos': [0.6140097595303955, -0.3535133918987863, 0.1097032402875184], 'size': [0.04461973939918376, 0.0849493067344041, 0.09534921802665242]}}"
4.234999999999749,0.5119990780464169,0.0,0.4,0.5071658236258693,2.2687802128897553e-07,0.3999958521353458,"{'table_obstacle': {'pos': [0.3825981920028062, 0.37518922255766707, 0.1646257963690813], 'size': [0.049837904948193595, 0.0813235869879147, 0.05243307039854257]}, 'pillar_obstacle': {'pos': [0.39994824830915515, -0.3824307480766307, 0.23470116647765446], 'size': [0.033663755439403885, 0.20172185302840845, 0.0]}, 'small_block': {'pos': [0.6140097595303955, -0.3535133918987863, 0.1097032402875184], 'size': [0.04461973939918376, 0.0849493067344041, 0.09534921802665242]}}"
4.235999999999749,0.5119990780464169,0.0,0.4,0.5072337784716787,2.2237542157000526e-07,0.3999958403075474,"{'table_obstacle': {'pos': [0.3825981920028062, 0.37518922255766707, 0.1646257963690813], 'size': [0.049837904948193595, 0.0813235869879147, 0.05243307039854257]}, 'pillar_obstacle': {'pos': [0.39994824830915515, -0.3824307480766307, 0.23470116647765446], 'size': [0.033663755439403885, 0.20172185302840845, 0.0]}, 'small_block': {'pos': [0.6140097595303955, -0.3535133918987863, 0.1097032402875184], 'size': [0.04461973939918376, 0.0849493067344041, 0.09534921802665242]}}"
4.23699999999975,0.5119990780464169,0.0,0.4,0.5073009628401323,2.164604174986569e-07,0.39999583507461167,"{'table_obstacle': {'pos': [0.3825981920028062, 0.37518922255766707, 0.1646257963690813], 'size': [0.049837904948193595, 0.0813235869879147, 0.05243307039854257]}, 'pillar_obstacle': {'pos': [0.39994824830915515, -0.3824307480766307, 0.23470116647765446], 'size': [0.033663755439403885, 0.20172185302840845, 0.0]}, 'small_block': {'pos': [0.6140097595303955, -0.3535133918987863, 0.1097032402875184], 'size': [0.04461973939918376, 0.0849493067344041, 0.09534921802665242]}}"
4.23799999999975,0.5119990780464169,0.0,0.4,0.5073673499896267,2.093784028452953e-07,0.39999583562435376,"{'table_obstacle': {'pos': [0.3825981920028062, 0.37518922255766707, 0.1646257963690813], 'size': [0.049837904948193595, 0.0813235869879147, 0.05243307039854257]}, 'pillar_obstacle': {'pos': [0.39994824830915515, -0.3824307480766307, 0.23470116647765446], 'size': [0.033663755439403885, 0.20172185302840845, 0.0]}, 'small_block': {'pos': [0.6140097595303955, -0.3535133918987863, 0.1097032402875184], 'size': [0.04461973939918376, 0.0849493067344041, 0.09534921802665242]}}"
4.23899999999975,0.5119990780464169,0.0,0.4,0.5074329207149015,2.0134455494884475e-07,0.39999584123001336,"{'table_obstacle': {'pos': [0.3825981920028062, 0.37518922255766707, 0.1646257963690813], 'size': [0.049837904948193595, 0.0813235869879147, 0.05243307039854257]}, 'pillar_obstacle': {'pos': [0.39994824830915515, -0.3824307480766307, 0.23470116647765446], 'size': [0.033663755439403885, 0.20172185302840845, 0.0]}, 'small_block': {'pos': [0.6140097595303955, -0.3535133918987863, 0.1097032402875184], 'size': [0.04461973939918376, 0.0849493067344041, 0.09534921802665242]}}"
4.239999999999751,0.5119990780464169,0.0,0.4,0.5074976618819412,1.9254615770471857e-07,0.3999958512457457,"{'table_obstacle': {'pos': [0.3825981920028062, 0.37518922255766707, 0.1646257963690813], 'size': [0.049837904948193595, 0.0813235869879147, 0.05243307039854257]}, 'pillar_obstacle': {'pos': [0.39994824830915515, -0.3824307480766307, 0.23470116647765446], 'size': [0.033663755439403885, 0.20172185302840845, 0.0]}, 'small_block': {'pos': [0.6140097595303955, -0.3535133918987863, 0.1097032402875184], 'size': [0.04461973939918376, 0.0849493067344041, 0.09534921802665242]}}"
4.240999999999751,0.5119990780464169,0.0,0.4,0.5075615652414455,1.8314515018948792e-07,0.3999958651008115,"{'table_obstacle': {'pos': [0.3825981920028062, 0.37518922255766707, 0.1646257963690813], 'size': [0.049837904948193595, 0.0813235869879147, 0.05243307039854257]}, 'pillar_obstacle': {'pos': [0.39994824830915515, -0.3824307480766307, 0.23470116647765446], 'size': [0.033663755439403885, 0.20172185302840845, 0.0]}, 'small_block': {'pos': [0.6140097595303955, -0.3535133918987863, 0.1097032402875184], 'size': [0.04461973939918376, 0.0849493067344041, 0.09534921802665242]}}"
4.241999999999751,0.5119990780464169,0.0,0.4,0.5076246264679812,1.732807259818556e-07,0.3999958822931204,"{'table_obstacle': {'pos': [0.3825981920028062, 0.37518922255766707, 0.1646257963690813], 'size': [0.049837904948193595, 0.0813235869879147, 0.05243307039854257]}, 'pillar_obstacle': {'pos': [0.39994824830915515, -0.3824307480766307, 0.23470116647765446], 'size': [0.033663755439403885, 0.20172185302840845, 0.0]}, 'small_block': {'pos': [0.6140097595303955, -0.3535133918987863, 0.1097032402875184], 'size': [0.04461973939918376, 0.0849493067344041, 0.09534921802665242]}}"
4.242999999999752,0.5119990780464169,0.0,0.4,0.507686844381969,1.6307187301413744e-07,0.39999590238257887,"{'table_obstacle': {'pos': [0.3825981920028062, 0.37518922255766707, 0.1646257963690813], 'size': [0.049837904948193595, 0.0813235869879147, 0.05243307039854257]}, 'pillar_obstacle': {'pos': [0.39994824830915515, -0.3824307480766307, 0.23470116647765446], 'size': [0.033663755439403885, 0.20172185302840845, 0.0]}, 'small_block': {'pos': [0.6140097595303955, -0.3535133918987863, 0.1097032402875184], 'size': [0.04461973939918376, 0.0849493067344041, 0.09534921802665242]}}"
4.243999999999752,0.5119990780464169,0.0,0.4,0.5077482203197924,1.5261977864383447e-07,0.399995924984545,"{'table_obstacle': {'pos': [0.3825981920028062, 0.37518922255766707, 0.1646257963690813], 'size': [0.049837904948193595, 0.0813235869879147, 0.05243307039854257]}, 'pillar_obstacle': {'pos': [0.39994824830915515, -0.3824307480766307, 0.23470116647765446], 'size': [0.033663755439403885, 0.20172185302840845, 0.0]}, 'small_block': {'pos': [0.6140097595303955, -0.3535133918987863, 0.1097032402875184], 'size': [0.04461973939918376, 0.0849493067344041, 0.09534921802665242]}}"
4.244999999999752,0.5119990780464169,0.0,0.4,0.507808757623906,1.4201006022595042e-07,0.39999594976358444,"{'table_obstacle': {'pos': [0.3825981920028062, 0.37518922255766707, 0.1646257963690813], 'size': [0.049837904948193595, 0.0813235869879147, 0.05243307039854257]}, 'pillar_obstacle': {'pos': [0.39994824830915515, -0.3824307480766307, 0.23470116647765446], 'size': [0.033663755439403885, 0.20172185302840845, 0.0]}, 'small_block': {'pos': [0.6140097595303955, -0.3535133918987863, 0.1097032402875184], 'size': [0.04461973939918376, 0.0849493067344041, 0.09534921802665242]}}"
4.245999999999753,0.5119990780464169,0.0,0.4,0.5078684612301623,1.3131479736591417e-07,0.3999959764276507,"{'table_obstacle': {'pos': [0.3825981920028062, 0.37518922255766707, 0.1646257963690813], 'size': [0.049837904948193595, 0.0813235869879147, 0.05243307039854257]}, 'pillar_obstacle': {'pos': [0.39994824830915515, -0.3824307480766307, 0.23470116647765446], 'size': [0.033663755439403885, 0.20172185302840845, 0.0]}, 'small_block': {'pos': [0.6140097595303955, -0.3535133918987863, 0.1097032402875184], 'size': [0.04461973939918376, 0.0849493067344041, 0.09534921802665242]}}"
4.246999999999753,0.5119990780464169,0.0,0.4,0.5079273373338952,1.2059436262182178e-07,0.3999960047227442,"{'table_obstacle': {'pos': [0.3825981920028062, 0.37518922255766707, 0.1646257963690813], 'size': [0.049837904948193595, 0.0813235869879147, 0.05243307039854257]}, 'pillar_obstacle': {'pos': [0.39994824830915515, -0.3824307480766307, 0.23470116647765446], 'size': [0.033663755439403885, 0.20172185302840845, 0.0]}, 'small_block': {'pos': [0.6140097595303955, -0.3535133918987863, 0.1097032402875184], 'size': [0.04461973939918376, 0.0849493067344041, 0.09534921802665242]}}"
4.247999999999753,0.5119990780464169,0.0,0.4,0.5079853931198096,1.0989905056628288e-07,0.39999603442808196,"{'table_obstacle': {'pos': [0.3825981920028062, 0.37518922255766707, 0.1646257963690813], 'size': [0.049837904948193595, 0.0813235869879147, 0.05243307039854257]}, 'pillar_obstacle': {'pos': [0.39994824830915515, -0.3824307480766307, 0.23470116647765446], 'size': [0.033663755439403885, 0.20172185302840845, 0.0]}, 'small_block': {'pos': [0.6140097595303955, -0.3535133918987863, 0.1097032402875184], 'size': [0.04461973939918376, 0.0849493067344041, 0.09534921802665242]}}"
4.248999999999754,0.5119990780464169,0.0,0.4,0.5080426365435613,9.92705172911412e-08,0.3999960653517697,"{'table_obstacle': {'pos': [0.3825981920028062, 0.37518922255766707, 0.1646257963690813], 'size': [0.049837904948193595, 0.0813235869879147, 0.05243307039854257]}, 'pillar_obstacle': {'pos': [0.39994824830915515, -0.3824307480766307, 0.23470116647765446], 'size': [0.033663755439403885, 0.20172185302840845, 0.0]}, 'small_block': {'pos': [0.6140097595303955, -0.3535133918987863, 0.1097032402875184], 'size': [0.04461973939918376, 0.0849493067344041, 0.09534921802665242]}}"
4.249999999999754,0.5119990780464169,0.0,0.4,0.5080990761552086,8.874304159314229e-08,0.3999960973269599,"{'table_obstacle': {'pos': [0.3825981920028062, 0.37518922255766707, 0.1646257963690813], 'size': [0.049837904948193595, 0.0813235869879147, 0.05243307039854257]}, 'pillar_obstacle': {'pos': [0.39994824830915515, -0.3824307480766307, 0.23470116647765446], 'size': [0.033663755439403885, 0.20172185302840845, 0.0]}, 'small_block': {'pos': [0.6140097595303955, -0.3535133918987863, 0.1097032402875184], 'size': [0.04461973939918376, 0.0849493067344041, 0.09534921802665242]}}"
4.250999999999754,0.5119990780464169,0.0,0.4,0.5081547209565881,7.83446236274306e-08,0.3999961302084644,"{'table_obstacle': {'pos': [0.3825981920028062, 0.37518922255766707, 0.1646257963690813], 'size': [0.049837904948193595, 0.0813235869879147, 0.05243307039854257]}, 'pillar_obstacle': {'pos': [0.39994824830915515, -0.3824307480766307, 0.23470116647765446], 'size': [0.033663755439403885, 0.20172185302840845, 0.0]}, 'small_block': {'pos': [0.6140097595303955, -0.3535133918987863, 0.1097032402875184], 'size': [0.04461973939918376, 0.0849493067344041, 0.09534921802665242]}}"
4.251999999999755,0.5119990780464169,0.0,0.4,0.5082095802861691,6.809793810154156e-08,0.3999961638697865,"{'table_obstacle': {'pos': [0.3825981920028062, 0.37518922255766707, 0.1646257963690813], 'size': [0.049837904948193595, 0.0813235869879147, 0.05243307039854257]}, 'pillar_obstacle': {'pos': [0.39994824830915515, -0.3824307480766307, 0.23470116647765446], 'size': [0.033663755439403885, 0.20172185302840845, 0.0]}, 'small_block': {'pos': [0.6140097595303955, -0.3535133918987863, 0.1097032402875184], 'size': [0.04461973939918376, 0.0849493067344041, 0.09534921802665242]}}"
4.252999999999755,0.5119990780464169,0.0,0.4,0.5082636637261665,5.802115451130604e-08,0.399996198200534,"{'table_obstacle': {'pos': [0.3825981920028062, 0.37518922255766707, 0.1646257963690813], 'size': [0.049837904948193595, 0.0813235869879147, 0.05243307039854257]}, 'pillar_obstacle': {'pos': [0.39994824830915515, -0.3824307480766307, 0.23470116647765446], 'size': [0.033663755439403885, 0.20172185302840845, 0.0]}, 'small_block': {'pos': [0.6140097595303955, -0.3535133918987863, 0.1097032402875184], 'size': [0.04461973939918376, 0.0849493067344041, 0.09534921802665242]}}"
4.253999999999755,0.5119990780464169,0.0,0.4,0.5083169810276831,4.8128644491347335e-08,0.39999623310417237,"{'table_obstacle': {'pos': [0.3825981920028062, 0.37518922255766707, 0.1646257963690813], 'size': [0.049837904948193595, 0.0813235869879147, 0.05243307039854257]}, 'pillar_obstacle': {'pos': [0.39994824830915515, -0.3824307480766307, 0.23470116647765446], 'size': [0.033663755439403885, 0.20172185302840845, 0.0]}, 'small_block': {'pos': [0.6140097595303955, -0.3535133918987863, 0.1097032402875184], 'size': [0.04461973939918376, 0.0849493067344041, 0.09534921802665242]}}"
4.254999999999756,0.5119990780464169,0.0,0.4,0.5083695420504581,3.8431584665209314e-08,0.3999962684960819,"{'table_obstacle': {'pos': [0.3825981920028062, 0.37518922255766707, 0.1646257963690813], 'size': [0.049837904948193595, 0.0813235869879147, 0.05243307039854257]}, 'pillar_obstacle': {'pos': [0.39994824830915515, -0.3824307480766307, 0.23470116647765446], 'size': [0.033663755439403885, 0.20172185302840845, 0.0]}, 'small_block': {'pos': [0.6140097595303955, -0.3535133918987863, 0.1097032402875184], 'size': [0.04461973939918376, 0.0849493067344041, 0.09534921802665242]}}"
4.255999999999756,0.5119990780464169,0.0,0.4,0.5084213567144402,2.8938473567578252e-08,0.39999630430188604,"{'table_obstacle': {'pos': [0.3825981920028062, 0.37518922255766707, 0.1646257963690813], 'size': [0.049837904948193595, 0.0813235869879147, 0.05243307039854257]}, 'pillar_obstacle': {'pos': [0.39994824830915515, -0.3824307480766307, 0.23470116647765446], 'size': [0.033663755439403885, 0.20172185302840845, 0.0]}, 'small_block': {'pos': [0.6140097595303955, -0.3535133918987863, 0.1097032402875184], 'size': [0.04461973939918376, 0.0849493067344041, 0.09534921802665242]}}"
4.256999999999756,0.5119990780464169,0.0,0.4,0.5084724349609399,1.965556866344902e-08,0.3999963404560094,"{'table_obstacle': {'pos': [0.3825981920028062, 0.37518922255766707, 0.1646257963690813], 'size': [0.049837904948193595, 0.0813235869879147, 0.05243307039854257]}, 'pillar_obstacle': {'pos': [0.39994824830915515, -0.3824307480766307, 0.23470116647765446], 'size': [0.033663755439403885, 0.20172185302840845, 0.0]}, 'small_block': {'pos': [0.6140097595303955, -0.3535133918987863, 0.1097032402875184], 'size': [0.04461973939918376, 0.0849493067344041, 0.09534921802665242]}}"
4.257999999999757,0.5119990780464169,0.0,0.4,0.5085227867215364,1.058726036451685e-08,0.39999637690044587,"{'table_obstacle': {'pos': [0.3825981920028062, 0.37518922255766707, 0.1646257963690813], 'size': [0.049837904948193595, 0.0813235869879147, 0.05243307039854257]}, 'pillar_obstacle': {'pos': [0.39994824830915515, -0.3824307480766307, 0.23470116647765446], 'size': [0.033663755439403885, 0.20172185302840845, 0.0]}, 'small_block': {'pos': [0.6140097595303955, -0.3535133918987863, 0.1097032402875184], 'size': [0.04461973939918376, 0.0849493067344041, 0.09534921802665242]}}"
4.258999999999757,0.5119990780464169,0.0,0.4,0.5085724218932656,1.736385517829731e-09,0.3999964135837024,"{'table_obstacle': {'pos': [0.3825981920028062, 0.37518922255766707, 0.1646257963690813], 'size': [0.049837904948193595, 0.0813235869879147, 0.05243307039854257]}, 'pillar_obstacle': {'pos': [0.39994824830915515, -0.3824307480766307, 0.23470116647765446], 'size': [0.033663755439403885, 0.20172185302840845, 0.0]}, 'small_block': {'pos': [0.6140097595303955, -0.3535133918987863, 0.1097032402875184], 'size': [0.04461973939918376, 0.0849493067344041, 0.09534921802665242]}}"
4.259999999999757,0.5119990780464169,0.0,0.4,0.5086213503188884,-6.8955056511761265e-09,0.3999964504598965,"{'table_obstacle': {'pos': [0.3825981920028062, 0.37518922255766707, 0.1646257963690813], 'size': [0.049837904948193595, 0.0813235869879147, 0.05243307039854257]}, 'pillar_obstacle': {'pos': [0.39994824830915515, -0.3824307480766307, 0.23470116647765446], 'size': [0.033663755439403885, 0.20172185302840845, 0.0]}, 'small_block': {'pos': [0.6140097595303955, -0.3535133918987863, 0.1097032402875184], 'size': [0.04461973939918376, 0.0849493067344041, 0.09534921802665242]}}"
4.260999999999758,0.5119990780464169,0.0,0.4,0.5086695817712739,-1.5307925463327244e-08,0.39999648748798805,"{'table_obstacle': {'pos': [0.3825981920028062, 0.37518922255766707, 0.1646257963690813], 'size': [0.049837904948193595, 0.0813235869879147, 0.05243307039854257]}, 'pillar_obstacle': {'pos': [0.39994824830915515, -0.3824307480766307, 0.23470116647765446], 'size': [0.033663755439403885, 0.20172185302840845, 0.0]}, 'small_block': {'pos': [0.6140097595303955, -0.3535133918987863, 0.1097032402875184], 'size': [0.04461973939918376, 0.0849493067344041, 0.09534921802665242]}}"
4.261999999999758,0.5119990780464169,0.0,0.4,0.5087171259411098,-2.3501260131549044e-08,0.39999652463112284,"{'table_obstacle': {'pos': [0.3825981920028062, 0.37518922255766707, 0.1646257963690813], 'size': [0.049837904948193595, 0.0813235869879147, 0.05243307039854257]}, 'pillar_obstacle': {'pos': [0.39994824830915515, -0.3824307480766307, 0.23470116647765446], 'size': [0.033663755439403885, 0.20172185302840845, 0.0]}, 'small_block': {'pos': [0.6140097595303955, -0.3535133918987863, 0.1097032402875184], 'size': [0.04461973939918376, 0.0849493067344041, 0.09534921802665242]}}"
4.262999999999758,0.5119990780464169,0.0,0.4,0.5087639924273046,-3.147661123122323e-08,0.3999965618560746,"{'table_obstacle': {'pos': [0.3825981920028062, 0.37518922255766707, 0.1646257963690813], 'size': [0.049837904948193595, 0.0813235869879147, 0.05243307039854257]}, 'pillar_obstacle': {'pos': [0.39994824830915515, -0.3824307480766307, 0.23470116647765446], 'size': [0.033663755439403885, 0.20172185302840845, 0.0]}, 'small_block': {'pos': [0.6140097595303955, -0.3535133918987863, 0.1097032402875184], 'size': [0.04461973939918376, 0.0849493067344041, 0.09534921802665242]}}"
4.263999999999759,0.5119990780464169,0.0,0.4,0.5088101907295665,-3.923566348601831e-08,0.3999965991327711,"{'table_obstacle': {'pos': [0.3825981920028062, 0.37518922255766707, 0.1646257963690813], 'size': [0.049837904948193595, 0.0813235869879147, 0.05243307039854257]}, 'pillar_obstacle': {'pos': [0.39994824830915515, -0.3824307480766307, 0.23470116647765446], 'size': [0.033663755439403885, 0.20172185302840845, 0.0]}, 'small_block': {'pos': [0.6140097595303955, -0.3535133918987863, 0.1097032402875184], 'size': [0.04461973939918376, 0.0849493067344041, 0.09534921802665242]}}"
4.264999999999759,0.5119990780464169,0.0,0.4,0.5088557302427397,-4.678057305411133e-08,0.39999663643388955,"{'table_obstacle': {'pos': [0.3825981920028062, 0.37518922255766707, 0.1646257963690813], 'size': [0.049837904948193595, 0.0813235869879147, 0.05243307039854257]}, 'pillar_obstacle': {'pos': [0.39994824830915515, -0.3824307480766307, 0.23470116647765446], 'size': [0.033663755439403885, 0.20172185302840845, 0.0]}, 'small_block': {'pos': [0.6140097595303955, -0.3535133918987863, 0.1097032402875184], 'size': [0.04461973939918376, 0.0849493067344041, 0.09534921802665242]}}"
4.265999999999759,0.5119990780464169,0.0,0.4,0.5089006202525629,-5.411387496960809e-08,0.3999966737345131,"{'table_obstacle': {'pos': [0.3825981920028062, 0.37518922255766707, 0.1646257963690813], 'size': [0.049837904948193595, 0.0813235869879147, 0.05243307039854257]}, 'pillar_obstacle': {'pos': [0.39994824830915515, -0.3824307480766307, 0.23470116647765446], 'size': [0.033663755439403885, 0.20172185302840845, 0.0]}, 'small_block': {'pos': [0.6140097595303955, -0.3535133918987863, 0.1097032402875184], 'size': [0.04461973939918376, 0.0849493067344041, 0.09534921802665242]}}"
4.26699999999976,0.5119990780464169,0.0,0.4,0.5089448699325707,-6.123840606930839e-08,0.3999967110118392,"{'table_obstacle': {'pos': [0.3825981920028062, 0.37518922255766707, 0.1646257963690813], 'size': [0.049837904948193595, 0.0813235869879147, 0.05243307039854257]}, 'pillar_obstacle': {'pos': [0.39994824830915515, -0.3824307480766307, 0.23470116647765446], 'size': [0.033663755439403885, 0.20172185302840845, 0.0]}, 'small_block': {'pos': [0.6140097595303955, -0.3535133918987863, 0.1097032402875184], 'size': [0.04461973939918376, 0.0849493067344041, 0.09534921802665242]}}"
4.26799999999976,0.5119990780464169,0.0,0.4,0.5089884883419213,-6.815724024764794e-08,0.3999967482449302,"{'table_obstacle': {'pos': [0.3825981920028062, 0.37518922255766707, 0.1646257963690813], 'size': [0.049837904948193595, 0.0813235869879147, 0.05243307039854257]}, 'pillar_obstacle': {'pos': [0.39994824830915515, -0.3824307480766307, 0.23470116647765446], 'size': [0.033663755439403885, 0.20172185302840845, 0.0]}, 'small_block': {'pos': [0.6140097595303955, -0.3535133918987863, 0.1097032402875184], 'size': [0.04461973939918376, 0.0849493067344041, 0.09534921802665242]}}"
4.26899999999976,0.5119990780464169,0.0,0.4,0.5090314844239673,-7.487363516233994e-08,0.3999967854145016,"{'table_obstacle': {'pos': [0.3825981920028062, 0.37518922255766707, 0.1646257963690813], 'size': [0.049837904948193595, 0.0813235869879147, 0.05243307039854257]}, 'pillar_obstacle': {'pos': [0.39994824830915515, -0.3824307480766307, 0.23470116647765446], 'size': [0.033663755439403885, 0.20172185302840845, 0.0]}, 'small_block': {'pos': [0.6140097595303955, -0.3535133918987863, 0.1097032402875184], 'size': [0.04461973939918376, 0.0849493067344041, 0.09534921802665242]}}"
4.269999999999761,0.5119990780464169,0.0,0.4,0.5090738670054255,-8.139098747430048e-08,0.39999682250274154,"{'table_obstacle': {'pos': [0.3825981920028062, 0.37518922255766707, 0.1646257963690813], 'size': [0.049837904948193595, 0.0813235869879147, 0.05243307039854257]}, 'pillar_obstacle': {'pos': [0.39994824830915515, -0.3824307480766307, 0.23470116647765446], 'size': [0.033663755439403885, 0.20172185302840845, 0.0]}, 'small_block': {'pos': [0.6140097595303955, -0.3535133918987863, 0.1097032402875184], 'size': [0.04461973939918376, 0.0849493067344041, 0.09534921802665242]}}"
4.270999999999761,0.5119990780464169,0.0,0.4,0.5091156447960253,-8.771279695516683e-08,0.3999968594931551,"{'table_obstacle': {'pos': [0.3825981920028062, 0.37518922255766707, 0.1646257963690813], 'size': [0.049837904948193595, 0.0813235869879147, 0.05243307039854257]}, 'pillar_obstacle': {'pos': [0.39994824830915515, -0.3824307480766307, 0.23470116647765446], 'size': [0.033663755439403885, 0.20172185302840845, 0.0]}, 'small_block': {'pos': [0.6140097595303955, -0.3535133918987863, 0.1097032402875184], 'size': [0.04461973939918376, 0.0849493067344041, 0.09534921802665242]}}"
4.271999999999761,0.5119990780464169,0.0,0.4,0.5091568263885438,-9.384263525233363e-08,0.3999968963704331,"{'table_obstacle': {'pos': [0.3825981920028062, 0.37518922255766707, 0.1646257963690813], 'size': [0.049837904948193595, 0.0813235869879147, 0.05243307039854257]}, 'pillar_obstacle': {'pos': [0.39994824830915515, -0.3824307480766307, 0.23470116647765446], 'size': [0.033663755439403885, 0.20172185302840845, 0.0]}, 'small_block': {'pos': [0.6140097595303955, -0.3535133918987863, 0.1097032402875184], 'size': [0.04461973939918376, 0.0849493067344041, 0.09534921802665242]}}"
4.272999999999762,0.5119990780464169,0.0,0.4,0.5091974202591464,-9.978412115800438e-08,0.39999693312033796,"{'table_obstacle': {'pos': [0.3825981920028062, 0.37518922255766707, 0.1646257963690813], 'size': [0.049837904948193595, 0.0813235869879147, 0.05243307039854257]}, 'pillar_obstacle': {'pos': [0.39994824830915515, -0.3824307480766307, 0.23470116647765446], 'size': [0.033663755439403885, 0.20172185302840845, 0.0]}, 'small_block': {'pos': [0.6140097595303955, -0.3535133918987863, 0.1097032402875184], 'size': [0.04461973939918376, 0.0849493067344041, 0.09534921802665242]}}"
4.273999999999762,0.5119990780464169,0.0,0.4,0.5092374347679729,-1.0554089979445278e-07,0.3999969697296051,"{'table_obstacle': {'pos': [0.3825981920028062, 0.37518922255766707, 0.1646257963690813], 'size': [0.049837904948193595, 0.0813235869879147, 0.05243307039854257]}, 'pillar_obstacle': {'pos': [0.39994824830915515, -0.3824307480766307, 0.23470116647765446], 'size': [0.033663755439403885, 0.20172185302840845, 0.0]}, 'small_block': {'pos': [0.6140097595303955, -0.3535133918987863, 0.1097032402875184], 'size': [0.04461973939918376, 0.0849493067344041, 0.09534921802665242]}}"
4.274999999999762,0.5119990780464169,0.0,0.4,0.5092768781599182,-1.1111662668225544e-07,0.3999970061858593,"{'table_obstacle': {'pos': [0.3825981920028062, 0.37518922255766707, 0.1646257963690813], 'size': [0.049837904948193595, 0.0813235869879147, 0.05243307039854257]}, 'pillar_obstacle': {'pos': [0.39994824830915515, -0.3824307480766307, 0.23470116647765446], 'size': [0.033663755439403885, 0.20172185302840845, 0.0]}, 'small_block': {'pos': [0.6140097595303955, -0.3535133918987863, 0.1097032402875184], 'size': [0.04461973939918376, 0.0849493067344041, 0.09534921802665242]}}"
4.275999999999763,0.5119990780464169,0.0,0.4,0.5093157585655635,-1.1651495238781343e-07,0.3999970424775417,"{'table_obstacle': {'pos': [0.3825981920028062, 0.37518922255766707, 0.1646257963690813], 'size': [0.049837904948193595, 0.0813235869879147, 0.05243307039854257]}, 'pillar_obstacle': {'pos': [0.39994824830915515, -0.3824307480766307, 0.23470116647765446], 'size': [0.033663755439403885, 0.20172185302840845, 0.0]}, 'small_block': {'pos': [0.6140097595303955, -0.3535133918987863, 0.1097032402875184], 'size': [0.04461973939918376, 0.0849493067344041, 0.09534921802665242]}}"
4.276999999999763,0.5119990780464169,0.0,0.4,0.5093540840022307,-1.2173951302823763e-07,0.3999970785938451,"{'table_obstacle': {'pos': [0.3825981920028062, 0.37518922255766707, 0.1646257963690813], 'size': [0.049837904948193595, 0.0813235869879147, 0.05243307039854257]}, 'pillar_obstacle': {'pos': [0.39994824830915515, -0.3824307480766307, 0.23470116647765446], 'size': [0.033663755439403885, 0.20172185302840845, 0.0]}, 'small_block': {'pos': [0.6140097595303955, -0.3535133918987863, 0.1097032402875184], 'size': [0.04461973939918376, 0.0849493067344041, 0.09534921802665242]}}"
4.277999999999763,0.5119990780464169,0.0,0.4,0.5093918623751258,-1.2679391970359958e-07,0.399997114524658,"{'table_obstacle': {'pos': [0.3825981920028062, 0.37518922255766707, 0.1646257963690813], 'size': [0.049837904948193595, 0.0813235869879147, 0.05243307039854257]}, 'pillar_obstacle': {'pos': [0.39994824830915515, -0.3824307480766307, 0.23470116647765446], 'size': [0.033663755439403885, 0.20172185302840845, 0.0]}, 'small_block': {'pos': [0.6140097595303955, -0.3535133918987863, 0.1097032402875184], 'size': [0.04461973939918376, 0.0849493067344041, 0.09534921802665242]}}"
4.278999999999764,0.5119990780464169,0.0,0.4,0.5094291014785558,-1.3168175166609043e-07,0.39999715026051713,"{'table_obstacle': {'pos': [0.3825981920028062, 0.37518922255766707, 0.1646257963690813], 'size': [0.049837904948193595, 0.0813235869879147, 0.05243307039854257]}, 'pillar_obstacle': {'pos': [0.39994824830915515, -0.3824307480766307, 0.23470116647765446], 'size': [0.033663755439403885, 0.20172185302840845, 0.0]}, 'small_block': {'pos': [0.6140097595303955, -0.3535133918987863, 0.1097032402875184], 'size': [0.04461973939918376, 0.0849493067344041, 0.09534921802665242]}}"
4.279999999999764,0.5119990780464169,0.0,0.4,0.5094658089971985,-1.3640655112546887e-07,0.3999971857925626,"{'table_obstacle': {'pos': [0.3825981920028062, 0.37518922255766707, 0.1646257963690813], 'size': [0.049837904948193595, 0.0813235869879147, 0.05243307039854257]}, 'pillar_obstacle': {'pos': [0.39994824830915515, -0.3824307480766307, 0.23470116647765446], 'size': [0.033663755439403885, 0.20172185302840845, 0.0]}, 'small_block': {'pos': [0.6140097595303955, -0.3535133918987863, 0.1097032402875184], 'size': [0.04461973939918376, 0.0849493067344041, 0.09534921802665242]}}"
4.280999999999764,0.5119990780464169,0.0,0.4,0.5095019925074128,-1.4097181757551865e-07,0.3999972211125004,"{'table_obstacle': {'pos': [0.3825981920028062, 0.37518922255766707, 0.1646257963690813], 'size': [0.049837904948193595, 0.0813235869879147, 0.05243307039854257]}, 'pillar_obstacle': {'pos': [0.39994824830915515, -0.3824307480766307, 0.23470116647765446], 'size': [0.033663755439403885, 0.20172185302840845, 0.0]}, 'small_block': {'pos': [0.6140097595303955, -0.3535133918987863, 0.1097032402875184], 'size': [0.04461973939918376, 0.0849493067344041, 0.09534921802665242]}}"
4.281999999999765,0.5119990780464169,0.0,0.4,0.5095376594785738,-1.4538100467437053e-07,0.39999725621256726,"{'table_obstacle': {'pos': [0.3825981920028062, 0.37518922255766707, 0.1646257963690813], 'size': [0.049837904948193595, 0.0813235869879147, 0.05243307039854257]}, 'pillar_obstacle': {'pos': [0.39994824830915515, -0.3824307480766307, 0.23470116647765446], 'size': [0.033663755439403885, 0.20172185302840845, 0.0]}, 'small_block': {'pos': [0.6140097595303955, -0.3535133918987863, 0.1097032402875184], 'size': [0.04461973939918376, 0.0849493067344041, 0.09534921802665242]}}"
4.282999999999765,0.5119990780464169,0.0,0.4,0.5095728172744305,-1.4963751721997504e-07,0.39999729108550053,"{'table_obstacle': {'pos': [0.3825981920028062, 0.37518922255766707, 0.1646257963690813], 'size': [0.049837904948193595, 0.0813235869879147, 0.05243307039854257]}, 'pillar_obstacle': {'pos': [0.39994824830915515, -0.3824307480766307, 0.23470116647765446], 'size': [0.033663755439403885, 0.20172185302840845, 0.0]}, 'small_block': {'pos': [0.6140097595303955, -0.3535133918987863, 0.1097032402875184], 'size': [0.04461973939918376, 0.0849493067344041, 0.09534921802665242]}}"
4.283999999999765,0.5119990780464169,0.0,0.4,0.5096074731544736,-1.5374470939354954e-07,0.39999732572451063,"{'table_obstacle': {'pos': [0.3825981920028062, 0.37518922255766707, 0.1646257963690813], 'size': [0.049837904948193595, 0.0813235869879147, 0.05243307039854257]}, 'pillar_obstacle': {'pos': [0.39994824830915515, -0.3824307480766307, 0.23470116647765446], 'size': [0.033663755439403885, 0.20172185302840845, 0.0]}, 'small_block': {'pos': [0.6140097595303955, -0.3535133918987863, 0.1097032402875184], 'size': [0.04461973939918376, 0.0849493067344041, 0.09534921802665242]}}"
4.284999999999766,0.5119990780464169,0.0,0.4,0.5096416342753066,-1.5770588225597724e-07,0.3999973601232552,"{'table_obstacle': {'pos': [0.3825981920028062, 0.37518922255766707, 0.1646257963690813], 'size': [0.049837904948193595, 0.0813235869879147, 0.05243307039854257]}, 'pillar_obstacle': {'pos': [0.39994824830915515, -0.3824307480766307, 0.23470116647765446], 'size': [0.033663755439403885, 0.20172185302840845, 0.0]}, 'small_block': {'pos': [0.6140097595303955, -0.3535133918987863, 0.1097032402875184], 'size': [0.04461973939918376, 0.0849493067344041, 0.09534921802665242]}}"
4.285999999999766,0.5119990780464169,0.0,0.4,0.5096753076920213,-1.615242838478745e-07,0.39999739427581604,"{'table_obstacle': {'pos': [0.3825981920028062, 0.37518922255766707, 0.1646257963690813], 'size': [0.049837904948193595, 0.0813235869879147, 0.05243307039854257]}, 'pillar_obstacle': {'pos': [0.39994824830915515, -0.3824307480766307, 0.23470116647765446], 'size': [0.033663755439403885, 0.20172185302840845, 0.0]}, 'small_block': {'pos': [0.6140097595303955, -0.3535133918987863, 0.1097032402875184], 'size': [0.04461973939918376, 0.0849493067344041, 0.09534921802665242]}}"
4.286999999999766,0.5119990780464169,0.0,0.4,0.5097085003595668,-1.6520310726804735e-07,0.39999742817667794,"{'table_obstacle': {'pos': [0.3825981920028062, 0.37518922255766707, 0.1646257963690813], 'size': [0.049837904948193595, 0.0813235869879147, 0.05243307039854257]}, 'pillar_obstacle': {'pos': [0.39994824830915515, -0.3824307480766307, 0.23470116647765446], 'size': [0.033663755439403885, 0.20172185302840845, 0.0]}, 'small_block': {'pos': [0.6140097595303955, -0.3535133918987863, 0.1097032402875184], 'size': [0.04461973939918376, 0.0849493067344041, 0.09534921802665242]}}"
4.287999999999767,0.5119990780464169,0.0,0.4,0.5097412191341154,-1.6874549129904326e-07,0.3999974618207096,"{'table_obstacle': {'pos': [0.3825981920028062, 0.37518922255766707, 0.1646257963690813], 'size': [0.049837904948193595, 0.0813235869879147, 0.05243307039854257]}, 'pillar_obstacle': {'pos': [0.39994824830915515, -0.3824307480766307, 0.23470116647765446], 'size': [0.033663755439403885, 0.20172185302840845, 0.0]}, 'small_block': {'pos': [0.6140097595303955, -0.3535133918987863, 0.1097032402875184], 'size': [0.04461973939918376, 0.0849493067344041, 0.09534921802665242]}}"
4.288999999999767,0.5119990780464169,0.0,0.4,0.5097734707744168,-1.7215451913271627e-07,0.39999749520314626,"{'table_obstacle': {'pos': [0.3825981920028062, 0.37518922255766707, 0.1646257963690813], 'size': [0.049837904948193595, 0.0813235869879147, 0.05243307039854257]}, 'pillar_obstacle': {'pos': [0.39994824830915515, -0.3824307480766307, 0.23470116647765446], 'size': [0.033663755439403885, 0.20172185302840845, 0.0]}, 'small_block': {'pos': [0.6140097595303955, -0.3535133918987863, 0.1097032402875184], 'size': [0.04461973939918376, 0.0849493067344041, 0.09534921802665242]}}"
4.289999999999767,0.5119990780464169,0.0,0.4,0.509805261943145,-1.7543321968490513e-07,0.39999752831957003,"{'table_obstacle': {'pos': [0.3825981920028062, 0.37518922255766707, 0.1646257963690813], 'size': [0.049837904948193595, 0.0813235869879147, 0.05243307039854257]}, 'pillar_obstacle': {'pos': [0.39994824830915515, -0.3824307480766307, 0.23470116647765446], 'size': [0.033663755439403885, 0.20172185302840845, 0.0]}, 'small_block': {'pos': [0.6140097595303955, -0.3535133918987863, 0.1097032402875184], 'size': [0.04461973939918376, 0.0849493067344041, 0.09534921802665242]}}"
4.290999999999768,0.5119990780464169,0.0,0.4,0.5098365992082305,-1.7858456583639307e-07,0.399997561165897,"{'table_obstacle': {'pos': [0.3825981920028062, 0.37518922255766707, 0.1646257963690813], 'size': [0.049837904948193595, 0.0813235869879147, 0.05243307039854257]}, 'pillar_obstacle': {'pos': [0.39994824830915515, -0.3824307480766307, 0.23470116647765446], 'size': [0.033663755439403885, 0.20172185302840845, 0.0]}, 'small_block': {'pos': [0.6140097595303955, -0.3535133918987863, 0.1097032402875184], 'size': [0.04461973939918376, 0.0849493067344041, 0.09534921802665242]}}"
4.291999999999768,0.5119990780464169,0.0,0.4,0.5098674890441809,-1.8161147712934265e-07,0.3999975937383614,"{'table_obstacle': {'pos': [0.3825981920028062, 0.37518922255766707, 0.1646257963690813], 'size': [0.049837904948193595, 0.0813235869879147, 0.05243307039854257]}, 'pillar_obstacle': {'pos': [0.39994824830915515, -0.3824307480766307, 0.23470116647765446], 'size': [0.033663755439403885, 0.20172185302840845, 0.0]}, 'small_block': {'pos': [0.6140097595303955, -0.3535133918987863, 0.1097032402875184], 'size': [0.04461973939918376, 0.0849493067344041, 0.09534921802665242]}}"
4.292999999999768,0.5119990780464169,0.0,0.4,0.5098979378333871,-1.845168184644365e-07,0.39999762603350114,"{'table_obstacle': {'pos': [0.3825981920028062, 0.37518922255766707, 0.1646257963690813], 'size': [0.049837904948193595, 0.0813235869879147, 0.05243307039854257]}, 'pillar_obstacle': {'pos': [0.39994824830915515, -0.3824307480766307, 0.23470116647765446], 'size': [0.033663755439403885, 0.20172185302840845, 0.0]}, 'small_block': {'pos': [0.6140097595303955, -0.3535133918987863, 0.1097032402875184], 'size': [0.04461973939918376, 0.0849493067344041, 0.09534921802665242]}}"
4.293999999999769,0.5119990780464169,0.0,0.4,0.5099279518674159,-1.8730340152590515e-07,0.3999976580481453,"{'table_obstacle': {'pos': [0.3825981920028062, 0.37518922255766707, 0.1646257963690813], 'size': [0.049837904948193595, 0.0813235869879147, 0.05243307039854257]}, 'pillar_obstacle': {'pos': [0.39994824830915515, -0.3824307480766307, 0.23470116647765446], 'size': [0.033663755439403885, 0.20172185302840845, 0.0]}, 'small_block': {'pos': [0.6140097595303955, -0.3535133918987863, 0.1097032402875184], 'size': [0.04461973939918376, 0.0849493067344041, 0.09534921802665242]}}"
4.294999999999769,0.5119990780464169,0.0,0.4,0.5099575373482843,-1.8997398428430483e-07,0.39999768977940137,"{'table_obstacle': {'pos': [0.3825981920028062, 0.37518922255766707, 0.1646257963690813], 'size': [0.049837904948193595, 0.0813235869879147, 0.05243307039854257]}, 'pillar_obstacle': {'pos': [0.39994824830915515, -0.3824307480766307, 0.23470116647765446], 'size': [0.033663755439403885, 0.20172185302840845, 0.0]}, 'small_block': {'pos': [0.6140097595303955, -0.3535133918987863, 0.1097032402875184], 'size': [0.04461973939918376, 0.0849493067344041, 0.09534921802665242]}}"
4.295999999999769,0.5119990780464169,0.0,0.4,0.5099867003897224,-1.9253127309191425e-07,0.3999977212246434,"{'table_obstacle': {'pos': [0.3825981920028062, 0.37518922255766707, 0.1646257963690813], 'size': [0.049837904948193595, 0.0813235869879147, 0.05243307039854257]}, 'pillar_obstacle': {'pos': [0.39994824830915515, -0.3824307480766307, 0.23470116647765446], 'size': [0.033663755439403885, 0.20172185302840845, 0.0]}, 'small_block': {'pos': [0.6140097595303955, -0.3535133918987863, 0.1097032402875184], 'size': [0.04461973939918376, 0.0849493067344041, 0.09534921802665242]}}"
4.29699999999977,0.5159990490613133,0.0,0.4,0.5100154470184165,-1.949779222053573e-07,0.3999977523815004,"{'table_obstacle': {'pos': [0.3825981920028062, 0.37518922255766707, 0.1646257963690813], 'size': [0.049837904948193595, 0.0813235869879147, 0.05243307039854257]}, 'pillar_obstacle': {'pos': [0.39994824830915515, -0.3824307480766307, 0.23470116647765446], 'size': [0.033663755439403885, 0.20172185302840845, 0.0]}, 'small_block': {'pos': [0.6140097595303955, -0.3535133918987863, 0.1097032402875184], 'size': [0.04461973939918376, 0.0849493067344041, 0.09534921802665242]}}"
4.29799999999977,0.5159990490613133,0.0,0.4,0.510054607212574,-1.7250449555065725e-07,0.39999768343573205,"{'table_obstacle': {'pos': [0.3825981920028062, 0.37518922255766707, 0.1646257963690813], 'size': [0.049837904948193595, 0.0813235869879147, 0.05243307039854257]}, 'pillar_obstacle': {'pos': [0.39994824830915515, -0.3824307480766307, 0.23470116647765446], 'size': [0.033663755439403885, 0.20172185302840845, 0.0]}, 'small_block': {'pos': [0.6140097595303955, -0.3535133918987863, 0.1097032402875184], 'size': [0.04461973939918376, 0.0849493067344041, 0.09534921802665242]}}"
4.29899999999977,0.5159990490613133,0.0,0.4,0.5101019801078538,-1.3533277901801354e-07,0.39999755258031,"{'table_obstacle': {'pos': [0.3825981920028062, 0.37518922255766707, 0.1646257963690813], 'size': [0.049837904948193595, 0.0813235869879147, 0.05243307039854257]}, 'pillar_obstacle': {'pos': [0.39994824830915515, -0.3824307480766307, 0.23470116647765446], 'size': [0.033663755439403885, 0.20172185302840845, 0.0]}, 'small_block': {'pos': [0.6140097595303955, -0.3535133918987863, 0.1097032402875184], 'size': [0.04461973939918376, 0.0849493067344041, 0.09534921802665242]}}"
4.299999999999771,0.5159990490613133,0.0,0.4,0.5101557851470255,-9.066142917017905e-08,0.39999738693099185,"{'table_obstacle': {'pos': [0.3825981920028062, 0.37518922255766707, 0.1646257963690813], 'size': [0.049837904948193595, 0.0813235869879147, 0.05243307039854257]}, 'pillar_obstacle': {'pos': [0.39994824830915515, -0.3824307480766307, 0.23470116647765446], 'size': [0.033663755439403885, 0.20172185302840845, 0.0]}, 'small_block': {'pos': [0.6140097595303955, -0.3535133918987863, 0.1097032402875184], 'size': [0.04461973939918376, 0.0849493067344041, 0.09534921802665242]}}"
4.300999999999771,0.5159990490613133,0.0,0.4,0.5102145824871116,-4.3450852940972536e-08,0.39999720544141387,"{'table_obstacle': {'pos': [0.3825981920028062, 0.37518922255766707, 0.1646257963690813], 'size': [0.049837904948193595, 0.0813235869879147, 0.05243307039854257]}, 'pillar_obstacle': {'pos': [0.39994824830915515, -0.3824307480766307, 0.23470116647765446], 'size': [0.033663755439403885, 0.20172185302840845, 0.0]}, 'small_block': {'pos': [0.6140097595303955, -0.3535133918987863, 0.1097032402875184], 'size': [0.04461973939918376, 0.0849493067344041, 0.09534921802665242]}}"
4.301999999999771,0.5159990490613133,0.0,0.4,0.5102772084310656,2.9822464365685736e-09,0.3999970210784262,"{'table_obstacle': {'pos': [0.3825981920028062, 0.37518922255766707, 0.1646257963690813], 'size': [0.049837904948193595, 0.0813235869879147, 0.05243307039854257]}, 'pillar_obstacle': {'pos': [0.39994824830915515, -0.3824307480766307, 0.23470116647765446], 'size': [0.033663755439403885, 0.20172185302840845, 0.0]}, 'small_block': {'pos': [0.6140097595303955, -0.3535133918987863, 0.1097032402875184], 'size': [0.04461973939918376, 0.0849493067344041, 0.09534921802665242]}}"
4.302999999999772,0.5159990490613133,0.0,0.4,0.5103427230623349,4.651631568437291e-08,0.39999684244500744,"{'table_obstacle': {'pos': [0.3825981920028062, 0.37518922255766707, 0.1646257963690813], 'size': [0.049837904948193595, 0.0813235869879147, 0.05243307039854257]}, 'pillar_obstacle': {'pos': [0.39994824830915515, -0.3824307480766307, 0.23470116647765446], 'size': [0.033663755439403885, 0.20172185302840845, 0.0]}, 'small_block': {'pos': [0.6140097595303955, -0.3535133918987863, 0.1097032402875184], 'size': [0.04461973939918376, 0.0849493067344041, 0.09534921802665242]}}"
4.303999999999772,0.5159990490613133,0.0,0.4,0.5104103677854627,8.588813920884269e-08,0.3999966749895679,"{'table_obstacle': {'pos': [0.3825981920028062, 0.37518922255766707, 0.1646257963690813], 'size': [0.049837904948193595, 0.0813235869879147, 0.05243307039854257]}, 'pillar_obstacle': {'pos': [0.39994824830915515, -0.3824307480766307, 0.23470116647765446], 'size': [0.033663755439403885, 0.20172185302840845, 0.0]}, 'small_block': {'pos': [0.6140097595303955, -0.3535133918987863, 0.1097032402875184], 'size': [0.04461973939918376, 0.0849493067344041, 0.09534921802665242]}}"
4.304999999999772,0.5159990490613133,0.0,0.4,0.5104795309049046,1.2044133625551335e-07,0.39999652190500806,"{'table_obstacle': {'pos': [0.3825981920028062, 0.37518922255766707, 0.1646257963690813], 'size': [0.049837904948193595, 0.0813235869879147, 0.05243307039854257]}, 'pillar_obstacle': {'pos': [0.39994824830915515, -0.3824307480766307, 0.23470116647765446], 'size': [0.033663755439403885, 0.20172185302840845, 0.0]}, 'small_block': {'pos': [0.6140097595303955, -0.3535133918987863, 0.1097032402875184], 'size': [0.04461973939918376, 0.0849493067344041, 0.09534921802665242]}}"
4.305999999999773,0.5159990490613133,0.0,0.4,0.5105497197242552,1.499397946571448e-07,0.39999638479484034,"{'table_obstacle': {'pos': [0.3825981920028062, 0.37518922255766707, 0.1646257963690813], 'size': [0.049837904948193595, 0.0813235869879147, 0.05243307039854257]}, 'pillar_obstacle': {'pos': [0.39994824830915515, -0.3824307480766307, 0.23470116647765446], 'size': [0.033663755439403885, 0.20172185302840845, 0.0]}, 'small_block': {'pos': [0.6140097595303955, -0.3535133918987863, 0.1097032402875184], 'size': [0.04461973939918376, 0.0849493067344041, 0.09534921802665242]}}"
4.306999999999773,0.5159990490613133,0.0,0.4,0.5106205379332935,1.7443036189356062e-07,0.3999962641644075,"{'table_obstacle': {'pos': [0.3825981920028062, 0.37518922255766707, 0.1646257963690813], 'size': [0.049837904948193595, 0.0813235869879147, 0.05243307039854257]}, 'pillar_obstacle': {'pos': [0.39994824830915515, -0.3824307480766307, 0.23470116647765446], 'size': [0.033663755439403885, 0.20172185302840845, 0.0]}, 'small_block': {'pos': [0.6140097595303955, -0.3535133918987863, 0.1097032402875184], 'size': [0.04461973939918376, 0.0849493067344041, 0.09534921802665242]}}"
4.307999999999773,0.5159990490613133,0.0,0.4,0.5106916672823574,1.9414275057033612e-07,0.39999615978086606,"{'table_obstacle': {'pos': [0.3825981920028062, 0.37518922255766707, 0.1646257963690813], 'size': [0.049837904948193595, 0.0813235869879147, 0.05243307039854257]}, 'pillar_obstacle': {'pos': [0.39994824830915515, -0.3824307480766307, 0.23470116647765446], 'size': [0.033663755439403885, 0.20172185302840845, 0.0]}, 'small_block': {'pos': [0.6140097595303955, -0.3535133918987863, 0.1097032402875184], 'size': [0.04461973939918376, 0.0849493067344041, 0.09534921802665242]}}"
4.308999999999774,0.5159990490613133,0.0,0.4,0.5107628527322705,2.094174291204851e-07,0.3999960709348634,"{'table_obstacle': {'pos': [0.3825981920028062, 0.37518922255766707, 0.1646257963690813], 'size': [0.049837904948193595, 0.0813235869879147, 0.05243307039854257]}, 'pillar_obstacle': {'pos': [0.39994824830915515, -0.3824307480766307, 0.23470116647765446], 'size': [0.033663755439403885, 0.20172185302840845, 0.0]}, 'small_block': {'pos': [0.6140097595303955, -0.3535133918987863, 0.1097032402875184], 'size': [0.04461973939918376, 0.0849493067344041, 0.09534921802665242]}}"
4.309999999999774,0.5159990490613133,0.0,0.4,0.5108338904213803,2.2065444362217662e-07,0.39999599662876933,"{'table_obstacle': {'pos': [0.3825981920028062, 0.37518922255766707, 0.1646257963690813], 'size': [0.049837904948193595, 0.0813235869879147, 0.05243307039854257]}, 'pillar_obstacle': {'pos': [0.39994824830915515, -0.3824307480766307, 0.23470116647765446], 'size': [0.033663755439403885, 0.20172185302840845, 0.0]}, 'small_block': {'pos': [0.6140097595303955, -0.3535133918987863, 0.1097032402875184], 'size': [0.04461973939918376, 0.0849493067344041, 0.09534921802665242]}}"
4.310999999999774,0.5159990490613133,0.0,0.4,0.5109046179157667,2.2827779298631538e-07,0.39999593571023323,"{'table_obstacle': {'pos': [0.3825981920028062, 0.37518922255766707, 0.1646257963690813], 'size': [0.049837904948193595, 0.0813235869879147, 0.05243307039854257]}, 'pillar_obstacle': {'pos': [0.39994824830915515, -0.3824307480766307, 0.23470116647765446], 'size': [0.033663755439403885, 0.20172185302840845, 0.0]}, 'small_block': {'pos': [0.6140097595303955, -0.3535133918987863, 0.1097032402875184], 'size': [0.04461973939918376, 0.0849493067344041, 0.09534921802665242]}}"
4.311999999999775,0.5159990490613133,0.0,0.4,0.5109749063097275,2.3271127578653292e-07,0.3999958869652373,"{'table_obstacle': {'pos': [0.3825981920028062, 0.37518922255766707, 0.1646257963690813], 'size': [0.049837904948193595, 0.0813235869879147, 0.05243307039854257]}, 'pillar_obstacle': {'pos': [0.39994824830915515, -0.3824307480766307, 0.23470116647765446], 'size': [0.033663755439403885, 0.20172185302840845, 0.0]}, 'small_block': {'pos': [0.6140097595303955, -0.3535133918987863, 0.1097032402875184], 'size': [0.04461973939918376, 0.0849493067344041, 0.09534921802665242]}}"
4.312999999999775,0.5159990490613133,0.0,0.4,0.5110446538256318,2.3436271833043703e-07,0.3999958491813286,"{'table_obstacle': {'pos': [0.3825981920028062, 0.37518922255766707, 0.1646257963690813], 'size': [0.049837904948193595, 0.0813235869879147, 0.05243307039854257]}, 'pillar_obstacle': {'pos': [0.39994824830915515, -0.3824307480766307, 0.23470116647765446], 'size': [0.033663755439403885, 0.20172185302840845, 0.0]}, 'small_block': {'pos': [0.6140097595303955, -0.3535133918987863, 0.1097032402875184], 'size': [0.04461973939918376, 0.0849493067344041, 0.09534921802665242]}}"
4.313999999999775,0.5159990490613133,0.0,0.4,0.5111137806287178,2.3361426040845396e-07,0.3999958211890654,"{'table_obstacle': {'pos': [0.3825981920028062, 0.37518922255766707, 0.1646257963690813], 'size': [0.049837904948193595, 0.0813235869879147, 0.05243307039854257]}, 'pillar_obstacle': {'pos': [0.39994824830915515, -0.3824307480766307, 0.23470116647765446], 'size': [0.033663755439403885, 0.20172185302840845, 0.0]}, 'small_block': {'pos': [0.6140097595303955, -0.3535133918987863, 0.1097032402875184], 'size': [0.04461973939918376, 0.0849493067344041, 0.09534921802665242]}}"
4.314999999999776,0.5159990490613133,0.0,0.4,0.5111822246263353,2.3081695401681237e-07,0.39999580188771594,"{'table_obstacle': {'pos': [0.3825981920028062, 0.37518922255766707, 0.1646257963690813], 'size': [0.049837904948193595, 0.0813235869879147, 0.05243307039854257]}, 'pillar_obstacle': {'pos': [0.39994824830915515, -0.3824307480766307, 0.23470116647765446], 'size': [0.033663755439403885, 0.20172185302840845, 0.0]}, 'small_block': {'pos': [0.6140097595303955, -0.3535133918987863, 0.1097032402875184], 'size': [0.04461973939918376, 0.0849493067344041, 0.09534921802665242]}}"
4.315999999999776,0.5159990490613133,0.0,0.4,0.5112499380648345,2.2628838058289334e-07,0.3999957902597075,"{'table_obstacle': {'pos': [0.3825981920028062, 0.37518922255766707, 0.1646257963690813], 'size': [0.049837904948193595, 0.0813235869879147, 0.05243307039854257]}, 'pillar_obstacle': {'pos': [0.39994824830915515, -0.3824307480766307, 0.23470116647765446], 'size': [0.033663755439403885, 0.20172185302840845, 0.0]}, 'small_block': {'pos': [0.6140097595303955, -0.3535133918987863, 0.1097032402875184], 'size': [0.04461973939918376, 0.0849493067344041, 0.09534921802665242]}}"
4.316999999999776,0.5159990490613133,0.0,0.4,0.5113168847727396,2.203123267708443e-07,0.39999578537718816,"{'table_obstacle': {'pos': [0.3825981920028062, 0.37518922255766707, 0.1646257963690813], 'size': [0.049837904948193595, 0.0813235869879147, 0.05243307039854257]}, 'pillar_obstacle': {'pos': [0.39994824830915515, -0.3824307480766307, 0.23470116647765446], 'size': [0.033663755439403885, 0.20172185302840845, 0.0]}, 'small_block': {'pos': [0.6140097595303955, -0.3535133918987863, 0.1097032402875184], 'size': [0.04461973939918376, 0.0849493067344041, 0.09534921802665242]}}"
4.317999999999777,0.5159990490613133,0.0,0.4,0.5113830379275544,2.1313981853157664e-07,0.3999957864031693,"{'table_obstacle': {'pos': [0.3825981920028062, 0.37518922255766707, 0.1646257963690813], 'size': [0.049837904948193595, 0.0813235869879147, 0.05243307039854257]}, 'pillar_obstacle': {'pos': [0.39994824830915515, -0.3824307480766307, 0.23470116647765446], 'size': [0.033663755439403885, 0.20172185302840845, 0.0]}, 'small_block': {'pos': [0.6140097595303955, -0.3535133918987863, 0.1097032402875184], 'size': [0.04461973939918376, 0.0849493067344041, 0.09534921802665242]}}"
4.318999999999777,0.5159990490613133,0.0,0.4,0.5114483782468288,2.0499100423955574e-07,0.3999957925890785,"{'table_obstacle': {'pos': [0.3825981920028062, 0.37518922255766707, 0.1646257963690813], 'size': [0.049837904948193595, 0.0813235869879147, 0.05243307039854257]}, 'pillar_obstacle': {'pos': [0.39994824830915515, -0.3824307480766307, 0.23470116647765446], 'size': [0.033663755439403885, 0.20172185302840845, 0.0]}, 'small_block': {'pos': [0.6140097595303955, -0.3535133918987863, 0.1097032402875184], 'size': [0.04461973939918376, 0.0849493067344041, 0.09534921802665242]}}"
4.319999999999777,0.5159990490613133,0.0,0.4,0.5115128925229604,1.9605752293036673e-07,0.3999958032700338,"{'table_obstacle': {'pos': [0.3825981920028062, 0.37518922255766707, 0.1646257963690813], 'size': [0.049837904948193595, 0.0813235869879147, 0.05243307039854257]}, 'pillar_obstacle': {'pos': [0.39994824830915515, -0.3824307480766307, 0.23470116647765446], 'size': [0.033663755439403885, 0.20172185302840845, 0.0]}, 'small_block': {'pos': [0.6140097595303955, -0.3535133918987863, 0.1097032402875184], 'size': [0.04461973939918376, 0.0849493067344041, 0.09534921802665242]}}"
4.320999999999778,0.5159990490613133,0.0,0.4,0.5115765724364949,1.8650510453553938e-07,0.39999581785879235,"{'table_obstacle': {'pos': [0.3825981920028062, 0.37518922255766707, 0.1646257963690813], 'size': [0.049837904948193595, 0.0813235869879147, 0.05243307039854257]}, 'pillar_obstacle': {'pos': [0.39994824830915515, -0.3824307480766307, 0.23470116647765446], 'size': [0.033663755439403885, 0.20172185302840845, 0.0]}, 'small_block': {'pos': [0.6140097595303955, -0.3535133918987863, 0.1097032402875184], 'size': [0.04461973939918376, 0.0849493067344041, 0.09534921802665242]}}"
4.321999999999778,0.5159990490613133,0.0,0.4,0.5116394135950678,1.7647622280812037e-07,0.3999958358390442,"{'table_obstacle': {'pos': [0.3825981920028062, 0.37518922255766707, 0.1646257963690813], 'size': [0.049837904948193595, 0.0813235869879147, 0.05243307039854257]}, 'pillar_obstacle': {'pos': [0.39994824830915515, -0.3824307480766307, 0.23470116647765446], 'size': [0.033663755439403885, 0.20172185302840845, 0.0]}, 'small_block': {'pos': [0.6140097595303955, -0.3535133918987863, 0.1097032402875184], 'size': [0.04461973939918376, 0.0849493067344041, 0.09534921802665242]}}"
4.322999999999778,0.5159990490613133,0.0,0.4,0.511701414755163,1.6609268933169896e-07,0.39999585675851246,"{'table_obstacle': {'pos': [0.3825981920028062, 0.37518922255766707, 0.1646257963690813], 'size': [0.049837904948193595, 0.0813235869879147, 0.05243307039854257]}, 'pillar_obstacle': {'pos': [0.39994824830915515, -0.3824307480766307, 0.23470116647765446], 'size': [0.033663755439403885, 0.20172185302840845, 0.0]}, 'small_block': {'pos': [0.6140097595303955, -0.3535133918987863, 0.1097032402875184], 'size': [0.04461973939918376, 0.0849493067344041, 0.09534921802665242]}}"
4.323999999999779,0.5159990490613133,0.0,0.4,0.5117625771919851,1.5545810969497313e-07,0.39999588022216936,"{'table_obstacle': {'pos': [0.3825981920028062, 0.37518922255766707, 0.1646257963690813], 'size': [0.049837904948193595, 0.0813235869879147, 0.05243307039854257]}, 'pillar_obstacle': {'pos': [0.39994824830915515, -0.3824307480766307, 0.23470116647765446], 'size': [0.033663755439403885, 0.20172185302840845, 0.0]}, 'small_block': {'pos': [0.6140097595303955, -0.3535133918987863, 0.1097032402875184], 'size': [0.04461973939918376, 0.0849493067344041, 0.09534921802665242]}}"
4.324999999999779,0.5159990490613133,0.0,0.4,0.5118229041893404,1.4466016306872998e-07,0.3999959058857742,"{'table_obstacle': {'pos': [0.3825981920028062, 0.37518922255766707, 0.1646257963690813], 'size': [0.049837904948193595, 0.0813235869879147, 0.05243307039854257]}, 'pillar_obstacle': {'pos': [0.39994824830915515, -0.3824307480766307, 0.23470116647765446], 'size': [0.033663755439403885, 0.20172185302840845, 0.0]}, 'small_block': {'pos': [0.6140097595303955, -0.3535133918987863, 0.1097032402875184], 'size': [0.04461973939918376, 0.0849493067344041, 0.09534921802665242]}}"
4.325999999999779,0.5159990490613133,0.0,0.4,0.5118824006267407,1.3377267891473127e-07,0.39999593344984863,"{'table_obstacle': {'pos': [0.3825981920028062, 0.37518922255766707, 0.1646257963690813], 'size': [0.049837904948193595, 0.0813235869879147, 0.05243307039854257]}, 'pillar_obstacle': {'pos': [0.39994824830915515, -0.3824307480766307, 0.23470116647765446], 'size': [0.033663755439403885, 0.20172185302840845, 0.0]}, 'small_block': {'pos': [0.6140097595303955, -0.3535133918987863, 0.1097032402875184], 'size': [0.04461973939918376, 0.0849493067344041, 0.09534921802665242]}}"
4.32699999999978,0.5159990490613133,0.0,0.4,0.5119410726452872,1.2285750832793533e-07,0.3999959626541544,"{'table_obstacle': {'pos': [0.3825981920028062, 0.37518922255766707, 0.1646257963690813], 'size': [0.049837904948193595, 0.0813235869879147, 0.05243307039854257]}, 'pillar_obstacle': {'pos': [0.39994824830915515, -0.3824307480766307, 0.23470116647765446], 'size': [0.033663755439403885, 0.20172185302840845, 0.0]}, 'small_block': {'pos': [0.6140097595303955, -0.3535133918987863, 0.1097032402875184], 'size': [0.04461973939918376, 0.0849493067344041, 0.09534921802665242]}}"
4.32799999999978,0.5159990490613133,0.0,0.4,0.511998927377368,1.1196618952603109e-07,0.39999599327269764,"{'table_obstacle': {'pos': [0.3825981920028062, 0.37518922255766707, 0.1646257963690813], 'size': [0.049837904948193595, 0.0813235869879147, 0.05243307039854257]}, 'pillar_obstacle': {'pos': [0.39994824830915515, -0.3824307480766307, 0.23470116647765446], 'size': [0.033663755439403885, 0.20172185302840845, 0.0]}, 'small_block': {'pos': [0.6140097595303955, -0.3535133918987863, 0.1097032402875184], 'size': [0.04461973939918376, 0.0849493067344041, 0.09534921802665242]}}"
4.32899999999978,0.5159990490613133,0.0,0.4,0.5120559727280682,1.0114141952190409e-07,0.3999960251092568,"{'table_obstacle': {'pos': [0.3825981920028062, 0.37518922255766707, 0.1646257963690813], 'size': [0.049837904948193595, 0.0813235869879147, 0.05243307039854257]}, 'pillar_obstacle': {'pos': [0.39994824830915515, -0.3824307480766307, 0.23470116647765446], 'size': [0.033663755439403885, 0.20172185302840845, 0.0]}, 'small_block': {'pos': [0.6140097595303955, -0.3535133918987863, 0.1097032402875184], 'size': [0.04461973939918376, 0.0849493067344041, 0.09534921802665242]}}"
4.329999999999781,0.5159990490613133,0.0,0.4,0.5121122171984688,9.041834422472831e-08,0.39999605799341165,"{'table_obstacle': {'pos': [0.3825981920028062, 0.37518922255766707, 0.1646257963690813], 'size': [0.049837904948193595, 0.0813235869879147, 0.05243307039854257]}, 'pillar_obstacle': {'pos': [0.39994824830915515, -0.3824307480766307, 0.23470116647765446], 'size': [0.033663755439403885, 0.20172185302840845, 0.0]}, 'small_block': {'pos': [0.6140097595303955, -0.3535133918987863, 0.1097032402875184], 'size': [0.04461973939918376, 0.0849493067344041, 0.09534921802665242]}}"
4.330999999999781,0.5159990490613133,0.0,0.4,0.5121676697428837,7.982568164881498e-08,0.3999960917770464,"{'table_obstacle': {'pos': [0.3825981920028062, 0.37518922255766707, 0.1646257963690813], 'size': [0.049837904948193595, 0.0813235869879147, 0.05243307039854257]}, 'pillar_obstacle': {'pos': [0.39994824830915515, -0.3824307480766307, 0.23470116647765446], 'size': [0.033663755439403885, 0.20172185302840845, 0.0]}, 'small_block': {'pos': [0.6140097595303955, -0.3535133918987863, 0.1097032402875184], 'size': [0.04461973939918376, 0.0849493067344041, 0.09534921802665242]}}"
4.331999999999781,0.5159990490613133,0.0,0.4,0.5122223396535925,6.938669774088998e-08,0.3999961263312832,"{'table_obstacle': {'pos': [0.3825981920028062, 0.37518922255766707, 0.1646257963690813], 'size': [0.049837904948193595, 0.0813235869879147, 0.05243307039854257]}, 'pillar_obstacle': {'pos': [0.39994824830915515, -0.3824307480766307, 0.23470116647765446], 'size': [0.033663755439403885, 0.20172185302840845, 0.0]}, 'small_block': {'pos': [0.6140097595303955, -0.3535133918987863, 0.1097032402875184], 'size': [0.04461973939918376, 0.0849493067344041, 0.09534921802665242]}}"
4.332999999999782,0.5159990490613133,0.0,0.4,0.5122762364678445,5.9120045385170955e-08,0.3999961615438111,"{'table_obstacle': {'pos': [0.3825981920028062, 0.37518922255766707, 0.1646257963690813], 'size': [0.049837904948193595, 0.0813235869879147, 0.05243307039854257]}, 'pillar_obstacle': {'pos': [0.39994824830915515, -0.3824307480766307, 0.23470116647765446], 'size': [0.033663755439403885, 0.20172185302840845, 0.0]}, 'small_block': {'pos': [0.6140097595303955, -0.3535133918987863, 0.1097032402875184], 'size': [0.04461973939918376, 0.0849493067344041, 0.09534921802665242]}}"
4.333999999999782,0.5159990490613133,0.0,0.4,0.5123293698929079,4.9040486872757646e-08,0.3999961973165682,"{'table_obstacle': {'pos': [0.3825981920028062, 0.37518922255766707, 0.1646257963690813], 'size': [0.049837904948193595, 0.0813235869879147, 0.05243307039854257]}, 'pillar_obstacle': {'pos': [0.39994824830915515, -0.3824307480766307, 0.23470116647765446], 'size': [0.033663755439403885, 0.20172185302840845, 0.0]}, 'small_block': {'pos': [0.6140097595303955, -0.3535133918987863, 0.1097032402875184], 'size': [0.04461973939918376, 0.0849493067344041, 0.09534921802665242]}}"
4.334999999999782,0.5159990490613133,0.0,0.4,0.5123817497457319,3.9159513258457395e-08,0.3999962335637362,"{'table_obstacle': {'pos': [0.3825981920028062, 0.37518922255766707, 0.1646257963690813], 'size': [0.049837904948193595, 0.0813235869879147, 0.05243307039854257]}, 'pillar_obstacle': {'pos': [0.39994824830915515, -0.3824307480766307, 0.23470116647765446], 'size': [0.033663755439403885, 0.20172185302840845, 0.0]}, 'small_block': {'pos': [0.6140097595303955, -0.3535133918987863, 0.1097032402875184], 'size': [0.04461973939918376, 0.0849493067344041, 0.09534921802665242]}}"
4.335999999999783,0.5159990490613133,0.0,0.4,0.5124333859044481,2.9485870833069746e-08,0.39999627021001455,"{'table_obstacle': {'pos': [0.3825981920028062, 0.37518922255766707, 0.1646257963690813], 'size': [0.049837904948193595, 0.0813235869879147, 0.05243307039854257]}, 'pillar_obstacle': {'pos': [0.39994824830915515, -0.3824307480766307, 0.23470116647765446], 'size': [0.033663755439403885, 0.20172185302840845, 0.0]}, 'small_block': {'pos': [0.6140097595303955, -0.3535133918987863, 0.1097032402875184], 'size': [0.04461973939918376, 0.0849493067344041, 0.09534921802665242]}}"
4.336999999999783,0.5159990490613133,0.0,0.4,0.5124842882694577,2.002601116443091e-08,0.39999630718913587,"{'table_obstacle': {'pos': [0.3825981920028062, 0.37518922255766707, 0.1646257963690813], 'size': [0.049837904948193595, 0.0813235869879147, 0.05243307039854257]}, 'pillar_obstacle': {'pos': [0.39994824830915515, -0.3824307480766307, 0.23470116647765446], 'size': [0.033663755439403885, 0.20172185302840845, 0.0]}, 'small_block': {'pos': [0.6140097595303955, -0.3535133918987863, 0.1097032402875184], 'size': [0.04461973939918376, 0.0849493067344041, 0.09534921802665242]}}"
4.337999999999783,0.5159990490613133,0.0,0.4,0.5125344667322833,1.0784471073197415e-08,0.39999634444259324,"{'table_obstacle': {'pos': [0.3825981920028062, 0.37518922255766707, 0.1646257963690813], 'size': [0.049837904948193595, 0.0813235869879147, 0.05243307039854257]}, 'pillar_obstacle': {'pos': [0.39994824830915515, -0.3824307480766307, 0.23470116647765446], 'size': [0.033663755439403885, 0.20172185302840845, 0.0]}, 'small_block': {'pos': [0.6140097595303955, -0.3535133918987863, 0.1097032402875184], 'size': [0.04461973939918376, 0.0849493067344041, 0.09534921802665242]}}"
4.338999999999784,0.5159990490613133,0.0,0.4,0.5125839311507051,1.7641959692598247e-09,0.399996381918552,"{'table_obstacle': {'pos': [0.3825981920028062, 0.37518922255766707, 0.1646257963690813], 'size': [0.049837904948193595, 0.0813235869879147, 0.05243307039854257]}, 'pillar_obstacle': {'pos': [0.39994824830915515, -0.3824307480766307, 0.23470116647765446], 'size': [0.033663755439403885, 0.20172185302840845, 0.0]}, 'small_block': {'pos': [0.6140097595303955, -0.3535133918987863, 0.1097032402875184], 'size': [0.04461973939918376, 0.0849493067344041, 0.09534921802665242]}}"
4.339999999999784,0.5159990490613133,0.0,0.4,0.5126326913289878,-7.033188061245464e-09,0.3999964195709212,"{'table_obstacle': {'pos': [0.3825981920028062, 0.37518922255766707, 0.1646257963690813], 'size': [0.049837904948193595, 0.0813235869879147, 0.05243307039854257]}, 'pillar_obstacle': {'pos': [0.39994824830915515, -0.3824307480766307, 0.23470116647765446], 'size': [0.033663755439403885, 0.20172185302840845, 0.0]}, 'small_block': {'pos': [0.6140097595303955, -0.3535133918987863, 0.1097032402875184], 'size': [0.04461973939918376, 0.0849493067344041, 0.09534921802665242]}}"
4.340999999999784,0.5159990490613133,0.0,0.4,0.5126807570022254,-1.560714415703972e-08,0.39999645735856015,"{'table_obstacle': {'pos': [0.3825981920028062, 0.37518922255766707, 0.1646257963690813], 'size': [0.049837904948193595, 0.0813235869879147, 0.05243307039854257]}, 'pillar_obstacle': {'pos': [0.39994824830915515, -0.3824307480766307, 0.23470116647765446], 'size': [0.033663755439403885, 0.20172185302840845, 0.0]}, 'small_block': {'pos': [0.6140097595303955, -0.3535133918987863, 0.1097032402875184], 'size': [0.04461973939918376, 0.0849493067344041, 0.09534921802665242]}}"
4.341999999999785,0.5159990490613133,0.0,0.4,0.5127281378240168,-2.3958031951804238e-08,0.39999649524460335,"{'table_obstacle': {'pos': [0.3825981920028062, 0.37518922255766707, 0.1646257963690813], 'size': [0.049837904948193595, 0.0813235869879147, 0.05243307039854257]}, 'pillar_obstacle': {'pos': [0.39994824830915515, -0.3824307480766307, 0.23470116647765446], 'size': [0.033663755439403885, 0.20172185302840845, 0.0]}, 'small_block': {'pos': [0.6140097595303955, -0.3535133918987863, 0.1097032402875184], 'size': [0.04461973939918376, 0.0849493067344041, 0.09534921802665242]}}"
4.342999999999785,0.5159990490613133,0.0,0.4,0.5127748433568402,-3.208694503821801e-08,0.39999653319588646,"{'table_obstacle': {'pos': [0.3825981920028062, 0.37518922255766707, 0.1646257963690813], 'size': [0.049837904948193595, 0.0813235869879147, 0.05243307039854257]}, 'pillar_obstacle': {'pos': [0.39994824830915515, -0.3824307480766307, 0.23470116647765446], 'size': [0.033663755439403885, 0.20172185302840845, 0.0]}, 'small_block': {'pos': [0.6140097595303955, -0.3535133918987863, 0.1097032402875184], 'size': [0.04461973939918376, 0.0849493067344041, 0.09534921802665242]}}"
4.343999999999785,0.5159990490613133,0.0,0.4,0.5128208830646046,-3.999557506968618e-08,0.39999657118245757,"{'table_obstacle': {'pos': [0.3825981920028062, 0.37518922255766707, 0.1646257963690813], 'size': [0.049837904948193595, 0.0813235869879147, 0.05243307039854257]}, 'pillar_obstacle': {'pos': [0.39994824830915515, -0.3824307480766307, 0.23470116647765446], 'size': [0.033663755439403885, 0.20172185302840845, 0.0]}, 'small_block': {'pos': [0.6140097595303955, -0.3535133918987863, 0.1097032402875184], 'size': [0.04461973939918376, 0.0849493067344041, 0.09534921802665242]}}"
4.344999999999786,0.5159990490613133,0.0,0.4,0.5128662663069633,-4.7686097822477484e-08,0.3999966091771616,"{'table_obstacle': {'pos': [0.3825981920028062, 0.37518922255766707, 0.1646257963690813], 'size': [0.049837904948193595, 0.0813235869879147, 0.05243307039854257]}, 'pillar_obstacle': {'pos': [0.39994824830915515, -0.3824307480766307, 0.23470116647765446], 'size': [0.033663755439403885, 0.20172185302840845, 0.0]}, 'small_block': {'pos': [0.6140097595303955, -0.3535133918987863, 0.1097032402875184], 'size': [0.04461973939918376, 0.0849493067344041, 0.09534921802665242]}}"
4.345999999999786,0.5159990490613133,0.0,0.4,0.5129110023350506,-5.5161078495828356e-08,0.3999966471552882,"{'table_obstacle': {'pos': [0.3825981920028062, 0.37518922255766707, 0.1646257963690813], 'size': [0.049837904948193595, 0.0813235869879147, 0.05243307039854257]}, 'pillar_obstacle': {'pos': [0.39994824830915515, -0.3824307480766307, 0.23470116647765446], 'size': [0.033663755439403885, 0.20172185302840845, 0.0]}, 'small_block': {'pos': [0.6140097595303955, -0.3535133918987863, 0.1097032402875184], 'size': [0.04461973939918376, 0.0849493067344041, 0.09534921802665242]}}"
4.346999999999786,0.5159990490613133,0.0,0.4,0.5129551002883657,-6.242339209444704e-08,0.39999668509426956,"{'table_obstacle': {'pos': [0.3825981920028062, 0.37518922255766707, 0.1646257963690813], 'size': [0.049837904948193595, 0.0813235869879147, 0.05243307039854257]}, 'pillar_obstacle': {'pos': [0.39994824830915515, -0.3824307480766307, 0.23470116647765446], 'size': [0.033663755439403885, 0.20172185302840845, 0.0]}, 'small_block': {'pos': [0.6140097595303955, -0.3535133918987863, 0.1097032402875184], 'size': [0.04461973939918376, 0.0849493067344041, 0.09534921802665242]}}"
4.347999999999787,0.5159990490613133,0.0,0.4,0.5129985691925829,-6.947615715469194e-08,0.3999967229734276,"{'table_obstacle': {'pos': [0.3825981920028062, 0.37518922255766707, 0.1646257963690813], 'size': [0.049837904948193595, 0.0813235869879147, 0.05243307039854257]}, 'pillar_obstacle': {'pos': [0.39994824830915515, -0.3824307480766307, 0.23470116647765446], 'size': [0.033663755439403885, 0.20172185302840845, 0.0]}, 'small_block': {'pos': [0.6140097595303955, -0.3535133918987863, 0.1097032402875184], 'size': [0.04461973939918376, 0.0849493067344041, 0.09534921802665242]}}"
4.348999999999787,0.5159990490613133,0.0,0.4,0.5130414179581079,-7.632268198573741e-08,0.39999676077375385,"{'table_obstacle': {'pos': [0.3825981920028062, 0.37518922255766707, 0.1646257963690813], 'size': [0.049837904948193595, 0.0813235869879147, 0.05243307039854257]}, 'pillar_obstacle': {'pos': [0.39994824830915515, -0.3824307480766307, 0.23470116647765446], 'size': [0.033663755439403885, 0.20172185302840845, 0.0]}, 'small_block': {'pos': [0.6140097595303955, -0.3535133918987863, 0.1097032402875184], 'size': [0.04461973939918376, 0.0849493067344041, 0.09534921802665242]}}"
4.349999999999787,0.5159990490613133,0.0,0.4,0.5130836553792315,-8.296641783629758e-08,0.39999679847772535,"{'table_obstacle': {'pos': [0.3825981920028062, 0.37518922255766707, 0.1646257963690813], 'size': [0.049837904948193595, 0.0813235869879147, 0.05243307039854257]}, 'pillar_obstacle': {'pos': [0.39994824830915515, -0.3824307480766307, 0.23470116647765446], 'size': [0.033663755439403885, 0.20172185302840845, 0.0]}, 'small_block': {'pos': [0.6140097595303955, -0.3535133918987863, 0.1097032402875184], 'size': [0.04461973939918376, 0.0849493067344041, 0.09534921802665242]}}"
4.350999999999788,0.5159990490613133,0.0,0.4,0.5131252901337677,-8.941092213998045e-08,0.3999968360691464,"{'table_obstacle': {'pos': [0.3825981920028062, 0.37518922255766707, 0.1646257963690813], 'size': [0.049837904948193595, 0.0813235869879147, 0.05243307039854257]}, 'pillar_obstacle': {'pos': [0.39994824830915515, -0.3824307480766307, 0.23470116647765446], 'size': [0.033663755439403885, 0.20172185302840845, 0.0]}, 'small_block': {'pos': [0.6140097595303955, -0.3535133918987863, 0.1097032402875184], 'size': [0.04461973939918376, 0.0849493067344041, 0.09534921802665242]}}"
4.351999999999788,0.5159990490613133,0.0,0.4,0.5131663307830754,-9.56598268323741e-08,0.3999968735330122,"{'table_obstacle': {'pos': [0.3825981920028062, 0.37518922255766707, 0.1646257963690813], 'size': [0.049837904948193595, 0.0813235869879147, 0.05243307039854257]}, 'pillar_obstacle': {'pos': [0.39994824830915515, -0.3824307480766307, 0.23470116647765446], 'size': [0.033663755439403885, 0.20172185302840845, 0.0]}, 'small_block': {'pos': [0.6140097595303955, -0.3535133918987863, 0.1097032402875184], 'size': [0.04461973939918376, 0.0849493067344041, 0.09534921802665242]}}"
4.352999999999788,0.5159990490613133,0.0,0.4,0.5132067857723883,-1.0171681286956865e-07,0.3999969108553931,"{'table_obstacle': {'pos': [0.3825981920028062, 0.37518922255766707, 0.1646257963690813], 'size': [0.049837904948193595, 0.0813235869879147, 0.05243307039854257]}, 'pillar_obstacle': {'pos': [0.39994824830915515, -0.3824307480766307, 0.23470116647765446], 'size': [0.033663755439403885, 0.20172185302840845, 0.0]}, 'small_block': {'pos': [0.6140097595303955, -0.3535133918987863, 0.1097032402875184], 'size': [0.04461973939918376, 0.0849493067344041, 0.09534921802665242]}}"
4.353999999999789,0.5159990490613133,0.0,0.4,0.5132466634313914,-1.0758558969659635e-07,0.39999694802333474,"{'table_obstacle': {'pos': [0.3825981920028062, 0.37518922255766707, 0.1646257963690813], 'size': [0.049837904948193595, 0.0813235869879147, 0.05243307039854257]}, 'pillar_obstacle': {'pos': [0.39994824830915515, -0.3824307480766307, 0.23470116647765446], 'size': [0.033663755439403885, 0.20172185302840845, 0.0]}, 'small_block': {'pos': [0.6140097595303955, -0.3535133918987863, 0.1097032402875184], 'size': [0.04461973939918376, 0.0849493067344041, 0.09534921802665242]}}"
4.354999999999789,0.5159990490613133,0.0,0.4,0.5132859719749907,-1.1326987654390742e-07,0.39999698502477177,"{'table_obstacle': {'pos': [0.3825981920028062, 0.37518922255766707, 0.1646257963690813], 'size': [0.049837904948193595, 0.0813235869879147, 0.05243307039854257]}, 'pillar_obstacle': {'pos': [0.39994824830915515, -0.3824307480766307, 0.23470116647765446], 'size': [0.033663755439403885, 0.20172185302840845, 0.0]}, 'small_block': {'pos': [0.6140097595303955, -0.3535133918987863, 0.1097032402875184], 'size': [0.04461973939918376, 0.0849493067344041, 0.09534921802665242]}}"
4.355999999999789,0.5159990490613133,0.0,0.4,0.5133247195042365,-1.187733895325232e-07,0.3999970218484529,"{'table_obstacle': {'pos': [0.3825981920028062, 0.37518922255766707, 0.1646257963690813], 'size': [0.049837904948193595, 0.0813235869879147, 0.05243307039854257]}, 'pillar_obstacle': {'pos': [0.39994824830915515, -0.3824307480766307, 0.23470116647765446], 'size': [0.033663755439403885, 0.20172185302840845, 0.0]}, 'small_block': {'pos': [0.6140097595303955, -0.3535133918987863, 0.1097032402875184], 'size': [0.04461973939918376, 0.0849493067344041, 0.09534921802665242]}}"
4.35699999999979,0.5159990490613133,0.0,0.4,0.5133629140073688,-1.240998298032504e-07,0.3999970584838766,"{'table_obstacle': {'pos': [0.3825981920028062, 0.37518922255766707, 0.1646257963690813], 'size': [0.049837904948193595, 0.0813235869879147, 0.05243307039854257]}, 'pillar_obstacle': {'pos': [0.39994824830915515, -0.3824307480766307, 0.23470116647765446], 'size': [0.033663755439403885, 0.20172185302840845, 0.0]}, 'small_block': {'pos': [0.6140097595303955, -0.3535133918987863, 0.1097032402875184], 'size': [0.04461973939918376, 0.0849493067344041, 0.09534921802665242]}}"
4.35799999999979,0.5159990490613133,0.0,0.4,0.5134005633609519,-1.2925287366443198e-07,0.39999709492123364,"{'table_obstacle': {'pos': [0.3825981920028062, 0.37518922255766707, 0.1646257963690813], 'size': [0.049837904948193595, 0.0813235869879147, 0.05243307039854257]}, 'pillar_obstacle': {'pos': [0.39994824830915515, -0.3824307480766307, 0.23470116647765446], 'size': [0.033663755439403885, 0.20172185302840845, 0.0]}, 'small_block': {'pos': [0.6140097595303955, -0.3535133918987863, 0.1097032402875184], 'size': [0.04461973939918376, 0.0849493067344041, 0.09534921802665242]}}"
4.35899999999979,0.5159990490613133,0.0,0.4,0.5134376753310848,-1.342361658028791e-07,0.399997131151358,"{'table_obstacle': {'pos': [0.3825981920028062, 0.37518922255766707, 0.1646257963690813], 'size': [0.049837904948193595, 0.0813235869879147, 0.05243307039854257]}, 'pillar_obstacle': {'pos': [0.39994824830915515, -0.3824307480766307, 0.23470116647765446], 'size': [0.033663755439403885, 0.20172185302840845, 0.0]}, 'small_block': {'pos': [0.6140097595303955, -0.3535133918987863, 0.1097032402875184], 'size': [0.04461973939918376, 0.0849493067344041, 0.09534921802665242]}}"
4.359999999999791,0.5159990490613133,0.0,0.4,0.5134742575746624,-1.3905331277955326e-07,0.3999971671656832,"{'table_obstacle': {'pos': [0.3825981920028062, 0.37518922255766707, 0.1646257963690813], 'size': [0.049837904948193595, 0.0813235869879147, 0.05243307039854257]}, 'pillar_obstacle': {'pos': [0.39994824830915515, -0.3824307480766307, 0.23470116647765446], 'size': [0.033663755439403885, 0.20172185302840845, 0.0]}, 'small_block': {'pos': [0.6140097595303955, -0.3535133918987863, 0.1097032402875184], 'size': [0.04461973939918376, 0.0849493067344041, 0.09534921802665242]}}"
4.360999999999791,0.5159990490613133,0.0,0.4,0.5135103176406773,-1.437078782366684e-07,0.39999720295620256,"{'table_obstacle': {'pos': [0.3825981920028062, 0.37518922255766707, 0.1646257963690813], 'size': [0.049837904948193595, 0.0813235869879147, 0.05243307039854257]}, 'pillar_obstacle': {'pos': [0.39994824830915515, -0.3824307480766307, 0.23470116647765446], 'size': [0.033663755439403885, 0.20172185302840845, 0.0]}, 'small_block': {'pos': [0.6140097595303955, -0.3535133918987863, 0.1097032402875184], 'size': [0.04461973939918376, 0.0849493067344041, 0.09534921802665242]}}"
4.361999999999791,0.5159990490613133,0.0,0.4,0.5135458629715515,-1.4820337949904798e-07,0.3999972385154361,"{'table_obstacle': {'pos': [0.3825981920028062, 0.37518922255766707, 0.1646257963690813], 'size': [0.049837904948193595, 0.0813235869879147, 0.05243307039854257]}, 'pillar_obstacle': {'pos': [0.39994824830915515, -0.3824307480766307, 0.23470116647765446], 'size': [0.033663755439403885, 0.20172185302840845, 0.0]}, 'small_block': {'pos': [0.6140097595303955, -0.3535133918987863, 0.1097032402875184], 'size': [0.04461973939918376, 0.0849493067344041, 0.09534921802665242]}}"
4.362999999999792,0.5159990490613133,0.0,0.4,0.5135809009044835,-1.525432841552164e-07,0.39999727383639766,"{'table_obstacle': {'pos': [0.3825981920028062, 0.37518922255766707, 0.1646257963690813], 'size': [0.049837904948193595, 0.0813235869879147, 0.05243307039854257]}, 'pillar_obstacle': {'pos': [0.39994824830915515, -0.3824307480766307, 0.23470116647765446], 'size': [0.033663755439403885, 0.20172185302840845, 0.0]}, 'small_block': {'pos': [0.6140097595303955, -0.3535133918987863, 0.1097032402875184], 'size': [0.04461973939918376, 0.0849493067344041, 0.09534921802665242]}}"
4.363999999999792,0.5159990490613133,0.0,0.4,0.5136154386728118,-1.5673100851634028e-07,0.3999973089125685,"{'table_obstacle': {'pos': [0.3825981920028062, 0.37518922255766707, 0.1646257963690813], 'size': [0.049837904948193595, 0.0813235869879147, 0.05243307039854257]}, 'pillar_obstacle': {'pos': [0.39994824830915515, -0.3824307480766307, 0.23470116647765446], 'size': [0.033663755439403885, 0.20172185302840845, 0.0]}, 'small_block': {'pos': [0.6140097595303955, -0.3535133918987863, 0.1097032402875184], 'size': [0.04461973939918376, 0.0849493067344041, 0.09534921802665242]}}"
4.364999999999792,0.5159990490613133,0.0,0.4,0.5136494834073785,-1.6076991501156034e-07,0.39999734373787116,"{'table_obstacle': {'pos': [0.3825981920028062, 0.37518922255766707, 0.1646257963690813], 'size': [0.049837904948193595, 0.0813235869879147, 0.05243307039854257]}, 'pillar_obstacle': {'pos': [0.39994824830915515, -0.3824307480766307, 0.23470116647765446], 'size': [0.033663755439403885, 0.20172185302840845, 0.0]}, 'small_block': {'pos': [0.6140097595303955, -0.3535133918987863, 0.1097032402875184], 'size': [0.04461973939918376, 0.0849493067344041, 0.09534921802665242]}}"
4.365999999999793,0.5159990490613133,0.0,0.4,0.5136830421378986,-1.6466331158968993e-07,0.3999973783066468,"{'table_obstacle': {'pos': [0.3825981920028062, 0.37518922255766707, 0.1646257963690813], 'size': [0.049837904948193595, 0.0813235869879147, 0.05243307039854257]}, 'pillar_obstacle': {'pos': [0.39994824830915515, -0.3824307480766307, 0.23470116647765446], 'size': [0.033663755439403885, 0.20172185302840845, 0.0]}, 'small_block': {'pos': [0.6140097595303955, -0.3535133918987863, 0.1097032402875184], 'size': [0.04461973939918376, 0.0849493067344041, 0.09534921802665242]}}"
4.366999999999793,0.5159990490613133,0.0,0.4,0.5137161217943245,-1.6841445120182594e-07,0.3999974126136336,"{'table_obstacle': {'pos': [0.3825981920028062, 0.37518922255766707, 0.1646257963690813], 'size': [0.049837904948193595, 0.0813235869879147, 0.05243307039854257]}, 'pillar_obstacle': {'pos': [0.39994824830915515, -0.3824307480766307, 0.23470116647765446], 'size': [0.033663755439403885, 0.20172185302840845, 0.0]}, 'small_block': {'pos': [0.6140097595303955, -0.3535133918987863, 0.1097032402875184], 'size': [0.04461973939918376, 0.0849493067344041, 0.09534921802665242]}}"
4.367999999999793,0.5159990490613133,0.0,0.4,0.5137487292082029,-1.7202653099557068e-07,0.3999974466539476,"{'table_obstacle': {'pos': [0.3825981920028062, 0.37518922255766707, 0.1646257963690813], 'size': [0.049837904948193595, 0.0813235869879147, 0.05243307039854257]}, 'pillar_obstacle': {'pos': [0.39994824830915515, -0.3824307480766307, 0.23470116647765446], 'size': [0.033663755439403885, 0.20172185302840845, 0.0]}, 'small_block': {'pos': [0.6140097595303955, -0.3535133918987863, 0.1097032402875184], 'size': [0.04461973939918376, 0.0849493067344041, 0.09534921802665242]}}"
4.368999999999794,0.5159990490613133,0.0,0.4,0.5137808711140264,-1.755026919899315e-07,0.3999974804230647,"{'table_obstacle': {'pos': [0.3825981920028062, 0.37518922255766707, 0.1646257963690813], 'size': [0.049837904948193595, 0.0813235869879147, 0.05243307039854257]}, 'pillar_obstacle': {'pos': [0.39994824830915515, -0.3824307480766307, 0.23470116647765446], 'size': [0.033663755439403885, 0.20172185302840845, 0.0]}, 'small_block': {'pos': [0.6140097595303955, -0.3535133918987863, 0.1097032402875184], 'size': [0.04461973939918376, 0.0849493067344041, 0.09534921802665242]}}"
4.369999999999794,0.5159990490613133,0.0,0.4,0.5138125541505719,-1.7884601914235964e-07,0.399997513916803,"{'table_obstacle': {'pos': [0.3825981920028062, 0.37518922255766707, 0.1646257963690813], 'size': [0.049837904948193595, 0.0813235869879147, 0.05243307039854257]}, 'pillar_obstacle': {'pos': [0.39994824830915515, -0.3824307480766307, 0.23470116647765446], 'size': [0.033663755439403885, 0.20172185302840845, 0.0]}, 'small_block': {'pos': [0.6140097595303955, -0.3535133918987863, 0.1097032402875184], 'size': [0.04461973939918376, 0.0849493067344041, 0.09534921802665242]}}"
4.370999999999794,0.5159990490613133,0.0,0.4,0.5138437848622289,-1.820595418283693e-07,0.39999754713130836,"{'table_obstacle': {'pos': [0.3825981920028062, 0.37518922255766707, 0.1646257963690813], 'size': [0.049837904948193595, 0.0813235869879147, 0.05243307039854257]}, 'pillar_obstacle': {'pos': [0.39994824830915515, -0.3824307480766307, 0.23470116647765446], 'size': [0.033663755439403885, 0.20172185302840845, 0.0]}, 'small_block': {'pos': [0.6140097595303955, -0.3535133918987863, 0.1097032402875184], 'size': [0.04461973939918376, 0.0849493067344041, 0.09534921802665242]}}"
4.371999999999795,0.5159990490613133,0.0,0.4,0.5138745697003149,-1.8514623417904089e-07,0.39999758006303904,"{'table_obstacle': {'pos': [0.3825981920028062, 0.37518922255766707, 0.1646257963690813], 'size': [0.049837904948193595, 0.0813235869879147, 0.05243307039854257]}, 'pillar_obstacle': {'pos': [0.39994824830915515, -0.3824307480766307, 0.23470116647765446], 'size': [0.033663755439403885, 0.20172185302840845, 0.0]}, 'small_block': {'pos': [0.6140097595303955, -0.3535133918987863, 0.1097032402875184], 'size': [0.04461973939918376, 0.0849493067344041, 0.09534921802665242]}}"
4.372999999999795,0.5159990490613133,0.0,0.4,0.5139049150243746,-1.8810901475610622e-07,0.39999761270875167,"{'table_obstacle': {'pos': [0.3825981920028062, 0.37518922255766707, 0.1646257963690813], 'size': [0.049837904948193595, 0.0813235869879147, 0.05243307039854257]}, 'pillar_obstacle': {'pos': [0.39994824830915515, -0.3824307480766307, 0.23470116647765446], 'size': [0.033663755439403885, 0.20172185302840845, 0.0]}, 'small_block': {'pos': [0.6140097595303955, -0.3535133918987863, 0.1097032402875184], 'size': [0.04461973939918376, 0.0849493067344041, 0.09534921802665242]}}"
4.373999999999795,0.5159990490613133,0.0,0.4,0.5139348271034684,-1.9095074749473485e-07,0.39999764506548824,"{'table_obstacle': {'pos': [0.3825981920028062, 0.37518922255766707, 0.1646257963690813], 'size': [0.049837904948193595, 0.0813235869879147, 0.05243307039854257]}, 'pillar_obstacle': {'pos': [0.39994824830915515, -0.3824307480766307, 0.23470116647765446], 'size': [0.033663755439403885, 0.20172185302840845, 0.0]}, 'small_block': {'pos': [0.6140097595303955, -0.3535133918987863, 0.1097032402875184], 'size': [0.04461973939918376, 0.0849493067344041, 0.09534921802665242]}}"
4.374999999999796,0.5159990490613133,0.0,0.4,0.5139643121174415,-1.9367424313196622e-07,0.39999767713056444,"{'table_obstacle': {'pos': [0.3825981920028062, 0.37518922255766707, 0.1646257963690813], 'size': [0.049837904948193595, 0.0813235869879147, 0.05243307039854257]}, 'pillar_obstacle': {'pos': [0.39994824830915515, -0.3824307480766307, 0.23470116647765446], 'size': [0.033663755439403885, 0.20172185302840845, 0.0]}, 'small_block': {'pos': [0.6140097595303955, -0.3535133918987863, 0.1097032402875184], 'size': [0.04461973939918376, 0.0849493067344041, 0.09534921802665242]}}"
4.375999999999796,0.5159990490613133,0.0,0.4,0.5139933761581805,-1.9628225851918008e-07,0.39999770890155617,"{'table_obstacle': {'pos': [0.3825981920028062, 0.37518922255766707, 0.1646257963690813], 'size': [0.049837904948193595, 0.0813235869879147, 0.05243307039854257]}, 'pillar_obstacle': {'pos': [0.39994824830915515, -0.3824307480766307, 0.23470116647765446], 'size': [0.033663755439403885, 0.20172185302840845, 0.0]}, 'small_block': {'pos': [0.6140097595303955, -0.3535133918987863, 0.1097032402875184], 'size': [0.04461973939918376, 0.0849493067344041, 0.09534921802665242]}}"
4.376999999999796,0.5199990192110017,0.0,0.4,0.5140220252308538,-1.987774983192312e-07,0.3999977403762909,"{'table_obstacle': {'pos': [0.3825981920028062, 0.37518922255766707, 0.1646257963690813], 'size': [0.049837904948193595, 0.0813235869879147, 0.05243307039854257]}, 'pillar_obstacle': {'pos': [0.39994824830915515, -0.3824307480766307, 0.23470116647765446], 'size': [0.033663755439403885, 0.20172185302840845, 0.0]}, 'small_block': {'pos': [0.6140097595303955, -0.3535133918987863, 0.1097032402875184], 'size': [0.04461973939918376, 0.0849493067344041, 0.09534921802665242]}}"
4.377999999999797,0.5199990192110017,0.0,0.4,0.5140610845809033,-1.7579515433052882e-07,0.399997669150187,"{'table_obstacle': {'pos': [0.3825981920028062, 0.37518922255766707, 0.1646257963690813], 'size': [0.049837904948193595, 0.0813235869879147, 0.05243307039854257]}, 'pillar_obstacle': {'pos': [0.39994824830915515, -0.3824307480766307, 0.23470116647765446], 'size': [0.033663755439403885, 0.20172185302840845, 0.0]}, 'small_block': {'pos': [0.6140097595303955, -0.3535133918987863, 0.1097032402875184], 'size': [0.04461973939918376, 0.0849493067344041, 0.09534921802665242]}}"
4.378999999999797,0.5199990192110017,0.0,0.4,0.5141083550034782,-1.3778138302374656e-07,0.3999975344490505,"{'table_obstacle': {'pos': [0.3825981920028062, 0.37518922255766707, 0.1646257963690813], 'size': [0.049837904948193595, 0.0813235869879147, 0.05243307039854257]}, 'pillar_obstacle': {'pos': [0.39994824830915515, -0.3824307480766307, 0.23470116647765446], 'size': [0.033663755439403885, 0.20172185302840845, 0.0]}, 'small_block': {'pos': [0.6140097595303955, -0.3535133918987863, 0.1097032402875184], 'size': [0.04461973939918376, 0.0849493067344041, 0.09534921802665242]}}"
4.379999999999797,0.5199990192110017,0.0,0.4,0.5141620571297235,-9.209415349984325e-08,0.39999736412214015,"{'table_obstacle': {'pos': [0.3825981920028062, 0.37518922255766707, 0.1646257963690813], 'size': [0.049837904948193595, 0.0813235869879147, 0.05243307039854257]}, 'pillar_obstacle': {'pos': [0.39994824830915515, -0.3824307480766307, 0.23470116647765446], 'size': [0.033663755439403885, 0.20172185302840845, 0.0]}, 'small_block': {'pos': [0.6140097595303955, -0.3535133918987863, 0.1097032402875184], 'size': [0.04461973939918376, 0.0849493067344041, 0.09534921802665242]}}"
4.380999999999798,0.5199990192110017,0.0,0.4,0.5142207519557518,-4.3804684156195734e-08,0.39999717763353615,"{'table_obstacle': {'pos': [0.3825981920028062, 0.37518922255766707, 0.1646257963690813], 'size': [0.049837904948193595, 0.0813235869879147, 0.05243307039854257]}, 'pillar_obstacle': {'pos': [0.39994824830915515, -0.3824307480766307, 0.23470116647765446], 'size': [0.033663755439403885, 0.20172185302840845, 0.0]}, 'small_block': {'pos': [0.6140097595303955, -0.3535133918987863, 0.1097032402875184], 'size': [0.04461973939918376, 0.0849493067344041, 0.09534921802665242]}}"
4.381999999999798,0.5199990192110017,0.0,0.4,0.5142832763655729,3.6953909237302495e-09,0.39999698829564595,"{'table_obstacle': {'pos': [0.3825981920028062, 0.37518922255766707, 0.1646257963690813], 'size': [0.049837904948193595, 0.0813235869879147, 0.05243307039854257]}, 'pillar_obstacle': {'pos': [0.39994824830915515, -0.3824307480766307, 0.23470116647765446], 'size': [0.033663755439403885, 0.20172185302840845, 0.0]}, 'small_block': {'pos': [0.6140097595303955, -0.3535133918987863, 0.1097032402875184], 'size': [0.04461973939918376, 0.0849493067344041, 0.09534921802665242]}}"
4.382999999999798,0.5199990192110017,0.0,0.4,0.5143486908340146,4.8235883070670885e-08,0.39999680493629514,"{'table_obstacle': {'pos': [0.3825981920028062, 0.37518922255766707, 0.1646257963690813], 'size': [0.049837904948193595, 0.0813235869879147, 0.05243307039854257]}, 'pillar_obstacle': {'pos': [0.39994824830915515, -0.3824307480766307, 0.23470116647765446], 'size': [0.033663755439403885, 0.20172185302840845, 0.0]}, 'small_block': {'pos': [0.6140097595303955, -0.3535133918987863, 0.1097032402875184], 'size': [0.04461973939918376, 0.0849493067344041, 0.09534921802665242]}}"
4.383999999999799,0.5199990192110017,0.0,0.4,0.514416237018499,8.852399290267473e-08,0.3999966331413979,"{'table_obstacle': {'pos': [0.3825981920028062, 0.37518922255766707, 0.1646257963690813], 'size': [0.049837904948193595, 0.0813235869879147, 0.05243307039854257]}, 'pillar_obstacle': {'pos': [0.39994824830915515, -0.3824307480766307, 0.23470116647765446], 'size': [0.033663755439403885, 0.20172185302840845, 0.0]}, 'small_block': {'pos': [0.6140097595303955, -0.3535133918987863, 0.1097032402875184], 'size': [0.04461973939918376, 0.0849493067344041, 0.09534921802665242]}}"
4.384999999999799,0.5199990192110017,0.0,0.4,0.5144853033761021,1.2388735669416986e-07,0.3999964761790817,"{'table_obstacle': {'pos': [0.3825981920028062, 0.37518922255766707, 0.1646257963690813], 'size': [0.049837904948193595, 0.0813235869879147, 0.05243307039854257]}, 'pillar_obstacle': {'pos': [0.39994824830915515, -0.3824307480766307, 0.23470116647765446], 'size': [0.033663755439403885, 0.20172185302840845, 0.0]}, 'small_block': {'pos': [0.6140097595303955, -0.3535133918987863, 0.1097032402875184], 'size': [0.04461973939918376, 0.0849493067344041, 0.09534921802665242]}}"
4.385999999999799,0.5199990192110017,0.0,0.4,0.5145553972912905,1.5408340747963694e-07,0.39999633568451604,"{'table_obstacle': {'pos': [0.3825981920028062, 0.37518922255766707, 0.1646257963690813], 'size': [0.049837904948193595, 0.0813235869879147, 0.05243307039854257]}, 'pillar_obstacle': {'pos': [0.39994824830915515, -0.3824307480766307, 0.23470116647765446], 'size': [0.033663755439403885, 0.20172185302840845, 0.0]}, 'small_block': {'pos': [0.6140097595303955, -0.3535133918987863, 0.1097032402875184], 'size': [0.04461973939918376, 0.0849493067344041, 0.09534921802665242]}}"
4.3869999999998,0.5199990192110017,0.0,0.4,0.5146261224841421,1.791590423555479e-07,0.3999962121649832,"{'table_obstacle': {'pos': [0.3825981920028062, 0.37518922255766707, 0.1646257963690813], 'size': [0.049837904948193595, 0.0813235869879147, 0.05243307039854257]}, 'pillar_obstacle': {'pos': [0.39994824830915515, -0.3824307480766307, 0.23470116647765446], 'size': [0.033663755439403885, 0.20172185302840845, 0.0]}, 'small_block': {'pos': [0.6140097595303955, -0.3535133918987863, 0.1097032402875184], 'size': [0.04461973939918376, 0.0849493067344041, 0.09534921802665242]}}"
4.3879999999998,0.5199990192110017,0.0,0.4,0.5146971607003699,1.9934830572672689e-07,0.39999610537002783,"{'table_obstacle': {'pos': [0.3825981920028062, 0.37518922255766707, 0.1646257963690813], 'size': [0.049837904948193595, 0.0813235869879147, 0.05243307039854257]}, 'pillar_obstacle': {'pos': [0.39994824830915515, -0.3824307480766307, 0.23470116647765446], 'size': [0.033663755439403885, 0.20172185302840845, 0.0]}, 'small_block': {'pos': [0.6140097595303955, -0.3535133918987863, 0.1097032402875184], 'size': [0.04461973939918376, 0.0849493067344041, 0.09534921802665242]}}"
4.3889999999998,0.5199990192110017,0.0,0.4,0.5147682568727416,2.1499866283144068e-07,0.39999601456051054,"{'table_obstacle': {'pos': [0.3825981920028062, 0.37518922255766707, 0.1646257963690813], 'size': [0.049837904948193595, 0.0813235869879147, 0.05243307039854257]}, 'pillar_obstacle': {'pos': [0.39994824830915515, -0.3824307480766307, 0.23470116647765446], 'size': [0.033663755439403885, 0.20172185302840845, 0.0]}, 'small_block': {'pos': [0.6140097595303955, -0.3535133918987863, 0.1097032402875184], 'size': [0.04461973939918376, 0.0849493067344041, 0.09534921802665242]}}"
4.389999999999801,0.5199990192110017,0.0,0.4,0.5148392070964904,2.265186600568664e-07,0.3999959387021229,"{'table_obstacle': {'pos': [0.3825981920028062, 0.37518922255766707, 0.1646257963690813], 'size': [0.049837904948193595, 0.0813235869879147, 0.05243307039854257]}, 'pillar_obstacle': {'pos': [0.39994824830915515, -0.3824307480766307, 0.23470116647765446], 'size': [0.033663755439403885, 0.20172185302840845, 0.0]}, 'small_block': {'pos': [0.6140097595303955, -0.3535133918987863, 0.1097032402875184], 'size': [0.04461973939918376, 0.0849493067344041, 0.09534921802665242]}}"
4.390999999999801,0.5199990192110017,0.0,0.4,0.5149098488855565,2.3434148204591585e-07,0.3999958766026577,"{'table_obstacle': {'pos': [0.3825981920028062, 0.37518922255766707, 0.1646257963690813], 'size': [0.049837904948193595, 0.0813235869879147, 0.05243307039854257]}, 'pillar_obstacle': {'pos': [0.39994824830915515, -0.3824307480766307, 0.23470116647765446], 'size': [0.033663755439403885, 0.20172185302840845, 0.0]}, 'small_block': {'pos': [0.6140097595303955, -0.3535133918987863, 0.1097032402875184], 'size': [0.04461973939918376, 0.0849493067344041, 0.09534921802665242]}}"
4.391999999999801,0.5199990192110017,0.0,0.4,0.5149800532773627,2.389002350297444e-07,0.3999958270076143,"{'table_obstacle': {'pos': [0.3825981920028062, 0.37518922255766707, 0.1646257963690813], 'size': [0.049837904948193595, 0.0813235869879147, 0.05243307039854257]}, 'pillar_obstacle': {'pos': [0.39994824830915515, -0.3824307480766307, 0.23470116647765446], 'size': [0.033663755439403885, 0.20172185302840845, 0.0]}, 'small_block': {'pos': [0.6140097595303955, -0.3535133918987863, 0.1097032402875184], 'size': [0.04461973939918376, 0.0849493067344041, 0.09534921802665242]}}"
4.392999999999802,0.5199990192110017,0.0,0.4,0.5150497184356636,2.406117972436175e-07,0.39999578866512625,"{'table_obstacle': {'pos': [0.3825981920028062, 0.37518922255766707, 0.1646257963690813], 'size': [0.049837904948193595, 0.0813235869879147, 0.05243307039854257]}, 'pillar_obstacle': {'pos': [0.39994824830915515, -0.3824307480766307, 0.23470116647765446], 'size': [0.033663755439403885, 0.20172185302840845, 0.0]}, 'small_block': {'pos': [0.6140097595303955, -0.3535133918987863, 0.1097032402875184], 'size': [0.04461973939918376, 0.0849493067344041, 0.09534921802665242]}}"
4.393999999999802,0.5199990192110017,0.0,0.4,0.5151187644673834,2.3986686787103946e-07,0.3999957603684843,"{'table_obstacle': {'pos': [0.3825981920028062, 0.37518922255766707, 0.1646257963690813], 'size': [0.049837904948193595, 0.0813235869879147, 0.05243307039854257]}, 'pillar_obstacle': {'pos': [0.39994824830915515, -0.3824307480766307, 0.23470116647765446], 'size': [0.033663755439403885, 0.20172185302840845, 0.0]}, 'small_block': {'pos': [0.6140097595303955, -0.3535133918987863, 0.1097032402875184], 'size': [0.04461973939918376, 0.0849493067344041, 0.09534921802665242]}}"
4.394999999999802,0.5199990192110017,0.0,0.4,0.5151871292231981,2.3702442339645858e-07,0.39999574098246027,"{'table_obstacle': {'pos': [0.3825981920028062, 0.37518922255766707, 0.1646257963690813], 'size': [0.049837904948193595, 0.0813235869879147, 0.05243307039854257]}, 'pillar_obstacle': {'pos': [0.39994824830915515, -0.3824307480766307, 0.23470116647765446], 'size': [0.033663755439403885, 0.20172185302840845, 0.0]}, 'small_block': {'pos': [0.6140097595303955, -0.3535133918987863, 0.1097032402875184], 'size': [0.04461973939918376, 0.0849493067344041, 0.09534921802665242]}}"
4.395999999999803,0.5199990192110017,0.0,0.4,0.515254764895261,2.324092662502936e-07,0.3999957294580682,"{'table_obstacle': {'pos': [0.3825981920028062, 0.37518922255766707, 0.1646257963690813], 'size': [0.049837904948193595, 0.0813235869879147, 0.05243307039854257]}, 'pillar_obstacle': {'pos': [0.39994824830915515, -0.3824307480766307, 0.23470116647765446], 'size': [0.033663755439403885, 0.20172185302840845, 0.0]}, 'small_block': {'pos': [0.6140097595303955, -0.3535133918987863, 0.1097032402875184], 'size': [0.04461973939918376, 0.0849493067344041, 0.09534921802665242]}}"
4.396999999999803,0.5199990192110017,0.0,0.4,0.515321635260844,2.2631167972957555e-07,0.39999572483921747,"{'table_obstacle': {'pos': [0.3825981920028062, 0.37518922255766707, 0.1646257963690813], 'size': [0.049837904948193595, 0.0813235869879147, 0.05243307039854257]}, 'pillar_obstacle': {'pos': [0.39994824830915515, -0.3824307480766307, 0.23470116647765446], 'size': [0.033663755439403885, 0.20172185302840845, 0.0]}, 'small_block': {'pos': [0.6140097595303955, -0.3535133918987863, 0.1097032402875184], 'size': [0.04461973939918376, 0.0849493067344041, 0.09534921802665242]}}"
4.397999999999803,0.5199990192110017,0.0,0.4,0.5153877134493624,2.1898847290096358e-07,0.39999572626380153,"{'table_obstacle': {'pos': [0.3825981920028062, 0.37518922255766707, 0.1646257963690813], 'size': [0.049837904948193595, 0.0813235869879147, 0.05243307039854257]}, 'pillar_obstacle': {'pos': [0.39994824830915515, -0.3824307480766307, 0.23470116647765446], 'size': [0.033663755439403885, 0.20172185302840845, 0.0]}, 'small_block': {'pos': [0.6140097595303955, -0.3535133918987863, 0.1097032402875184], 'size': [0.04461973939918376, 0.0849493067344041, 0.09534921802665242]}}"
4.398999999999804,0.5199990192110017,0.0,0.4,0.5154529801334794,2.1066489766336834e-07,0.3999957329611015,"{'table_obstacle': {'pos': [0.3825981920028062, 0.37518922255766707, 0.1646257963690813], 'size': [0.049837904948193595, 0.0813235869879147, 0.05243307039854257]}, 'pillar_obstacle': {'pos': [0.39994824830915515, -0.3824307480766307, 0.23470116647765446], 'size': [0.033663755439403885, 0.20172185302840845, 0.0]}, 'small_block': {'pos': [0.6140097595303955, -0.3535133918987863, 0.1097032402875184], 'size': [0.04461973939918376, 0.0849493067344041, 0.09534921802665242]}}"
4.399999999999804,0.5199990192110017,0.0,0.4,0.5155174220638311,2.0153706247632625e-07,0.3999957442468558,"{'table_obstacle': {'pos': [0.3825981920028062, 0.37518922255766707, 0.1646257963690813], 'size': [0.049837904948193595, 0.0813235869879147, 0.05243307039854257]}, 'pillar_obstacle': {'pos': [0.39994824830915515, -0.3824307480766307, 0.23470116647765446], 'size': [0.033663755439403885, 0.20172185302840845, 0.0]}, 'small_block': {'pos': [0.6140097595303955, -0.3535133918987863, 0.1097032402875184], 'size': [0.04461973939918376, 0.0849493067344041, 0.09534921802665242]}}"
4.400999999999804,0.5199990192110017,0.0,0.4,0.5155810308821758,1.9177458571787118e-07,0.3999957595169731,"{'table_obstacle': {'pos': [0.3825981920028062, 0.37518922255766707, 0.1646257963690813], 'size': [0.049837904948193595, 0.0813235869879147, 0.05243307039854257]}, 'pillar_obstacle': {'pos': [0.39994824830915515, -0.3824307480766307, 0.23470116647765446], 'size': [0.033663755439403885, 0.20172185302840845, 0.0]}, 'small_block': {'pos': [0.6140097595303955, -0.3535133918987863, 0.1097032402875184], 'size': [0.04461973939918376, 0.0849493067344041, 0.09534921802665242]}}"
4.401999999999805,0.5199990192110017,0.0,0.4,0.5156438021601404,1.8152330397804498e-07,0.3999957782405807,"{'table_obstacle': {'pos': [0.3825981920028062, 0.37518922255766707, 0.1646257963690813], 'size': [0.049837904948193595, 0.0813235869879147, 0.05243307039854257]}, 'pillar_obstacle': {'pos': [0.39994824830915515, -0.3824307480766307, 0.23470116647765446], 'size': [0.033663755439403885, 0.20172185302840845, 0.0]}, 'small_block': {'pos': [0.6140097595303955, -0.3535133918987863, 0.1097032402875184], 'size': [0.04461973939918376, 0.0849493067344041, 0.09534921802665242]}}"
4.402999999999805,0.5199990192110017,0.0,0.4,0.5157057346207601,1.7090792103328476e-07,0.39999579995287987,"{'table_obstacle': {'pos': [0.3825981920028062, 0.37518922255766707, 0.1646257963690813], 'size': [0.049837904948193595, 0.0813235869879147, 0.05243307039854257]}, 'pillar_obstacle': {'pos': [0.39994824830915515, -0.3824307480766307, 0.23470116647765446], 'size': [0.033663755439403885, 0.20172185302840845, 0.0]}, 'small_block': {'pos': [0.6140097595303955, -0.3535133918987863, 0.1097032402875184], 'size': [0.04461973939918376, 0.0849493067344041, 0.09534921802665242]}}"
4.403999999999805,0.5199990192110017,0.0,0.4,0.5157668295081268,1.600345176468938e-07,0.3999958242481281,"{'table_obstacle': {'pos': [0.3825981920028062, 0.37518922255766707, 0.1646257963690813], 'size': [0.049837904948193595, 0.0813235869879147, 0.05243307039854257]}, 'pillar_obstacle': {'pos': [0.39994824830915515, -0.3824307480766307, 0.23470116647765446], 'size': [0.033663755439403885, 0.20172185302840845, 0.0]}, 'small_block': {'pos': [0.6140097595303955, -0.3535133918987863, 0.1097032402875184], 'size': [0.04461973939918376, 0.0849493067344041, 0.09534921802665242]}}"
4.404999999999806,0.5199990192110017,0.0,0.4,0.5158270900770476,1.4899288086554615e-07,0.3999958507729577,"{'table_obstacle': {'pos': [0.3825981920028062, 0.37518922255766707, 0.1646257963690813], 'size': [0.049837904948193595, 0.0813235869879147, 0.05243307039854257]}, 'pillar_obstacle': {'pos': [0.39994824830915515, -0.3824307480766307, 0.23470116647765446], 'size': [0.033663755439403885, 0.20172185302840845, 0.0]}, 'small_block': {'pos': [0.6140097595303955, -0.3535133918987863, 0.1097032402875184], 'size': [0.04461973939918376, 0.0849493067344041, 0.09534921802665242]}}"
4.405999999999806,0.5199990192110017,0.0,0.4,0.5158865211799389,1.3785862707764292e-07,0.3999958792201491,"{'table_obstacle': {'pos': [0.3825981920028062, 0.37518922255766707, 0.1646257963690813], 'size': [0.049837904948193595, 0.0813235869879147, 0.05243307039854257]}, 'pillar_obstacle': {'pos': [0.39994824830915515, -0.3824307480766307, 0.23470116647765446], 'size': [0.033663755439403885, 0.20172185302840845, 0.0]}, 'small_block': {'pos': [0.6140097595303955, -0.3535133918987863, 0.1097032402875184], 'size': [0.04461973939918376, 0.0849493067344041, 0.09534921802665242]}}"
4.406999999999806,0.5199990192110017,0.0,0.4,0.515945128932507,1.2669511373885347e-07,0.3999959093229262,"{'table_obstacle': {'pos': [0.3825981920028062, 0.37518922255766707, 0.1646257963690813], 'size': [0.049837904948193595, 0.0813235869879147, 0.05243307039854257]}, 'pillar_obstacle': {'pos': [0.39994824830915515, -0.3824307480766307, 0.23470116647765446], 'size': [0.033663755439403885, 0.20172185302840845, 0.0]}, 'small_block': {'pos': [0.6140097595303955, -0.3535133918987863, 0.1097032402875184], 'size': [0.04461973939918376, 0.0849493067344041, 0.09534921802665242]}}"
4.407999999999807,0.5199990192110017,0.0,0.4,0.516002920443269,1.155551443913613e-07,0.3999959408497969,"{'table_obstacle': {'pos': [0.3825981920028062, 0.37518922255766707, 0.1646257963690813], 'size': [0.049837904948193595, 0.0813235869879147, 0.05243307039854257]}, 'pillar_obstacle': {'pos': [0.39994824830915515, -0.3824307480766307, 0.23470116647765446], 'size': [0.033663755439403885, 0.20172185302840845, 0.0]}, 'small_block': {'pos': [0.6140097595303955, -0.3535133918987863, 0.1097032402875184], 'size': [0.04461973939918376, 0.0849493067344041, 0.09534921802665242]}}"
4.408999999999807,0.5199990192110017,0.0,0.4,0.5160599035947933,1.0448247239032923e-07,0.3999959735999361,"{'table_obstacle': {'pos': [0.3825981920028062, 0.37518922255766707, 0.1646257963690813], 'size': [0.049837904948193595, 0.0813235869879147, 0.05243307039854257]}, 'pillar_obstacle': {'pos': [0.39994824830915515, -0.3824307480766307, 0.23470116647765446], 'size': [0.033663755439403885, 0.20172185302840845, 0.0]}, 'small_block': {'pos': [0.6140097595303955, -0.3535133918987863, 0.1097032402875184], 'size': [0.04461973939918376, 0.0849493067344041, 0.09534921802665242]}}"
4.409999999999807,0.5199990192110017,0.0,0.4,0.5161160868668517,9.351312067276538e-08,0.3999960073990872,"{'table_obstacle': {'pos': [0.3825981920028062, 0.37518922255766707, 0.1646257963690813], 'size': [0.049837904948193595, 0.0813235869879147, 0.05243307039854257]}, 'pillar_obstacle': {'pos': [0.39994824830915515, -0.3824307480766307, 0.23470116647765446], 'size': [0.033663755439403885, 0.20172185302840845, 0.0]}, 'small_block': {'pos': [0.6140097595303955, -0.3535133918987863, 0.1097032402875184], 'size': [0.04461973939918376, 0.0849493067344041, 0.09534921802665242]}}"
4.410999999999808,0.5199990192110017,0.0,0.4,0.5161714791935226,8.267653128552056e-08,0.39999604209595185,"{'table_obstacle': {'pos': [0.3825981920028062, 0.37518922255766707, 0.1646257963690813], 'size': [0.049837904948193595, 0.0813235869879147, 0.05243307039854257]}, 'pillar_obstacle': {'pos': [0.39994824830915515, -0.3824307480766307, 0.23470116647765446], 'size': [0.033663755439403885, 0.20172185302840845, 0.0]}, 'small_block': {'pos': [0.6140097595303955, -0.3535133918987863, 0.1097032402875184], 'size': [0.04461973939918376, 0.0849493067344041, 0.09534921802665242]}}"
4.411999999999808,0.5199990192110017,0.0,0.4,0.5162260898478057,7.199656267266243e-08,0.39999607755902744,"{'table_obstacle': {'pos': [0.3825981920028062, 0.37518922255766707, 0.1646257963690813], 'size': [0.049837904948193595, 0.0813235869879147, 0.05243307039854257]}, 'pillar_obstacle': {'pos': [0.39994824830915515, -0.3824307480766307, 0.23470116647765446], 'size': [0.033663755439403885, 0.20172185302840845, 0.0]}, 'small_block': {'pos': [0.6140097595303955, -0.3535133918987863, 0.1097032402875184], 'size': [0.04461973939918376, 0.0849493067344041, 0.09534921802665242]}}"
4.412999999999808,0.5199990192110017,0.0,0.4,0.5162799283485257,6.149234957230506e-08,0.39999611367385146,"{'table_obstacle': {'pos': [0.3825981920028062, 0.37518922255766707, 0.1646257963690813], 'size': [0.049837904948193595, 0.0813235869879147, 0.05243307039854257]}, 'pillar_obstacle': {'pos': [0.39994824830915515, -0.3824307480766307, 0.23470116647765446], 'size': [0.033663755439403885, 0.20172185302840845, 0.0]}, 'small_block': {'pos': [0.6140097595303955, -0.3535133918987863, 0.1097032402875184], 'size': [0.04461973939918376, 0.0849493067344041, 0.09534921802665242]}}"
4.413999999999809,0.5199990192110017,0.0,0.4,0.5163330043852856,5.1179042145273454e-08,0.3999961503406107,"{'table_obstacle': {'pos': [0.3825981920028062, 0.37518922255766707, 0.1646257963690813], 'size': [0.049837904948193595, 0.0813235869879147, 0.05243307039854257]}, 'pillar_obstacle': {'pos': [0.39994824830915515, -0.3824307480766307, 0.23470116647765446], 'size': [0.033663755439403885, 0.20172185302840845, 0.0]}, 'small_block': {'pos': [0.6140097595303955, -0.3535133918987863, 0.1097032402875184], 'size': [0.04461973939918376, 0.0849493067344041, 0.09534921802665242]}}"
4.414999999999809,0.5199990192110017,0.0,0.4,0.516385327758055,4.106843866475991e-08,0.3999961874720738,"{'table_obstacle': {'pos': [0.3825981920028062, 0.37518922255766707, 0.1646257963690813], 'size': [0.049837904948193595, 0.0813235869879147, 0.05243307039854257]}, 'pillar_obstacle': {'pos': [0.39994824830915515, -0.3824307480766307, 0.23470116647765446], 'size': [0.033663755439403885, 0.20172185302840845, 0.0]}, 'small_block': {'pos': [0.6140097595303955, -0.3535133918987863, 0.1097032402875184], 'size': [0.04461973939918376, 0.0849493067344041, 0.09534921802665242]}}"
4.415999999999809,0.5199990192110017,0.0,0.4,0.5164369083285975,3.116952602797027e-08,0.3999962249918115,"{'table_obstacle': {'pos': [0.3825981920028062, 0.37518922255766707, 0.1646257963690813], 'size': [0.049837904948193595, 0.0813235869879147, 0.05243307039854257]}, 'pillar_obstacle': {'pos': [0.39994824830915515, -0.3824307480766307, 0.23470116647765446], 'size': [0.033663755439403885, 0.20172185302840845, 0.0]}, 'small_block': {'pos': [0.6140097595303955, -0.3535133918987863, 0.1097032402875184], 'size': [0.04461973939918376, 0.0849493067344041, 0.09534921802665242]}}"
4.41699999999981,0.5199990192110017,0.0,0.4,0.5164877559815018,2.1488939144861816e-08,0.39999626283266615,"{'table_obstacle': {'pos': [0.3825981920028062, 0.37518922255766707, 0.1646257963690813], 'size': [0.049837904948193595, 0.0813235869879147, 0.05243307039854257]}, 'pillar_obstacle': {'pos': [0.39994824830915515, -0.3824307480766307, 0.23470116647765446], 'size': [0.033663755439403885, 0.20172185302840845, 0.0]}, 'small_block': {'pos': [0.6140097595303955, -0.3535133918987863, 0.1097032402875184], 'size': [0.04461973939918376, 0.0849493067344041, 0.09534921802665242]}}"
4.41799999999981,0.5199990192110017,0.0,0.4,0.5165378805929793,1.2031351086914391e-08,0.39999630093544164,"{'table_obstacle': {'pos': [0.3825981920028062, 0.37518922255766707, 0.1646257963690813], 'size': [0.049837904948193595, 0.0813235869879147, 0.05243307039854257]}, 'pillar_obstacle': {'pos': [0.39994824830915515, -0.3824307480766307, 0.23470116647765446], 'size': [0.033663755439403885, 0.20172185302840845, 0.0]}, 'small_block': {'pos': [0.6140097595303955, -0.3535133918987863, 0.1097032402875184], 'size': [0.04461973939918376, 0.0849493067344041, 0.09534921802665242]}}"
4.41899999999981,0.5199990192110017,0.0,0.4,0.5165872920059567,2.7998039613016502e-09,0.3999963392477809,"{'table_obstacle': {'pos': [0.3825981920028062, 0.37518922255766707, 0.1646257963690813], 'size': [0.049837904948193595, 0.0813235869879147, 0.05243307039854257]}, 'pillar_obstacle': {'pos': [0.39994824830915515, -0.3824307480766307, 0.23470116647765446], 'size': [0.033663755439403885, 0.20172185302840845, 0.0]}, 'small_block': {'pos': [0.6140097595303955, -0.3535133918987863, 0.1097032402875184], 'size': [0.04461973939918376, 0.0849493067344041, 0.09534921802665242]}}"
4.419999999999811,0.5199990192110017,0.0,0.4,0.5166360000102624,-6.204012799518305e-09,0.39999637772320956,"{'table_obstacle': {'pos': [0.3825981920028062, 0.37518922255766707, 0.1646257963690813], 'size': [0.049837904948193595, 0.0813235869879147, 0.05243307039854257]}, 'pillar_obstacle': {'pos': [0.39994824830915515, -0.3824307480766307, 0.23470116647765446], 'size': [0.033663755439403885, 0.20172185302840845, 0.0]}, 'small_block': {'pos': [0.6140097595303955, -0.3535133918987863, 0.1097032402875184], 'size': [0.04461973939918376, 0.0849493067344041, 0.09534921802665242]}}"
4.420999999999811,0.5199990192110017,0.0,0.4,0.5166840143269383,-1.4979526870144238e-08,0.39999641632031946,"{'table_obstacle': {'pos': [0.3825981920028062, 0.37518922255766707, 0.1646257963690813], 'size': [0.049837904948193595, 0.0813235869879147, 0.05243307039854257]}, 'pillar_obstacle': {'pos': [0.39994824830915515, -0.3824307480766307, 0.23470116647765446], 'size': [0.033663755439403885, 0.20172185302840845, 0.0]}, 'small_block': {'pos': [0.6140097595303955, -0.3535133918987863, 0.1097032402875184], 'size': [0.04461973939918376, 0.0849493067344041, 0.09534921802665242]}}"
4.421999999999811,0.5199990192110017,0.0,0.4,0.5167313445958871,-2.3527084758817635e-08,0.39999645500207315,"{'table_obstacle': {'pos': [0.3825981920028062, 0.37518922255766707, 0.1646257963690813], 'size': [0.049837904948193595, 0.0813235869879147, 0.05243307039854257]}, 'pillar_obstacle': {'pos': [0.39994824830915515, -0.3824307480766307, 0.23470116647765446], 'size': [0.033663755439403885, 0.20172185302840845, 0.0]}, 'small_block': {'pos': [0.6140097595303955, -0.3535133918987863, 0.1097032402875184], 'size': [0.04461973939918376, 0.0849493067344041, 0.09534921802665242]}}"
4.422999999999812,0.5199990192110017,0.0,0.4,0.5167780003662199,-3.184778642418014e-08,0.39999649373521384,"{'table_obstacle': {'pos': [0.3825981920028062, 0.37518922255766707, 0.1646257963690813], 'size': [0.049837904948193595, 0.0813235869879147, 0.05243307039854257]}, 'pillar_obstacle': {'pos': [0.39994824830915515, -0.3824307480766307, 0.23470116647765446], 'size': [0.033663755439403885, 0.20172185302840845, 0.0]}, 'small_block': {'pos': [0.6140097595303955, -0.3535133918987863, 0.1097032402875184], 'size': [0.04461973939918376, 0.0849493067344041, 0.09534921802665242]}}"
4.423999999999812,0.5199990192110017,0.0,0.4,0.5168239910887863,-3.9943344716647114e-08,0.399996532489762,"{'table_obstacle': {'pos': [0.3825981920028062, 0.37518922255766707, 0.1646257963690813], 'size': [0.049837904948193595, 0.0813235869879147, 0.05243307039854257]}, 'pillar_obstacle': {'pos': [0.39994824830915515, -0.3824307480766307, 0.23470116647765446], 'size': [0.033663755439403885, 0.20172185302840845, 0.0]}, 'small_block': {'pos': [0.6140097595303955, -0.3535133918987863, 0.1097032402875184], 'size': [0.04461973939918376, 0.0849493067344041, 0.09534921802665242]}}"
4.424999999999812,0.5199990192110017,0.0,0.4,0.5168693261104697,-4.781596995870005e-08,0.3999965712385883,"{'table_obstacle': {'pos': [0.3825981920028062, 0.37518922255766707, 0.1646257963690813], 'size': [0.049837904948193595, 0.0813235869879147, 0.05243307039854257]}, 'pillar_obstacle': {'pos': [0.39994824830915515, -0.3824307480766307, 0.23470116647765446], 'size': [0.033663755439403885, 0.20172185302840845, 0.0]}, 'small_block': {'pos': [0.6140097595303955, -0.3535133918987863, 0.1097032402875184], 'size': [0.04461973939918376, 0.0849493067344041, 0.09534921802665242]}}"
4.425999999999813,0.5199990192110017,0.0,0.4,0.5169140146699057,-5.546827162560087e-08,0.399996609957051,"{'table_obstacle': {'pos': [0.3825981920028062, 0.37518922255766707, 0.1646257963690813], 'size': [0.049837904948193595, 0.0813235869879147, 0.05243307039854257]}, 'pillar_obstacle': {'pos': [0.39994824830915515, -0.3824307480766307, 0.23470116647765446], 'size': [0.033663755439403885, 0.20172185302840845, 0.0]}, 'small_block': {'pos': [0.6140097595303955, -0.3535133918987863, 0.1097032402875184], 'size': [0.04461973939918376, 0.0849493067344041, 0.09534921802665242]}}"
4.426999999999813,0.5199990192110017,0.0,0.4,0.5169580658943538,-6.290317809101018e-08,0.3999966486226863,"{'table_obstacle': {'pos': [0.3825981920028062, 0.37518922255766707, 0.1646257963690813], 'size': [0.049837904948193595, 0.0813235869879147, 0.05243307039854257]}, 'pillar_obstacle': {'pos': [0.39994824830915515, -0.3824307480766307, 0.23470116647765446], 'size': [0.033663755439403885, 0.20172185302840845, 0.0]}, 'small_block': {'pos': [0.6140097595303955, -0.3535133918987863, 0.1097032402875184], 'size': [0.04461973939918376, 0.0849493067344041, 0.09534921802665242]}}"
4.427999999999813,0.5199990192110017,0.0,0.4,0.5170014887974926,-7.01238677390916e-08,0.3999966872149481,"{'table_obstacle': {'pos': [0.3825981920028062, 0.37518922255766707, 0.1646257963690813], 'size': [0.049837904948193595, 0.0813235869879147, 0.05243307039854257]}, 'pillar_obstacle': {'pos': [0.39994824830915515, -0.3824307480766307, 0.23470116647765446], 'size': [0.033663755439403885, 0.20172185302840845, 0.0]}, 'small_block': {'pos': [0.6140097595303955, -0.3535133918987863, 0.1097032402875184], 'size': [0.04461973939918376, 0.0849493067344041, 0.09534921802665242]}}"
4.428999999999814,0.5199990192110017,0.0,0.4,0.5170442922779664,-7.713371349203483e-08,0.39999672571498296,"{'table_obstacle': {'pos': [0.3825981920028062, 0.37518922255766707, 0.1646257963690813], 'size': [0.049837904948193595, 0.0813235869879147, 0.05243307039854257]}, 'pillar_obstacle': {'pos': [0.39994824830915515, -0.3824307480766307, 0.23470116647765446], 'size': [0.033663755439403885, 0.20172185302840845, 0.0]}, 'small_block': {'pos': [0.6140097595303955, -0.3535133918987863, 0.1097032402875184], 'size': [0.04461973939918376, 0.0849493067344041, 0.09534921802665242]}}"
4.429999999999814,0.5199990192110017,0.0,0.4,0.5170864851185287,-8.393623605792194e-08,0.39999676410544,"{'table_obstacle': {'pos': [0.3825981920028062, 0.37518922255766707, 0.1646257963690813], 'size': [0.049837904948193595, 0.0813235869879147, 0.05243307039854257]}, 'pillar_obstacle': {'pos': [0.39994824830915515, -0.3824307480766307, 0.23470116647765446], 'size': [0.033663755439403885, 0.20172185302840845, 0.0]}, 'small_block': {'pos': [0.6140097595303955, -0.3535133918987863, 0.1097032402875184], 'size': [0.04461973939918376, 0.0849493067344041, 0.09534921802665242]}}"
4.430999999999814,0.5199990192110017,0.0,0.4,0.5171280759856711,-9.053506519516324e-08,0.39999680237030955,"{'table_obstacle': {'pos': [0.3825981920028062, 0.37518922255766707, 0.1646257963690813], 'size': [0.049837904948193595, 0.0813235869879147, 0.05243307039854257]}, 'pillar_obstacle': {'pos': [0.39994824830915515, -0.3824307480766307, 0.23470116647765446], 'size': [0.033663755439403885, 0.20172185302840845, 0.0]}, 'small_block': {'pos': [0.6140097595303955, -0.3535133918987863, 0.1097032402875184], 'size': [0.04461973939918376, 0.0849493067344041, 0.09534921802665242]}}"
4.431999999999815,0.5199990192110017,0.0,0.4,0.5171690734296374,-9.693390774244414e-08,0.399996840494783,"{'table_obstacle': {'pos': [0.3825981920028062, 0.37518922255766707, 0.1646257963690813], 'size': [0.049837904948193595, 0.0813235869879147, 0.05243307039854257]}, 'pillar_obstacle': {'pos': [0.39994824830915515, -0.3824307480766307, 0.23470116647765446], 'size': [0.033663755439403885, 0.20172185302840845, 0.0]}, 'small_block': {'pos': [0.6140097595303955, -0.3535133918987863, 0.1097032402875184], 'size': [0.04461973939918376, 0.0849493067344041, 0.09534921802665242]}}"
4.432999999999815,0.5199990192110017,0.0,0.4,0.5172094858847474,-1.0313652135484912e-07,0.3999968784651355,"{'table_obstacle': {'pos': [0.3825981920028062, 0.37518922255766707, 0.1646257963690813], 'size': [0.049837904948193595, 0.0813235869879147, 0.05243307039854257]}, 'pillar_obstacle': {'pos': [0.39994824830915515, -0.3824307480766307, 0.23470116647765446], 'size': [0.033663755439403885, 0.20172185302840845, 0.0]}, 'small_block': {'pos': [0.6140097595303955, -0.3535133918987863, 0.1097032402875184], 'size': [0.04461973939918376, 0.0849493067344041, 0.09534921802665242]}}"
4.433999999999815,0.5199990192110017,0.0,0.4,0.5172493216699651,-1.0914669262289449e-07,0.39999691626862227,"{'table_obstacle': {'pos': [0.3825981920028062, 0.37518922255766707, 0.1646257963690813], 'size': [0.049837904948193595, 0.0813235869879147, 0.05243307039854257]}, 'pillar_obstacle': {'pos': [0.39994824830915515, -0.3824307480766307, 0.23470116647765446], 'size': [0.033663755439403885, 0.20172185302840845, 0.0]}, 'small_block': {'pos': [0.6140097595303955, -0.3535133918987863, 0.1097032402875184], 'size': [0.04461973939918376, 0.0849493067344041, 0.09534921802665242]}}"
4.434999999999816,0.5199990192110017,0.0,0.4,0.5172885889896646,-1.1496821975598595e-07,0.3999969538933915,"{'table_obstacle': {'pos': [0.3825981920028062, 0.37518922255766707, 0.1646257963690813], 'size': [0.049837904948193595, 0.0813235869879147, 0.05243307039854257]}, 'pillar_obstacle': {'pos': [0.39994824830915515, -0.3824307480766307, 0.23470116647765446], 'size': [0.033663755439403885, 0.20172185302840845, 0.0]}, 'small_block': {'pos': [0.6140097595303955, -0.3535133918987863, 0.1097032402875184], 'size': [0.04461973939918376, 0.0849493067344041, 0.09534921802665242]}}"
4.435999999999816,0.5199990192110017,0.0,0.4,0.5173272959345477,-1.206048974946144e-07,0.3999969913284073,"{'table_obstacle': {'pos': [0.3825981920028062, 0.37518922255766707, 0.1646257963690813], 'size': [0.049837904948193595, 0.0813235869879147, 0.05243307039854257]}, 'pillar_obstacle': {'pos': [0.39994824830915515, -0.3824307480766307, 0.23470116647765446], 'size': [0.033663755439403885, 0.20172185302840845, 0.0]}, 'small_block': {'pos': [0.6140097595303955, -0.3535133918987863, 0.1097032402875184], 'size': [0.04461973939918376, 0.0849493067344041, 0.09534921802665242]}}"
4.436999999999816,0.5199990192110017,0.0,0.4,0.5173654504826832,-1.2606050569304809e-07,0.3999970285633844,"{'table_obstacle': {'pos': [0.3825981920028062, 0.37518922255766707, 0.1646257963690813], 'size': [0.049837904948193595, 0.0813235869879147, 0.05243307039854257]}, 'pillar_obstacle': {'pos': [0.39994824830915515, -0.3824307480766307, 0.23470116647765446], 'size': [0.033663755439403885, 0.20172185302840845, 0.0]}, 'small_block': {'pos': [0.6140097595303955, -0.3535133918987863, 0.1097032402875184], 'size': [0.04461973939918376, 0.0849493067344041, 0.09534921802665242]}}"
4.437999999999817,0.5199990192110017,0.0,0.4,0.5174030605006384,-1.3133879944040615e-07,0.3999970655887307,"{'table_obstacle': {'pos': [0.3825981920028062, 0.37518922255766707, 0.1646257963690813], 'size': [0.049837904948193595, 0.0813235869879147, 0.05243307039854257]}, 'pillar_obstacle': {'pos': [0.39994824830915515, -0.3824307480766307, 0.23470116647765446], 'size': [0.033663755439403885, 0.20172185302840845, 0.0]}, 'small_block': {'pos': [0.6140097595303955, -0.3535133918987863, 0.1097032402875184], 'size': [0.04461973939918376, 0.0849493067344041, 0.09534921802665242]}}"
4.438999999999817,0.5199990192110017,0.0,0.4,0.517440133744685,-1.3644350187995724e-07,0.3999971023954955,"{'table_obstacle': {'pos': [0.3825981920028062, 0.37518922255766707, 0.1646257963690813], 'size': [0.049837904948193595, 0.0813235869879147, 0.05243307039854257]}, 'pillar_obstacle': {'pos': [0.39994824830915515, -0.3824307480766307, 0.23470116647765446], 'size': [0.033663755439403885, 0.20172185302840845, 0.0]}, 'small_block': {'pos': [0.6140097595303955, -0.3535133918987863, 0.1097032402875184], 'size': [0.04461973939918376, 0.0849493067344041, 0.09534921802665242]}}"
4.439999999999817,0.5199990192110017,0.0,0.4,0.5174766778620561,-1.413782968488291e-07,0.3999971389753265,"{'table_obstacle': {'pos': [0.3825981920028062, 0.37518922255766707, 0.1646257963690813], 'size': [0.049837904948193595, 0.0813235869879147, 0.05243307039854257]}, 'pillar_obstacle': {'pos': [0.39994824830915515, -0.3824307480766307, 0.23470116647765446], 'size': [0.033663755439403885, 0.20172185302840845, 0.0]}, 'small_block': {'pos': [0.6140097595303955, -0.3535133918987863, 0.1097032402875184], 'size': [0.04461973939918376, 0.0849493067344041, 0.09534921802665242]}}"
4.440999999999818,0.5199990192110017,0.0,0.4,0.5175127003922448,-1.4614682529589724e-07,0.39999717532042933,"{'table_obstacle': {'pos': [0.3825981920028062, 0.37518922255766707, 0.1646257963690813], 'size': [0.049837904948193595, 0.0813235869879147, 0.05243307039854257]}, 'pillar_obstacle': {'pos': [0.39994824830915515, -0.3824307480766307, 0.23470116647765446], 'size': [0.033663755439403885, 0.20172185302840845, 0.0]}, 'small_block': {'pos': [0.6140097595303955, -0.3535133918987863, 0.1097032402875184], 'size': [0.04461973939918376, 0.0849493067344041, 0.09534921802665242]}}"
4.441999999999818,0.5199990192110017,0.0,0.4,0.5175482087683322,-1.507526803539174e-07,0.3999972114235329,"{'table_obstacle': {'pos': [0.3825981920028062, 0.37518922255766707, 0.1646257963690813], 'size': [0.049837904948193595, 0.0813235869879147, 0.05243307039854257]}, 'pillar_obstacle': {'pos': [0.39994824830915515, -0.3824307480766307, 0.23470116647765446], 'size': [0.033663755439403885, 0.20172185302840845, 0.0]}, 'small_block': {'pos': [0.6140097595303955, -0.3535133918987863, 0.1097032402875184], 'size': [0.04461973939918376, 0.0849493067344041, 0.09534921802665242]}}"
4.442999999999818,0.5199990192110017,0.0,0.4,0.5175832103183309,-1.551994049265972e-07,0.399997247277859,"{'table_obstacle': {'pos': [0.3825981920028062, 0.37518922255766707, 0.1646257963690813], 'size': [0.049837904948193595, 0.0813235869879147, 0.05243307039854257]}, 'pillar_obstacle': {'pos': [0.39994824830915515, -0.3824307480766307, 0.23470116647765446], 'size': [0.033663755439403885, 0.20172185302840845, 0.0]}, 'small_block': {'pos': [0.6140097595303955, -0.3535133918987863, 0.1097032402875184], 'size': [0.04461973939918376, 0.0849493067344041, 0.09534921802665242]}}"
4.443999999999819,0.5199990192110017,0.0,0.4,0.517617712266545,-1.594904895867653e-07,0.39999728287709224,"{'table_obstacle': {'pos': [0.3825981920028062, 0.37518922255766707, 0.1646257963690813], 'size': [0.049837904948193595, 0.0813235869879147, 0.05243307039854257]}, 'pillar_obstacle': {'pos': [0.39994824830915515, -0.3824307480766307, 0.23470116647765446], 'size': [0.033663755439403885, 0.20172185302840845, 0.0]}, 'small_block': {'pos': [0.6140097595303955, -0.3535133918987863, 0.1097032402875184], 'size': [0.04461973939918376, 0.0849493067344041, 0.09534921802665242]}}"
4.444999999999819,0.5199990192110017,0.0,0.4,0.5176517217349335,-1.636293696575973e-07,0.39999731821535567,"{'table_obstacle': {'pos': [0.3825981920028062, 0.37518922255766707, 0.1646257963690813], 'size': [0.049837904948193595, 0.0813235869879147, 0.05243307039854257]}, 'pillar_obstacle': {'pos': [0.39994824830915515, -0.3824307480766307, 0.23470116647765446], 'size': [0.033663755439403885, 0.20172185302840845, 0.0]}, 'small_block': {'pos': [0.6140097595303955, -0.3535133918987863, 0.1097032402875184], 'size': [0.04461973939918376, 0.0849493067344041, 0.09534921802665242]}}"
4.445999999999819,0.5199990192110017,0.0,0.4,0.5176852457444729,-1.6761942570194686e-07,0.39999735328718816,"{'table_obstacle': {'pos': [0.3825981920028062, 0.37518922255766707, 0.1646257963690813], 'size': [0.049837904948193595, 0.0813235869879147, 0.05243307039854257]}, 'pillar_obstacle': {'pos': [0.39994824830915515, -0.3824307480766307, 0.23470116647765446], 'size': [0.033663755439403885, 0.20172185302840845, 0.0]}, 'small_block': {'pos': [0.6140097595303955, -0.3535133918987863, 0.1097032402875184], 'size': [0.04461973939918376, 0.0849493067344041, 0.09534921802665242]}}"
4.44699999999982,0.5199990192110017,0.0,0.4,0.517718291216521,-1.7146398178372517e-07,0.3999973880875219,"{'table_obstacle': {'pos': [0.3825981920028062, 0.37518922255766707, 0.1646257963690813], 'size': [0.049837904948193595, 0.0813235869879147, 0.05243307039854257]}, 'pillar_obstacle': {'pos': [0.39994824830915515, -0.3824307480766307, 0.23470116647765446], 'size': [0.033663755439403885, 0.20172185302840845, 0.0]}, 'small_block': {'pos': [0.6140097595303955, -0.3535133918987863, 0.1097032402875184], 'size': [0.04461973939918376, 0.0849493067344041, 0.09534921802665242]}}"
4.44799999999982,0.5199990192110017,0.0,0.4,0.5177508649741711,-1.7516630433912236e-07,0.3999974226116631,"{'table_obstacle': {'pos': [0.3825981920028062, 0.37518922255766707, 0.1646257963690813], 'size': [0.049837904948193595, 0.0813235869879147, 0.05243307039854257]}, 'pillar_obstacle': {'pos': [0.39994824830915515, -0.3824307480766307, 0.23470116647765446], 'size': [0.033663755439403885, 0.20172185302840845, 0.0]}, 'small_block': {'pos': [0.6140097595303955, -0.3535133918987863, 0.1097032402875184], 'size': [0.04461973939918376, 0.0849493067344041, 0.09534921802665242]}}"
4.44899999999982,0.5199990192110017,0.0,0.4,0.5177829737436002,-1.7872960350066993e-07,0.3999974568552742,"{'table_obstacle': {'pos': [0.3825981920028062, 0.37518922255766707, 0.1646257963690813], 'size': [0.049837904948193595, 0.0813235869879147, 0.05243307039854257]}, 'pillar_obstacle': {'pos': [0.39994824830915515, -0.3824307480766307, 0.23470116647765446], 'size': [0.033663755439403885, 0.20172185302840845, 0.0]}, 'small_block': {'pos': [0.6140097595303955, -0.3535133918987863, 0.1097032402875184], 'size': [0.04461973939918376, 0.0849493067344041, 0.09534921802665242]}}"
4.449999999999821,0.5199990192110017,0.0,0.4,0.5178146241554058,-1.8215703183291684e-07,0.3999974908143572,"{'table_obstacle': {'pos': [0.3825981920028062, 0.37518922255766707, 0.1646257963690813], 'size': [0.049837904948193595, 0.0813235869879147, 0.05243307039854257]}, 'pillar_obstacle': {'pos': [0.39994824830915515, -0.3824307480766307, 0.23470116647765446], 'size': [0.033663755439403885, 0.20172185302840845, 0.0]}, 'small_block': {'pos': [0.6140097595303955, -0.3535133918987863, 0.1097032402875184], 'size': [0.04461973939918376, 0.0849493067344041, 0.09534921802665242]}}"
4.450999999999821,0.5199990192110017,0.0,0.4,0.5178458227459316,-1.8545168542108878e-07,0.39999752448523773,"{'table_obstacle': {'pos': [0.3825981920028062, 0.37518922255766707, 0.1646257963690813], 'size': [0.049837904948193595, 0.0813235869879147, 0.05243307039854257]}, 'pillar_obstacle': {'pos': [0.39994824830915515, -0.3824307480766307, 0.23470116647765446], 'size': [0.033663755439403885, 0.20172185302840845, 0.0]}, 'small_block': {'pos': [0.6140097595303955, -0.3535133918987863, 0.1097032402875184], 'size': [0.04461973939918376, 0.0849493067344041, 0.09534921802665242]}}"
4.451999999999821,0.5199990192110017,0.0,0.4,0.5178765759585793,-1.8861660320398474e-07,0.39999755786455005,"{'table_obstacle': {'pos': [0.3825981920028062, 0.37518922255766707, 0.1646257963690813], 'size': [0.049837904948193595, 0.0813235869879147, 0.05243307039854257]}, 'pillar_obstacle': {'pos': [0.39994824830915515, -0.3824307480766307, 0.23470116647765446], 'size': [0.033663755439403885, 0.20172185302840845, 0.0]}, 'small_block': {'pos': [0.6140097595303955, -0.3535133918987863, 0.1097032402875184], 'size': [0.04461973939918376, 0.0849493067344041, 0.09534921802665242]}}"
4.452999999999822,0.5199990192110017,0.0,0.4,0.5179068901451076,-1.9165476818094507e-07,0.39999759094922344,"{'table_obstacle': {'pos': [0.3825981920028062, 0.37518922255766707, 0.1646257963690813], 'size': [0.049837904948193595, 0.0813235869879147, 0.05243307039854257]}, 'pillar_obstacle': {'pos': [0.39994824830915515, -0.3824307480766307, 0.23470116647765446], 'size': [0.033663755439403885, 0.20172185302840845, 0.0]}, 'small_block': {'pos': [0.6140097595303955, -0.3535133918987863, 0.1097032402875184], 'size': [0.04461973939918376, 0.0849493067344041, 0.09534921802665242]}}"
4.453999999999822,0.5199990192110017,0.0,0.4,0.5179367715669164,-1.9456910768979054e-07,0.3999976237364694,"{'table_obstacle': {'pos': [0.3825981920028062, 0.37518922255766707, 0.1646257963690813], 'size': [0.049837904948193595, 0.0813235869879147, 0.05243307039854257]}, 'pillar_obstacle': {'pos': [0.39994824830915515, -0.3824307480766307, 0.23470116647765446], 'size': [0.033663755439403885, 0.20172185302840845, 0.0]}, 'small_block': {'pos': [0.6140097595303955, -0.3535133918987863, 0.1097032402875184], 'size': [0.04461973939918376, 0.0849493067344041, 0.09534921802665242]}}"
4.454999999999822,0.5199990192110017,0.0,0.4,0.5179662263963148,-1.973624938788617e-07,0.3999976562237692,"{'table_obstacle': {'pos': [0.3825981920028062, 0.37518922255766707, 0.1646257963690813], 'size': [0.049837904948193595, 0.0813235869879147, 0.05243307039854257]}, 'pillar_obstacle': {'pos': [0.39994824830915515, -0.3824307480766307, 0.23470116647765446], 'size': [0.033663755439403885, 0.20172185302840845, 0.0]}, 'small_block': {'pos': [0.6140097595303955, -0.3535133918987863, 0.1097032402875184], 'size': [0.04461973939918376, 0.0849493067344041, 0.09534921802665242]}}"
4.455999999999823,0.5239989884422397,0.0,0.4,0.5179952607177762,-2.000377446944159e-07,0.39999768840886163,"{'table_obstacle': {'pos': [0.3825981920028062, 0.37518922255766707, 0.1646257963690813], 'size': [0.049837904948193595, 0.0813235869879147, 0.05243307039854257]}, 'pillar_obstacle': {'pos': [0.39994824830915515, -0.3824307480766307, 0.23470116647765446], 'size': [0.033663755439403885, 0.20172185302840845, 0.0]}, 'small_block': {'pos': [0.6140097595303955, -0.3535133918987863, 0.1097032402875184], 'size': [0.04461973939918376, 0.0849493067344041, 0.09534921802665242]}}"
4.456999999999823,0.5239989884422397,0.0,0.4,0.5180346949626997,-1.766602574439406e-07,0.39999761521720645,"{'table_obstacle': {'pos': [0.3825981920028062, 0.37518922255766707, 0.1646257963690813], 'size': [0.049837904948193595, 0.0813235869879147, 0.05243307039854257]}, 'pillar_obstacle': {'pos': [0.39994824830915515, -0.3824307480766307, 0.23470116647765446], 'size': [0.033663755439403885, 0.20172185302840845, 0.0]}, 'small_block': {'pos': [0.6140097595303955, -0.3535133918987863, 0.1097032402875184], 'size': [0.04461973939918376, 0.0849493067344041, 0.09534921802665242]}}"
4.457999999999823,0.5239989884422397,0.0,0.4,0.518082331717796,-1.3790626090067026e-07,0.3999974769178104,"{'table_obstacle': {'pos': [0.3825981920028062, 0.37518922255766707, 0.1646257963690813], 'size': [0.049837904948193595, 0.0813235869879147, 0.05243307039854257]}, 'pillar_obstacle': {'pos': [0.39994824830915515, -0.3824307480766307, 0.23470116647765446], 'size': [0.033663755439403885, 0.20172185302840845, 0.0]}, 'small_block': {'pos': [0.6140097595303955, -0.3535133918987863, 0.1097032402875184], 'size': [0.04461973939918376, 0.0849493067344041, 0.09534921802665242]}}"
4.458999999999824,0.5239989884422397,0.0,0.4,0.5181363929283225,-9.129715786312456e-08,0.39999730210369594,"{'table_obstacle': {'pos': [0.3825981920028062, 0.37518922255766707, 0.1646257963690813], 'size': [0.049837904948193595, 0.0813235869879147, 0.05243307039854257]}, 'pillar_obstacle': {'pos': [0.39994824830915515, -0.3824307480766307, 0.23470116647765446], 'size': [0.033663755439403885, 0.20172185302840845, 0.0]}, 'small_block': {'pos': [0.6140097595303955, -0.3535133918987863, 0.1097032402875184], 'size': [0.04461973939918376, 0.0849493067344041, 0.09534921802665242]}}"
4.459999999999824,0.5239989884422397,0.0,0.4,0.5181954405495424,-4.2017906840854864e-08,0.3999971107591463,"{'table_obstacle': {'pos': [0.3825981920028062, 0.37518922255766707, 0.1646257963690813], 'size': [0.049837904948193595, 0.0813235869879147, 0.05243307039854257]}, 'pillar_obstacle': {'pos': [0.39994824830915515, -0.3824307480766307, 0.23470116647765446], 'size': [0.033663755439403885, 0.20172185302840845, 0.0]}, 'small_block': {'pos': [0.6140097595303955, -0.3535133918987863, 0.1097032402875184], 'size': [0.04461973939918376, 0.0849493067344041, 0.09534921802665242]}}"
4.460999999999824,0.5239989884422397,0.0,0.4,0.5182583121614759,6.462889803718268e-09,0.3999969165511488,"{'table_obstacle': {'pos': [0.3825981920028062, 0.37518922255766707, 0.1646257963690813], 'size': [0.049837904948193595, 0.0813235869879147, 0.05243307039854257]}, 'pillar_obstacle': {'pos': [0.39994824830915515, -0.3824307480766307, 0.23470116647765446], 'size': [0.033663755439403885, 0.20172185302840845, 0.0]}, 'small_block': {'pos': [0.6140097595303955, -0.3535133918987863, 0.1097032402875184], 'size': [0.04461973939918376, 0.0849493067344041, 0.09534921802665242]}}"
4.461999999999825,0.5239989884422397,0.0,0.4,0.5183240687406809,5.1925036536332655e-08,0.3999967285405234,"{'table_obstacle': {'pos': [0.3825981920028062, 0.37518922255766707, 0.1646257963690813], 'size': [0.049837904948193595, 0.0813235869879147, 0.05243307039854257]}, 'pillar_obstacle': {'pos': [0.39994824830915515, -0.3824307480766307, 0.23470116647765446], 'size': [0.033663755439403885, 0.20172185302840845, 0.0]}, 'small_block': {'pos': [0.6140097595303955, -0.3535133918987863, 0.1097032402875184], 'size': [0.04461973939918376, 0.0849493067344041, 0.09534921802665242]}}"
4.462999999999825,0.5239989884422397,0.0,0.4,0.5183919523036513,9.304526458740772e-08,0.3999965524579146,"{'table_obstacle': {'pos': [0.3825981920028062, 0.37518922255766707, 0.1646257963690813], 'size': [0.049837904948193595, 0.0813235869879147, 0.05243307039854257]}, 'pillar_obstacle': {'pos': [0.39994824830915515, -0.3824307480766307, 0.23470116647765446], 'size': [0.033663755439403885, 0.20172185302840845, 0.0]}, 'small_block': {'pos': [0.6140097595303955, -0.3535133918987863, 0.1097032402875184], 'size': [0.04461973939918376, 0.0849493067344041, 0.09534921802665242]}}"
4.463999999999825,0.5239989884422397,0.0,0.4,0.5184613515625235,1.2913469663987413e-07,0.3999963916529855,"{'table_obstacle': {'pos': [0.3825981920028062, 0.37518922255766707, 0.1646257963690813], 'size': [0.049837904948193595, 0.0813235869879147, 0.05243307039854257]}, 'pillar_obstacle': {'pos': [0.39994824830915515, -0.3824307480766307, 0.23470116647765446], 'size': [0.033663755439403885, 0.20172185302840845, 0.0]}, 'small_block': {'pos': [0.6140097595303955, -0.3535133918987863, 0.1097032402875184], 'size': [0.04461973939918376, 0.0849493067344041, 0.09534921802665242]}}"
4.464999999999826,0.5239989884422397,0.0,0.4,0.5185317740816807,1.599440325738581e-07,0.39999624779799153,"{'table_obstacle': {'pos': [0.3825981920028062, 0.37518922255766707, 0.1646257963690813], 'size': [0.049837904948193595, 0.0813235869879147, 0.05243307039854257]}, 'pillar_obstacle': {'pos': [0.39994824830915515, -0.3824307480766307, 0.23470116647765446], 'size': [0.033663755439403885, 0.20172185302840845, 0.0]}, 'small_block': {'pos': [0.6140097595303955, -0.3535133918987863, 0.1097032402875184], 'size': [0.04461973939918376, 0.0849493067344041, 0.09534921802665242]}}"
4.465999999999826,0.5239989884422397,0.0,0.4,0.5186028237074702,1.8552011828718767e-07,0.39999612140676866,"{'table_obstacle': {'pos': [0.3825981920028062, 0.37518922255766707, 0.1646257963690813], 'size': [0.049837904948193595, 0.0813235869879147, 0.05243307039854257]}, 'pillar_obstacle': {'pos': [0.39994824830915515, -0.3824307480766307, 0.23470116647765446], 'size': [0.033663755439403885, 0.20172185302840845, 0.0]}, 'small_block': {'pos': [0.6140097595303955, -0.3535133918987863, 0.1097032402875184], 'size': [0.04461973939918376, 0.0849493067344041, 0.09534921802665242]}}"
4.466999999999826,0.5239989884422397,0.0,0.4,0.5186741822741606,2.0610134883122413e-07,0.3999960122151197,"{'table_obstacle': {'pos': [0.3825981920028062, 0.37518922255766707, 0.1646257963690813], 'size': [0.049837904948193595, 0.0813235869879147, 0.05243307039854257]}, 'pillar_obstacle': {'pos': [0.39994824830915515, -0.3824307480766307, 0.23470116647765446], 'size': [0.033663755439403885, 0.20172185302840845, 0.0]}, 'small_block': {'pos': [0.6140097595303955, -0.3535133918987863, 0.1097032402875184], 'size': [0.04461973939918376, 0.0849493067344041, 0.09534921802665242]}}"
4.467999999999827,0.5239989884422397,0.0,0.4,0.5187455947771056,2.220422828408826e-07,0.3999959194573263,"{'table_obstacle': {'pos': [0.3825981920028062, 0.37518922255766707, 0.1646257963690813], 'size': [0.049837904948193595, 0.0813235869879147, 0.05243307039854257]}, 'pillar_obstacle': {'pos': [0.39994824830915515, -0.3824307480766307, 0.23470116647765446], 'size': [0.033663755439403885, 0.20172185302840845, 0.0]}, 'small_block': {'pos': [0.6140097595303955, -0.3535133918987863, 0.1097032402875184], 'size': [0.04461973939918376, 0.0849493067344041, 0.09534921802665242]}}"
4.468999999999827,0.5239989884422397,0.0,0.4,0.5188168573567479,2.3376011199479232e-07,0.3999958420650237,"{'table_obstacle': {'pos': [0.3825981920028062, 0.37518922255766707, 0.1646257963690813], 'size': [0.049837904948193595, 0.0813235869879147, 0.05243307039854257]}, 'pillar_obstacle': {'pos': [0.39994824830915515, -0.3824307480766307, 0.23470116647765446], 'size': [0.033663755439403885, 0.20172185302840845, 0.0]}, 'small_block': {'pos': [0.6140097595303955, -0.3535133918987863, 0.1097032402875184], 'size': [0.04461973939918376, 0.0849493067344041, 0.09534921802665242]}}"
4.4699999999998274,0.5239989884422397,0.0,0.4,0.5188878075610875,2.4169737648590147e-07,0.39999577880825965,"{'table_obstacle': {'pos': [0.3825981920028062, 0.37518922255766707, 0.1646257963690813], 'size': [0.049837904948193595, 0.0813235869879147, 0.05243307039854257]}, 'pillar_obstacle': {'pos': [0.39994824830915515, -0.3824307480766307, 0.23470116647765446], 'size': [0.033663755439403885, 0.20172185302840845, 0.0]}, 'small_block': {'pos': [0.6140097595303955, -0.3535133918987863, 0.1097032402875184], 'size': [0.04461973939918376, 0.0849493067344041, 0.09534921802665242]}}"
4.470999999999828,0.5239989884422397,0.0,0.4,0.5189583164549186,2.4629666955336103e-07,0.39999572839372255,"{'table_obstacle': {'pos': [0.3825981920028062, 0.37518922255766707, 0.1646257963690813], 'size': [0.049837904948193595, 0.0813235869879147, 0.05243307039854257]}, 'pillar_obstacle': {'pos': [0.39994824830915515, -0.3824307480766307, 0.23470116647765446], 'size': [0.033663755439403885, 0.20172185302840845, 0.0]}, 'small_block': {'pos': [0.6140097595303955, -0.3535133918987863, 0.1097032402875184], 'size': [0.04461973939918376, 0.0849493067344041, 0.09534921802665242]}}"
4.471999999999828,0.5239989884422397,0.0,0.4,0.5190282822258172,2.4798410152037784e-07,0.39999568953142967,"{'table_obstacle': {'pos': [0.3825981920028062, 0.37518922255766707, 0.1646257963690813], 'size': [0.049837904948193595, 0.0813235869879147, 0.05243307039854257]}, 'pillar_obstacle': {'pos': [0.39994824830915515, -0.3824307480766307, 0.23470116647765446], 'size': [0.033663755439403885, 0.20172185302840845, 0.0]}, 'small_block': {'pos': [0.6140097595303955, -0.3535133918987863, 0.1097032402875184], 'size': [0.04461973939918376, 0.0849493067344041, 0.09534921802665242]}}"
4.4729999999998284,0.5239989884422397,0.0,0.4,0.5190976250031494,2.4715910050530255e-07,0.39999566097838185,"{'table_obstacle': {'pos': [0.3825981920028062, 0.37518922255766707, 0.1646257963690813], 'size': [0.049837904948193595, 0.0813235869879147, 0.05243307039854257]}, 'pillar_obstacle': {'pos': [0.39994824830915515, -0.3824307480766307, 0.23470116647765446], 'size': [0.033663755439403885, 0.20172185302840845, 0.0]}, 'small_block': {'pos': [0.6140097595303955, -0.3535133918987863, 0.1097032402875184], 'size': [0.04461973939918376, 0.0849493067344041, 0.09534921802665242]}}"
4.473999999999829,0.5239989884422397,0.0,0.4,0.5191662826601042,2.4418872691828086e-07,0.3999956415655642,"{'table_obstacle': {'pos': [0.3825981920028062, 0.37518922255766707, 0.1646257963690813], 'size': [0.049837904948193595, 0.0813235869879147, 0.05243307039854257]}, 'pillar_obstacle': {'pos': [0.39994824830915515, -0.3824307480766307, 0.23470116647765446], 'size': [0.033663755439403885, 0.20172185302840845, 0.0]}, 'small_block': {'pos': [0.6140097595303955, -0.3535133918987863, 0.1097032402875184], 'size': [0.04461973939918376, 0.0849493067344041, 0.09534921802665242]}}"
4.474999999999829,0.5239989884422397,0.0,0.4,0.5192342074123473,2.39405148051043e-07,0.3999956302130644,"{'table_obstacle': {'pos': [0.3825981920028062, 0.37518922255766707, 0.1646257963690813], 'size': [0.049837904948193595, 0.0813235869879147, 0.05243307039854257]}, 'pillar_obstacle': {'pos': [0.39994824830915515, -0.3824307480766307, 0.23470116647765446], 'size': [0.033663755439403885, 0.20172185302840845, 0.0]}, 'small_block': {'pos': [0.6140097595303955, -0.3535133918987863, 0.1097032402875184], 'size': [0.04461973939918376, 0.0849493067344041, 0.09534921802665242]}}"
4.4759999999998294,0.5239989884422397,0.0,0.4,0.5193013630622175,2.3310527134469836e-07,0.399995625936853,"{'table_obstacle': {'pos': [0.3825981920028062, 0.37518922255766707, 0.1646257963690813], 'size': [0.049837904948193595, 0.0813235869879147, 0.05243307039854257]}, 'pillar_obstacle': {'pos': [0.39994824830915515, -0.3824307480766307, 0.23470116647765446], 'size': [0.033663755439403885, 0.20172185302840845, 0.0]}, 'small_block': {'pos': [0.6140097595303955, -0.3535133918987863, 0.1097032402875184], 'size': [0.04461973939918376, 0.0849493067344041, 0.09534921802665242]}}"
4.47699999999983,0.5239989884422397,0.0,0.4,0.5193677227660382,2.2555180016743475e-07,0.39999562784985554,"{'table_obstacle': {'pos': [0.3825981920028062, 0.37518922255766707, 0.1646257963690813], 'size': [0.049837904948193595, 0.0813235869879147, 0.05243307039854257]}, 'pillar_obstacle': {'pos': [0.39994824830915515, -0.3824307480766307, 0.23470116647765446], 'size': [0.033663755439403885, 0.20172185302840845, 0.0]}, 'small_block': {'pos': [0.6140097595303955, -0.3535133918987863, 0.1097032402875184], 'size': [0.04461973939918376, 0.0849493067344041, 0.09534921802665242]}}"
4.47799999999983,0.5239989884422397,0.0,0.4,0.5194332672253243,2.1697518563863842e-07,0.3999956351592313,"{'table_obstacle': {'pos': [0.3825981920028062, 0.37518922255766707, 0.1646257963690813], 'size': [0.049837904948193595, 0.0813235869879147, 0.05243307039854257]}, 'pillar_obstacle': {'pos': [0.39994824830915515, -0.3824307480766307, 0.23470116647765446], 'size': [0.033663755439403885, 0.20172185302840845, 0.0]}, 'small_block': {'pos': [0.6140097595303955, -0.3535133918987863, 0.1097032402875184], 'size': [0.04461973939918376, 0.0849493067344041, 0.09534921802665242]}}"
4.4789999999998305,0.5239989884422397,0.0,0.4,0.5194979832214841,2.075760858916832e-07,0.3999956471612625,"{'table_obstacle': {'pos': [0.3825981920028062, 0.37518922255766707, 0.1646257963690813], 'size': [0.049837904948193595, 0.0813235869879147, 0.05243307039854257]}, 'pillar_obstacle': {'pos': [0.39994824830915515, -0.3824307480766307, 0.23470116647765446], 'size': [0.033663755439403885, 0.20172185302840845, 0.0]}, 'small_block': {'pos': [0.6140097595303955, -0.3535133918987863, 0.1097032402875184], 'size': [0.04461973939918376, 0.0849493067344041, 0.09534921802665242]}}"
4.479999999999831,0.5239989884422397,0.0,0.4,0.5195618624288644,1.9752807401546502e-07,0.3999956632348551,"{'table_obstacle': {'pos': [0.3825981920028062, 0.37518922255766707, 0.1646257963690813], 'size': [0.049837904948193595, 0.0813235869879147, 0.05243307039854257]}, 'pillar_obstacle': {'pos': [0.39994824830915515, -0.3824307480766307, 0.23470116647765446], 'size': [0.033663755439403885, 0.20172185302840845, 0.0]}, 'small_block': {'pos': [0.6140097595303955, -0.3535133918987863, 0.1097032402875184], 'size': [0.04461973939918376, 0.0849493067344041, 0.09534921802665242]}}"
4.480999999999831,0.5239989884422397,0.0,0.4,0.5196249004533426,1.8698040290780065e-07,0.3999956828343537,"{'table_obstacle': {'pos': [0.3825981920028062, 0.37518922255766707, 0.1646257963690813], 'size': [0.049837904948193595, 0.0813235869879147, 0.05243307039854257]}, 'pillar_obstacle': {'pos': [0.39994824830915515, -0.3824307480766307, 0.23470116647765446], 'size': [0.033663755439403885, 0.20172185302840845, 0.0]}, 'small_block': {'pos': [0.6140097595303955, -0.3535133918987863, 0.1097032402875184], 'size': [0.04461973939918376, 0.0849493067344041, 0.09534921802665242]}}"
4.4819999999998315,0.5239989884422397,0.0,0.4,0.5196870960536829,1.7606071082487616e-07,0.3999957054821692,"{'table_obstacle': {'pos': [0.3825981920028062, 0.37518922255766707, 0.1646257963690813], 'size': [0.049837904948193595, 0.0813235869879147, 0.05243307039854257]}, 'pillar_obstacle': {'pos': [0.39994824830915515, -0.3824307480766307, 0.23470116647765446], 'size': [0.033663755439403885, 0.20172185302840845, 0.0]}, 'small_block': {'pos': [0.6140097595303955, -0.3535133918987863, 0.1097032402875184], 'size': [0.04461973939918376, 0.0849493067344041, 0.09534921802665242]}}"
4.482999999999832,0.5239989884422397,0.0,0.4,0.5197484505109964,1.6487758592173038e-07,0.39999573076153905,"{'table_obstacle': {'pos': [0.3825981920028062, 0.37518922255766707, 0.1646257963690813], 'size': [0.049837904948193595, 0.0813235869879147, 0.05243307039854257]}, 'pillar_obstacle': {'pos': [0.39994824830915515, -0.3824307480766307, 0.23470116647765446], 'size': [0.033663755439403885, 0.20172185302840845, 0.0]}, 'small_block': {'pos': [0.6140097595303955, -0.3535133918987863, 0.1097032402875184], 'size': [0.04461973939918376, 0.0849493067344041, 0.09534921802665242]}}"
4.483999999999832,0.5239989884422397,0.0,0.4,0.5198089671182012,1.5352294580393e-07,0.39999575830963424,"{'table_obstacle': {'pos': [0.3825981920028062, 0.37518922255766707, 0.1646257963690813], 'size': [0.049837904948193595, 0.0813235869879147, 0.05243307039854257]}, 'pillar_obstacle': {'pos': [0.39994824830915515, -0.3824307480766307, 0.23470116647765446], 'size': [0.033663755439403885, 0.20172185302840845, 0.0]}, 'small_block': {'pos': [0.6140097595303955, -0.3535133918987863, 0.1097032402875184], 'size': [0.04461973939918376, 0.0849493067344041, 0.09534921802665242]}}"
4.4849999999998325,0.5239989884422397,0.0,0.4,0.5198686507667336,1.4207420833230322e-07,0.3999957878111401,"{'table_obstacle': {'pos': [0.3825981920028062, 0.37518922255766707, 0.1646257963690813], 'size': [0.049837904948193595, 0.0813235869879147, 0.05243307039854257]}, 'pillar_obstacle': {'pos': [0.39994824830915515, -0.3824307480766307, 0.23470116647765446], 'size': [0.033663755439403885, 0.20172185302840845, 0.0]}, 'small_block': {'pos': [0.6140097595303955, -0.3535133918987863, 0.1097032402875184], 'size': [0.04461973939918376, 0.0849493067344041, 0.09534921802665242]}}"
4.485999999999833,0.5239989884422397,0.0,0.4,0.5199275076120541,1.3059624632476146e-07,0.39999581899237524,"{'table_obstacle': {'pos': [0.3825981920028062, 0.37518922255766707, 0.1646257963690813], 'size': [0.049837904948193595, 0.0813235869879147, 0.05243307039854257]}, 'pillar_obstacle': {'pos': [0.39994824830915515, -0.3824307480766307, 0.23470116647765446], 'size': [0.033663755439403885, 0.20172185302840845, 0.0]}, 'small_block': {'pos': [0.6140097595303955, -0.3535133918987863, 0.1097032402875184], 'size': [0.04461973939918376, 0.0849493067344041, 0.09534921802665242]}}"
4.486999999999833,0.5239989884422397,0.0,0.4,0.5199855448030044,1.1914313014717047e-07,0.39999585161597356,"{'table_obstacle': {'pos': [0.3825981920028062, 0.37518922255766707, 0.1646257963690813], 'size': [0.049837904948193595, 0.0813235869879147, 0.05243307039854257]}, 'pillar_obstacle': {'pos': [0.39994824830915515, -0.3824307480766307, 0.23470116647765446], 'size': [0.033663755439403885, 0.20172185302840845, 0.0]}, 'small_block': {'pos': [0.6140097595303955, -0.3535133918987863, 0.1097032402875184], 'size': [0.04461973939918376, 0.0849493067344041, 0.09534921802665242]}}"
4.4879999999998335,0.5239989884422397,0.0,0.4,0.5200427702629045,1.0775966666559272e-07,0.3999958854761267,"{'table_obstacle': {'pos': [0.3825981920028062, 0.37518922255766707, 0.1646257963690813], 'size': [0.049837904948193595, 0.0813235869879147, 0.05243307039854257]}, 'pillar_obstacle': {'pos': [0.39994824830915515, -0.3824307480766307, 0.23470116647765446], 'size': [0.033663755439403885, 0.20172185302840845, 0.0]}, 'small_block': {'pos': [0.6140097595303955, -0.3535133918987863, 0.1097032402875184], 'size': [0.04461973939918376, 0.0849493067344041, 0.09534921802665242]}}"
4.488999999999834,0.5239989884422397,0.0,0.4,0.520099192512571,9.648274861928935e-08,0.39999592039436044,"{'table_obstacle': {'pos': [0.3825981920028062, 0.37518922255766707, 0.1646257963690813], 'size': [0.049837904948193595, 0.0813235869879147, 0.05243307039854257]}, 'pillar_obstacle': {'pos': [0.39994824830915515, -0.3824307480766307, 0.23470116647765446], 'size': [0.033663755439403885, 0.20172185302840845, 0.0]}, 'small_block': {'pos': [0.6140097595303955, -0.3535133918987863, 0.1097032402875184], 'size': [0.04461973939918376, 0.0849493067344041, 0.09534921802665242]}}"
4.489999999999834,0.5239989884422397,0.0,0.4,0.5201548205273088,8.53425308876808e-08,0.39999595621581624,"{'table_obstacle': {'pos': [0.3825981920028062, 0.37518922255766707, 0.1646257963690813], 'size': [0.049837904948193595, 0.0813235869879147, 0.05243307039854257]}, 'pillar_obstacle': {'pos': [0.39994824830915515, -0.3824307480766307, 0.23470116647765446], 'size': [0.033663755439403885, 0.20172185302840845, 0.0]}, 'small_block': {'pos': [0.6140097595303955, -0.3535133918987863, 0.1097032402875184], 'size': [0.04461973939918376, 0.0849493067344041, 0.09534921802665242]}}"
4.4909999999998345,0.5239989884422397,0.0,0.4,0.5202096636214197,7.436345117650529e-08,0.39999599280599246,"{'table_obstacle': {'pos': [0.3825981920028062, 0.37518922255766707, 0.1646257963690813], 'size': [0.049837904948193595, 0.0813235869879147, 0.05243307039854257]}, 'pillar_obstacle': {'pos': [0.39994824830915515, -0.3824307480766307, 0.23470116647765446], 'size': [0.033663755439403885, 0.20172185302840845, 0.0]}, 'small_block': {'pos': [0.6140097595303955, -0.3535133918987863, 0.1097032402875184], 'size': [0.04461973939918376, 0.0849493067344041, 0.09534921802665242]}}"
4.491999999999835,0.5239989884422397,0.0,0.4,0.5202637313550196,6.35651093369462e-08,0.39999603004790696,"{'table_obstacle': {'pos': [0.3825981920028062, 0.37518922255766707, 0.1646257963690813], 'size': [0.049837904948193595, 0.0813235869879147, 0.05243307039854257]}, 'pillar_obstacle': {'pos': [0.39994824830915515, -0.3824307480766307, 0.23470116647765446], 'size': [0.033663755439403885, 0.20172185302840845, 0.0]}, 'small_block': {'pos': [0.6140097595303955, -0.3535133918987863, 0.1097032402875184], 'size': [0.04461973939918376, 0.0849493067344041, 0.09534921802665242]}}"
4.492999999999835,0.5239989884422397,0.0,0.4,0.5203170334589154,5.296302382917336e-08,0.39999606783963343,"{'table_obstacle': {'pos': [0.3825981920028062, 0.37518922255766707, 0.1646257963690813], 'size': [0.049837904948193595, 0.0813235869879147, 0.05243307039854257]}, 'pillar_obstacle': {'pos': [0.39994824830915515, -0.3824307480766307, 0.23470116647765446], 'size': [0.033663755439403885, 0.20172185302840845, 0.0]}, 'small_block': {'pos': [0.6140097595303955, -0.3535133918987863, 0.1097032402875184], 'size': [0.04461973939918376, 0.0849493067344041, 0.09534921802665242]}}"
4.4939999999998355,0.5239989884422397,0.0,0.4,0.5203695797741268,4.2569280529424397e-08,0.39999610609217556,"{'table_obstacle': {'pos': [0.3825981920028062, 0.37518922255766707, 0.1646257963690813], 'size': [0.049837904948193595, 0.0813235869879147, 0.05243307039854257]}, 'pillar_obstacle': {'pos': [0.39994824830915515, -0.3824307480766307, 0.23470116647765446], 'size': [0.033663755439403885, 0.20172185302840845, 0.0]}, 'small_block': {'pos': [0.6140097595303955, -0.3535133918987863, 0.1097032402875184], 'size': [0.04461973939918376, 0.0849493067344041, 0.09534921802665242]}}"
4.494999999999836,0.5239989884422397,0.0,0.4,0.5204213802032598,3.23930849010184e-08,0.39999614472763056,"{'table_obstacle': {'pos': [0.3825981920028062, 0.37518922255766707, 0.1646257963690813], 'size': [0.049837904948193595, 0.0813235869879147, 0.05243307039854257]}, 'pillar_obstacle': {'pos': [0.39994824830915515, -0.3824307480766307, 0.23470116647765446], 'size': [0.033663755439403885, 0.20172185302840845, 0.0]}, 'small_block': {'pos': [0.6140097595303955, -0.3535133918987863, 0.1097032402875184], 'size': [0.04461973939918376, 0.0849493067344041, 0.09534921802665242]}}"
4.495999999999836,0.5239989884422397,0.0,0.4,0.5204724446714865,2.244123247308726e-08,0.3999961836776172,"{'table_obstacle': {'pos': [0.3825981920028062, 0.37518922255766707, 0.1646257963690813], 'size': [0.049837904948193595, 0.0813235869879147, 0.05243307039854257]}, 'pillar_obstacle': {'pos': [0.39994824830915515, -0.3824307480766307, 0.23470116647765446], 'size': [0.033663755439403885, 0.20172185302840845, 0.0]}, 'small_block': {'pos': [0.6140097595303955, -0.3535133918987863, 0.1097032402875184], 'size': [0.04461973939918376, 0.0849493067344041, 0.09534921802665242]}}"
4.4969999999998365,0.5239989884422397,0.0,0.4,0.5205227830953069,1.2718509257931176e-08,0.39999622288192477,"{'table_obstacle': {'pos': [0.3825981920028062, 0.37518922255766707, 0.1646257963690813], 'size': [0.049837904948193595, 0.0813235869879147, 0.05243307039854257]}, 'pillar_obstacle': {'pos': [0.39994824830915515, -0.3824307480766307, 0.23470116647765446], 'size': [0.033663755439403885, 0.20172185302840845, 0.0]}, 'small_block': {'pos': [0.6140097595303955, -0.3535133918987863, 0.1097032402875184], 'size': [0.04461973939918376, 0.0849493067344041, 0.09534921802665242]}}"
4.497999999999837,0.5239989884422397,0.0,0.4,0.5205724053576061,3.2280285865437125e-09,0.3999962622873589,"{'table_obstacle': {'pos': [0.3825981920028062, 0.37518922255766707, 0.1646257963690813], 'size': [0.049837904948193595, 0.0813235869879147, 0.05243307039854257]}, 'pillar_obstacle': {'pos': [0.39994824830915515, -0.3824307480766307, 0.23470116647765446], 'size': [0.033663755439403885, 0.20172185302840845, 0.0]}, 'small_block': {'pos': [0.6140097595303955, -0.3535133918987863, 0.1097032402875184], 'size': [0.04461973939918376, 0.0849493067344041, 0.09534921802665242]}}"
4.498999999999837,0.5239989884422397,0.0,0.4,0.5206213212878142,-6.028480798302356e-09,0.39999630184675755,"{'table_obstacle': {'pos': [0.3825981920028062, 0.37518922255766707, 0.1646257963690813], 'size': [0.049837904948193595, 0.0813235869879147, 0.05243307039854257]}, 'pillar_obstacle': {'pos': [0.39994824830915515, -0.3824307480766307, 0.23470116647765446], 'size': [0.033663755439403885, 0.20172185302840845, 0.0]}, 'small_block': {'pos': [0.6140097595303955, -0.3535133918987863, 0.1097032402875184], 'size': [0.04461973939918376, 0.0849493067344041, 0.09534921802665242]}}"
4.4999999999998375,0.5239989884422397,0.0,0.4,0.5206695406461953,-1.5050436501090275e-08,0.39999634151815067,"{'table_obstacle': {'pos': [0.3825981920028062, 0.37518922255766707, 0.1646257963690813], 'size': [0.049837904948193595, 0.0813235869879147, 0.05243307039854257]}, 'pillar_obstacle': {'pos': [0.39994824830915515, -0.3824307480766307, 0.23470116647765446], 'size': [0.033663755439403885, 0.20172185302840845, 0.0]}, 'small_block': {'pos': [0.6140097595303955, -0.3535133918987863, 0.1097032402875184], 'size': [0.04461973939918376, 0.0849493067344041, 0.09534921802665242]}}"
4.500999999999838,0.5239989884422397,0.0,0.4,0.5207170731114763,-2.3838197716809445e-08,0.3999963812640445,"{'table_obstacle': {'pos': [0.3825981920028062, 0.37518922255766707, 0.1646257963690813], 'size': [0.049837904948193595, 0.0813235869879147, 0.05243307039854257]}, 'pillar_obstacle': {'pos': [0.39994824830915515, -0.3824307480766307, 0.23470116647765446], 'size': [0.033663755439403885, 0.20172185302840845, 0.0]}, 'small_block': {'pos': [0.6140097595303955, -0.3535133918987863, 0.1097032402875184], 'size': [0.04461973939918376, 0.0849493067344041, 0.09534921802665242]}}"
4.501999999999838,0.5239989884422397,0.0,0.4,0.5207639282711808,-3.239289562070887e-08,0.3999964210508154,"{'table_obstacle': {'pos': [0.3825981920028062, 0.37518922255766707, 0.1646257963690813], 'size': [0.049837904948193595, 0.0813235869879147, 0.05243307039854257]}, 'pillar_obstacle': {'pos': [0.39994824830915515, -0.3824307480766307, 0.23470116647765446], 'size': [0.033663755439403885, 0.20172185302840845, 0.0]}, 'small_block': {'pos': [0.6140097595303955, -0.3535133918987863, 0.1097032402875184], 'size': [0.04461973939918376, 0.0849493067344041, 0.09534921802665242]}}"
4.5029999999998385,0.5239989884422397,0.0,0.4,0.5208101156141471,-4.071629026016028e-08,0.399996460848191,"{'table_obstacle': {'pos': [0.3825981920028062, 0.37518922255766707, 0.1646257963690813], 'size': [0.049837904948193595, 0.0813235869879147, 0.05243307039854257]}, 'pillar_obstacle': {'pos': [0.39994824830915515, -0.3824307480766307, 0.23470116647765446], 'size': [0.033663755439403885, 0.20172185302840845, 0.0]}, 'small_block': {'pos': [0.6140097595303955, -0.3535133918987863, 0.1097032402875184], 'size': [0.04461973939918376, 0.0849493067344041, 0.09534921802665242]}}"
4.503999999999839,0.5239989884422397,0.0,0.4,0.5208556445248153,-4.8810651819617605e-08,0.39999650062881265,"{'table_obstacle': {'pos': [0.3825981920028062, 0.37518922255766707, 0.1646257963690813], 'size': [0.049837904948193595, 0.0813235869879147, 0.05243307039854257]}, 'pillar_obstacle': {'pos': [0.39994824830915515, -0.3824307480766307, 0.23470116647765446], 'size': [0.033663755439403885, 0.20172185302840845, 0.0]}, 'small_block': {'pos': [0.6140097595303955, -0.3535133918987863, 0.1097032402875184], 'size': [0.04461973939918376, 0.0849493067344041, 0.09534921802665242]}}"
4.504999999999839,0.5239989884422397,0.0,0.4,0.5209005242789397,-5.667865996669101e-08,0.39999654036786225,"{'table_obstacle': {'pos': [0.3825981920028062, 0.37518922255766707, 0.1646257963690813], 'size': [0.049837904948193595, 0.0813235869879147, 0.05243307039854257]}, 'pillar_obstacle': {'pos': [0.39994824830915515, -0.3824307480766307, 0.23470116647765446], 'size': [0.033663755439403885, 0.20172185302840845, 0.0]}, 'small_block': {'pos': [0.6140097595303955, -0.3535133918987863, 0.1097032402875184], 'size': [0.04461973939918376, 0.0849493067344041, 0.09534921802665242]}}"
4.5059999999998395,0.5239989884422397,0.0,0.4,0.5209447640404542,-6.432332071051634e-08,0.3999965800427436,"{'table_obstacle': {'pos': [0.3825981920028062, 0.37518922255766707, 0.1646257963690813], 'size': [0.049837904948193595, 0.0813235869879147, 0.05243307039854257]}, 'pillar_obstacle': {'pos': [0.39994824830915515, -0.3824307480766307, 0.23470116647765446], 'size': [0.033663755439403885, 0.20172185302840845, 0.0]}, 'small_block': {'pos': [0.6140097595303955, -0.3535133918987863, 0.1097032402875184], 'size': [0.04461973939918376, 0.0849493067344041, 0.09534921802665242]}}"
4.50699999999984,0.5239989884422397,0.0,0.4,0.5209883728592679,-7.174789728827754e-08,0.39999661963281535,"{'table_obstacle': {'pos': [0.3825981920028062, 0.37518922255766707, 0.1646257963690813], 'size': [0.049837904948193595, 0.0813235869879147, 0.05243307039854257]}, 'pillar_obstacle': {'pos': [0.39994824830915515, -0.3824307480766307, 0.23470116647765446], 'size': [0.033663755439403885, 0.20172185302840845, 0.0]}, 'small_block': {'pos': [0.6140097595303955, -0.3535133918987863, 0.1097032402875184], 'size': [0.04461973939918376, 0.0849493067344041, 0.09534921802665242]}}"
4.50799999999984,0.5239989884422397,0.0,0.4,0.5210313596698062,-7.895585251526736e-08,0.3999966591191593,"{'table_obstacle': {'pos': [0.3825981920028062, 0.37518922255766707, 0.1646257963690813], 'size': [0.049837904948193595, 0.0813235869879147, 0.05243307039854257]}, 'pillar_obstacle': {'pos': [0.39994824830915515, -0.3824307480766307, 0.23470116647765446], 'size': [0.033663755439403885, 0.20172185302840845, 0.0]}, 'small_block': {'pos': [0.6140097595303955, -0.3535133918987863, 0.1097032402875184], 'size': [0.04461973939918376, 0.0849493067344041, 0.09534921802665242]}}"
4.5089999999998405,0.5239989884422397,0.0,0.4,0.5210737332901579,-8.595080027609475e-08,0.3999966984843876,"{'table_obstacle': {'pos': [0.3825981920028062, 0.37518922255766707, 0.1646257963690813], 'size': [0.049837904948193595, 0.0813235869879147, 0.05243307039854257]}, 'pillar_obstacle': {'pos': [0.39994824830915515, -0.3824307480766307, 0.23470116647765446], 'size': [0.033663755439403885, 0.20172185302840845, 0.0]}, 'small_block': {'pos': [0.6140097595303955, -0.3535133918987863, 0.1097032402875184], 'size': [0.04461973939918376, 0.0849493067344041, 0.09534921802665242]}}"
4.509999999999841,0.5239989884422397,0.0,0.4,0.5211155024217028,-9.273646765112863e-08,0.3999967377124745,"{'table_obstacle': {'pos': [0.3825981920028062, 0.37518922255766707, 0.1646257963690813], 'size': [0.049837904948193595, 0.0813235869879147, 0.05243307039854257]}, 'pillar_obstacle': {'pos': [0.39994824830915515, -0.3824307480766307, 0.23470116647765446], 'size': [0.033663755439403885, 0.20172185302840845, 0.0]}, 'small_block': {'pos': [0.6140097595303955, -0.3535133918987863, 0.1097032402875184], 'size': [0.04461973939918376, 0.0849493067344041, 0.09534921802665242]}}"
4.510999999999841,0.5239989884422397,0.0,0.4,0.5211566756491268,-9.931665919444723e-08,0.39999677678861445,"{'table_obstacle': {'pos': [0.3825981920028062, 0.37518922255766707, 0.1646257963690813], 'size': [0.049837904948193595, 0.0813235869879147, 0.05243307039854257]}, 'pillar_obstacle': {'pos': [0.39994824830915515, -0.3824307480766307, 0.23470116647765446], 'size': [0.033663755439403885, 0.20172185302840845, 0.0]}, 'small_block': {'pos': [0.6140097595303955, -0.3535133918987863, 0.1097032402875184], 'size': [0.04461973939918376, 0.0849493067344041, 0.09534921802665242]}}"
4.5119999999998415,0.5239989884422397,0.0,0.4,0.5211972614407488,-1.0569523286009126e-07,0.3999968156990999,"{'table_obstacle': {'pos': [0.3825981920028062, 0.37518922255766707, 0.1646257963690813], 'size': [0.049837904948193595, 0.0813235869879147, 0.05243307039854257]}, 'pillar_obstacle': {'pos': [0.39994824830915515, -0.3824307480766307, 0.23470116647765446], 'size': [0.033663755439403885, 0.20172185302840845, 0.0]}, 'small_block': {'pos': [0.6140097595303955, -0.3535133918987863, 0.1097032402875184], 'size': [0.04461973939918376, 0.0849493067344041, 0.09534921802665242]}}"
4.512999999999842,0.5239989884422397,0.0,0.4,0.5212372681490921,-1.1187607623735533e-07,0.3999968544312182,"{'table_obstacle': {'pos': [0.3825981920028062, 0.37518922255766707, 0.1646257963690813], 'size': [0.049837904948193595, 0.0813235869879147, 0.05243307039854257]}, 'pillar_obstacle': {'pos': [0.39994824830915515, -0.3824307480766307, 0.23470116647765446], 'size': [0.033663755439403885, 0.20172185302840845, 0.0]}, 'small_block': {'pos': [0.6140097595303955, -0.3535133918987863, 0.1097032402875184], 'size': [0.04461973939918376, 0.0849493067344041, 0.09534921802665242]}}"
4.513999999999842,0.5239989884422397,0.0,0.4,0.5212767040116519,-1.178630885083777e-07,0.39999689297315905,"{'table_obstacle': {'pos': [0.3825981920028062, 0.37518922255766707, 0.1646257963690813], 'size': [0.049837904948193595, 0.0813235869879147, 0.05243307039854257]}, 'pillar_obstacle': {'pos': [0.39994824830915515, -0.3824307480766307, 0.23470116647765446], 'size': [0.033663755439403885, 0.20172185302840845, 0.0]}, 'small_block': {'pos': [0.6140097595303955, -0.3535133918987863, 0.1097032402875184], 'size': [0.04461973939918376, 0.0849493067344041, 0.09534921802665242]}}"
4.5149999999998425,0.5239989884422397,0.0,0.4,0.5213155771518175,-1.2366016579932816e-07,0.3999969313139388,"{'table_obstacle': {'pos': [0.3825981920028062, 0.37518922255766707, 0.1646257963690813], 'size': [0.049837904948193595, 0.0813235869879147, 0.05243307039854257]}, 'pillar_obstacle': {'pos': [0.39994824830915515, -0.3824307480766307, 0.23470116647765446], 'size': [0.033663755439403885, 0.20172185302840845, 0.0]}, 'small_block': {'pos': [0.6140097595303955, -0.3535133918987863, 0.1097032402875184], 'size': [0.04461973939918376, 0.0849493067344041, 0.09534921802665242]}}"
4.515999999999843,0.5239989884422397,0.0,0.4,0.5213538955799151,-1.292711885180024e-07,0.3999969694433312,"{'table_obstacle': {'pos': [0.3825981920028062, 0.37518922255766707, 0.1646257963690813], 'size': [0.049837904948193595, 0.0813235869879147, 0.05243307039854257]}, 'pillar_obstacle': {'pos': [0.39994824830915515, -0.3824307480766307, 0.23470116647765446], 'size': [0.033663755439403885, 0.20172185302840845, 0.0]}, 'small_block': {'pos': [0.6140097595303955, -0.3535133918987863, 0.1097032402875184], 'size': [0.04461973939918376, 0.0849493067344041, 0.09534921802665242]}}"
4.516999999999843,0.5239989884422397,0.0,0.4,0.5213916671943435,-1.347000124850056e-07,0.39999700735181004,"{'table_obstacle': {'pos': [0.3825981920028062, 0.37518922255766707, 0.1646257963690813], 'size': [0.049837904948193595, 0.0813235869879147, 0.05243307039854257]}, 'pillar_obstacle': {'pos': [0.39994824830915515, -0.3824307480766307, 0.23470116647765446], 'size': [0.033663755439403885, 0.20172185302840845, 0.0]}, 'small_block': {'pos': [0.6140097595303955, -0.3535133918987863, 0.1097032402875184], 'size': [0.04461973939918376, 0.0849493067344041, 0.09534921802665242]}}"
4.5179999999998435,0.5239989884422397,0.0,0.4,0.5214288997827837,-1.3995045987912544e-07,0.39999704503049593,"{'table_obstacle': {'pos': [0.3825981920028062, 0.37518922255766707, 0.1646257963690813], 'size': [0.049837904948193595, 0.0813235869879147, 0.05243307039854257]}, 'pillar_obstacle': {'pos': [0.39994824830915515, -0.3824307480766307, 0.23470116647765446], 'size': [0.033663755439403885, 0.20172185302840845, 0.0]}, 'small_block': {'pos': [0.6140097595303955, -0.3535133918987863, 0.1097032402875184], 'size': [0.04461973939918376, 0.0849493067344041, 0.09534921802665242]}}"
4.518999999999844,0.5239989884422397,0.0,0.4,0.5214656010234614,-1.4502631355698077e-07,0.3999970824711125,"{'table_obstacle': {'pos': [0.3825981920028062, 0.37518922255766707, 0.1646257963690813], 'size': [0.049837904948193595, 0.0813235869879147, 0.05243307039854257]}, 'pillar_obstacle': {'pos': [0.39994824830915515, -0.3824307480766307, 0.23470116647765446], 'size': [0.033663755439403885, 0.20172185302840845, 0.0]}, 'small_block': {'pos': [0.6140097595303955, -0.3535133918987863, 0.1097032402875184], 'size': [0.04461973939918376, 0.0849493067344041, 0.09534921802665242]}}"
4.519999999999844,0.5239989884422397,0.0,0.4,0.5215017784864491,-1.499313116372682e-07,0.3999971196659458,"{'table_obstacle': {'pos': [0.3825981920028062, 0.37518922255766707, 0.1646257963690813], 'size': [0.049837904948193595, 0.0813235869879147, 0.05243307039854257]}, 'pillar_obstacle': {'pos': [0.39994824830915515, -0.3824307480766307, 0.23470116647765446], 'size': [0.033663755439403885, 0.20172185302840845, 0.0]}, 'small_block': {'pos': [0.6140097595303955, -0.3535133918987863, 0.1097032402875184], 'size': [0.04461973939918376, 0.0849493067344041, 0.09534921802665242]}}"
4.5209999999998445,0.5239989884422397,0.0,0.4,0.5215374396349985,-1.5466914386565717e-07,0.399997156607809,"{'table_obstacle': {'pos': [0.3825981920028062, 0.37518922255766707, 0.1646257963690813], 'size': [0.049837904948193595, 0.0813235869879147, 0.05243307039854257]}, 'pillar_obstacle': {'pos': [0.39994824830915515, -0.3824307480766307, 0.23470116647765446], 'size': [0.033663755439403885, 0.20172185302840845, 0.0]}, 'small_block': {'pos': [0.6140097595303955, -0.3535133918987863, 0.1097032402875184], 'size': [0.04461973939918376, 0.0849493067344041, 0.09534921802665242]}}"
4.521999999999845,0.5239989884422397,0.0,0.4,0.5215725918268908,-1.5924344796290766e-07,0.3999971932900086,"{'table_obstacle': {'pos': [0.3825981920028062, 0.37518922255766707, 0.1646257963690813], 'size': [0.049837904948193595, 0.0813235869879147, 0.05243307039854257]}, 'pillar_obstacle': {'pos': [0.39994824830915515, -0.3824307480766307, 0.23470116647765446], 'size': [0.033663755439403885, 0.20172185302840845, 0.0]}, 'small_block': {'pos': [0.6140097595303955, -0.3535133918987863, 0.1097032402875184], 'size': [0.04461973939918376, 0.0849493067344041, 0.09534921802665242]}}"
4.522999999999845,0.5239989884422397,0.0,0.4,0.5216072423157992,-1.6365780813352925e-07,0.3999972297063185,"{'table_obstacle': {'pos': [0.3825981920028062, 0.37518922255766707, 0.1646257963690813], 'size': [0.049837904948193595, 0.0813235869879147, 0.05243307039854257]}, 'pillar_obstacle': {'pos': [0.39994824830915515, -0.3824307480766307, 0.23470116647765446], 'size': [0.033663755439403885, 0.20172185302840845, 0.0]}, 'small_block': {'pos': [0.6140097595303955, -0.3535133918987863, 0.1097032402875184], 'size': [0.04461973939918376, 0.0849493067344041, 0.09534921802665242]}}"
4.5239999999998455,0.5239989884422397,0.0,0.4,0.5216413982526559,-1.679157524378604e-07,0.3999972658509531,"{'table_obstacle': {'pos': [0.3825981920028062, 0.37518922255766707, 0.1646257963690813], 'size': [0.049837904948193595, 0.0813235869879147, 0.05243307039854257]}, 'pillar_obstacle': {'pos': [0.39994824830915515, -0.3824307480766307, 0.23470116647765446], 'size': [0.033663755439403885, 0.20172185302840845, 0.0]}, 'small_block': {'pos': [0.6140097595303955, -0.3535133918987863, 0.1097032402875184], 'size': [0.04461973939918376, 0.0849493067344041, 0.09534921802665242]}}"
4.524999999999846,0.5239989884422397,0.0,0.4,0.5216750666870239,-1.720207520530652e-07,0.3999973017185429,"{'table_obstacle': {'pos': [0.3825981920028062, 0.37518922255766707, 0.1646257963690813], 'size': [0.049837904948193595, 0.0813235869879147, 0.05243307039854257]}, 'pillar_obstacle': {'pos': [0.39994824830915515, -0.3824307480766307, 0.23470116647765446], 'size': [0.033663755439403885, 0.20172185302840845, 0.0]}, 'small_block': {'pos': [0.6140097595303955, -0.3535133918987863, 0.1097032402875184], 'size': [0.04461973939918376, 0.0849493067344041, 0.09534921802665242]}}"
4.525999999999846,0.5239989884422397,0.0,0.4,0.5217082545684614,-1.759762202005913e-07,0.3999973373041143,"{'table_obstacle': {'pos': [0.3825981920028062, 0.37518922255766707, 0.1646257963690813], 'size': [0.049837904948193595, 0.0813235869879147, 0.05243307039854257]}, 'pillar_obstacle': {'pos': [0.39994824830915515, -0.3824307480766307, 0.23470116647765446], 'size': [0.033663755439403885, 0.20172185302840845, 0.0]}, 'small_block': {'pos': [0.6140097595303955, -0.3535133918987863, 0.1097032402875184], 'size': [0.04461973939918376, 0.0849493067344041, 0.09534921802665242]}}"
4.5269999999998465,0.5239989884422397,0.0,0.4,0.5217409687478826,-1.7978551175839494e-07,0.3999973726030687,"{'table_obstacle': {'pos': [0.3825981920028062, 0.37518922255766707, 0.1646257963690813], 'size': [0.049837904948193595, 0.0813235869879147, 0.05243307039854257]}, 'pillar_obstacle': {'pos': [0.39994824830915515, -0.3824307480766307, 0.23470116647765446], 'size': [0.033663755439403885, 0.20172185302840845, 0.0]}, 'small_block': {'pos': [0.6140097595303955, -0.3535133918987863, 0.1097032402875184], 'size': [0.04461973939918376, 0.0849493067344041, 0.09534921802665242]}}"
4.527999999999847,0.5239989884422397,0.0,0.4,0.52177321597891,-1.834519234387825e-07,0.3999974076111646,"{'table_obstacle': {'pos': [0.3825981920028062, 0.37518922255766707, 0.1646257963690813], 'size': [0.049837904948193595, 0.0813235869879147, 0.05243307039854257]}, 'pillar_obstacle': {'pos': [0.39994824830915515, -0.3824307480766307, 0.23470116647765446], 'size': [0.033663755439403885, 0.20172185302840845, 0.0]}, 'small_block': {'pos': [0.6140097595303955, -0.3535133918987863, 0.1097032402875184], 'size': [0.04461973939918376, 0.0849493067344041, 0.09534921802665242]}}"
4.528999999999847,0.5239989884422397,0.0,0.4,0.5218050029192168,-1.8697869274753957e-07,0.39999744232450063,"{'table_obstacle': {'pos': [0.3825981920028062, 0.37518922255766707, 0.1646257963690813], 'size': [0.049837904948193595, 0.0813235869879147, 0.05243307039854257]}, 'pillar_obstacle': {'pos': [0.39994824830915515, -0.3824307480766307, 0.23470116647765446], 'size': [0.033663755439403885, 0.20172185302840845, 0.0]}, 'small_block': {'pos': [0.6140097595303955, -0.3535133918987863, 0.1097032402875184], 'size': [0.04461973939918376, 0.0849493067344041, 0.09534921802665242]}}"
4.5299999999998475,0.5239989884422397,0.0,0.4,0.5218363361318556,-1.9036899920546939e-07,0.3999974767395003,"{'table_obstacle': {'pos': [0.3825981920028062, 0.37518922255766707, 0.1646257963690813], 'size': [0.049837904948193595, 0.0813235869879147, 0.05243307039854257]}, 'pillar_obstacle': {'pos': [0.39994824830915515, -0.3824307480766307, 0.23470116647765446], 'size': [0.033663755439403885, 0.20172185302840845, 0.0]}, 'small_block': {'pos': [0.6140097595303955, -0.3535133918987863, 0.1097032402875184], 'size': [0.04461973939918376, 0.0849493067344041, 0.09534921802665242]}}"
4.530999999999848,0.5239989884422397,0.0,0.4,0.5218672220865772,-1.936259639371753e-07,0.39999751085289603,"{'table_obstacle': {'pos': [0.3825981920028062, 0.37518922255766707, 0.1646257963690813], 'size': [0.049837904948193595, 0.0813235869879147, 0.05243307039854257]}, 'pillar_obstacle': {'pos': [0.39994824830915515, -0.3824307480766307, 0.23470116647765446], 'size': [0.033663755439403885, 0.20172185302840845, 0.0]}, 'small_block': {'pos': [0.6140097595303955, -0.3535133918987863, 0.1097032402875184], 'size': [0.04461973939918376, 0.0849493067344041, 0.09534921802665242]}}"
4.531999999999848,0.5239989884422397,0.0,0.4,0.5218976671611316,-1.9675265084017266e-07,0.3999975446617156,"{'table_obstacle': {'pos': [0.3825981920028062, 0.37518922255766707, 0.1646257963690813], 'size': [0.049837904948193595, 0.0813235869879147, 0.05243307039854257]}, 'pillar_obstacle': {'pos': [0.39994824830915515, -0.3824307480766307, 0.23470116647765446], 'size': [0.033663755439403885, 0.20172185302840845, 0.0]}, 'small_block': {'pos': [0.6140097595303955, -0.3535133918987863, 0.1097032402875184], 'size': [0.04461973939918376, 0.0849493067344041, 0.09534921802665242]}}"
4.5329999999998485,0.5239989884422397,0.0,0.4,0.5219276776425588,-1.9975206635674717e-07,0.39999757816327,"{'table_obstacle': {'pos': [0.3825981920028062, 0.37518922255766707, 0.1646257963690813], 'size': [0.049837904948193595, 0.0813235869879147, 0.05243307039854257]}, 'pillar_obstacle': {'pos': [0.39994824830915515, -0.3824307480766307, 0.23470116647765446], 'size': [0.033663755439403885, 0.20172185302840845, 0.0]}, 'small_block': {'pos': [0.6140097595303955, -0.3535133918987863, 0.1097032402875184], 'size': [0.04461973939918376, 0.0849493067344041, 0.09534921802665242]}}"
4.533999999999849,0.5239989884422397,0.0,0.4,0.5219572597284604,-2.0262716025836758e-07,0.3999976113551388,"{'table_obstacle': {'pos': [0.3825981920028062, 0.37518922255766707, 0.1646257963690813], 'size': [0.049837904948193595, 0.0813235869879147, 0.05243307039854257]}, 'pillar_obstacle': {'pos': [0.39994824830915515, -0.3824307480766307, 0.23470116647765446], 'size': [0.033663755439403885, 0.20172185302840845, 0.0]}, 'small_block': {'pos': [0.6140097595303955, -0.3535133918987863, 0.1097032402875184], 'size': [0.04461973939918376, 0.0849493067344041, 0.09534921802665242]}}"
4.534999999999849,0.5239989884422397,0.0,0.4,0.5219864195282589,-2.0538082720723655e-07,0.39999764423516104,"{'table_obstacle': {'pos': [0.3825981920028062, 0.37518922255766707, 0.1646257963690813], 'size': [0.049837904948193595, 0.0813235869879147, 0.05243307039854257]}, 'pillar_obstacle': {'pos': [0.39994824830915515, -0.3824307480766307, 0.23470116647765446], 'size': [0.033663755439403885, 0.20172185302840845, 0.0]}, 'small_block': {'pos': [0.6140097595303955, -0.3535133918987863, 0.1097032402875184], 'size': [0.04461973939918376, 0.0849493067344041, 0.09534921802665242]}}"
4.5359999999998495,0.5279989566967147,0.0,0.4,0.5220151630644397,-2.0801590585378632e-07,0.39999767680142173,"{'table_obstacle': {'pos': [0.3825981920028062, 0.37518922255766707, 0.1646257963690813], 'size': [0.049837904948193595, 0.0813235869879147, 0.05243307039854257]}, 'pillar_obstacle': {'pos': [0.39994824830915515, -0.3824307480766307, 0.23470116647765446], 'size': [0.033663755439403885, 0.20172185302840845, 0.0]}, 'small_block': {'pos': [0.6140097595303955, -0.3535133918987863, 0.1097032402875184], 'size': [0.04461973939918376, 0.0849493067344041, 0.09534921802665242]}}"
4.53699999999985,0.5279989566967147,0.0,0.4,0.5220543055860831,-1.8400081535094925e-07,0.3999976012138373,"{'table_obstacle': {'pos': [0.3825981920028062, 0.37518922255766707, 0.1646257963690813], 'size': [0.049837904948193595, 0.0813235869879147, 0.05243307039854257]}, 'pillar_obstacle': {'pos': [0.39994824830915515, -0.3824307480766307, 0.23470116647765446], 'size': [0.033663755439403885, 0.20172185302840845, 0.0]}, 'small_block': {'pos': [0.6140097595303955, -0.3535133918987863, 0.1097032402875184], 'size': [0.04461973939918376, 0.0849493067344041, 0.09534921802665242]}}"
4.53799999999985,0.5279989566967147,0.0,0.4,0.52210165144975,-1.442527286452106e-07,0.3999974588489142,"{'table_obstacle': {'pos': [0.3825981920028062, 0.37518922255766707, 0.1646257963690813], 'size': [0.049837904948193595, 0.0813235869879147, 0.05243307039854257]}, 'pillar_obstacle': {'pos': [0.39994824830915515, -0.3824307480766307, 0.23470116647765446], 'size': [0.033663755439403885, 0.20172185302840845, 0.0]}, 'small_block': {'pos': [0.6140097595303955, -0.3535133918987863, 0.1097032402875184], 'size': [0.04461973939918376, 0.0849493067344041, 0.09534921802665242]}}"
4.5389999999998505,0.5279989566967147,0.0,0.4,0.5221554238573822,-9.646417209315382e-08,0.3999972790853052,"{'table_obstacle': {'pos': [0.3825981920028062, 0.37518922255766707, 0.1646257963690813], 'size': [0.049837904948193595, 0.0813235869879147, 0.05243307039854257]}, 'pillar_obstacle': {'pos': [0.39994824830915515, -0.3824307480766307, 0.23470116647765446], 'size': [0.033663755439403885, 0.20172185302840845, 0.0]}, 'small_block': {'pos': [0.6140097595303955, -0.3535133918987863, 0.1097032402875184], 'size': [0.04461973939918376, 0.0849493067344041, 0.09534921802665242]}}"
4.539999999999851,0.5279989566967147,0.0,0.4,0.5222141856406892,-4.593916543577626e-08,0.39999708245331866,"{'table_obstacle': {'pos': [0.3825981920028062, 0.37518922255766707, 0.1646257963690813], 'size': [0.049837904948193595, 0.0813235869879147, 0.05243307039854257]}, 'pillar_obstacle': {'pos': [0.39994824830915515, -0.3824307480766307, 0.23470116647765446], 'size': [0.033663755439403885, 0.20172185302840845, 0.0]}, 'small_block': {'pos': [0.6140097595303955, -0.3535133918987863, 0.1097032402875184], 'size': [0.04461973939918376, 0.0849493067344041, 0.09534921802665242]}}"
4.540999999999851,0.5279989566967147,0.0,0.4,0.5222767749754469,3.773154530695402e-09,0.3999968829890264,"{'table_obstacle': {'pos': [0.3825981920028062, 0.37518922255766707, 0.1646257963690813], 'size': [0.049837904948193595, 0.0813235869879147, 0.05243307039854257]}, 'pillar_obstacle': {'pos': [0.39994824830915515, -0.3824307480766307, 0.23470116647765446], 'size': [0.033663755439403885, 0.20172185302840845, 0.0]}, 'small_block': {'pos': [0.6140097595303955, -0.3535133918987863, 0.1097032402875184], 'size': [0.04461973939918376, 0.0849493067344041, 0.09534921802665242]}}"
4.5419999999998515,0.5279989566967147,0.0,0.4,0.5223422532278377,5.040029981656256e-08,0.3999966899929177,"{'table_obstacle': {'pos': [0.3825981920028062, 0.37518922255766707, 0.1646257963690813], 'size': [0.049837904948193595, 0.0813235869879147, 0.05243307039854257]}, 'pillar_obstacle': {'pos': [0.39994824830915515, -0.3824307480766307, 0.23470116647765446], 'size': [0.033663755439403885, 0.20172185302840845, 0.0]}, 'small_block': {'pos': [0.6140097595303955, -0.3535133918987863, 0.1097032402875184], 'size': [0.04461973939918376, 0.0849493067344041, 0.09534921802665242]}}"
4.542999999999852,0.5279989566967147,0.0,0.4,0.5224098626536484,9.258717855075836e-08,0.3999965093417596,"{'table_obstacle': {'pos': [0.3825981920028062, 0.37518922255766707, 0.1646257963690813], 'size': [0.049837904948193595, 0.0813235869879147, 0.05243307039854257]}, 'pillar_obstacle': {'pos': [0.39994824830915515, -0.3824307480766307, 0.23470116647765446], 'size': [0.033663755439403885, 0.20172185302840845, 0.0]}, 'small_block': {'pos': [0.6140097595303955, -0.3535133918987863, 0.1097032402875184], 'size': [0.04461973939918376, 0.0849493067344041, 0.09534921802665242]}}"
4.543999999999852,0.5279989566967147,0.0,0.4,0.5224789920956705,1.2962770750686573e-07,0.3999963444647078,"{'table_obstacle': {'pos': [0.3825981920028062, 0.37518922255766707, 0.1646257963690813], 'size': [0.049837904948193595, 0.0813235869879147, 0.05243307039854257]}, 'pillar_obstacle': {'pos': [0.39994824830915515, -0.3824307480766307, 0.23470116647765446], 'size': [0.033663755439403885, 0.20172185302840845, 0.0]}, 'small_block': {'pos': [0.6140097595303955, -0.3535133918987863, 0.1097032402875184], 'size': [0.04461973939918376, 0.0849493067344041, 0.09534921802665242]}}"
4.5449999999998525,0.5279989566967147,0.0,0.4,0.5225491491713782,1.6126562566993625e-07,0.3999961970669524,"{'table_obstacle': {'pos': [0.3825981920028062, 0.37518922255766707, 0.1646257963690813], 'size': [0.049837904948193595, 0.0813235869879147, 0.05243307039854257]}, 'pillar_obstacle': {'pos': [0.39994824830915515, -0.3824307480766307, 0.23470116647765446], 'size': [0.033663755439403885, 0.20172185302840845, 0.0]}, 'small_block': {'pos': [0.6140097595303955, -0.3535133918987863, 0.1097032402875184], 'size': [0.04461973939918376, 0.0849493067344041, 0.09534921802665242]}}"
4.545999999999853,0.5279989566967147,0.0,0.4,0.5226199377257112,1.8754781638713818e-07,0.39999606766355467,"{'table_obstacle': {'pos': [0.3825981920028062, 0.37518922255766707, 0.1646257963690813], 'size': [0.049837904948193595, 0.0813235869879147, 0.05243307039854257]}, 'pillar_obstacle': {'pos': [0.39994824830915515, -0.3824307480766307, 0.23470116647765446], 'size': [0.033663755439403885, 0.20172185302840845, 0.0]}, 'small_block': {'pos': [0.6140097595303955, -0.3535133918987863, 0.1097032402875184], 'size': [0.04461973939918376, 0.0849493067344041, 0.09534921802665242]}}"
4.546999999999853,0.5279989566967147,0.0,0.4,0.5226910395540777,2.0871732132716748e-07,0.39999595597072396,"{'table_obstacle': {'pos': [0.3825981920028062, 0.37518922255766707, 0.1646257963690813], 'size': [0.049837904948193595, 0.0813235869879147, 0.05243307039854257]}, 'pillar_obstacle': {'pos': [0.39994824830915515, -0.3824307480766307, 0.23470116647765446], 'size': [0.033663755439403885, 0.20172185302840845, 0.0]}, 'small_block': {'pos': [0.6140097595303955, -0.3535133918987863, 0.1097032402875184], 'size': [0.04461973939918376, 0.0849493067344041, 0.09534921802665242]}}"
4.5479999999998535,0.5279989566967147,0.0,0.4,0.5227621995880264,2.251362176567589e-07,0.39999586119022595,"{'table_obstacle': {'pos': [0.3825981920028062, 0.37518922255766707, 0.1646257963690813], 'size': [0.049837904948193595, 0.0813235869879147, 0.05243307039854257]}, 'pillar_obstacle': {'pos': [0.39994824830915515, -0.3824307480766307, 0.23470116647765446], 'size': [0.033663755439403885, 0.20172185302840845, 0.0]}, 'small_block': {'pos': [0.6140097595303955, -0.3535133918987863, 0.1097032402875184], 'size': [0.04461973939918376, 0.0849493067344041, 0.09534921802665242]}}"
4.548999999999854,0.5279989566967147,0.0,0.4,0.5228332138883574,2.3723083846614927e-07,0.3999957822139021,"{'table_obstacle': {'pos': [0.3825981920028062, 0.37518922255766707, 0.1646257963690813], 'size': [0.049837904948193595, 0.0813235869879147, 0.05243307039854257]}, 'pillar_obstacle': {'pos': [0.39994824830915515, -0.3824307480766307, 0.23470116647765446], 'size': [0.033663755439403885, 0.20172185302840845, 0.0]}, 'small_block': {'pos': [0.6140097595303955, -0.3535133918987863, 0.1097032402875184], 'size': [0.04461973939918376, 0.0849493067344041, 0.09534921802665242]}}"
4.549999999999854,0.5279989566967147,0.0,0.4,0.5229039199141501,2.454536085124139e-07,0.3999957177686982,"{'table_obstacle': {'pos': [0.3825981920028062, 0.37518922255766707, 0.1646257963690813], 'size': [0.049837904948193595, 0.0813235869879147, 0.05243307039854257]}, 'pillar_obstacle': {'pos': [0.39994824830915515, -0.3824307480766307, 0.23470116647765446], 'size': [0.033663755439403885, 0.20172185302840845, 0.0]}, 'small_block': {'pos': [0.6140097595303955, -0.3535133918987863, 0.1097032402875184], 'size': [0.04461973939918376, 0.0849493067344041, 0.09534921802665242]}}"
4.5509999999998545,0.5279989566967147,0.0,0.4,0.5229741886366551,2.5025714089382995e-07,0.3999956665176121,"{'table_obstacle': {'pos': [0.3825981920028062, 0.37518922255766707, 0.1646257963690813], 'size': [0.049837904948193595, 0.0813235869879147, 0.05243307039854257]}, 'pillar_obstacle': {'pos': [0.39994824830915515, -0.3824307480766307, 0.23470116647765446], 'size': [0.033663755439403885, 0.20172185302840845, 0.0]}, 'small_block': {'pos': [0.6140097595303955, -0.3535133918987863, 0.1097032402875184], 'size': [0.04461973939918376, 0.0849493067344041, 0.09534921802665242]}}"
4.551999999999855,0.5279989566967147,0.0,0.4,0.5230439181485338,2.5207729622750405e-07,0.39999562712819037,"{'table_obstacle': {'pos': [0.3825981920028062, 0.37518922255766707, 0.1646257963690813], 'size': [0.049837904948193595, 0.0813235869879147, 0.05243307039854257]}, 'pillar_obstacle': {'pos': [0.39994824830915515, -0.3824307480766307, 0.23470116647765446], 'size': [0.033663755439403885, 0.20172185302840845, 0.0]}, 'small_block': {'pos': [0.6140097595303955, -0.3535133918987863, 0.1097032402875184], 'size': [0.04461973939918376, 0.0849493067344041, 0.09534921802665242]}}"
4.552999999999855,0.5279989566967147,0.0,0.4,0.5231130284850689,2.5132272545292936e-07,0.39999559831731984,"{'table_obstacle': {'pos': [0.3825981920028062, 0.37518922255766707, 0.1646257963690813], 'size': [0.049837904948193595, 0.0813235869879147, 0.05243307039854257]}, 'pillar_obstacle': {'pos': [0.39994824830915515, -0.3824307480766307, 0.23470116647765446], 'size': [0.033663755439403885, 0.20172185302840845, 0.0]}, 'small_block': {'pos': [0.6140097595303955, -0.3535133918987863, 0.1097032402875184], 'size': [0.04461973939918376, 0.0849493067344041, 0.09534921802665242]}}"
4.5539999999998555,0.5279989566967147,0.0,0.4,0.5231814574276483,2.483690336391831e-07,0.3999955788788947,"{'table_obstacle': {'pos': [0.3825981920028062, 0.37518922255766707, 0.1646257963690813], 'size': [0.049837904948193595, 0.0813235869879147, 0.05243307039854257]}, 'pillar_obstacle': {'pos': [0.39994824830915515, -0.3824307480766307, 0.23470116647765446], 'size': [0.033663755439403885, 0.20172185302840845, 0.0]}, 'small_block': {'pos': [0.6140097595303955, -0.3535133918987863, 0.1097032402875184], 'size': [0.04461973939918376, 0.0849493067344041, 0.09534921802665242]}}"
4.554999999999856,0.5279989566967147,0.0,0.4,0.5232491571033087,2.435561772957172e-07,0.39999556769925665,"{'table_obstacle': {'pos': [0.3825981920028062, 0.37518922255766707, 0.1646257963690813], 'size': [0.049837904948193595, 0.0813235869879147, 0.05243307039854257]}, 'pillar_obstacle': {'pos': [0.39994824830915515, -0.3824307480766307, 0.23470116647765446], 'size': [0.033663755439403885, 0.20172185302840845, 0.0]}, 'small_block': {'pos': [0.6140097595303955, -0.3535133918987863, 0.1097032402875184], 'size': [0.04461973939918376, 0.0849493067344041, 0.09534921802665242]}}"
4.555999999999856,0.5279989566967147,0.0,0.4,0.5233160912294352,2.3718807524153579e-07,0.3999955637640689,"{'table_obstacle': {'pos': [0.3825981920028062, 0.37518922255766707, 0.1646257963690813], 'size': [0.049837904948193595, 0.0813235869879147, 0.05243307039854257]}, 'pillar_obstacle': {'pos': [0.39994824830915515, -0.3824307480766307, 0.23470116647765446], 'size': [0.033663755439403885, 0.20172185302840845, 0.0]}, 'small_block': {'pos': [0.6140097595303955, -0.3535133918987863, 0.1097032402875184], 'size': [0.04461973939918376, 0.0849493067344041, 0.09534921802665242]}}"
4.5569999999998565,0.5279989566967147,0.0,0.4,0.5233822328812959,2.29533677467532e-07,0.3999955661593226,"{'table_obstacle': {'pos': [0.3825981920028062, 0.37518922255766707, 0.1646257963690813], 'size': [0.049837904948193595, 0.0813235869879147, 0.05243307039854257]}, 'pillar_obstacle': {'pos': [0.39994824830915515, -0.3824307480766307, 0.23470116647765446], 'size': [0.033663755439403885, 0.20172185302840845, 0.0]}, 'small_block': {'pos': [0.6140097595303955, -0.3535133918987863, 0.1097032402875184], 'size': [0.04461973939918376, 0.0849493067344041, 0.09534921802665242]}}"
4.557999999999857,0.5279989566967147,0.0,0.4,0.5234475626832787,2.2082894951679987e-07,0.3999955740684517,"{'table_obstacle': {'pos': [0.3825981920028062, 0.37518922255766707, 0.1646257963690813], 'size': [0.049837904948193595, 0.0813235869879147, 0.05243307039854257]}, 'pillar_obstacle': {'pos': [0.39994824830915515, -0.3824307480766307, 0.23470116647765446], 'size': [0.033663755439403885, 0.20172185302840845, 0.0]}, 'small_block': {'pos': [0.6140097595303955, -0.3535133918987863, 0.1097032402875184], 'size': [0.04461973939918376, 0.0849493067344041, 0.09534921802665242]}}"
4.558999999999857,0.5279989566967147,0.0,0.4,0.5235120673435011,2.1127938419403768e-07,0.3999955867669977,"{'table_obstacle': {'pos': [0.3825981920028062, 0.37518922255766707, 0.1646257963690813], 'size': [0.049837904948193595, 0.0813235869879147, 0.05243307039854257]}, 'pillar_obstacle': {'pos': [0.39994824830915515, -0.3824307480766307, 0.23470116647765446], 'size': [0.033663755439403885, 0.20172185302840845, 0.0]}, 'small_block': {'pos': [0.6140097595303955, -0.3535133918987863, 0.1097032402875184], 'size': [0.04461973939918376, 0.0849493067344041, 0.09534921802665242]}}"
4.5599999999998575,0.5279989566967147,0.0,0.4,0.5235757384666772,2.0106276313557662e-07,0.3999956036158534,"{'table_obstacle': {'pos': [0.3825981920028062, 0.37518922255766707, 0.1646257963690813], 'size': [0.049837904948193595, 0.0813235869879147, 0.05243307039854257]}, 'pillar_obstacle': {'pos': [0.39994824830915515, -0.3824307480766307, 0.23470116647765446], 'size': [0.033663755439403885, 0.20172185302840845, 0.0]}, 'small_block': {'pos': [0.6140097595303955, -0.3535133918987863, 0.1097032402875184], 'size': [0.04461973939918376, 0.0849493067344041, 0.09534921802665242]}}"
4.560999999999858,0.5279989566967147,0.0,0.4,0.5236385715924889,1.9033198311980498e-07,0.39999562405381356,"{'table_obstacle': {'pos': [0.3825981920028062, 0.37518922255766707, 0.1646257963690813], 'size': [0.049837904948193595, 0.0813235869879147, 0.05243307039854257]}, 'pillar_obstacle': {'pos': [0.39994824830915515, -0.3824307480766307, 0.23470116647765446], 'size': [0.033663755439403885, 0.20172185302840845, 0.0]}, 'small_block': {'pos': [0.6140097595303955, -0.3535133918987863, 0.1097032402875184], 'size': [0.04461973939918376, 0.0849493067344041, 0.09534921802665242]}}"
4.561999999999858,0.5279989566967147,0.0,0.4,0.5237005654166966,1.7921781961531585e-07,0.39999564758993655,"{'table_obstacle': {'pos': [0.3825981920028062, 0.37518922255766707, 0.1646257963690813], 'size': [0.049837904948193595, 0.0813235869879147, 0.05243307039854257]}, 'pillar_obstacle': {'pos': [0.39994824830915515, -0.3824307480766307, 0.23470116647765446], 'size': [0.033663755439403885, 0.20172185302840845, 0.0]}, 'small_block': {'pos': [0.6140097595303955, -0.3535133918987863, 0.1097032402875184], 'size': [0.04461973939918376, 0.0849493067344041, 0.09534921802665242]}}"
4.5629999999998585,0.5279989566967147,0.0,0.4,0.5237617211603426,1.6783154898711395e-07,0.3999956737960511,"{'table_obstacle': {'pos': [0.3825981920028062, 0.37518922255766707, 0.1646257963690813], 'size': [0.049837904948193595, 0.0813235869879147, 0.05243307039854257]}, 'pillar_obstacle': {'pos': [0.39994824830915515, -0.3824307480766307, 0.23470116647765446], 'size': [0.033663755439403885, 0.20172185302840845, 0.0]}, 'small_block': {'pos': [0.6140097595303955, -0.3535133918987863, 0.1097032402875184], 'size': [0.04461973939918376, 0.0849493067344041, 0.09534921802665242]}}"
4.563999999999859,0.5279989566967147,0.0,0.4,0.5238220420589662,1.5626738125040998e-07,0.3999957022996276,"{'table_obstacle': {'pos': [0.3825981920028062, 0.37518922255766707, 0.1646257963690813], 'size': [0.049837904948193595, 0.0813235869879147, 0.05243307039854257]}, 'pillar_obstacle': {'pos': [0.39994824830915515, -0.3824307480766307, 0.23470116647765446], 'size': [0.033663755439403885, 0.20172185302840845, 0.0]}, 'small_block': {'pos': [0.6140097595303955, -0.3535133918987863, 0.1097032402875184], 'size': [0.04461973939918376, 0.0849493067344041, 0.09534921802665242]}}"
4.564999999999859,0.5279989566967147,0.0,0.4,0.5238815329490731,1.446046803579089e-07,0.39999573277713973,"{'table_obstacle': {'pos': [0.3825981920028062, 0.37518922255766707, 0.1646257963690813], 'size': [0.049837904948193595, 0.0813235869879147, 0.05243307039854257]}, 'pillar_obstacle': {'pos': [0.39994824830915515, -0.3824307480766307, 0.23470116647765446], 'size': [0.033663755439403885, 0.20172185302840845, 0.0]}, 'small_block': {'pos': [0.6140097595303955, -0.3535133918987863, 0.1097032402875184], 'size': [0.04461973939918376, 0.0849493067344041, 0.09534921802665242]}}"
4.5659999999998595,0.5279989566967147,0.0,0.4,0.5239401999334191,1.3290996469707566e-07,0.3999957649479883,"{'table_obstacle': {'pos': [0.3825981920028062, 0.37518922255766707, 0.1646257963690813], 'size': [0.049837904948193595, 0.0813235869879147, 0.05243307039854257]}, 'pillar_obstacle': {'pos': [0.39994824830915515, -0.3824307480766307, 0.23470116647765446], 'size': [0.033663755439403885, 0.20172185302840845, 0.0]}, 'small_block': {'pos': [0.6140097595303955, -0.3535133918987863, 0.1097032402875184], 'size': [0.04461973939918376, 0.0849493067344041, 0.09534921802665242]}}"
4.56699999999986,0.5279989566967147,0.0,0.4,0.523998050110162,1.212386887204832e-07,0.39999579856900547,"{'table_obstacle': {'pos': [0.3825981920028062, 0.37518922255766707, 0.1646257963690813], 'size': [0.049837904948193595, 0.0813235869879147, 0.05243307039854257]}, 'pillar_obstacle': {'pos': [0.39994824830915515, -0.3824307480766307, 0.23470116647765446], 'size': [0.033663755439403885, 0.20172185302840845, 0.0]}, 'small_block': {'pos': [0.6140097595303955, -0.3535133918987863, 0.1097032402875184], 'size': [0.04461973939918376, 0.0849493067344041, 0.09534921802665242]}}"
4.56799999999986,0.5279989566967147,0.0,0.4,0.5240550913537712,1.0963681814096854e-07,0.3999958334295409,"{'table_obstacle': {'pos': [0.3825981920028062, 0.37518922255766707, 0.1646257963690813], 'size': [0.049837904948193595, 0.0813235869879147, 0.05243307039854257]}, 'pillar_obstacle': {'pos': [0.39994824830915515, -0.3824307480766307, 0.23470116647765446], 'size': [0.033663755439403885, 0.20172185302840845, 0.0]}, 'small_block': {'pos': [0.6140097595303955, -0.3535133918987863, 0.1097032402875184], 'size': [0.04461973939918376, 0.0849493067344041, 0.09534921802665242]}}"
4.5689999999998605,0.5279989566967147,0.0,0.4,0.5241113321378789,9.814221141123631e-08,0.39999586934710113,"{'table_obstacle': {'pos': [0.3825981920028062, 0.37518922255766707, 0.1646257963690813], 'size': [0.049837904948193595, 0.0813235869879147, 0.05243307039854257]}, 'pillar_obstacle': {'pos': [0.39994824830915515, -0.3824307480766307, 0.23470116647765446], 'size': [0.033663755439403885, 0.20172185302840845, 0.0]}, 'small_block': {'pos': [0.6140097595303955, -0.3535133918987863, 0.1097032402875184], 'size': [0.04461973939918376, 0.0849493067344041, 0.09534921802665242]}}"
4.569999999999861,0.5279989566967147,0.0,0.4,0.524166781392118,8.678582353328931e-08,0.39999590616350933,"{'table_obstacle': {'pos': [0.3825981920028062, 0.37518922255766707, 0.1646257963690813], 'size': [0.049837904948193595, 0.0813235869879147, 0.05243307039854257]}, 'pillar_obstacle': {'pos': [0.39994824830915515, -0.3824307480766307, 0.23470116647765446], 'size': [0.033663755439403885, 0.20172185302840845, 0.0]}, 'small_block': {'pos': [0.6140097595303955, -0.3535133918987863, 0.1097032402875184], 'size': [0.04461973939918376, 0.0849493067344041, 0.09534921802665242]}}"
4.570999999999861,0.5279989566967147,0.0,0.4,0.5242214483865019,7.559275095057332e-08,0.3999959437415428,"{'table_obstacle': {'pos': [0.3825981920028062, 0.37518922255766707, 0.1646257963690813], 'size': [0.049837904948193595, 0.0813235869879147, 0.05243307039854257]}, 'pillar_obstacle': {'pos': [0.39994824830915515, -0.3824307480766307, 0.23470116647765446], 'size': [0.033663755439403885, 0.20172185302840845, 0.0]}, 'small_block': {'pos': [0.6140097595303955, -0.3535133918987863, 0.1097032402875184], 'size': [0.04461973939918376, 0.0849493067344041, 0.09534921802665242]}}"
4.5719999999998615,0.5279989566967147,0.0,0.4,0.5242753426381184,6.458313186505164e-08,0.3999959819620041,"{'table_obstacle': {'pos': [0.3825981920028062, 0.37518922255766707, 0.1646257963690813], 'size': [0.049837904948193595, 0.0813235869879147, 0.05243307039854257]}, 'pillar_obstacle': {'pos': [0.39994824830915515, -0.3824307480766307, 0.23470116647765446], 'size': [0.033663755439403885, 0.20172185302840845, 0.0]}, 'small_block': {'pos': [0.6140097595303955, -0.3535133918987863, 0.1097032402875184], 'size': [0.04461973939918376, 0.0849493067344041, 0.09534921802665242]}}"
4.572999999999862,0.5279989566967147,0.0,0.4,0.5243284738359062,5.377292183402712e-08,0.39999602072118107,"{'table_obstacle': {'pos': [0.3825981920028062, 0.37518922255766707, 0.1646257963690813], 'size': [0.049837904948193595, 0.0813235869879147, 0.05243307039854257]}, 'pillar_obstacle': {'pos': [0.39994824830915515, -0.3824307480766307, 0.23470116647765446], 'size': [0.033663755439403885, 0.20172185302840845, 0.0]}, 'small_block': {'pos': [0.6140097595303955, -0.3535133918987863, 0.1097032402875184], 'size': [0.04461973939918376, 0.0849493067344041, 0.09534921802665242]}}"
4.573999999999862,0.5279989566967147,0.0,0.4,0.5243808517800836,4.317455630862877e-08,0.3999960599286491,"{'table_obstacle': {'pos': [0.3825981920028062, 0.37518922255766707, 0.1646257963690813], 'size': [0.049837904948193595, 0.0813235869879147, 0.05243307039854257]}, 'pillar_obstacle': {'pos': [0.39994824830915515, -0.3824307480766307, 0.23470116647765446], 'size': [0.033663755439403885, 0.20172185302840845, 0.0]}, 'small_block': {'pos': [0.6140097595303955, -0.3535133918987863, 0.1097032402875184], 'size': [0.04461973939918376, 0.0849493067344041, 0.09534921802665242]}}"
4.5749999999998625,0.5279989566967147,0.0,0.4,0.5244324863334405,3.2797518274405534e-08,0.399996099505384,"{'table_obstacle': {'pos': [0.3825981920028062, 0.37518922255766707, 0.1646257963690813], 'size': [0.049837904948193595, 0.0813235869879147, 0.05243307039854257]}, 'pillar_obstacle': {'pos': [0.39994824830915515, -0.3824307480766307, 0.23470116647765446], 'size': [0.033663755439403885, 0.20172185302840845, 0.0]}, 'small_block': {'pos': [0.6140097595303955, -0.3535133918987863, 0.1097032402875184], 'size': [0.04461973939918376, 0.0849493067344041, 0.09534921802665242]}}"
4.575999999999863,0.5279989566967147,0.0,0.4,0.5244833873822515,2.264881915444199e-08,0.3999961393821345,"{'table_obstacle': {'pos': [0.3825981920028062, 0.37518922255766707, 0.1646257963690813], 'size': [0.049837904948193595, 0.0813235869879147, 0.05243307039854257]}, 'pillar_obstacle': {'pos': [0.39994824830915515, -0.3824307480766307, 0.23470116647765446], 'size': [0.033663755439403885, 0.20172185302840845, 0.0]}, 'small_block': {'pos': [0.6140097595303955, -0.3535133918987863, 0.1097032402875184], 'size': [0.04461973939918376, 0.0849493067344041, 0.09534921802665242]}}"
4.576999999999863,0.5279989566967147,0.0,0.4,0.5245335648049728,1.2733408919566663e-08,0.3999961794980337,"{'table_obstacle': {'pos': [0.3825981920028062, 0.37518922255766707, 0.1646257963690813], 'size': [0.049837904948193595, 0.0813235869879147, 0.05243307039854257]}, 'pillar_obstacle': {'pos': [0.39994824830915515, -0.3824307480766307, 0.23470116647765446], 'size': [0.033663755439403885, 0.20172185302840845, 0.0]}, 'small_block': {'pos': [0.6140097595303955, -0.3535133918987863, 0.1097032402875184], 'size': [0.04461973939918376, 0.0849493067344041, 0.09534921802665242]}}"
4.5779999999998635,0.5279989566967147,0.0,0.4,0.524583028447247,3.0545227572186513e-09,0.399996219799408,"{'table_obstacle': {'pos': [0.3825981920028062, 0.37518922255766707, 0.1646257963690813], 'size': [0.049837904948193595, 0.0813235869879147, 0.05243307039854257]}, 'pillar_obstacle': {'pos': [0.39994824830915515, -0.3824307480766307, 0.23470116647765446], 'size': [0.033663755439403885, 0.20172185302840845, 0.0]}, 'small_block': {'pos': [0.6140097595303955, -0.3535133918987863, 0.1097032402875184], 'size': [0.04461973939918376, 0.0849493067344041, 0.09534921802665242]}}"
4.578999999999864,0.5279989566967147,0.0,0.4,0.5246317881020176,-6.386026577290094e-09,0.399996260238763,"{'table_obstacle': {'pos': [0.3825981920028062, 0.37518922255766707, 0.1646257963690813], 'size': [0.049837904948193595, 0.0813235869879147, 0.05243307039854257]}, 'pillar_obstacle': {'pos': [0.39994824830915515, -0.3824307480766307, 0.23470116647765446], 'size': [0.033663755439403885, 0.20172185302840845, 0.0]}, 'small_block': {'pos': [0.6140097595303955, -0.3535133918987863, 0.1097032402875184], 'size': [0.04461973939918376, 0.0849493067344041, 0.09534921802665242]}}"
4.579999999999864,0.5279989566967147,0.0,0.4,0.5246798534937741,-1.558760101398654e-08,0.399996300773918,"{'table_obstacle': {'pos': [0.3825981920028062, 0.37518922255766707, 0.1646257963690813], 'size': [0.049837904948193595, 0.0813235869879147, 0.05243307039854257]}, 'pillar_obstacle': {'pos': [0.39994824830915515, -0.3824307480766307, 0.23470116647765446], 'size': [0.033663755439403885, 0.20172185302840845, 0.0]}, 'small_block': {'pos': [0.6140097595303955, -0.3535133918987863, 0.1097032402875184], 'size': [0.04461973939918376, 0.0849493067344041, 0.09534921802665242]}}"
4.5809999999998645,0.5279989566967147,0.0,0.4,0.5247272342661466,-2.4550529722791066e-08,0.3999963413672698,"{'table_obstacle': {'pos': [0.3825981920028062, 0.37518922255766707, 0.1646257963690813], 'size': [0.049837904948193595, 0.0813235869879147, 0.05243307039854257]}, 'pillar_obstacle': {'pos': [0.39994824830915515, -0.3824307480766307, 0.23470116647765446], 'size': [0.033663755439403885, 0.20172185302840845, 0.0]}, 'small_block': {'pos': [0.6140097595303955, -0.3535133918987863, 0.1097032402875184], 'size': [0.04461973939918376, 0.0849493067344041, 0.09534921802665242]}}"
4.581999999999865,0.5279989566967147,0.0,0.4,0.5247739399722069,-3.327593473700684e-08,0.3999963819851669,"{'table_obstacle': {'pos': [0.3825981920028062, 0.37518922255766707, 0.1646257963690813], 'size': [0.049837904948193595, 0.0813235869879147, 0.05243307039854257]}, 'pillar_obstacle': {'pos': [0.39994824830915515, -0.3824307480766307, 0.23470116647765446], 'size': [0.033663755439403885, 0.20172185302840845, 0.0]}, 'small_block': {'pos': [0.6140097595303955, -0.3535133918987863, 0.1097032402875184], 'size': [0.04461973939918376, 0.0849493067344041, 0.09534921802665242]}}"
4.582999999999865,0.5279989566967147,0.0,0.4,0.5248199800669597,-4.176558415894443e-08,0.3999964225973774,"{'table_obstacle': {'pos': [0.3825981920028062, 0.37518922255766707, 0.1646257963690813], 'size': [0.049837904948193595, 0.0813235869879147, 0.05243307039854257]}, 'pillar_obstacle': {'pos': [0.39994824830915515, -0.3824307480766307, 0.23470116647765446], 'size': [0.033663755439403885, 0.20172185302840845, 0.0]}, 'small_block': {'pos': [0.6140097595303955, -0.3535133918987863, 0.1097032402875184], 'size': [0.04461973939918376, 0.0849493067344041, 0.09534921802665242]}}"
4.5839999999998655,0.5279989566967147,0.0,0.4,0.5248653639016035,-5.002176965281091e-08,0.3999964631766377,"{'table_obstacle': {'pos': [0.3825981920028062, 0.37518922255766707, 0.1646257963690813], 'size': [0.049837904948193595, 0.0813235869879147, 0.05243307039854257]}, 'pillar_obstacle': {'pos': [0.39994824830915515, -0.3824307480766307, 0.23470116647765446], 'size': [0.033663755439403885, 0.20172185302840845, 0.0]}, 'small_block': {'pos': [0.6140097595303955, -0.3535133918987863, 0.1097032402875184], 'size': [0.04461973939918376, 0.0849493067344041, 0.09534921802665242]}}"
4.584999999999866,0.5279989566967147,0.0,0.4,0.5249101007192218,-5.804720417699128e-08,0.399996503698268,"{'table_obstacle': {'pos': [0.3825981920028062, 0.37518922255766707, 0.1646257963690813], 'size': [0.049837904948193595, 0.0813235869879147, 0.05243307039854257]}, 'pillar_obstacle': {'pos': [0.39994824830915515, -0.3824307480766307, 0.23470116647765446], 'size': [0.033663755439403885, 0.20172185302840845, 0.0]}, 'small_block': {'pos': [0.6140097595303955, -0.3535133918987863, 0.1097032402875184], 'size': [0.04461973939918376, 0.0849493067344041, 0.09534921802665242]}}"
4.585999999999866,0.5279989566967147,0.0,0.4,0.5249541996516284,-6.584493628751983e-08,0.39999654413984786,"{'table_obstacle': {'pos': [0.3825981920028062, 0.37518922255766707, 0.1646257963690813], 'size': [0.049837904948193595, 0.0813235869879147, 0.05243307039854257]}, 'pillar_obstacle': {'pos': [0.39994824830915515, -0.3824307480766307, 0.23470116647765446], 'size': [0.033663755439403885, 0.20172185302840845, 0.0]}, 'small_block': {'pos': [0.6140097595303955, -0.3535133918987863, 0.1097032402875184], 'size': [0.04461973939918376, 0.0849493067344041, 0.09534921802665242]}}"
4.5869999999998665,0.5279989566967147,0.0,0.4,0.5249976697171453,-7.341827946767848e-08,0.3999965844809379,"{'table_obstacle': {'pos': [0.3825981920028062, 0.37518922255766707, 0.1646257963690813], 'size': [0.049837904948193595, 0.0813235869879147, 0.05243307039854257]}, 'pillar_obstacle': {'pos': [0.39994824830915515, -0.3824307480766307, 0.23470116647765446], 'size': [0.033663755439403885, 0.20172185302840845, 0.0]}, 'small_block': {'pos': [0.6140097595303955, -0.3535133918987863, 0.1097032402875184], 'size': [0.04461973939918376, 0.0849493067344041, 0.09534921802665242]}}"
4.587999999999867,0.5279989566967147,0.0,0.4,0.5250405198191287,-8.077075229813994e-08,0.39999662470284525,"{'table_obstacle': {'pos': [0.3825981920028062, 0.37518922255766707, 0.1646257963690813], 'size': [0.049837904948193595, 0.0813235869879147, 0.05243307039854257]}, 'pillar_obstacle': {'pos': [0.39994824830915515, -0.3824307480766307, 0.23470116647765446], 'size': [0.033663755439403885, 0.20172185302840845, 0.0]}, 'small_block': {'pos': [0.6140097595303955, -0.3535133918987863, 0.1097032402875184], 'size': [0.04461973939918376, 0.0849493067344041, 0.09534921802665242]}}"
4.588999999999867,0.5279989566967147,0.0,0.4,0.5250827587450998,-8.790602994382852e-08,0.39999666478842366,"{'table_obstacle': {'pos': [0.3825981920028062, 0.37518922255766707, 0.1646257963690813], 'size': [0.049837904948193595, 0.0813235869879147, 0.05243307039854257]}, 'pillar_obstacle': {'pos': [0.39994824830915515, -0.3824307480766307, 0.23470116647765446], 'size': [0.033663755439403885, 0.20172185302840845, 0.0]}, 'small_block': {'pos': [0.6140097595303955, -0.3535133918987863, 0.1097032402875184], 'size': [0.04461973939918376, 0.0849493067344041, 0.09534921802665242]}}"
4.5899999999998675,0.5279989566967147,0.0,0.4,0.5251243951663612,-9.482790320412672e-08,0.3999967047219017,"{'table_obstacle': {'pos': [0.3825981920028062, 0.37518922255766707, 0.1646257963690813], 'size': [0.049837904948193595, 0.0813235869879147, 0.05243307039854257]}, 'pillar_obstacle': {'pos': [0.39994824830915515, -0.3824307480766307, 0.23470116647765446], 'size': [0.033663755439403885, 0.20172185302840845, 0.0]}, 'small_block': {'pos': [0.6140097595303955, -0.3535133918987863, 0.1097032402875184], 'size': [0.04461973939918376, 0.0849493067344041, 0.09534921802665242]}}"
4.590999999999868,0.5279989566967147,0.0,0.4,0.525165437637999,-1.015402449381787e-07,0.3999967444887373,"{'table_obstacle': {'pos': [0.3825981920028062, 0.37518922255766707, 0.1646257963690813], 'size': [0.049837904948193595, 0.0813235869879147, 0.05243307039854257]}, 'pillar_obstacle': {'pos': [0.39994824830915515, -0.3824307480766307, 0.23470116647765446], 'size': [0.033663755439403885, 0.20172185302840845, 0.0]}, 'small_block': {'pos': [0.6140097595303955, -0.3535133918987863, 0.1097032402875184], 'size': [0.04461973939918376, 0.0849493067344041, 0.09534921802665242]}}"
4.591999999999868,0.5279989566967147,0.0,0.4,0.5252058945991979,-1.0804698223937755e-07,0.3999967840754943,"{'table_obstacle': {'pos': [0.3825981920028062, 0.37518922255766707, 0.1646257963690813], 'size': [0.049837904948193595, 0.0813235869879147, 0.05243307039854257]}, 'pillar_obstacle': {'pos': [0.39994824830915515, -0.3824307480766307, 0.23470116647765446], 'size': [0.033663755439403885, 0.20172185302840845, 0.0]}, 'small_block': {'pos': [0.6140097595303955, -0.3535133918987863, 0.1097032402875184], 'size': [0.04461973939918376, 0.0849493067344041, 0.09534921802665242]}}"
4.5929999999998685,0.5279989566967147,0.0,0.4,0.5252457743738029,-1.1435207359850513e-07,0.39999682346973303,"{'table_obstacle': {'pos': [0.3825981920028062, 0.37518922255766707, 0.1646257963690813], 'size': [0.049837904948193595, 0.0813235869879147, 0.05243307039854257]}, 'pillar_obstacle': {'pos': [0.39994824830915515, -0.3824307480766307, 0.23470116647765446], 'size': [0.033663755439403885, 0.20172185302840845, 0.0]}, 'small_block': {'pos': [0.6140097595303955, -0.3535133918987863, 0.1097032402875184], 'size': [0.04461973939918376, 0.0849493067344041, 0.09534921802665242]}}"
4.593999999999869,0.5279989566967147,0.0,0.4,0.5252850851710776,-1.2045949003638383e-07,0.39999686265992035,"{'table_obstacle': {'pos': [0.3825981920028062, 0.37518922255766707, 0.1646257963690813], 'size': [0.049837904948193595, 0.0813235869879147, 0.05243307039854257]}, 'pillar_obstacle': {'pos': [0.39994824830915515, -0.3824307480766307, 0.23470116647765446], 'size': [0.033663755439403885, 0.20172185302840845, 0.0]}, 'small_block': {'pos': [0.6140097595303955, -0.3535133918987863, 0.1097032402875184], 'size': [0.04461973939918376, 0.0849493067344041, 0.09534921802665242]}}"
4.594999999999869,0.5279989566967147,0.0,0.4,0.5253238350866154,-1.2637320076207888e-07,0.3999969016353491,"{'table_obstacle': {'pos': [0.3825981920028062, 0.37518922255766707, 0.1646257963690813], 'size': [0.049837904948193595, 0.0813235869879147, 0.05243307039854257]}, 'pillar_obstacle': {'pos': [0.39994824830915515, -0.3824307480766307, 0.23470116647765446], 'size': [0.033663755439403885, 0.20172185302840845, 0.0]}, 'small_block': {'pos': [0.6140097595303955, -0.3535133918987863, 0.1097032402875184], 'size': [0.04461973939918376, 0.0849493067344041, 0.09534921802665242]}}"
4.5959999999998695,0.5279989566967147,0.0,0.4,0.5253620321033763,-1.3209715931679886e-07,0.39999694038606987,"{'table_obstacle': {'pos': [0.3825981920028062, 0.37518922255766707, 0.1646257963690813], 'size': [0.049837904948193595, 0.0813235869879147, 0.05243307039854257]}, 'pillar_obstacle': {'pos': [0.39994824830915515, -0.3824307480766307, 0.23470116647765446], 'size': [0.033663755439403885, 0.20172185302840845, 0.0]}, 'small_block': {'pos': [0.6140097595303955, -0.3535133918987863, 0.1097032402875184], 'size': [0.04461973939918376, 0.0849493067344041, 0.09534921802665242]}}"
4.59699999999987,0.5279989566967147,0.0,0.4,0.5253996840928121,-1.3763529360722202e-07,0.39999697890283115,"{'table_obstacle': {'pos': [0.3825981920028062, 0.37518922255766707, 0.1646257963690813], 'size': [0.049837904948193595, 0.0813235869879147, 0.05243307039854257]}, 'pillar_obstacle': {'pos': [0.39994824830915515, -0.3824307480766307, 0.23470116647765446], 'size': [0.033663755439403885, 0.20172185302840845, 0.0]}, 'small_block': {'pos': [0.6140097595303955, -0.3535133918987863, 0.1097032402875184], 'size': [0.04461973939918376, 0.0849493067344041, 0.09534921802665242]}}"
4.59799999999987,0.5279989566967147,0.0,0.4,0.5254367988160698,-1.429914992854193e-07,0.3999970171770255,"{'table_obstacle': {'pos': [0.3825981920028062, 0.37518922255766707, 0.1646257963690813], 'size': [0.049837904948193595, 0.0813235869879147, 0.05243307039854257]}, 'pillar_obstacle': {'pos': [0.39994824830915515, -0.3824307480766307, 0.23470116647765446], 'size': [0.033663755439403885, 0.20172185302840845, 0.0]}, 'small_block': {'pos': [0.6140097595303955, -0.3535133918987863, 0.1097032402875184], 'size': [0.04461973939918376, 0.0849493067344041, 0.09534921802665242]}}"
4.5989999999998705,0.5279989566967147,0.0,0.4,0.5254733839252451,-1.481696309809274e-07,0.39999705520064605,"{'table_obstacle': {'pos': [0.3825981920028062, 0.37518922255766707, 0.1646257963690813], 'size': [0.049837904948193595, 0.0813235869879147, 0.05243307039854257]}, 'pillar_obstacle': {'pos': [0.39994824830915515, -0.3824307480766307, 0.23470116647765446], 'size': [0.033663755439403885, 0.20172185302840845, 0.0]}, 'small_block': {'pos': [0.6140097595303955, -0.3535133918987863, 0.1097032402875184], 'size': [0.04461973939918376, 0.0849493067344041, 0.09534921802665242]}}"
4.599999999999871,0.5279989566967147,0.0,0.4,0.5255094469646797,-1.5317349878638449e-07,0.39999709296624353,"{'table_obstacle': {'pos': [0.3825981920028062, 0.37518922255766707, 0.1646257963690813], 'size': [0.049837904948193595, 0.0813235869879147, 0.05243307039854257]}, 'pillar_obstacle': {'pos': [0.39994824830915515, -0.3824307480766307, 0.23470116647765446], 'size': [0.033663755439403885, 0.20172185302840845, 0.0]}, 'small_block': {'pos': [0.6140097595303955, -0.3535133918987863, 0.1097032402875184], 'size': [0.04461973939918376, 0.0849493067344041, 0.09534921802665242]}}"
4.600999999999871,0.5279989566967147,0.0,0.4,0.5255449953722842,-1.5800686322687245e-07,0.3999971304668923,"{'table_obstacle': {'pos': [0.3825981920028062, 0.37518922255766707, 0.1646257963690813], 'size': [0.049837904948193595, 0.0813235869879147, 0.05243307039854257]}, 'pillar_obstacle': {'pos': [0.39994824830915515, -0.3824307480766307, 0.23470116647765446], 'size': [0.033663755439403885, 0.20172185302840845, 0.0]}, 'small_block': {'pos': [0.6140097595303955, -0.3535133918987863, 0.1097032402875184], 'size': [0.04461973939918376, 0.0849493067344041, 0.09534921802665242]}}"
4.6019999999998715,0.5279989566967147,0.0,0.4,0.5255800364808829,-1.6267343271860607e-07,0.39999716769615673,"{'table_obstacle': {'pos': [0.3825981920028062, 0.37518922255766707, 0.1646257963690813], 'size': [0.049837904948193595, 0.0813235869879147, 0.05243307039854257]}, 'pillar_obstacle': {'pos': [0.39994824830915515, -0.3824307480766307, 0.23470116647765446], 'size': [0.033663755439403885, 0.20172185302840845, 0.0]}, 'small_block': {'pos': [0.6140097595303955, -0.3535133918987863, 0.1097032402875184], 'size': [0.04461973939918376, 0.0849493067344041, 0.09534921802665242]}}"
4.602999999999872,0.5279989566967147,0.0,0.4,0.5256145775195705,-1.6717686045032693e-07,0.3999972046480629,"{'table_obstacle': {'pos': [0.3825981920028062, 0.37518922255766707, 0.1646257963690813], 'size': [0.049837904948193595, 0.0813235869879147, 0.05243307039854257]}, 'pillar_obstacle': {'pos': [0.39994824830915515, -0.3824307480766307, 0.23470116647765446], 'size': [0.033663755439403885, 0.20172185302840845, 0.0]}, 'small_block': {'pos': [0.6140097595303955, -0.3535133918987863, 0.1097032402875184], 'size': [0.04461973939918376, 0.0849493067344041, 0.09534921802665242]}}"
4.603999999999872,0.5279989566967147,0.0,0.4,0.525648625615073,-1.7152074325835575e-07,0.3999972413170721,"{'table_obstacle': {'pos': [0.3825981920028062, 0.37518922255766707, 0.1646257963690813], 'size': [0.049837904948193595, 0.0813235869879147, 0.05243307039854257]}, 'pillar_obstacle': {'pos': [0.39994824830915515, -0.3824307480766307, 0.23470116647765446], 'size': [0.033663755439403885, 0.20172185302840845, 0.0]}, 'small_block': {'pos': [0.6140097595303955, -0.3535133918987863, 0.1097032402875184], 'size': [0.04461973939918376, 0.0849493067344041, 0.09534921802665242]}}"
4.6049999999998725,0.5279989566967147,0.0,0.4,0.5256821877931108,-1.7570861940298643e-07,0.3999972776980584,"{'table_obstacle': {'pos': [0.3825981920028062, 0.37518922255766707, 0.1646257963690813], 'size': [0.049837904948193595, 0.0813235869879147, 0.05243307039854257]}, 'pillar_obstacle': {'pos': [0.39994824830915515, -0.3824307480766307, 0.23470116647765446], 'size': [0.033663755439403885, 0.20172185302840845, 0.0]}, 'small_block': {'pos': [0.6140097595303955, -0.3535133918987863, 0.1097032402875184], 'size': [0.04461973939918376, 0.0849493067344041, 0.09534921802665242]}}"
4.605999999999873,0.5279989566967147,0.0,0.4,0.5257152709797605,-1.7974396884710025e-07,0.3999973137862853,"{'table_obstacle': {'pos': [0.3825981920028062, 0.37518922255766707, 0.1646257963690813], 'size': [0.049837904948193595, 0.0813235869879147, 0.05243307039854257]}, 'pillar_obstacle': {'pos': [0.39994824830915515, -0.3824307480766307, 0.23470116647765446], 'size': [0.033663755439403885, 0.20172185302840845, 0.0]}, 'small_block': {'pos': [0.6140097595303955, -0.3535133918987863, 0.1097032402875184], 'size': [0.04461973939918376, 0.0849493067344041, 0.09534921802665242]}}"
4.606999999999873,0.5279989566967147,0.0,0.4,0.5257478820028079,-1.8363021235899235e-07,0.39999734957738753,"{'table_obstacle': {'pos': [0.3825981920028062, 0.37518922255766707, 0.1646257963690813], 'size': [0.049837904948193595, 0.0813235869879147, 0.05243307039854257]}, 'pillar_obstacle': {'pos': [0.39994824830915515, -0.3824307480766307, 0.23470116647765446], 'size': [0.033663755439403885, 0.20172185302840845, 0.0]}, 'small_block': {'pos': [0.6140097595303955, -0.3535133918987863, 0.1097032402875184], 'size': [0.04461973939918376, 0.0849493067344041, 0.09534921802665242]}}"
4.6079999999998735,0.5279989566967147,0.0,0.4,0.5257800275930955,-1.873707105155095e-07,0.3999973850673517,"{'table_obstacle': {'pos': [0.3825981920028062, 0.37518922255766707, 0.1646257963690813], 'size': [0.049837904948193595, 0.0813235869879147, 0.05243307039854257]}, 'pillar_obstacle': {'pos': [0.39994824830915515, -0.3824307480766307, 0.23470116647765446], 'size': [0.033663755439403885, 0.20172185302840845, 0.0]}, 'small_block': {'pos': [0.6140097595303955, -0.3535133918987863, 0.1097032402875184], 'size': [0.04461973939918376, 0.0849493067344041, 0.09534921802665242]}}"
4.608999999999874,0.5279989566967147,0.0,0.4,0.5258117143858592,-1.9096876426909195e-07,0.3999974202524996,"{'table_obstacle': {'pos': [0.3825981920028062, 0.37518922255766707, 0.1646257963690813], 'size': [0.049837904948193595, 0.0813235869879147, 0.05243307039854257]}, 'pillar_obstacle': {'pos': [0.39994824830915515, -0.3824307480766307, 0.23470116647765446], 'size': [0.033663755439403885, 0.20172185302840845, 0.0]}, 'small_block': {'pos': [0.6140097595303955, -0.3535133918987863, 0.1097032402875184], 'size': [0.04461973939918376, 0.0849493067344041, 0.09534921802665242]}}"
4.609999999999874,0.5279989566967147,0.0,0.4,0.5258429489220517,-1.9442761555619847e-07,0.3999974551294723,"{'table_obstacle': {'pos': [0.3825981920028062, 0.37518922255766707, 0.1646257963690813], 'size': [0.049837904948193595, 0.0813235869879147, 0.05243307039854257]}, 'pillar_obstacle': {'pos': [0.39994824830915515, -0.3824307480766307, 0.23470116647765446], 'size': [0.033663755439403885, 0.20172185302840845, 0.0]}, 'small_block': {'pos': [0.6140097595303955, -0.3535133918987863, 0.1097032402875184], 'size': [0.04461973939918376, 0.0849493067344041, 0.09534921802665242]}}"
4.6109999999998745,0.5279989566967147,0.0,0.4,0.525873737649655,-1.977504468994665e-07,0.39999748969521604,"{'table_obstacle': {'pos': [0.3825981920028062, 0.37518922255766707, 0.1646257963690813], 'size': [0.049837904948193595, 0.0813235869879147, 0.05243307039854257]}, 'pillar_obstacle': {'pos': [0.39994824830915515, -0.3824307480766307, 0.23470116647765446], 'size': [0.033663755439403885, 0.20172185302840845, 0.0]}, 'small_block': {'pos': [0.6140097595303955, -0.3535133918987863, 0.1097032402875184], 'size': [0.04461973939918376, 0.0849493067344041, 0.09534921802665242]}}"
4.611999999999875,0.5279989566967147,0.0,0.4,0.5259040869249784,-2.0094038206338272e-07,0.39999752394696697,"{'table_obstacle': {'pos': [0.3825981920028062, 0.37518922255766707, 0.1646257963690813], 'size': [0.049837904948193595, 0.0813235869879147, 0.05243307039854257]}, 'pillar_obstacle': {'pos': [0.39994824830915515, -0.3824307480766307, 0.23470116647765446], 'size': [0.033663755439403885, 0.20172185302840845, 0.0]}, 'small_block': {'pos': [0.6140097595303955, -0.3535133918987863, 0.1097032402875184], 'size': [0.04461973939918376, 0.0849493067344041, 0.09534921802665242]}}"
4.612999999999875,0.5279989566967147,0.0,0.4,0.5259340030139414,-2.0400048677981598e-07,0.39999755788223995,"{'table_obstacle': {'pos': [0.3825981920028062, 0.37518922255766707, 0.1646257963690813], 'size': [0.049837904948193595, 0.0813235869879147, 0.05243307039854257]}, 'pillar_obstacle': {'pos': [0.39994824830915515, -0.3824307480766307, 0.23470116647765446], 'size': [0.033663755439403885, 0.20172185302840845, 0.0]}, 'small_block': {'pos': [0.6140097595303955, -0.3535133918987863, 0.1097032402875184], 'size': [0.04461973939918376, 0.0849493067344041, 0.09534921802665242]}}"
4.6139999999998755,0.5279989566967147,0.0,0.4,0.5259634920933431,-2.069337690524892e-07,0.3999975914988142,"{'table_obstacle': {'pos': [0.3825981920028062, 0.37518922255766707, 0.1646257963690813], 'size': [0.049837904948193595, 0.0813235869879147, 0.05243307039854257]}, 'pillar_obstacle': {'pos': [0.39994824830915515, -0.3824307480766307, 0.23470116647765446], 'size': [0.033663755439403885, 0.20172185302840845, 0.0]}, 'small_block': {'pos': [0.6140097595303955, -0.3535133918987863, 0.1097032402875184], 'size': [0.04461973939918376, 0.0849493067344041, 0.09534921802665242]}}"
4.614999999999876,0.5319989239103786,0.0,0.4,0.5259925602521147,-2.0974318005156508e-07,0.3999976247947231,"{'table_obstacle': {'pos': [0.3825981920028062, 0.37518922255766707, 0.1646257963690813], 'size': [0.049837904948193595, 0.0813235869879147, 0.05243307039854257]}, 'pillar_obstacle': {'pos': [0.39994824830915515, -0.3824307480766307, 0.23470116647765446], 'size': [0.033663755439403885, 0.20172185302840845, 0.0]}, 'small_block': {'pos': [0.6140097595303955, -0.3535133918987863, 0.1097032402875184], 'size': [0.04461973939918376, 0.0849493067344041, 0.09534921802665242]}}"
4.615999999999876,0.5319989239103786,0.0,0.4,0.5260320174843212,-1.852853376020381e-07,0.39999754707398194,"{'table_obstacle': {'pos': [0.3825981920028062, 0.37518922255766707, 0.1646257963690813], 'size': [0.049837904948193595, 0.0813235869879147, 0.05243307039854257]}, 'pillar_obstacle': {'pos': [0.39994824830915515, -0.3824307480766307, 0.23470116647765446], 'size': [0.033663755439403885, 0.20172185302840845, 0.0]}, 'small_block': {'pos': [0.6140097595303955, -0.3535133918987863, 0.1097032402875184], 'size': [0.04461973939918376, 0.0849493067344041, 0.09534921802665242]}}"
4.6169999999998765,0.5319989239103786,0.0,0.4,0.5260796700717371,-1.4472419926333055e-07,0.39999740082950724,"{'table_obstacle': {'pos': [0.3825981920028062, 0.37518922255766707, 0.1646257963690813], 'size': [0.049837904948193595, 0.0813235869879147, 0.05243307039854257]}, 'pillar_obstacle': {'pos': [0.39994824830915515, -0.3824307480766307, 0.23470116647765446], 'size': [0.033663755439403885, 0.20172185302840845, 0.0]}, 'small_block': {'pos': [0.6140097595303955, -0.3535133918987863, 0.1097032402875184], 'size': [0.04461973939918376, 0.0849493067344041, 0.09534921802665242]}}"
4.617999999999877,0.5319989239103786,0.0,0.4,0.5261337426241647,-9.592765731053327e-08,0.3999972162355924,"{'table_obstacle': {'pos': [0.3825981920028062, 0.37518922255766707, 0.1646257963690813], 'size': [0.049837904948193595, 0.0813235869879147, 0.05243307039854257]}, 'pillar_obstacle': {'pos': [0.39994824830915515, -0.3824307480766307, 0.23470116647765446], 'size': [0.033663755439403885, 0.20172185302840845, 0.0]}, 'small_block': {'pos': [0.6140097595303955, -0.3535133918987863, 0.1097032402875184], 'size': [0.04461973939918376, 0.0849493067344041, 0.09534921802665242]}}"
4.618999999999877,0.5319989239103786,0.0,0.4,0.5261927989965542,-4.4321826904025733e-08,0.39999701437885615,"{'table_obstacle': {'pos': [0.3825981920028062, 0.37518922255766707, 0.1646257963690813], 'size': [0.049837904948193595, 0.0813235869879147, 0.05243307039854257]}, 'pillar_obstacle': {'pos': [0.39994824830915515, -0.3824307480766307, 0.23470116647765446], 'size': [0.033663755439403885, 0.20172185302840845, 0.0]}, 'small_block': {'pos': [0.6140097595303955, -0.3535133918987863, 0.1097032402875184], 'size': [0.04461973939918376, 0.0849493067344041, 0.09534921802665242]}}"
4.6199999999998775,0.5319989239103786,0.0,0.4,0.5262556781028023,6.461494058899165e-09,0.39999680967446455,"{'table_obstacle': {'pos': [0.3825981920028062, 0.37518922255766707, 0.1646257963690813], 'size': [0.049837904948193595, 0.0813235869879147, 0.05243307039854257]}, 'pillar_obstacle': {'pos': [0.39994824830915515, -0.3824307480766307, 0.23470116647765446], 'size': [0.033663755439403885, 0.20172185302840845, 0.0]}, 'small_block': {'pos': [0.6140097595303955, -0.3535133918987863, 0.1097032402875184], 'size': [0.04461973939918376, 0.0849493067344041, 0.09534921802665242]}}"
4.620999999999878,0.5319989239103786,0.0,0.4,0.5263214418367166,5.4096077668190204e-08,0.39999661167196404,"{'table_obstacle': {'pos': [0.3825981920028062, 0.37518922255766707, 0.1646257963690813], 'size': [0.049837904948193595, 0.0813235869879147, 0.05243307039854257]}, 'pillar_obstacle': {'pos': [0.39994824830915515, -0.3824307480766307, 0.23470116647765446], 'size': [0.033663755439403885, 0.20172185302840845, 0.0]}, 'small_block': {'pos': [0.6140097595303955, -0.3535133918987863, 0.1097032402875184], 'size': [0.04461973939918376, 0.0849493067344041, 0.09534921802665242]}}"
4.621999999999878,0.5319989239103786,0.0,0.4,0.5263893328271569,9.71940588900114e-08,0.3999964264028099,"{'table_obstacle': {'pos': [0.3825981920028062, 0.37518922255766707, 0.1646257963690813], 'size': [0.049837904948193595, 0.0813235869879147, 0.05243307039854257]}, 'pillar_obstacle': {'pos': [0.39994824830915515, -0.3824307480766307, 0.23470116647765446], 'size': [0.033663755439403885, 0.20172185302840845, 0.0]}, 'small_block': {'pos': [0.6140097595303955, -0.3535133918987863, 0.1097032402875184], 'size': [0.04461973939918376, 0.0849493067344041, 0.09534921802665242]}}"
4.6229999999998785,0.5319989239103786,0.0,0.4,0.5264587401773221,1.3503156432588213e-07,0.39999625738330086,"{'table_obstacle': {'pos': [0.3825981920028062, 0.37518922255766707, 0.1646257963690813], 'size': [0.049837904948193595, 0.0813235869879147, 0.05243307039854257]}, 'pillar_obstacle': {'pos': [0.39994824830915515, -0.3824307480766307, 0.23470116647765446], 'size': [0.033663755439403885, 0.20172185302840845, 0.0]}, 'small_block': {'pos': [0.6140097595303955, -0.3535133918987863, 0.1097032402875184], 'size': [0.04461973939918376, 0.0849493067344041, 0.09534921802665242]}}"
4.623999999999879,0.5319989239103786,0.0,0.4,0.5265291716837228,1.6734504829320684e-07,0.39999610635827,"{'table_obstacle': {'pos': [0.3825981920028062, 0.37518922255766707, 0.1646257963690813], 'size': [0.049837904948193595, 0.0813235869879147, 0.05243307039854257]}, 'pillar_obstacle': {'pos': [0.39994824830915515, -0.3824307480766307, 0.23470116647765446], 'size': [0.033663755439403885, 0.20172185302840845, 0.0]}, 'small_block': {'pos': [0.6140097595303955, -0.3535133918987863, 0.1097032402875184], 'size': [0.04461973939918376, 0.0849493067344041, 0.09534921802665242]}}"
4.624999999999879,0.5319989239103786,0.0,0.4,0.5266002313122701,1.9418129180284952e-07,0.3999959738497979,"{'table_obstacle': {'pos': [0.3825981920028062, 0.37518922255766707, 0.1646257963690813], 'size': [0.049837904948193595, 0.0813235869879147, 0.05243307039854257]}, 'pillar_obstacle': {'pos': [0.39994824830915515, -0.3824307480766307, 0.23470116647765446], 'size': [0.033663755439403885, 0.20172185302840845, 0.0]}, 'small_block': {'pos': [0.6140097595303955, -0.3535133918987863, 0.1097032402875184], 'size': [0.04461973939918376, 0.0849493067344041, 0.09534921802665242]}}"
4.6259999999998795,0.5319989239103786,0.0,0.4,0.5266716009385576,2.157879693842516e-07,0.3999958595594314,"{'table_obstacle': {'pos': [0.3825981920028062, 0.37518922255766707, 0.1646257963690813], 'size': [0.049837904948193595, 0.0813235869879147, 0.05243307039854257]}, 'pillar_obstacle': {'pos': [0.39994824830915515, -0.3824307480766307, 0.23470116647765446], 'size': [0.033663755439403885, 0.20172185302840845, 0.0]}, 'small_block': {'pos': [0.6140097595303955, -0.3535133918987863, 0.1097032402875184], 'size': [0.04461973939918376, 0.0849493067344041, 0.09534921802665242]}}"
4.62699999999988,0.5319989239103786,0.0,0.4,0.5267430255462765,2.3253474485926011e-07,0.39999576266055953,"{'table_obstacle': {'pos': [0.3825981920028062, 0.37518922255766707, 0.1646257963690813], 'size': [0.049837904948193595, 0.0813235869879147, 0.05243307039854257]}, 'pillar_obstacle': {'pos': [0.39994824830915515, -0.3824307480766307, 0.23470116647765446], 'size': [0.033663755439403885, 0.20172185302840845, 0.0]}, 'small_block': {'pos': [0.6140097595303955, -0.3535133918987863, 0.1097032402875184], 'size': [0.04461973939918376, 0.0849493067344041, 0.09534921802665242]}}"
4.62799999999988,0.5319989239103786,0.0,0.4,0.5268143012296498,2.448572129096136e-07,0.3999956820086588,"{'table_obstacle': {'pos': [0.3825981920028062, 0.37518922255766707, 0.1646257963690813], 'size': [0.049837904948193595, 0.0813235869879147, 0.05243307039854257]}, 'pillar_obstacle': {'pos': [0.39994824830915515, -0.3824307480766307, 0.23470116647765446], 'size': [0.033663755439403885, 0.20172185302840845, 0.0]}, 'small_block': {'pos': [0.6140097595303955, -0.3535133918987863, 0.1097032402875184], 'size': [0.04461973939918376, 0.0849493067344041, 0.09534921802665242]}}"
4.6289999999998805,0.5319989239103786,0.0,0.4,0.5268852654692205,2.5321783059278627e-07,0.3999956162903685,"{'table_obstacle': {'pos': [0.3825981920028062, 0.37518922255766707, 0.1646257963690813], 'size': [0.049837904948193595, 0.0813235869879147, 0.05243307039854257]}, 'pillar_obstacle': {'pos': [0.39994824830915515, -0.3824307480766307, 0.23470116647765446], 'size': [0.033663755439403885, 0.20172185302840845, 0.0]}, 'small_block': {'pos': [0.6140097595303955, -0.3535133918987863, 0.1097032402875184], 'size': [0.04461973939918376, 0.0849493067344041, 0.09534921802665242]}}"
4.629999999999881,0.5319989239103786,0.0,0.4,0.5269557892505897,2.580793905553671e-07,0.3999955641272406,"{'table_obstacle': {'pos': [0.3825981920028062, 0.37518922255766707, 0.1646257963690813], 'size': [0.049837904948193595, 0.0813235869879147, 0.05243307039854257]}, 'pillar_obstacle': {'pos': [0.39994824830915515, -0.3824307480766307, 0.23470116647765446], 'size': [0.033663755439403885, 0.20172185302840845, 0.0]}, 'small_block': {'pos': [0.6140097595303955, -0.3535133918987863, 0.1097032402875184], 'size': [0.04461973939918376, 0.0849493067344041, 0.09534921802665242]}}"
4.630999999999881,0.5319989239103786,0.0,0.4,0.5270257706770679,2.598876649876978e-07,0.3999955241461141,"{'table_obstacle': {'pos': [0.3825981920028062, 0.37518922255766707, 0.1646257963690813], 'size': [0.049837904948193595, 0.0813235869879147, 0.05243307039854257]}, 'pillar_obstacle': {'pos': [0.39994824830915515, -0.3824307480766307, 0.23470116647765446], 'size': [0.033663755439403885, 0.20172185302840845, 0.0]}, 'small_block': {'pos': [0.6140097595303955, -0.3535133918987863, 0.1097032402875184], 'size': [0.04461973939918376, 0.0849493067344041, 0.09534921802665242]}}"
4.6319999999998815,0.5319989239103786,0.0,0.4,0.5270951297932475,2.5906068154513005e-07,0.39999549502511933,"{'table_obstacle': {'pos': [0.3825981920028062, 0.37518922255766707, 0.1646257963690813], 'size': [0.049837904948193595, 0.0813235869879147, 0.05243307039854257]}, 'pillar_obstacle': {'pos': [0.39994824830915515, -0.3824307480766307, 0.23470116647765446], 'size': [0.033663755439403885, 0.20172185302840845, 0.0]}, 'small_block': {'pos': [0.6140097595303955, -0.3535133918987863, 0.1097032402875184], 'size': [0.04461973939918376, 0.0849493067344041, 0.09534921802665242]}}"
4.632999999999882,0.5319989239103786,0.0,0.4,0.5271638043900623,2.559827312109357e-07,0.39999547552206477,"{'table_obstacle': {'pos': [0.3825981920028062, 0.37518922255766707, 0.1646257963690813], 'size': [0.049837904948193595, 0.0813235869879147, 0.05243307039854257]}, 'pillar_obstacle': {'pos': [0.39994824830915515, -0.3824307480766307, 0.23470116647765446], 'size': [0.033663755439403885, 0.20172185302840845, 0.0]}, 'small_block': {'pos': [0.6140097595303955, -0.3535133918987863, 0.1097032402875184], 'size': [0.04461973939918376, 0.0849493067344041, 0.09534921802665242]}}"
4.633999999999882,0.5319989239103786,0.0,0.4,0.5272317466053482,2.510016882223477e-07,0.39999546449025986,"{'table_obstacle': {'pos': [0.3825981920028062, 0.37518922255766707, 0.1646257963690813], 'size': [0.049837904948193595, 0.0813235869879147, 0.05243307039854257]}, 'pillar_obstacle': {'pos': [0.39994824830915515, -0.3824307480766307, 0.23470116647765446], 'size': [0.033663755439403885, 0.20172185302840845, 0.0]}, 'small_block': {'pos': [0.6140097595303955, -0.3535133918987863, 0.1097032402875184], 'size': [0.04461973939918376, 0.0849493067344041, 0.09534921802665242]}}"
4.6349999999998825,0.5319989239103786,0.0,0.4,0.5272989201691471,2.444285955276673e-07,0.3999954608855268,"{'table_obstacle': {'pos': [0.3825981920028062, 0.37518922255766707, 0.1646257963690813], 'size': [0.049837904948193595, 0.0813235869879147, 0.05243307039854257]}, 'pillar_obstacle': {'pos': [0.39994824830915515, -0.3824307480766307, 0.23470116647765446], 'size': [0.033663755439403885, 0.20172185302840845, 0.0]}, 'small_block': {'pos': [0.6140097595303955, -0.3535133918987863, 0.1097032402875184], 'size': [0.04461973939918376, 0.0849493067344041, 0.09534921802665242]}}"
4.635999999999883,0.5319989239103786,0.0,0.4,0.5273652981715545,2.3653874471816358e-07,0.3999954637671869,"{'table_obstacle': {'pos': [0.3825981920028062, 0.37518922255766707, 0.1646257963690813], 'size': [0.049837904948193595, 0.0813235869879147, 0.05243307039854257]}, 'pillar_obstacle': {'pos': [0.39994824830915515, -0.3824307480766307, 0.23470116647765446], 'size': [0.033663755439403885, 0.20172185302840845, 0.0]}, 'small_block': {'pos': [0.6140097595303955, -0.3535133918987863, 0.1097032402875184], 'size': [0.04461973939918376, 0.0849493067344041, 0.09534921802665242]}}"
4.636999999999883,0.5319989239103786,0.0,0.4,0.5274308612540741,2.2757369780093435e-07,0.3999954722950432,"{'table_obstacle': {'pos': [0.3825981920028062, 0.37518922255766707, 0.1646257963690813], 'size': [0.049837904948193595, 0.0813235869879147, 0.05243307039854257]}, 'pillar_obstacle': {'pos': [0.39994824830915515, -0.3824307480766307, 0.23470116647765446], 'size': [0.033663755439403885, 0.20172185302840845, 0.0]}, 'small_block': {'pos': [0.6140097595303955, -0.3535133918987863, 0.1097032402875184], 'size': [0.04461973939918376, 0.0849493067344041, 0.09534921802665242]}}"
4.6379999999998835,0.5319989239103786,0.0,0.4,0.5274955961442007,2.1774384676271856e-07,0.39999548572385546,"{'table_obstacle': {'pos': [0.3825981920028062, 0.37518922255766707, 0.1646257963690813], 'size': [0.049837904948193595, 0.0813235869879147, 0.05243307039854257]}, 'pillar_obstacle': {'pos': [0.39994824830915515, -0.3824307480766307, 0.23470116647765446], 'size': [0.033663755439403885, 0.20172185302840845, 0.0]}, 'small_block': {'pos': [0.6140097595303955, -0.3535133918987863, 0.1097032402875184], 'size': [0.04461973939918376, 0.0849493067344041, 0.09534921802665242]}}"
4.638999999999884,0.5319989239103786,0.0,0.4,0.5275594944681778,2.0723123385519227e-07,0.3999955033963516,"{'table_obstacle': {'pos': [0.3825981920028062, 0.37518922255766707, 0.1646257963690813], 'size': [0.049837904948193595, 0.0813235869879147, 0.05243307039854257]}, 'pillar_obstacle': {'pos': [0.39994824830915515, -0.3824307480766307, 0.23470116647765446], 'size': [0.033663755439403885, 0.20172185302840845, 0.0]}, 'small_block': {'pos': [0.6140097595303955, -0.3535133918987863, 0.1097032402875184], 'size': [0.04461973939918376, 0.0849493067344041, 0.09534921802665242]}}"
4.639999999999884,0.5319989239103786,0.0,0.4,0.5276225517892008,1.9619243841471232e-07,0.39999552473553535,"{'table_obstacle': {'pos': [0.3825981920028062, 0.37518922255766707, 0.1646257963690813], 'size': [0.049837904948193595, 0.0813235869879147, 0.05243307039854257]}, 'pillar_obstacle': {'pos': [0.39994824830915515, -0.3824307480766307, 0.23470116647765446], 'size': [0.033663755439403885, 0.20172185302840845, 0.0]}, 'small_block': {'pos': [0.6140097595303955, -0.3535133918987863, 0.1097032402875184], 'size': [0.04461973939918376, 0.0849493067344041, 0.09534921802665242]}}"
4.6409999999998846,0.5319989239103786,0.0,0.4,0.5276847668283313,1.8476140018680813e-07,0.39999554923680236,"{'table_obstacle': {'pos': [0.3825981920028062, 0.37518922255766707, 0.1646257963690813], 'size': [0.049837904948193595, 0.0813235869879147, 0.05243307039854257]}, 'pillar_obstacle': {'pos': [0.39994824830915515, -0.3824307480766307, 0.23470116647765446], 'size': [0.033663755439403885, 0.20172185302840845, 0.0]}, 'small_block': {'pos': [0.6140097595303955, -0.3535133918987863, 0.1097032402875184], 'size': [0.04461973939918376, 0.0849493067344041, 0.09534921802665242]}}"
4.641999999999885,0.5319989239103786,0.0,0.4,0.5277461408334915,1.7305210075458205e-07,0.3999955764602081,"{'table_obstacle': {'pos': [0.3825981920028062, 0.37518922255766707, 0.1646257963690813], 'size': [0.049837904948193595, 0.0813235869879147, 0.05243307039854257]}, 'pillar_obstacle': {'pos': [0.39994824830915515, -0.3824307480766307, 0.23470116647765446], 'size': [0.033663755439403885, 0.20172185302840845, 0.0]}, 'small_block': {'pos': [0.6140097595303955, -0.3535133918987863, 0.1097032402875184], 'size': [0.04461973939918376, 0.0849493067344041, 0.09534921802665242]}}"
4.642999999999885,0.5319989239103786,0.0,0.4,0.5278066770684687,1.6116105148865685e-07,0.39999560602311646,"{'table_obstacle': {'pos': [0.3825981920028062, 0.37518922255766707, 0.1646257963690813], 'size': [0.049837904948193595, 0.0813235869879147, 0.05243307039854257]}, 'pillar_obstacle': {'pos': [0.39994824830915515, -0.3824307480766307, 0.23470116647765446], 'size': [0.033663755439403885, 0.20172185302840845, 0.0]}, 'small_block': {'pos': [0.6140097595303955, -0.3535133918987863, 0.1097032402875184], 'size': [0.04461973939918376, 0.0849493067344041, 0.09534921802665242]}}"
4.6439999999998856,0.5319989239103786,0.0,0.4,0.527866380399182,1.491695624262366e-07,0.39999563759335394,"{'table_obstacle': {'pos': [0.3825981920028062, 0.37518922255766707, 0.1646257963690813], 'size': [0.049837904948193595, 0.0813235869879147, 0.05243307039854257]}, 'pillar_obstacle': {'pos': [0.39994824830915515, -0.3824307480766307, 0.23470116647765446], 'size': [0.033663755439403885, 0.20172185302840845, 0.0]}, 'small_block': {'pos': [0.6140097595303955, -0.3535133918987863, 0.1097032402875184], 'size': [0.04461973939918376, 0.0849493067344041, 0.09534921802665242]}}"
4.644999999999886,0.5319989239103786,0.0,0.4,0.5279252569587749,1.3714579074184102e-07,0.3999956708829452,"{'table_obstacle': {'pos': [0.3825981920028062, 0.37518922255766707, 0.1646257963690813], 'size': [0.049837904948193595, 0.0813235869879147, 0.05243307039854257]}, 'pillar_obstacle': {'pos': [0.39994824830915515, -0.3824307480766307, 0.23470116647765446], 'size': [0.033663755439403885, 0.20172185302840845, 0.0]}, 'small_block': {'pos': [0.6140097595303955, -0.3535133918987863, 0.1097032402875184], 'size': [0.04461973939918376, 0.0849493067344041, 0.09534921802665242]}}"
4.645999999999886,0.5319989239103786,0.0,0.4,0.5279833138765901,1.2514656223405792e-07,0.399995705642449,"{'table_obstacle': {'pos': [0.3825981920028062, 0.37518922255766707, 0.1646257963690813], 'size': [0.049837904948193595, 0.0813235869879147, 0.05243307039854257]}, 'pillar_obstacle': {'pos': [0.39994824830915515, -0.3824307480766307, 0.23470116647765446], 'size': [0.033663755439403885, 0.20172185302840845, 0.0]}, 'small_block': {'pos': [0.6140097595303955, -0.3535133918987863, 0.1097032402875184], 'size': [0.04461973939918376, 0.0849493067344041, 0.09534921802665242]}}"
4.6469999999998866,0.5319989239103786,0.0,0.4,0.528040559058921,1.1321898458051212e-07,0.3999957416558928,"{'table_obstacle': {'pos': [0.3825981920028062, 0.37518922255766707, 0.1646257963690813], 'size': [0.049837904948193595, 0.0813235869879147, 0.05243307039854257]}, 'pillar_obstacle': {'pos': [0.39994824830915515, -0.3824307480766307, 0.23470116647765446], 'size': [0.033663755439403885, 0.20172185302840845, 0.0]}, 'small_block': {'pos': [0.6140097595303955, -0.3535133918987863, 0.1097032402875184], 'size': [0.04461973939918376, 0.0849493067344041, 0.09534921802665242]}}"
4.647999999999887,0.5319989239103786,0.0,0.4,0.5280970010117162,1.0140185981712032e-07,0.3999957787362794,"{'table_obstacle': {'pos': [0.3825981920028062, 0.37518922255766707, 0.1646257963690813], 'size': [0.049837904948193595, 0.0813235869879147, 0.05243307039854257]}, 'pillar_obstacle': {'pos': [0.39994824830915515, -0.3824307480766307, 0.23470116647765446], 'size': [0.033663755439403885, 0.20172185302840845, 0.0]}, 'small_block': {'pos': [0.6140097595303955, -0.3535133918987863, 0.1097032402875184], 'size': [0.04461973939918376, 0.0849493067344041, 0.09534921802665242]}}"
4.648999999999887,0.5319989239103786,0.0,0.4,0.5281526486972926,8.972691795277148e-08,0.3999958167216306,"{'table_obstacle': {'pos': [0.3825981920028062, 0.37518922255766707, 0.1646257963690813], 'size': [0.049837904948193595, 0.0813235869879147, 0.05243307039854257]}, 'pillar_obstacle': {'pos': [0.39994824830915515, -0.3824307480766307, 0.23470116647765446], 'size': [0.033663755439403885, 0.20172185302840845, 0.0]}, 'small_block': {'pos': [0.6140097595303955, -0.3535133918987863, 0.1097032402875184], 'size': [0.04461973939918376, 0.0849493067344041, 0.09534921802665242]}}"
4.649999999999888,0.5319989239103786,0.0,0.4,0.5282075114186006,7.821988571694716e-08,0.39999585547152255,"{'table_obstacle': {'pos': [0.3825981920028062, 0.37518922255766707, 0.1646257963690813], 'size': [0.049837904948193595, 0.0813235869879147, 0.05243307039854257]}, 'pillar_obstacle': {'pos': [0.39994824830915515, -0.3824307480766307, 0.23470116647765446], 'size': [0.033663755439403885, 0.20172185302840845, 0.0]}, 'small_block': {'pos': [0.6140097595303955, -0.3535133918987863, 0.1097032402875184], 'size': [0.04461973939918376, 0.0849493067344041, 0.09534921802665242]}}"
4.650999999999888,0.5319989239103786,0.0,0.4,0.5282615987258217,6.690140929506201e-08,0.39999589486406895,"{'table_obstacle': {'pos': [0.3825981920028062, 0.37518922255766707, 0.1646257963690813], 'size': [0.049837904948193595, 0.0813235869879147, 0.05243307039854257]}, 'pillar_obstacle': {'pos': [0.39994824830915515, -0.3824307480766307, 0.23470116647765446], 'size': [0.033663755439403885, 0.20172185302840845, 0.0]}, 'small_block': {'pos': [0.6140097595303955, -0.3535133918987863, 0.1097032402875184], 'size': [0.04461973939918376, 0.0849493067344041, 0.09534921802665242]}}"
4.651999999999888,0.5319989239103786,0.0,0.4,0.528314920341059,5.578784795163048e-08,0.39999593479330303,"{'table_obstacle': {'pos': [0.3825981920028062, 0.37518922255766707, 0.1646257963690813], 'size': [0.049837904948193595, 0.0813235869879147, 0.05243307039854257]}, 'pillar_obstacle': {'pos': [0.39994824830915515, -0.3824307480766307, 0.23470116647765446], 'size': [0.033663755439403885, 0.20172185302840845, 0.0]}, 'small_block': {'pos': [0.6140097595303955, -0.3535133918987863, 0.1097032402875184], 'size': [0.04461973939918376, 0.0849493067344041, 0.09534921802665242]}}"
4.652999999999889,0.5319989239103786,0.0,0.4,0.5283674860976911,4.489195322598797e-08,0.3999959751669173,"{'table_obstacle': {'pos': [0.3825981920028062, 0.37518922255766707, 0.1646257963690813], 'size': [0.049837904948193595, 0.0813235869879147, 0.05243307039854257]}, 'pillar_obstacle': {'pos': [0.39994824830915515, -0.3824307480766307, 0.23470116647765446], 'size': [0.033663755439403885, 0.20172185302840845, 0.0]}, 'small_block': {'pos': [0.6140097595303955, -0.3535133918987863, 0.1097032402875184], 'size': [0.04461973939918376, 0.0849493067344041, 0.09534921802665242]}}"
4.653999999999889,0.5319989239103786,0.0,0.4,0.5284193058916049,3.422344946580204e-08,0.3999960159043168,"{'table_obstacle': {'pos': [0.3825981920028062, 0.37518922255766707, 0.1646257963690813], 'size': [0.049837904948193595, 0.0813235869879147, 0.05243307039854257]}, 'pillar_obstacle': {'pos': [0.39994824830915515, -0.3824307480766307, 0.23470116647765446], 'size': [0.033663755439403885, 0.20172185302840845, 0.0]}, 'small_block': {'pos': [0.6140097595303955, -0.3535133918987863, 0.1097032402875184], 'size': [0.04461973939918376, 0.0849493067344041, 0.09534921802665242]}}"
4.654999999999889,0.5319989239103786,0.0,0.4,0.5284703896420513,2.3789527865741044e-08,0.3999960569349458,"{'table_obstacle': {'pos': [0.3825981920028062, 0.37518922255766707, 0.1646257963690813], 'size': [0.049837904948193595, 0.0813235869879147, 0.05243307039854257]}, 'pillar_obstacle': {'pos': [0.39994824830915515, -0.3824307480766307, 0.23470116647765446], 'size': [0.033663755439403885, 0.20172185302840845, 0.0]}, 'small_block': {'pos': [0.6140097595303955, -0.3535133918987863, 0.1097032402875184], 'size': [0.04461973939918376, 0.0849493067344041, 0.09534921802665242]}}"
4.65599999999989,0.5319989239103786,0.0,0.4,0.528520747260299,1.359526538608512e-08,0.39999609819685716,"{'table_obstacle': {'pos': [0.3825981920028062, 0.37518922255766707, 0.1646257963690813], 'size': [0.049837904948193595, 0.0813235869879147, 0.05243307039854257]}, 'pillar_obstacle': {'pos': [0.39994824830915515, -0.3824307480766307, 0.23470116647765446], 'size': [0.033663755439403885, 0.20172185302840845, 0.0]}, 'small_block': {'pos': [0.6140097595303955, -0.3535133918987863, 0.1097032402875184], 'size': [0.04461973939918376, 0.0849493067344041, 0.09534921802665242]}}"
4.65699999999989,0.5319989239103786,0.0,0.4,0.5285703886246009,3.643980645593889e-09,0.3999961396354862,"{'table_obstacle': {'pos': [0.3825981920028062, 0.37518922255766707, 0.1646257963690813], 'size': [0.049837904948193595, 0.0813235869879147, 0.05243307039854257]}, 'pillar_obstacle': {'pos': [0.39994824830915515, -0.3824307480766307, 0.23470116647765446], 'size': [0.033663755439403885, 0.20172185302840845, 0.0]}, 'small_block': {'pos': [0.6140097595303955, -0.3535133918987863, 0.1097032402875184], 'size': [0.04461973939918376, 0.0849493067344041, 0.09534921802665242]}}"
4.65799999999989,0.5319989239103786,0.0,0.4,0.5286193235602754,-6.062466523192287e-09,0.3999961812026065,"{'table_obstacle': {'pos': [0.3825981920028062, 0.37518922255766707, 0.1646257963690813], 'size': [0.049837904948193595, 0.0813235869879147, 0.05243307039854257]}, 'pillar_obstacle': {'pos': [0.39994824830915515, -0.3824307480766307, 0.23470116647765446], 'size': [0.033663755439403885, 0.20172185302840845, 0.0]}, 'small_block': {'pos': [0.6140097595303955, -0.3535133918987863, 0.1097032402875184], 'size': [0.04461973939918376, 0.0849493067344041, 0.09534921802665242]}}"
4.658999999999891,0.5319989239103786,0.0,0.4,0.5286675618239269,-1.5523421346919828e-08,0.3999962228554403,"{'table_obstacle': {'pos': [0.3825981920028062, 0.37518922255766707, 0.1646257963690813], 'size': [0.049837904948193595, 0.0813235869879147, 0.05243307039854257]}, 'pillar_obstacle': {'pos': [0.39994824830915515, -0.3824307480766307, 0.23470116647765446], 'size': [0.033663755439403885, 0.20172185302840845, 0.0]}, 'small_block': {'pos': [0.6140097595303955, -0.3535133918987863, 0.1097032402875184], 'size': [0.04461973939918376, 0.0849493067344041, 0.09534921802665242]}}"
4.659999999999891,0.5319989239103786,0.0,0.4,0.5287151130910168,-2.4739221214649013e-08,0.39999626455590015,"{'table_obstacle': {'pos': [0.3825981920028062, 0.37518922255766707, 0.1646257963690813], 'size': [0.049837904948193595, 0.0813235869879147, 0.05243307039854257]}, 'pillar_obstacle': {'pos': [0.39994824830915515, -0.3824307480766307, 0.23470116647765446], 'size': [0.033663755439403885, 0.20172185302840845, 0.0]}, 'small_block': {'pos': [0.6140097595303955, -0.3535133918987863, 0.1097032402875184], 'size': [0.04461973939918376, 0.0849493067344041, 0.09534921802665242]}}"
4.660999999999891,0.5319989239103786,0.0,0.4,0.5287619869461484,-3.371101669722422e-08,0.39999630626994515,"{'table_obstacle': {'pos': [0.3825981920028062, 0.37518922255766707, 0.1646257963690813], 'size': [0.049837904948193595, 0.0813235869879147, 0.05243307039854257]}, 'pillar_obstacle': {'pos': [0.39994824830915515, -0.3824307480766307, 0.23470116647765446], 'size': [0.033663755439403885, 0.20172185302840845, 0.0]}, 'small_block': {'pos': [0.6140097595303955, -0.3535133918987863, 0.1097032402875184], 'size': [0.04461973939918376, 0.0849493067344041, 0.09534921802665242]}}"
4.661999999999892,0.5319989239103786,0.0,0.4,0.5288081928755426,-4.2440621546236127e-08,0.399996347967034,"{'table_obstacle': {'pos': [0.3825981920028062, 0.37518922255766707, 0.1646257963690813], 'size': [0.049837904948193595, 0.0813235869879147, 0.05243307039854257]}, 'pillar_obstacle': {'pos': [0.39994824830915515, -0.3824307480766307, 0.23470116647765446], 'size': [0.033663755439403885, 0.20172185302840845, 0.0]}, 'small_block': {'pos': [0.6140097595303955, -0.3535133918987863, 0.1097032402875184], 'size': [0.04461973939918376, 0.0849493067344041, 0.09534921802665242]}}"
4.662999999999892,0.5319989239103786,0.0,0.4,0.5288537402612871,-5.093038700725389e-08,0.39999638961966005,"{'table_obstacle': {'pos': [0.3825981920028062, 0.37518922255766707, 0.1646257963690813], 'size': [0.049837904948193595, 0.0813235869879147, 0.05243307039854257]}, 'pillar_obstacle': {'pos': [0.39994824830915515, -0.3824307480766307, 0.23470116647765446], 'size': [0.033663755439403885, 0.20172185302840845, 0.0]}, 'small_block': {'pos': [0.6140097595303955, -0.3535133918987863, 0.1097032402875184], 'size': [0.04461973939918376, 0.0849493067344041, 0.09534921802665242]}}"
4.663999999999892,0.5319989239103786,0.0,0.4,0.5288986383770199,-5.918309656073857e-08,0.39999643120295825,"{'table_obstacle': {'pos': [0.3825981920028062, 0.37518922255766707, 0.1646257963690813], 'size': [0.049837904948193595, 0.0813235869879147, 0.05243307039854257]}, 'pillar_obstacle': {'pos': [0.39994824830915515, -0.3824307480766307, 0.23470116647765446], 'size': [0.033663755439403885, 0.20172185302840845, 0.0]}, 'small_block': {'pos': [0.6140097595303955, -0.3535133918987863, 0.1097032402875184], 'size': [0.04461973939918376, 0.0849493067344041, 0.09534921802665242]}}"
4.664999999999893,0.5319989239103786,0.0,0.4,0.5289428963847678,-6.720187841022518e-08,0.3999964726943681,"{'table_obstacle': {'pos': [0.3825981920028062, 0.37518922255766707, 0.1646257963690813], 'size': [0.049837904948193595, 0.0813235869879147, 0.05243307039854257]}, 'pillar_obstacle': {'pos': [0.39994824830915515, -0.3824307480766307, 0.23470116647765446], 'size': [0.033663755439403885, 0.20172185302840845, 0.0]}, 'small_block': {'pos': [0.6140097595303955, -0.3535133918987863, 0.1097032402875184], 'size': [0.04461973939918376, 0.0849493067344041, 0.09534921802665242]}}"
4.665999999999893,0.5319989239103786,0.0,0.4,0.5289865233327166,-7.499013248000244e-08,0.39999651407335135,"{'table_obstacle': {'pos': [0.3825981920028062, 0.37518922255766707, 0.1646257963690813], 'size': [0.049837904948193595, 0.0813235869879147, 0.05243307039854257]}, 'pillar_obstacle': {'pos': [0.39994824830915515, -0.3824307480766307, 0.23470116647765446], 'size': [0.033663755439403885, 0.20172185302840845, 0.0]}, 'small_block': {'pos': [0.6140097595303955, -0.3535133918987863, 0.1097032402875184], 'size': [0.04461973939918376, 0.0849493067344041, 0.09534921802665242]}}"
4.666999999999893,0.5319989239103786,0.0,0.4,0.5290295281537382,-8.2551469591715e-08,0.39999655532114814,"{'table_obstacle': {'pos': [0.3825981920028062, 0.37518922255766707, 0.1646257963690813], 'size': [0.049837904948193595, 0.0813235869879147, 0.05243307039854257]}, 'pillar_obstacle': {'pos': [0.39994824830915515, -0.3824307480766307, 0.23470116647765446], 'size': [0.033663755439403885, 0.20172185302840845, 0.0]}, 'small_block': {'pos': [0.6140097595303955, -0.3535133918987863, 0.1097032402875184], 'size': [0.04461973939918376, 0.0849493067344041, 0.09534921802665242]}}"
4.667999999999894,0.5319989239103786,0.0,0.4,0.5290719196645146,-8.988966158873493e-08,0.399996596420574,"{'table_obstacle': {'pos': [0.3825981920028062, 0.37518922255766707, 0.1646257963690813], 'size': [0.049837904948193595, 0.0813235869879147, 0.05243307039854257]}, 'pillar_obstacle': {'pos': [0.39994824830915515, -0.3824307480766307, 0.23470116647765446], 'size': [0.033663755439403885, 0.20172185302840845, 0.0]}, 'small_block': {'pos': [0.6140097595303955, -0.3535133918987863, 0.1097032402875184], 'size': [0.04461973939918376, 0.0849493067344041, 0.09534921802665242]}}"
4.668999999999894,0.5319989239103786,0.0,0.4,0.5291137065651554,-9.70085989062377e-08,0.3999966373558423,"{'table_obstacle': {'pos': [0.3825981920028062, 0.37518922255766707, 0.1646257963690813], 'size': [0.049837904948193595, 0.0813235869879147, 0.05243307039854257]}, 'pillar_obstacle': {'pos': [0.39994824830915515, -0.3824307480766307, 0.23470116647765446], 'size': [0.033663755439403885, 0.20172185302840845, 0.0]}, 'small_block': {'pos': [0.6140097595303955, -0.3535133918987863, 0.1097032402875184], 'size': [0.04461973939918376, 0.0849493067344041, 0.09534921802665242]}}"
4.669999999999894,0.5319989239103786,0.0,0.4,0.5291548974392003,-1.0391225637065534e-07,0.39999667811241546,"{'table_obstacle': {'pos': [0.3825981920028062, 0.37518922255766707, 0.1646257963690813], 'size': [0.049837904948193595, 0.0813235869879147, 0.05243307039854257]}, 'pillar_obstacle': {'pos': [0.39994824830915515, -0.3824307480766307, 0.23470116647765446], 'size': [0.033663755439403885, 0.20172185302840845, 0.0]}, 'small_block': {'pos': [0.6140097595303955, -0.3535133918987863, 0.1097032402875184], 'size': [0.04461973939918376, 0.0849493067344041, 0.09534921802665242]}}"
4.670999999999895,0.5319989239103786,0.0,0.4,0.5291955007539331,-1.1060466471522778e-07,0.39999671867687714,"{'table_obstacle': {'pos': [0.3825981920028062, 0.37518922255766707, 0.1646257963690813], 'size': [0.049837904948193595, 0.0813235869879147, 0.05243307039854257]}, 'pillar_obstacle': {'pos': [0.39994824830915515, -0.3824307480766307, 0.23470116647765446], 'size': [0.033663755439403885, 0.20172185302840845, 0.0]}, 'small_block': {'pos': [0.6140097595303955, -0.3535133918987863, 0.1097032402875184], 'size': [0.04461973939918376, 0.0849493067344041, 0.09534921802665242]}}"
4.671999999999895,0.5319989239103786,0.0,0.4,0.5292355248609454,-1.1708988728596753e-07,0.39999675903682297,"{'table_obstacle': {'pos': [0.3825981920028062, 0.37518922255766707, 0.1646257963690813], 'size': [0.049837904948193595, 0.0813235869879147, 0.05243307039854257]}, 'pillar_obstacle': {'pos': [0.39994824830915515, -0.3824307480766307, 0.23470116647765446], 'size': [0.033663755439403885, 0.20172185302840845, 0.0]}, 'small_block': {'pos': [0.6140097595303955, -0.3535133918987863, 0.1097032402875184], 'size': [0.04461973939918376, 0.0849493067344041, 0.09534921802665242]}}"
4.672999999999895,0.5319989239103786,0.0,0.4,0.5292749779968957,-1.2337200068070604e-07,0.3999967991807657,"{'table_obstacle': {'pos': [0.3825981920028062, 0.37518922255766707, 0.1646257963690813], 'size': [0.049837904948193595, 0.0813235869879147, 0.05243307039854257]}, 'pillar_obstacle': {'pos': [0.39994824830915515, -0.3824307480766307, 0.23470116647765446], 'size': [0.033663755439403885, 0.20172185302840845, 0.0]}, 'small_block': {'pos': [0.6140097595303955, -0.3535133918987863, 0.1097032402875184], 'size': [0.04461973939918376, 0.0849493067344041, 0.09534921802665242]}}"
4.673999999999896,0.5319989239103786,0.0,0.4,0.5293138682844247,-1.2945507842643025e-07,0.3999968390980539,"{'table_obstacle': {'pos': [0.3825981920028062, 0.37518922255766707, 0.1646257963690813], 'size': [0.049837904948193595, 0.0813235869879147, 0.05243307039854257]}, 'pillar_obstacle': {'pos': [0.39994824830915515, -0.3824307480766307, 0.23470116647765446], 'size': [0.033663755439403885, 0.20172185302840845, 0.0]}, 'small_block': {'pos': [0.6140097595303955, -0.3535133918987863, 0.1097032402875184], 'size': [0.04461973939918376, 0.0849493067344041, 0.09534921802665242]}}"
4.674999999999896,0.5319989239103786,0.0,0.4,0.5293522037331911,-1.353431795917767e-07,0.3999968787788021,"{'table_obstacle': {'pos': [0.3825981920028062, 0.37518922255766707, 0.1646257963690813], 'size': [0.049837904948193595, 0.0813235869879147, 0.05243307039854257]}, 'pillar_obstacle': {'pos': [0.39994824830915515, -0.3824307480766307, 0.23470116647765446], 'size': [0.033663755439403885, 0.20172185302840845, 0.0]}, 'small_block': {'pos': [0.6140097595303955, -0.3535133918987863, 0.1097032402875184], 'size': [0.04461973939918376, 0.0849493067344041, 0.09534921802665242]}}"
4.675999999999896,0.5319989239103786,0.0,0.4,0.5293899922410034,-1.4104033666489572e-07,0.3999969182138293,"{'table_obstacle': {'pos': [0.3825981920028062, 0.37518922255766707, 0.1646257963690813], 'size': [0.049837904948193595, 0.0813235869879147, 0.05243307039854257]}, 'pillar_obstacle': {'pos': [0.39994824830915515, -0.3824307480766307, 0.23470116647765446], 'size': [0.033663755439403885, 0.20172185302840845, 0.0]}, 'small_block': {'pos': [0.6140097595303955, -0.3535133918987863, 0.1097032402875184], 'size': [0.04461973939918376, 0.0849493067344041, 0.09534921802665242]}}"
4.676999999999897,0.5319989239103786,0.0,0.4,0.5294272415950231,-1.465505487041275e-07,0.3999969573946051,"{'table_obstacle': {'pos': [0.3825981920028062, 0.37518922255766707, 0.1646257963690813], 'size': [0.049837904948193595, 0.0813235869879147, 0.05243307039854257]}, 'pillar_obstacle': {'pos': [0.39994824830915515, -0.3824307480766307, 0.23470116647765446], 'size': [0.033663755439403885, 0.20172185302840845, 0.0]}, 'small_block': {'pos': [0.6140097595303955, -0.3535133918987863, 0.1097032402875184], 'size': [0.04461973939918376, 0.0849493067344041, 0.09534921802665242]}}"
4.677999999999897,0.5319989239103786,0.0,0.4,0.529463959473023,-1.518777733071224e-07,0.39999699631320396,"{'table_obstacle': {'pos': [0.3825981920028062, 0.37518922255766707, 0.1646257963690813], 'size': [0.049837904948193595, 0.0813235869879147, 0.05243307039854257]}, 'pillar_obstacle': {'pos': [0.39994824830915515, -0.3824307480766307, 0.23470116647765446], 'size': [0.033663755439403885, 0.20172185302840845, 0.0]}, 'small_block': {'pos': [0.6140097595303955, -0.3535133918987863, 0.1097032402875184], 'size': [0.04461973939918376, 0.0849493067344041, 0.09534921802665242]}}"
4.678999999999897,0.5319989239103786,0.0,0.4,0.5295001534446873,-1.5702592228162032e-07,0.39999703496226224,"{'table_obstacle': {'pos': [0.3825981920028062, 0.37518922255766707, 0.1646257963690813], 'size': [0.049837904948193595, 0.0813235869879147, 0.05243307039854257]}, 'pillar_obstacle': {'pos': [0.39994824830915515, -0.3824307480766307, 0.23470116647765446], 'size': [0.033663755439403885, 0.20172185302840845, 0.0]}, 'small_block': {'pos': [0.6140097595303955, -0.3535133918987863, 0.1097032402875184], 'size': [0.04461973939918376, 0.0849493067344041, 0.09534921802665242]}}"
4.679999999999898,0.5319989239103786,0.0,0.4,0.5295358309729378,-1.6199885660476697e-07,0.39999707333494255,"{'table_obstacle': {'pos': [0.3825981920028062, 0.37518922255766707, 0.1646257963690813], 'size': [0.049837904948193595, 0.0813235869879147, 0.05243307039854257]}, 'pillar_obstacle': {'pos': [0.39994824830915515, -0.3824307480766307, 0.23470116647765446], 'size': [0.033663755439403885, 0.20172185302840845, 0.0]}, 'small_block': {'pos': [0.6140097595303955, -0.3535133918987863, 0.1097032402875184], 'size': [0.04461973939918376, 0.0849493067344041, 0.09534921802665242]}}"
4.680999999999898,0.5319989239103786,0.0,0.4,0.5295709994152826,-1.6680038376176296e-07,0.3999971114249018,"{'table_obstacle': {'pos': [0.3825981920028062, 0.37518922255766707, 0.1646257963690813], 'size': [0.049837904948193595, 0.0813235869879147, 0.05243307039854257]}, 'pillar_obstacle': {'pos': [0.39994824830915515, -0.3824307480766307, 0.23470116647765446], 'size': [0.033663755439403885, 0.20172185302840845, 0.0]}, 'small_block': {'pos': [0.6140097595303955, -0.3535133918987863, 0.1097032402875184], 'size': [0.04461973939918376, 0.0849493067344041, 0.09534921802665242]}}"
4.681999999999898,0.5319989239103786,0.0,0.4,0.5296056660251753,-1.7143425460000526e-07,0.39999714922625973,"{'table_obstacle': {'pos': [0.3825981920028062, 0.37518922255766707, 0.1646257963690813], 'size': [0.049837904948193595, 0.0813235869879147, 0.05243307039854257]}, 'pillar_obstacle': {'pos': [0.39994824830915515, -0.3824307480766307, 0.23470116647765446], 'size': [0.033663755439403885, 0.20172185302840845, 0.0]}, 'small_block': {'pos': [0.6140097595303955, -0.3535133918987863, 0.1097032402875184], 'size': [0.04461973939918376, 0.0849493067344041, 0.09534921802665242]}}"
4.682999999999899,0.5319989239103786,0.0,0.4,0.5296398379533805,-1.7590416256178483e-07,0.399997186733575,"{'table_obstacle': {'pos': [0.3825981920028062, 0.37518922255766707, 0.1646257963690813], 'size': [0.049837904948193595, 0.0813235869879147, 0.05243307039854257]}, 'pillar_obstacle': {'pos': [0.39994824830915515, -0.3824307480766307, 0.23470116647765446], 'size': [0.033663755439403885, 0.20172185302840845, 0.0]}, 'small_block': {'pos': [0.6140097595303955, -0.3535133918987863, 0.1097032402875184], 'size': [0.04461973939918376, 0.0849493067344041, 0.09534921802665242]}}"
4.683999999999899,0.5319989239103786,0.0,0.4,0.5296735222493414,-1.8021374123928208e-07,0.3999972239418183,"{'table_obstacle': {'pos': [0.3825981920028062, 0.37518922255766707, 0.1646257963690813], 'size': [0.049837904948193595, 0.0813235869879147, 0.05243307039854257]}, 'pillar_obstacle': {'pos': [0.39994824830915515, -0.3824307480766307, 0.23470116647765446], 'size': [0.033663755439403885, 0.20172185302840845, 0.0]}, 'small_block': {'pos': [0.6140097595303955, -0.3535133918987863, 0.1097032402875184], 'size': [0.04461973939918376, 0.0849493067344041, 0.09534921802665242]}}"
4.684999999999899,0.5319989239103786,0.0,0.4,0.5297067258625423,-1.843665634072235e-07,0.39999726084635356,"{'table_obstacle': {'pos': [0.3825981920028062, 0.37518922255766707, 0.1646257963690813], 'size': [0.049837904948193595, 0.0813235869879147, 0.05243307039854257]}, 'pillar_obstacle': {'pos': [0.39994824830915515, -0.3824307480766307, 0.23470116647765446], 'size': [0.033663755439403885, 0.20172185302840845, 0.0]}, 'small_block': {'pos': [0.6140097595303955, -0.3535133918987863, 0.1097032402875184], 'size': [0.04461973939918376, 0.0849493067344041, 0.09534921802665242]}}"
4.6859999999999,0.5319989239103786,0.0,0.4,0.5297394556438685,-1.8836614197879233e-07,0.39999729744291584,"{'table_obstacle': {'pos': [0.3825981920028062, 0.37518922255766707, 0.1646257963690813], 'size': [0.049837904948193595, 0.0813235869879147, 0.05243307039854257]}, 'pillar_obstacle': {'pos': [0.39994824830915515, -0.3824307480766307, 0.23470116647765446], 'size': [0.033663755439403885, 0.20172185302840845, 0.0]}, 'small_block': {'pos': [0.6140097595303955, -0.3535133918987863, 0.1097032402875184], 'size': [0.04461973939918376, 0.0849493067344041, 0.09534921802665242]}}"
4.6869999999999,0.5319989239103786,0.0,0.4,0.5297717183469557,-1.92215927937413e-07,0.3999973337275931,"{'table_obstacle': {'pos': [0.3825981920028062, 0.37518922255766707, 0.1646257963690813], 'size': [0.049837904948193595, 0.0813235869879147, 0.05243307039854257]}, 'pillar_obstacle': {'pos': [0.39994824830915515, -0.3824307480766307, 0.23470116647765446], 'size': [0.033663755439403885, 0.20172185302840845, 0.0]}, 'small_block': {'pos': [0.6140097595303955, -0.3535133918987863, 0.1097032402875184], 'size': [0.04461973939918376, 0.0849493067344041, 0.09534921802665242]}}"
4.6879999999999,0.5319989239103786,0.0,0.4,0.5298035206295301,-1.9591931133406168e-07,0.3999973696968097,"{'table_obstacle': {'pos': [0.3825981920028062, 0.37518922255766707, 0.1646257963690813], 'size': [0.049837904948193595, 0.0813235869879147, 0.05243307039854257]}, 'pillar_obstacle': {'pos': [0.39994824830915515, -0.3824307480766307, 0.23470116647765446], 'size': [0.033663755439403885, 0.20172185302840845, 0.0]}, 'small_block': {'pos': [0.6140097595303955, -0.3535133918987863, 0.1097032402875184], 'size': [0.04461973939918376, 0.0849493067344041, 0.09534921802665242]}}"
4.688999999999901,0.5319989239103786,0.0,0.4,0.5298348690547369,-1.9947962109434675e-07,0.39999740534730976,"{'table_obstacle': {'pos': [0.3825981920028062, 0.37518922255766707, 0.1646257963690813], 'size': [0.049837904948193595, 0.0813235869879147, 0.05243307039854257]}, 'pillar_obstacle': {'pos': [0.39994824830915515, -0.3824307480766307, 0.23470116647765446], 'size': [0.033663755439403885, 0.20172185302840845, 0.0]}, 'small_block': {'pos': [0.6140097595303955, -0.3535133918987863, 0.1097032402875184], 'size': [0.04461973939918376, 0.0849493067344041, 0.09534921802665242]}}"
4.689999999999901,0.5319989239103786,0.0,0.4,0.5298657700924551,-2.029001258745774e-07,0.3999974406761427,"{'table_obstacle': {'pos': [0.3825981920028062, 0.37518922255766707, 0.1646257963690813], 'size': [0.049837904948193595, 0.0813235869879147, 0.05243307039854257]}, 'pillar_obstacle': {'pos': [0.39994824830915515, -0.3824307480766307, 0.23470116647765446], 'size': [0.033663755439403885, 0.20172185302840845, 0.0]}, 'small_block': {'pos': [0.6140097595303955, -0.3535133918987863, 0.1097032402875184], 'size': [0.04461973939918376, 0.0849493067344041, 0.09534921802665242]}}"
4.690999999999901,0.5319989239103786,0.0,0.4,0.5298962301206,-2.061840334071446e-07,0.3999974756806491,"{'table_obstacle': {'pos': [0.3825981920028062, 0.37518922255766707, 0.1646257963690813], 'size': [0.049837904948193595, 0.0813235869879147, 0.05243307039854257]}, 'pillar_obstacle': {'pos': [0.39994824830915515, -0.3824307480766307, 0.23470116647765446], 'size': [0.033663755439403885, 0.20172185302840845, 0.0]}, 'small_block': {'pos': [0.6140097595303955, -0.3535133918987863, 0.1097032402875184], 'size': [0.04461973939918376, 0.0849493067344041, 0.09534921802665242]}}"
4.691999999999902,0.5319989239103786,0.0,0.4,0.5299262554264095,-2.0933449272561178e-07,0.39999751035844755,"{'table_obstacle': {'pos': [0.3825981920028062, 0.37518922255766707, 0.1646257963690813], 'size': [0.049837904948193595, 0.0813235869879147, 0.05243307039854257]}, 'pillar_obstacle': {'pos': [0.39994824830915515, -0.3824307480766307, 0.23470116647765446], 'size': [0.033663755439403885, 0.20172185302840845, 0.0]}, 'small_block': {'pos': [0.6140097595303955, -0.3535133918987863, 0.1097032402875184], 'size': [0.04461973939918376, 0.0849493067344041, 0.09534921802665242]}}"
4.692999999999902,0.5319989239103786,0.0,0.4,0.5299558522077163,-2.1235459282907286e-07,0.39999754470742205,"{'table_obstacle': {'pos': [0.3825981920028062, 0.37518922255766707, 0.1646257963690813], 'size': [0.049837904948193595, 0.0813235869879147, 0.05243307039854257]}, 'pillar_obstacle': {'pos': [0.39994824830915515, -0.3824307480766307, 0.23470116647765446], 'size': [0.033663755439403885, 0.20172185302840845, 0.0]}, 'small_block': {'pos': [0.6140097595303955, -0.3535133918987863, 0.1097032402875184], 'size': [0.04461973939918376, 0.0849493067344041, 0.09534921802665242]}}"
4.693999999999902,0.5319989239103786,0.0,0.4,0.5299850265742048,-2.1524736486418732e-07,0.3999975787257099,"{'table_obstacle': {'pos': [0.3825981920028062, 0.37518922255766707, 0.1646257963690813], 'size': [0.049837904948193595, 0.0813235869879147, 0.05243307039854257]}, 'pillar_obstacle': {'pos': [0.39994824830915515, -0.3824307480766307, 0.23470116647765446], 'size': [0.033663755439403885, 0.20172185302840845, 0.0]}, 'small_block': {'pos': [0.6140097595303955, -0.3535133918987863, 0.1097032402875184], 'size': [0.04461973939918376, 0.0849493067344041, 0.09534921802665242]}}"
4.694999999999903,0.53599889001267,0.0,0.4,0.5300137845486522,-2.1801578253825748e-07,0.39999761241169157,"{'table_obstacle': {'pos': [0.3825981920028062, 0.37518922255766707, 0.1646257963690813], 'size': [0.049837904948193595, 0.0813235869879147, 0.05243307039854257]}, 'pillar_obstacle': {'pos': [0.39994824830915515, -0.3824307480766307, 0.23470116647765446], 'size': [0.033663755439403885, 0.20172185302840845, 0.0]}, 'small_block': {'pos': [0.6140097595303955, -0.3535133918987863, 0.1097032402875184], 'size': [0.04461973939918376, 0.0849493067344041, 0.09534921802665242]}}"
4.695999999999903,0.53599889001267,0.0,0.4,0.5300529304826705,-1.9287518187645046e-07,0.3999975321014673,"{'table_obstacle': {'pos': [0.3825981920028062, 0.37518922255766707, 0.1646257963690813], 'size': [0.049837904948193595, 0.0813235869879147, 0.05243307039854257]}, 'pillar_obstacle': {'pos': [0.39994824830915515, -0.3824307480766307, 0.23470116647765446], 'size': [0.033663755439403885, 0.20172185302840845, 0.0]}, 'small_block': {'pos': [0.6140097595303955, -0.3535133918987863, 0.1097032402875184], 'size': [0.04461973939918376, 0.0849493067344041, 0.09534921802665242]}}"
4.696999999999903,0.53599889001267,0.0,0.4,0.5301002725789687,-1.5124807442525788e-07,0.3999973814731479,"{'table_obstacle': {'pos': [0.3825981920028062, 0.37518922255766707, 0.1646257963690813], 'size': [0.049837904948193595, 0.0813235869879147, 0.05243307039854257]}, 'pillar_obstacle': {'pos': [0.39994824830915515, -0.3824307480766307, 0.23470116647765446], 'size': [0.033663755439403885, 0.20172185302840845, 0.0]}, 'small_block': {'pos': [0.6140097595303955, -0.3535133918987863, 0.1097032402875184], 'size': [0.04461973939918376, 0.0849493067344041, 0.09534921802665242]}}"
4.697999999999904,0.53599889001267,0.0,0.4,0.5301540368126916,-1.0118605780173198e-07,0.3999971915420013,"{'table_obstacle': {'pos': [0.3825981920028062, 0.37518922255766707, 0.1646257963690813], 'size': [0.049837904948193595, 0.0813235869879147, 0.05243307039854257]}, 'pillar_obstacle': {'pos': [0.39994824830915515, -0.3824307480766307, 0.23470116647765446], 'size': [0.033663755439403885, 0.20172185302840845, 0.0]}, 'small_block': {'pos': [0.6140097595303955, -0.3535133918987863, 0.1097032402875184], 'size': [0.04461973939918376, 0.0849493067344041, 0.09534921802665242]}}"
4.698999999999904,0.53599889001267,0.0,0.4,0.5302127879923249,-4.824312108289204e-08,0.39999698397944217,"{'table_obstacle': {'pos': [0.3825981920028062, 0.37518922255766707, 0.1646257963690813], 'size': [0.049837904948193595, 0.0813235869879147, 0.05243307039854257]}, 'pillar_obstacle': {'pos': [0.39994824830915515, -0.3824307480766307, 0.23470116647765446], 'size': [0.033663755439403885, 0.20172185302840845, 0.0]}, 'small_block': {'pos': [0.6140097595303955, -0.3535133918987863, 0.1097032402875184], 'size': [0.04461973939918376, 0.0849493067344041, 0.09534921802665242]}}"
4.699999999999904,0.53599889001267,0.0,0.4,0.5302753656811808,3.862391784204474e-09,0.39999677359627195,"{'table_obstacle': {'pos': [0.3825981920028062, 0.37518922255766707, 0.1646257963690813], 'size': [0.049837904948193595, 0.0813235869879147, 0.05243307039854257]}, 'pillar_obstacle': {'pos': [0.39994824830915515, -0.3824307480766307, 0.23470116647765446], 'size': [0.033663755439403885, 0.20172185302840845, 0.0]}, 'small_block': {'pos': [0.6140097595303955, -0.3535133918987863, 0.1097032402875184], 'size': [0.04461973939918376, 0.0849493067344041, 0.09534921802665242]}}"
4.700999999999905,0.53599889001267,0.0,0.4,0.5303408321990222,5.2748016062438903e-08,0.39999657019931145,"{'table_obstacle': {'pos': [0.3825981920028062, 0.37518922255766707, 0.1646257963690813], 'size': [0.049837904948193595, 0.0813235869879147, 0.05243307039854257]}, 'pillar_obstacle': {'pos': [0.39994824830915515, -0.3824307480766307, 0.23470116647765446], 'size': [0.033663755439403885, 0.20172185302840845, 0.0]}, 'small_block': {'pos': [0.6140097595303955, -0.3535133918987863, 0.1097032402875184], 'size': [0.04461973939918376, 0.0849493067344041, 0.09534921802665242]}}"
4.701999999999905,0.53599889001267,0.0,0.4,0.530408430437587,9.699162464450185e-08,0.39999637997725535,"{'table_obstacle': {'pos': [0.3825981920028062, 0.37518922255766707, 0.1646257963690813], 'size': [0.049837904948193595, 0.0813235869879147, 0.05243307039854257]}, 'pillar_obstacle': {'pos': [0.39994824830915515, -0.3824307480766307, 0.23470116647765446], 'size': [0.033663755439403885, 0.20172185302840845, 0.0]}, 'small_block': {'pos': [0.6140097595303955, -0.3535133918987863, 0.1097032402875184], 'size': [0.04461973939918376, 0.0849493067344041, 0.09534921802665242]}}"
4.702999999999905,0.53599889001267,0.0,0.4,0.5304775496450038,1.3585078476467445e-07,0.3999962065323582,"{'table_obstacle': {'pos': [0.3825981920028062, 0.37518922255766707, 0.1646257963690813], 'size': [0.049837904948193595, 0.0813235869879147, 0.05243307039854257]}, 'pillar_obstacle': {'pos': [0.39994824830915515, -0.3824307480766307, 0.23470116647765446], 'size': [0.033663755439403885, 0.20172185302840845, 0.0]}, 'small_block': {'pos': [0.6140097595303955, -0.3535133918987863, 0.1097032402875184], 'size': [0.04461973939918376, 0.0849493067344041, 0.09534921802665242]}}"
4.703999999999906,0.53599889001267,0.0,0.4,0.5305476976784044,1.690544008329414e-07,0.3999960516455678,"{'table_obstacle': {'pos': [0.3825981920028062, 0.37518922255766707, 0.1646257963690813], 'size': [0.049837904948193595, 0.0813235869879147, 0.05243307039854257]}, 'pillar_obstacle': {'pos': [0.39994824830915515, -0.3824307480766307, 0.23470116647765446], 'size': [0.033663755439403885, 0.20172185302840845, 0.0]}, 'small_block': {'pos': [0.6140097595303955, -0.3535133918987863, 0.1097032402875184], 'size': [0.04461973939918376, 0.0849493067344041, 0.09534921802665242]}}"
4.704999999999906,0.53599889001267,0.0,0.4,0.5306184785050049,1.9664923069647815e-07,0.3999959158410997,"{'table_obstacle': {'pos': [0.3825981920028062, 0.37518922255766707, 0.1646257963690813], 'size': [0.049837904948193595, 0.0813235869879147, 0.05243307039854257]}, 'pillar_obstacle': {'pos': [0.39994824830915515, -0.3824307480766307, 0.23470116647765446], 'size': [0.033663755439403885, 0.20172185302840845, 0.0]}, 'small_block': {'pos': [0.6140097595303955, -0.3535133918987863, 0.1097032402875184], 'size': [0.04461973939918376, 0.0849493067344041, 0.09534921802665242]}}"
4.705999999999906,0.53599889001267,0.0,0.4,0.5306895739608595,2.1888788820960946e-07,0.3999957988002902,"{'table_obstacle': {'pos': [0.3825981920028062, 0.37518922255766707, 0.1646257963690813], 'size': [0.049837904948193595, 0.0813235869879147, 0.05243307039854257]}, 'pillar_obstacle': {'pos': [0.39994824830915515, -0.3824307480766307, 0.23470116647765446], 'size': [0.033663755439403885, 0.20172185302840845, 0.0]}, 'small_block': {'pos': [0.6140097595303955, -0.3535133918987863, 0.1097032402875184], 'size': [0.04461973939918376, 0.0849493067344041, 0.09534921802665242]}}"
4.706999999999907,0.53599889001267,0.0,0.4,0.530760728962843,2.3614807158060678e-07,0.3999956996624124,"{'table_obstacle': {'pos': [0.3825981920028062, 0.37518922255766707, 0.1646257963690813], 'size': [0.049837904948193595, 0.0813235869879147, 0.05243307039854257]}, 'pillar_obstacle': {'pos': [0.39994824830915515, -0.3824307480766307, 0.23470116647765446], 'size': [0.033663755439403885, 0.20172185302840845, 0.0]}, 'small_block': {'pos': [0.6140097595303955, -0.3535133918987863, 0.1097032402875184], 'size': [0.04461973939918376, 0.0849493067344041, 0.09534921802665242]}}"
4.707999999999907,0.53599889001267,0.0,0.4,0.5308317395209713,2.4887516384198936e-07,0.3999956172409581,"{'table_obstacle': {'pos': [0.3825981920028062, 0.37518922255766707, 0.1646257963690813], 'size': [0.049837904948193595, 0.0813235869879147, 0.05243307039854257]}, 'pillar_obstacle': {'pos': [0.39994824830915515, -0.3824307480766307, 0.23470116647765446], 'size': [0.033663755439403885, 0.20172185302840845, 0.0]}, 'small_block': {'pos': [0.6140097595303955, -0.3535133918987863, 0.1097032402875184], 'size': [0.04461973939918376, 0.0849493067344041, 0.09534921802665242]}}"
4.708999999999907,0.53599889001267,0.0,0.4,0.5309024430213181,2.575422174462412e-07,0.3999955501769601,"{'table_obstacle': {'pos': [0.3825981920028062, 0.37518922255766707, 0.1646257963690813], 'size': [0.049837904948193595, 0.0813235869879147, 0.05243307039854257]}, 'pillar_obstacle': {'pos': [0.39994824830915515, -0.3824307480766307, 0.23470116647765446], 'size': [0.033663755439403885, 0.20172185302840845, 0.0]}, 'small_block': {'pos': [0.6140097595303955, -0.3535133918987863, 0.1097032402875184], 'size': [0.04461973939918376, 0.0849493067344041, 0.09534921802665242]}}"
4.709999999999908,0.53599889001267,0.0,0.4,0.5309727103498187,2.6262277398983196e-07,0.39999549704565623,"{'table_obstacle': {'pos': [0.3825981920028062, 0.37518922255766707, 0.1646257963690813], 'size': [0.049837904948193595, 0.0813235869879147, 0.05243307039854257]}, 'pillar_obstacle': {'pos': [0.39994824830915515, -0.3824307480766307, 0.23470116647765446], 'size': [0.033663755439403885, 0.20172185302840845, 0.0]}, 'small_block': {'pos': [0.6140097595303955, -0.3535133918987863, 0.1097032402875184], 'size': [0.04461973939918376, 0.0849493067344041, 0.09534921802665242]}}"
4.710999999999908,0.53599889001267,0.0,0.4,0.5310424395084656,2.645730703338968e-07,0.39999545642880285,"{'table_obstacle': {'pos': [0.3825981920028062, 0.37518922255766707, 0.1646257963690813], 'size': [0.049837904948193595, 0.0813235869879147, 0.05243307039854257]}, 'pillar_obstacle': {'pos': [0.39994824830915515, -0.3824307480766307, 0.23470116647765446], 'size': [0.033663755439403885, 0.20172185302840845, 0.0]}, 'small_block': {'pos': [0.6140097595303955, -0.3535133918987863, 0.1097032402875184], 'size': [0.04461973939918376, 0.0849493067344041, 0.09534921802665242]}}"
4.711999999999908,0.53599889001267,0.0,0.4,0.5311115504412891,2.6382103931315734e-07,0.39999542696190554,"{'table_obstacle': {'pos': [0.3825981920028062, 0.37518922255766707, 0.1646257963690813], 'size': [0.049837904948193595, 0.0813235869879147, 0.05243307039854257]}, 'pillar_obstacle': {'pos': [0.39994824830915515, -0.3824307480766307, 0.23470116647765446], 'size': [0.033663755439403885, 0.20172185302840845, 0.0]}, 'small_block': {'pos': [0.6140097595303955, -0.3535133918987863, 0.1097032402875184], 'size': [0.04461973939918376, 0.0849493067344041, 0.09534921802665242]}}"
4.712999999999909,0.53599889001267,0.0,0.4,0.5311799808410059,2.60760150978324e-07,0.39999540736332173,"{'table_obstacle': {'pos': [0.3825981920028062, 0.37518922255766707, 0.1646257963690813], 'size': [0.049837904948193595, 0.0813235869879147, 0.05243307039854257]}, 'pillar_obstacle': {'pos': [0.39994824830915515, -0.3824307480766307, 0.23470116647765446], 'size': [0.033663755439403885, 0.20172185302840845, 0.0]}, 'small_block': {'pos': [0.6140097595303955, -0.3535133918987863, 0.1097032402875184], 'size': [0.04461973939918376, 0.0849493067344041, 0.09534921802665242]}}"
4.713999999999909,0.53599889001267,0.0,0.4,0.5312476827505633,2.557466516099952e-07,0.399995396450438,"{'table_obstacle': {'pos': [0.3825981920028062, 0.37518922255766707, 0.1646257963690813], 'size': [0.049837904948193595, 0.0813235869879147, 0.05243307039854257]}, 'pillar_obstacle': {'pos': [0.39994824830915515, -0.3824307480766307, 0.23470116647765446], 'size': [0.033663755439403885, 0.20172185302840845, 0.0]}, 'small_block': {'pos': [0.6140097595303955, -0.3535133918987863, 0.1097032402875184], 'size': [0.04461973939918376, 0.0849493067344041, 0.09534921802665242]}}"
4.714999999999909,0.53599889001267,0.0,0.4,0.5313146198090025,2.490991216207279e-07,0.3999953931467888,"{'table_obstacle': {'pos': [0.3825981920028062, 0.37518922255766707, 0.1646257963690813], 'size': [0.049837904948193595, 0.0813235869879147, 0.05243307039854257]}, 'pillar_obstacle': {'pos': [0.39994824830915515, -0.3824307480766307, 0.23470116647765446], 'size': [0.033663755439403885, 0.20172185302840845, 0.0]}, 'small_block': {'pos': [0.6140097595303955, -0.3535133918987863, 0.1097032402875184], 'size': [0.04461973939918376, 0.0849493067344041, 0.09534921802665242]}}"
4.71599999999991,0.53599889001267,0.0,0.4,0.5313807650195597,2.4109957140806007e-07,0.399995396482976,"{'table_obstacle': {'pos': [0.3825981920028062, 0.37518922255766707, 0.1646257963690813], 'size': [0.049837904948193595, 0.0813235869879147, 0.05243307039854257]}, 'pillar_obstacle': {'pos': [0.39994824830915515, -0.3824307480766307, 0.23470116647765446], 'size': [0.033663755439403885, 0.20172185302840845, 0.0]}, 'small_block': {'pos': [0.6140097595303955, -0.3535133918987863, 0.1097032402875184], 'size': [0.04461973939918376, 0.0849493067344041, 0.09534921802665242]}}"
4.71699999999991,0.53599889001267,0.0,0.4,0.5314460989410689,2.3199549585275222e-07,0.39999540559348606,"{'table_obstacle': {'pos': [0.3825981920028062, 0.37518922255766707, 0.1646257963690813], 'size': [0.049837904948193595, 0.0813235869879147, 0.05243307039854257]}, 'pillar_obstacle': {'pos': [0.39994824830915515, -0.3824307480766307, 0.23470116647765446], 'size': [0.033663755439403885, 0.20172185302840845, 0.0]}, 'small_block': {'pos': [0.6140097595303955, -0.3535133918987863, 0.1097032402875184], 'size': [0.04461973939918376, 0.0849493067344041, 0.09534921802665242]}}"
4.71799999999991,0.53599889001267,0.0,0.4,0.5315106082224501,2.2200248981874054e-07,0.3999954197109264,"{'table_obstacle': {'pos': [0.3825981920028062, 0.37518922255766707, 0.1646257963690813], 'size': [0.049837904948193595, 0.0813235869879147, 0.05243307039854257]}, 'pillar_obstacle': {'pos': [0.39994824830915515, -0.3824307480766307, 0.23470116647765446], 'size': [0.033663755439403885, 0.20172185302840845, 0.0]}, 'small_block': {'pos': [0.6140097595303955, -0.3535133918987863, 0.1097032402875184], 'size': [0.04461973939918376, 0.0849493067344041, 0.09534921802665242]}}"
4.718999999999911,0.53599889001267,0.0,0.4,0.5315742844152885,2.1130712666027905e-07,0.39999543815877003,"{'table_obstacle': {'pos': [0.3825981920028062, 0.37518922255766707, 0.1646257963690813], 'size': [0.049837904948193595, 0.0813235869879147, 0.05243307039854257]}, 'pillar_obstacle': {'pos': [0.39994824830915515, -0.3824307480766307, 0.23470116647765446], 'size': [0.033663755439403885, 0.20172185302840845, 0.0]}, 'small_block': {'pos': [0.6140097595303955, -0.3535133918987863, 0.1097032402875184], 'size': [0.04461973939918376, 0.0849493067344041, 0.09534921802665242]}}"
4.719999999999911,0.53599889001267,0.0,0.4,0.5316371230118008,2.000699090817396e-07,0.3999954603433814,"{'table_obstacle': {'pos': [0.3825981920028062, 0.37518922255766707, 0.1646257963690813], 'size': [0.049837904948193595, 0.0813235869879147, 0.05243307039854257]}, 'pillar_obstacle': {'pos': [0.39994824830915515, -0.3824307480766307, 0.23470116647765446], 'size': [0.033663755439403885, 0.20172185302840845, 0.0]}, 'small_block': {'pos': [0.6140097595303955, -0.3535133918987863, 0.1097032402875184], 'size': [0.04461973939918376, 0.0849493067344041, 0.09534921802665242]}}"
4.720999999999911,0.53599889001267,0.0,0.4,0.5316991226654909,1.8842815713338523e-07,0.39999548574585264,"{'table_obstacle': {'pos': [0.3825981920028062, 0.37518922255766707, 0.1646257963690813], 'size': [0.049837904948193595, 0.0813235869879147, 0.05243307039854257]}, 'pillar_obstacle': {'pos': [0.39994824830915515, -0.3824307480766307, 0.23470116647765446], 'size': [0.033663755439403885, 0.20172185302840845, 0.0]}, 'small_block': {'pos': [0.6140097595303955, -0.3535133918987863, 0.1097032402875184], 'size': [0.04461973939918376, 0.0849493067344041, 0.09534921802665242]}}"
4.721999999999912,0.53599889001267,0.0,0.4,0.5317602845598755,1.764987490703252e-07,0.3999955139140039,"{'table_obstacle': {'pos': [0.3825981920028062, 0.37518922255766707, 0.1646257963690813], 'size': [0.049837904948193595, 0.0813235869879147, 0.05243307039854257]}, 'pillar_obstacle': {'pos': [0.39994824830915515, -0.3824307480766307, 0.23470116647765446], 'size': [0.033663755439403885, 0.20172185302840845, 0.0]}, 'small_block': {'pos': [0.6140097595303955, -0.3535133918987863, 0.1097032402875184], 'size': [0.04461973939918376, 0.0849493067344041, 0.09534921802665242]}}"
4.722999999999912,0.53599889001267,0.0,0.4,0.5318206118972206,1.6438066689538146e-07,0.3999955444547805,"{'table_obstacle': {'pos': [0.3825981920028062, 0.37518922255766707, 0.1646257963690813], 'size': [0.049837904948193595, 0.0813235869879147, 0.05243307039854257]}, 'pillar_obstacle': {'pos': [0.39994824830915515, -0.3824307480766307, 0.23470116647765446], 'size': [0.033663755439403885, 0.20172185302840845, 0.0]}, 'small_block': {'pos': [0.6140097595303955, -0.3535133918987863, 0.1097032402875184], 'size': [0.04461973939918376, 0.0849493067344041, 0.09534921802665242]}}"
4.723999999999912,0.53599889001267,0.0,0.4,0.5318801094845554,1.5215732043312847e-07,0.39999557702717814,"{'table_obstacle': {'pos': [0.3825981920028062, 0.37518922255766707, 0.1646257963690813], 'size': [0.049837904948193595, 0.0813235869879147, 0.05243307039854257]}, 'pillar_obstacle': {'pos': [0.39994824830915515, -0.3824307480766307, 0.23470116647765446], 'size': [0.033663755439403885, 0.20172185302840845, 0.0]}, 'small_block': {'pos': [0.6140097595303955, -0.3535133918987863, 0.1097032402875184], 'size': [0.04461973939918376, 0.0849493067344041, 0.09534921802665242]}}"
4.724999999999913,0.53599889001267,0.0,0.4,0.5319387833985243,1.3989864079462468e-07,0.39999561133576667,"{'table_obstacle': {'pos': [0.3825981920028062, 0.37518922255766707, 0.1646257963690813], 'size': [0.049837904948193595, 0.0813235869879147, 0.05243307039854257]}, 'pillar_obstacle': {'pos': [0.39994824830915515, -0.3824307480766307, 0.23470116647765446], 'size': [0.033663755439403885, 0.20172185302840845, 0.0]}, 'small_block': {'pos': [0.6140097595303955, -0.3535133918987863, 0.1097032402875184], 'size': [0.04461973939918376, 0.0849493067344041, 0.09534921802665242]}}"
4.725999999999913,0.53599889001267,0.0,0.4,0.5319966407141448,1.2766294789928452e-07,0.39999564712484076,"{'table_obstacle': {'pos': [0.3825981920028062, 0.37518922255766707, 0.1646257963690813], 'size': [0.049837904948193595, 0.0813235869879147, 0.05243307039854257]}, 'pillar_obstacle': {'pos': [0.39994824830915515, -0.3824307480766307, 0.23470116647765446], 'size': [0.033663755439403885, 0.20172185302840845, 0.0]}, 'small_block': {'pos': [0.6140097595303955, -0.3535133918987863, 0.1097032402875184], 'size': [0.04461973939918376, 0.0849493067344041, 0.09534921802665242]}}"
4.726999999999913,0.53599889001267,0.0,0.4,0.5320536892853537,1.1549860064853103e-07,0.3999956841731883,"{'table_obstacle': {'pos': [0.3825981920028062, 0.37518922255766707, 0.1646257963690813], 'size': [0.049837904948193595, 0.0813235869879147, 0.05243307039854257]}, 'pillar_obstacle': {'pos': [0.39994824830915515, -0.3824307480766307, 0.23470116647765446], 'size': [0.033663755439403885, 0.20172185302840845, 0.0]}, 'small_block': {'pos': [0.6140097595303955, -0.3535133918987863, 0.1097032402875184], 'size': [0.04461973939918376, 0.0849493067344041, 0.09534921802665242]}}"
4.727999999999914,0.53599889001267,0.0,0.4,0.5321099375675357,1.0344544391233305e-07,0.3999957222894497,"{'table_obstacle': {'pos': [0.3825981920028062, 0.37518922255766707, 0.1646257963690813], 'size': [0.049837904948193595, 0.0813235869879147, 0.05243307039854257]}, 'pillar_obstacle': {'pos': [0.39994824830915515, -0.3824307480766307, 0.23470116647765446], 'size': [0.033663755439403885, 0.20172185302840845, 0.0]}, 'small_block': {'pos': [0.6140097595303955, -0.3535133918987863, 0.1097032402875184], 'size': [0.04461973939918376, 0.0849493067344041, 0.09534921802665242]}}"
4.728999999999914,0.53599889001267,0.0,0.4,0.5321653944740719,9.153607244467494e-08,0.3999957613080342,"{'table_obstacle': {'pos': [0.3825981920028062, 0.37518922255766707, 0.1646257963690813], 'size': [0.049837904948193595, 0.0813235869879147, 0.05243307039854257]}, 'pillar_obstacle': {'pos': [0.39994824830915515, -0.3824307480766307, 0.23470116647765446], 'size': [0.033663755439403885, 0.20172185302840845, 0.0]}, 'small_block': {'pos': [0.6140097595303955, -0.3535133918987863, 0.1097032402875184], 'size': [0.04461973939918376, 0.0849493067344041, 0.09534921802665242]}}"
4.729999999999914,0.53599889001267,0.0,0.4,0.5322200692604617,7.979692544465491e-08,0.3999958010855431,"{'table_obstacle': {'pos': [0.3825981920028062, 0.37518922255766707, 0.1646257963690813], 'size': [0.049837904948193595, 0.0813235869879147, 0.05243307039854257]}, 'pillar_obstacle': {'pos': [0.39994824830915515, -0.3824307480766307, 0.23470116647765446], 'size': [0.033663755439403885, 0.20172185302840845, 0.0]}, 'small_block': {'pos': [0.6140097595303955, -0.3535133918987863, 0.1097032402875184], 'size': [0.04461973939918376, 0.0849493067344041, 0.09534921802665242]}}"
4.730999999999915,0.53599889001267,0.0,0.4,0.5322739714307944,6.824923172066162e-08,0.3999958414976562,"{'table_obstacle': {'pos': [0.3825981920028062, 0.37518922255766707, 0.1646257963690813], 'size': [0.049837904948193595, 0.0813235869879147, 0.05243307039854257]}, 'pillar_obstacle': {'pos': [0.39994824830915515, -0.3824307480766307, 0.23470116647765446], 'size': [0.033663755439403885, 0.20172185302840845, 0.0]}, 'small_block': {'pos': [0.6140097595303955, -0.3535133918987863, 0.1097032402875184], 'size': [0.04461973939918376, 0.0849493067344041, 0.09534921802665242]}}"
4.731999999999915,0.53599889001267,0.0,0.4,0.5323271106623249,5.690982289411743e-08,0.3999958824364318,"{'table_obstacle': {'pos': [0.3825981920028062, 0.37518922255766707, 0.1646257963690813], 'size': [0.049837904948193595, 0.0813235869879147, 0.05243307039854257]}, 'pillar_obstacle': {'pos': [0.39994824830915515, -0.3824307480766307, 0.23470116647765446], 'size': [0.033663755439403885, 0.20172185302840845, 0.0]}, 'small_block': {'pos': [0.6140097595303955, -0.3535133918987863, 0.1097032402875184], 'size': [0.04461973939918376, 0.0849493067344041, 0.09534921802665242]}}"
4.732999999999915,0.53599889001267,0.0,0.4,0.5323794967447332,4.579183031354486e-08,0.399995923807974,"{'table_obstacle': {'pos': [0.3825981920028062, 0.37518922255766707, 0.1646257963690813], 'size': [0.049837904948193595, 0.0813235869879147, 0.05243307039854257]}, 'pillar_obstacle': {'pos': [0.39994824830915515, -0.3824307480766307, 0.23470116647765446], 'size': [0.033663755439403885, 0.20172185302840845, 0.0]}, 'small_block': {'pos': [0.6140097595303955, -0.3535133918987863, 0.1097032402875184], 'size': [0.04461973939918376, 0.0849493067344041, 0.09534921802665242]}}"
4.733999999999916,0.53599889001267,0.0,0.4,0.5324311395312668,3.490527899924738e-08,0.399995965530424,"{'table_obstacle': {'pos': [0.3825981920028062, 0.37518922255766707, 0.1646257963690813], 'size': [0.049837904948193595, 0.0813235869879147, 0.05243307039854257]}, 'pillar_obstacle': {'pos': [0.39994824830915515, -0.3824307480766307, 0.23470116647765446], 'size': [0.033663755439403885, 0.20172185302840845, 0.0]}, 'small_block': {'pos': [0.6140097595303955, -0.3535133918987863, 0.1097032402875184], 'size': [0.04461973939918376, 0.0849493067344041, 0.09534921802665242]}}"
4.734999999999916,0.53599889001267,0.0,0.4,0.532482048899523,2.4257594430928952e-08,0.3999960075322363,"{'table_obstacle': {'pos': [0.3825981920028062, 0.37518922255766707, 0.1646257963690813], 'size': [0.049837904948193595, 0.0813235869879147, 0.05243307039854257]}, 'pillar_obstacle': {'pos': [0.39994824830915515, -0.3824307480766307, 0.23470116647765446], 'size': [0.033663755439403885, 0.20172185302840845, 0.0]}, 'small_block': {'pos': [0.6140097595303955, -0.3535133918987863, 0.1097032402875184], 'size': [0.04461973939918376, 0.0849493067344041, 0.09534921802665242]}}"
4.735999999999916,0.53599889001267,0.0,0.4,0.5325322347200361,1.3854032976452453e-08,0.39999604975070235,"{'table_obstacle': {'pos': [0.3825981920028062, 0.37518922255766707, 0.1646257963690813], 'size': [0.049837904948193595, 0.0813235869879147, 0.05243307039854257]}, 'pillar_obstacle': {'pos': [0.39994824830915515, -0.3824307480766307, 0.23470116647765446], 'size': [0.033663755439403885, 0.20172185302840845, 0.0]}, 'small_block': {'pos': [0.6140097595303955, -0.3535133918987863, 0.1097032402875184], 'size': [0.04461973939918376, 0.0849493067344041, 0.09534921802665242]}}"
4.736999999999917,0.53599889001267,0.0,0.4,0.5325817068311864,3.698045107567326e-09,0.3999960921306864,"{'table_obstacle': {'pos': [0.3825981920028062, 0.37518922255766707, 0.1646257963690813], 'size': [0.049837904948193595, 0.0813235869879147, 0.05243307039854257]}, 'pillar_obstacle': {'pos': [0.39994824830915515, -0.3824307480766307, 0.23470116647765446], 'size': [0.033663755439403885, 0.20172185302840845, 0.0]}, 'small_block': {'pos': [0.6140097595303955, -0.3535133918987863, 0.1097032402875184], 'size': [0.04461973939918376, 0.0849493067344041, 0.09534921802665242]}}"
4.737999999999917,0.53599889001267,0.0,0.4,0.5326304750192291,-6.208415754887689e-09,0.39999613462355055,"{'table_obstacle': {'pos': [0.3825981920028062, 0.37518922255766707, 0.1646257963690813], 'size': [0.049837904948193595, 0.0813235869879147, 0.05243307039854257]}, 'pillar_obstacle': {'pos': [0.39994824830915515, -0.3824307480766307, 0.23470116647765446], 'size': [0.033663755439403885, 0.20172185302840845, 0.0]}, 'small_block': {'pos': [0.6140097595303955, -0.3535133918987863, 0.1097032402875184], 'size': [0.04461973939918376, 0.0849493067344041, 0.09534921802665242]}}"
4.738999999999917,0.53599889001267,0.0,0.4,0.5326785490024726,-1.5864634276063396e-08,0.3999961771862368,"{'table_obstacle': {'pos': [0.3825981920028062, 0.37518922255766707, 0.1646257963690813], 'size': [0.049837904948193595, 0.0813235869879147, 0.05243307039854257]}, 'pillar_obstacle': {'pos': [0.39994824830915515, -0.3824307480766307, 0.23470116647765446], 'size': [0.033663755439403885, 0.20172185302840845, 0.0]}, 'small_block': {'pos': [0.6140097595303955, -0.3535133918987863, 0.1097032402875184], 'size': [0.04461973939918376, 0.0849493067344041, 0.09534921802665242]}}"
4.739999999999918,0.53599889001267,0.0,0.4,0.5327259384188089,-2.5270914302145345e-08,0.39999621978048694,"{'table_obstacle': {'pos': [0.3825981920028062, 0.37518922255766707, 0.1646257963690813], 'size': [0.049837904948193595, 0.0813235869879147, 0.05243307039854257]}, 'pillar_obstacle': {'pos': [0.39994824830915515, -0.3824307480766307, 0.23470116647765446], 'size': [0.033663755439403885, 0.20172185302840845, 0.0]}, 'small_block': {'pos': [0.6140097595303955, -0.3535133918987863, 0.1097032402875184], 'size': [0.04461973939918376, 0.0849493067344041, 0.09534921802665242]}}"
4.740999999999918,0.53599889001267,0.0,0.4,0.5327726528159659,-3.4428395044312276e-08,0.3999962623721787,"{'table_obstacle': {'pos': [0.3825981920028062, 0.37518922255766707, 0.1646257963690813], 'size': [0.049837904948193595, 0.0813235869879147, 0.05243307039854257]}, 'pillar_obstacle': {'pos': [0.39994824830915515, -0.3824307480766307, 0.23470116647765446], 'size': [0.033663755439403885, 0.20172185302840845, 0.0]}, 'small_block': {'pos': [0.6140097595303955, -0.3535133918987863, 0.1097032402875184], 'size': [0.04461973939918376, 0.0849493067344041, 0.09534921802665242]}}"
4.741999999999918,0.53599889001267,0.0,0.4,0.5328187016439505,-4.333889730029402e-08,0.39999630493076366,"{'table_obstacle': {'pos': [0.3825981920028062, 0.37518922255766707, 0.1646257963690813], 'size': [0.049837904948193595, 0.0813235869879147, 0.05243307039854257]}, 'pillar_obstacle': {'pos': [0.39994824830915515, -0.3824307480766307, 0.23470116647765446], 'size': [0.033663755439403885, 0.20172185302840845, 0.0]}, 'small_block': {'pos': [0.6140097595303955, -0.3535133918987863, 0.1097032402875184], 'size': [0.04461973939918376, 0.0849493067344041, 0.09534921802665242]}}"
4.742999999999919,0.53599889001267,0.0,0.4,0.5328640942492743,-5.2004794835488625e-08,0.39999634742878815,"{'table_obstacle': {'pos': [0.3825981920028062, 0.37518922255766707, 0.1646257963690813], 'size': [0.049837904948193595, 0.0813235869879147, 0.05243307039854257]}, 'pillar_obstacle': {'pos': [0.39994824830915515, -0.3824307480766307, 0.23470116647765446], 'size': [0.033663755439403885, 0.20172185302840845, 0.0]}, 'small_block': {'pos': [0.6140097595303955, -0.3535133918987863, 0.1097032402875184], 'size': [0.04461973939918376, 0.0849493067344041, 0.09534921802665242]}}"
4.743999999999919,0.53599889001267,0.0,0.4,0.5329088398706098,-6.042890577876783e-08,0.39999638984148767,"{'table_obstacle': {'pos': [0.3825981920028062, 0.37518922255766707, 0.1646257963690813], 'size': [0.049837904948193595, 0.0813235869879147, 0.05243307039854257]}, 'pillar_obstacle': {'pos': [0.39994824830915515, -0.3824307480766307, 0.23470116647765446], 'size': [0.033663755439403885, 0.20172185302840845, 0.0]}, 'small_block': {'pos': [0.6140097595303955, -0.3535133918987863, 0.1097032402875184], 'size': [0.04461973939918376, 0.0849493067344041, 0.09534921802665242]}}"
4.744999999999919,0.53599889001267,0.0,0.4,0.5329529476356096,-6.861440300896138e-08,0.39999643214644387,"{'table_obstacle': {'pos': [0.3825981920028062, 0.37518922255766707, 0.1646257963690813], 'size': [0.049837904948193595, 0.0813235869879147, 0.05243307039854257]}, 'pillar_obstacle': {'pos': [0.39994824830915515, -0.3824307480766307, 0.23470116647765446], 'size': [0.033663755439403885, 0.20172185302840845, 0.0]}, 'small_block': {'pos': [0.6140097595303955, -0.3535133918987863, 0.1097032402875184], 'size': [0.04461973939918376, 0.0849493067344041, 0.09534921802665242]}}"
4.74599999999992,0.53599889001267,0.0,0.4,0.5329964265586582,-7.656473952162846e-08,0.3999964743232902,"{'table_obstacle': {'pos': [0.3825981920028062, 0.37518922255766707, 0.1646257963690813], 'size': [0.049837904948193595, 0.0813235869879147, 0.05243307039854257]}, 'pillar_obstacle': {'pos': [0.39994824830915515, -0.3824307480766307, 0.23470116647765446], 'size': [0.033663755439403885, 0.20172185302840845, 0.0]}, 'small_block': {'pos': [0.6140097595303955, -0.3535133918987863, 0.1097032402875184], 'size': [0.04461973939918376, 0.0849493067344041, 0.09534921802665242]}}"
4.74699999999992,0.53599889001267,0.0,0.4,0.5330392855393792,-8.428358612785153e-08,0.3999965163534654,"{'table_obstacle': {'pos': [0.3825981920028062, 0.37518922255766707, 0.1646257963690813], 'size': [0.049837904948193595, 0.0813235869879147, 0.05243307039854257]}, 'pillar_obstacle': {'pos': [0.39994824830915515, -0.3824307480766307, 0.23470116647765446], 'size': [0.033663755439403885, 0.20172185302840845, 0.0]}, 'small_block': {'pos': [0.6140097595303955, -0.3535133918987863, 0.1097032402875184], 'size': [0.04461973939918376, 0.0849493067344041, 0.09534921802665242]}}"
4.74799999999992,0.53599889001267,0.0,0.4,0.5330815333617471,-9.177477881324237e-08,0.39999655822000096,"{'table_obstacle': {'pos': [0.3825981920028062, 0.37518922255766707, 0.1646257963690813], 'size': [0.049837904948193595, 0.0813235869879147, 0.05243307039854257]}, 'pillar_obstacle': {'pos': [0.39994824830915515, -0.3824307480766307, 0.23470116647765446], 'size': [0.033663755439403885, 0.20172185302840845, 0.0]}, 'small_block': {'pos': [0.6140097595303955, -0.3535133918987863, 0.1097032402875184], 'size': [0.04461973939918376, 0.0849493067344041, 0.09534921802665242]}}"
4.748999999999921,0.53599889001267,0.0,0.4,0.5331231786936889,-9.904227721202424e-08,0.3999965999073426,"{'table_obstacle': {'pos': [0.3825981920028062, 0.37518922255766707, 0.1646257963690813], 'size': [0.049837904948193595, 0.0813235869879147, 0.05243307039854257]}, 'pillar_obstacle': {'pos': [0.39994824830915515, -0.3824307480766307, 0.23470116647765446], 'size': [0.033663755439403885, 0.20172185302840845, 0.0]}, 'small_block': {'pos': [0.6140097595303955, -0.3535133918987863, 0.1097032402875184], 'size': [0.04461973939918376, 0.0849493067344041, 0.09534921802665242]}}"
4.749999999999921,0.53599889001267,0.0,0.4,0.5331642300870709,-1.06090127650571e-07,0.39999664140119556,"{'table_obstacle': {'pos': [0.3825981920028062, 0.37518922255766707, 0.1646257963690813], 'size': [0.049837904948193595, 0.0813235869879147, 0.05243307039854257]}, 'pillar_obstacle': {'pos': [0.39994824830915515, -0.3824307480766307, 0.23470116647765446], 'size': [0.033663755439403885, 0.20172185302840845, 0.0]}, 'small_block': {'pos': [0.6140097595303955, -0.3535133918987863, 0.1097032402875184], 'size': [0.04461973939918376, 0.0849493067344041, 0.09534921802665242]}}"
4.750999999999921,0.53599889001267,0.0,0.4,0.5332046959780068,-1.1292243537042299e-07,0.39999668268839544,"{'table_obstacle': {'pos': [0.3825981920028062, 0.37518922255766707, 0.1646257963690813], 'size': [0.049837904948193595, 0.0813235869879147, 0.05243307039854257]}, 'pillar_obstacle': {'pos': [0.39994824830915515, -0.3824307480766307, 0.23470116647765446], 'size': [0.033663755439403885, 0.20172185302840845, 0.0]}, 'small_block': {'pos': [0.6140097595303955, -0.3535133918987863, 0.1097032402875184], 'size': [0.04461973939918376, 0.0849493067344041, 0.09534921802665242]}}"
4.751999999999922,0.53599889001267,0.0,0.4,0.5332445846874044,-1.195433394232954e-07,0.3999967237567945,"{'table_obstacle': {'pos': [0.3825981920028062, 0.37518922255766707, 0.1646257963690813], 'size': [0.049837904948193595, 0.0813235869879147, 0.05243307039854257]}, 'pillar_obstacle': {'pos': [0.39994824830915515, -0.3824307480766307, 0.23470116647765446], 'size': [0.033663755439403885, 0.20172185302840845, 0.0]}, 'small_block': {'pos': [0.6140097595303955, -0.3535133918987863, 0.1097032402875184], 'size': [0.04461973939918376, 0.0849493067344041, 0.09534921802665242]}}"
4.752999999999922,0.53599889001267,0.0,0.4,0.5332839044217172,-1.2595699333804862e-07,0.39999676459516575,"{'table_obstacle': {'pos': [0.3825981920028062, 0.37518922255766707, 0.1646257963690813], 'size': [0.049837904948193595, 0.0813235869879147, 0.05243307039854257]}, 'pillar_obstacle': {'pos': [0.39994824830915515, -0.3824307480766307, 0.23470116647765446], 'size': [0.033663755439403885, 0.20172185302840845, 0.0]}, 'small_block': {'pos': [0.6140097595303955, -0.3535133918987863, 0.1097032402875184], 'size': [0.04461973939918376, 0.0849493067344041, 0.09534921802665242]}}"
4.753999999999922,0.53599889001267,0.0,0.4,0.533322663273849,-1.3216754856741652e-07,0.3999968051931204,"{'table_obstacle': {'pos': [0.3825981920028062, 0.37518922255766707, 0.1646257963690813], 'size': [0.049837904948193595, 0.0813235869879147, 0.05243307039854257]}, 'pillar_obstacle': {'pos': [0.39994824830915515, -0.3824307480766307, 0.23470116647765446], 'size': [0.033663755439403885, 0.20172185302840845, 0.0]}, 'small_block': {'pos': [0.6140097595303955, -0.3535133918987863, 0.1097032402875184], 'size': [0.04461973939918376, 0.0849493067344041, 0.09534921802665242]}}"
4.754999999999923,0.53599889001267,0.0,0.4,0.5333608692241807,-1.3817914186054367e-07,0.3999968455410355,"{'table_obstacle': {'pos': [0.3825981920028062, 0.37518922255766707, 0.1646257963690813], 'size': [0.049837904948193595, 0.0813235869879147, 0.05243307039854257]}, 'pillar_obstacle': {'pos': [0.39994824830915515, -0.3824307480766307, 0.23470116647765446], 'size': [0.033663755439403885, 0.20172185302840845, 0.0]}, 'small_block': {'pos': [0.6140097595303955, -0.3535133918987863, 0.1097032402875184], 'size': [0.04461973939918376, 0.0849493067344041, 0.09534921802665242]}}"
4.755999999999923,0.53599889001267,0.0,0.4,0.5333985301416935,-1.4399588418614377e-07,0.39999688562999164,"{'table_obstacle': {'pos': [0.3825981920028062, 0.37518922255766707, 0.1646257963690813], 'size': [0.049837904948193595, 0.0813235869879147, 0.05243307039854257]}, 'pillar_obstacle': {'pos': [0.39994824830915515, -0.3824307480766307, 0.23470116647765446], 'size': [0.033663755439403885, 0.20172185302840845, 0.0]}, 'small_block': {'pos': [0.6140097595303955, -0.3535133918987863, 0.1097032402875184], 'size': [0.04461973939918376, 0.0849493067344041, 0.09534921802665242]}}"
4.756999999999923,0.53599889001267,0.0,0.4,0.5334356537851627,-1.4962185197710735e-07,0.3999969254517189,"{'table_obstacle': {'pos': [0.3825981920028062, 0.37518922255766707, 0.1646257963690813], 'size': [0.049837904948193595, 0.0813235869879147, 0.05243307039854257]}, 'pillar_obstacle': {'pos': [0.39994824830915515, -0.3824307480766307, 0.23470116647765446], 'size': [0.033663755439403885, 0.20172185302840845, 0.0]}, 'small_block': {'pos': [0.6140097595303955, -0.3535133918987863, 0.1097032402875184], 'size': [0.04461973939918376, 0.0849493067344041, 0.09534921802665242]}}"
4.757999999999924,0.53599889001267,0.0,0.4,0.5334722478044096,-1.550610806283593e-07,0.3999969649985496,"{'table_obstacle': {'pos': [0.3825981920028062, 0.37518922255766707, 0.1646257963690813], 'size': [0.049837904948193595, 0.0813235869879147, 0.05243307039854257]}, 'pillar_obstacle': {'pos': [0.39994824830915515, -0.3824307480766307, 0.23470116647765446], 'size': [0.033663755439403885, 0.20172185302840845, 0.0]}, 'small_block': {'pos': [0.6140097595303955, -0.3535133918987863, 0.1097032402875184], 'size': [0.04461973939918376, 0.0849493067344041, 0.09534921802665242]}}"
4.758999999999924,0.53599889001267,0.0,0.4,0.5335083197415923,-1.603175584034784e-07,0.3999970042633752,"{'table_obstacle': {'pos': [0.3825981920028062, 0.37518922255766707, 0.1646257963690813], 'size': [0.049837904948193595, 0.0813235869879147, 0.05243307039854257]}, 'pillar_obstacle': {'pos': [0.39994824830915515, -0.3824307480766307, 0.23470116647765446], 'size': [0.033663755439403885, 0.20172185302840845, 0.0]}, 'small_block': {'pos': [0.6140097595303955, -0.3535133918987863, 0.1097032402875184], 'size': [0.04461973939918376, 0.0849493067344041, 0.09534921802665242]}}"
4.759999999999924,0.53599889001267,0.0,0.4,0.5335438770325264,-1.6539522239231699e-07,0.39999704323961,"{'table_obstacle': {'pos': [0.3825981920028062, 0.37518922255766707, 0.1646257963690813], 'size': [0.049837904948193595, 0.0813235869879147, 0.05243307039854257]}, 'pillar_obstacle': {'pos': [0.39994824830915515, -0.3824307480766307, 0.23470116647765446], 'size': [0.033663755439403885, 0.20172185302840845, 0.0]}, 'small_block': {'pos': [0.6140097595303955, -0.3535133918987863, 0.1097032402875184], 'size': [0.04461973939918376, 0.0849493067344041, 0.09534921802665242]}}"
4.760999999999925,0.53599889001267,0.0,0.4,0.5335789270080247,-1.702979557207054e-07,0.39999708192115846,"{'table_obstacle': {'pos': [0.3825981920028062, 0.37518922255766707, 0.1646257963690813], 'size': [0.049837904948193595, 0.0813235869879147, 0.05243307039854257]}, 'pillar_obstacle': {'pos': [0.39994824830915515, -0.3824307480766307, 0.23470116647765446], 'size': [0.033663755439403885, 0.20172185302840845, 0.0]}, 'small_block': {'pos': [0.6140097595303955, -0.3535133918987863, 0.1097032402875184], 'size': [0.04461973939918376, 0.0849493067344041, 0.09534921802665242]}}"
4.761999999999925,0.53599889001267,0.0,0.4,0.5336134768952497,-1.7502958342081674e-07,0.39999712030238477,"{'table_obstacle': {'pos': [0.3825981920028062, 0.37518922255766707, 0.1646257963690813], 'size': [0.049837904948193595, 0.0813235869879147, 0.05243307039854257]}, 'pillar_obstacle': {'pos': [0.39994824830915515, -0.3824307480766307, 0.23470116647765446], 'size': [0.033663755439403885, 0.20172185302840845, 0.0]}, 'small_block': {'pos': [0.6140097595303955, -0.3535133918987863, 0.1097032402875184], 'size': [0.04461973939918376, 0.0849493067344041, 0.09534921802665242]}}"
4.762999999999925,0.53599889001267,0.0,0.4,0.5336475338190747,-1.795938721912721e-07,0.3999971583780863,"{'table_obstacle': {'pos': [0.3825981920028062, 0.37518922255766707, 0.1646257963690813], 'size': [0.049837904948193595, 0.0813235869879147, 0.05243307039854257]}, 'pillar_obstacle': {'pos': [0.39994824830915515, -0.3824307480766307, 0.23470116647765446], 'size': [0.033663755439403885, 0.20172185302840845, 0.0]}, 'small_block': {'pos': [0.6140097595303955, -0.3535133918987863, 0.1097032402875184], 'size': [0.04461973939918376, 0.0849493067344041, 0.09534921802665242]}}"
4.763999999999926,0.53599889001267,0.0,0.4,0.5336811048034411,-1.839945278917745e-07,0.3999971961434703,"{'table_obstacle': {'pos': [0.3825981920028062, 0.37518922255766707, 0.1646257963690813], 'size': [0.049837904948193595, 0.0813235869879147, 0.05243307039854257]}, 'pillar_obstacle': {'pos': [0.39994824830915515, -0.3824307480766307, 0.23470116647765446], 'size': [0.033663755439403885, 0.20172185302840845, 0.0]}, 'small_block': {'pos': [0.6140097595303955, -0.3535133918987863, 0.1097032402875184], 'size': [0.04461973939918376, 0.0849493067344041, 0.09534921802665242]}}"
4.764999999999926,0.53599889001267,0.0,0.4,0.5337141967727179,-1.8823519507575795e-07,0.39999723359413075,"{'table_obstacle': {'pos': [0.3825981920028062, 0.37518922255766707, 0.1646257963690813], 'size': [0.049837904948193595, 0.0813235869879147, 0.05243307039854257]}, 'pillar_obstacle': {'pos': [0.39994824830915515, -0.3824307480766307, 0.23470116647765446], 'size': [0.033663755439403885, 0.20172185302840845, 0.0]}, 'small_block': {'pos': [0.6140097595303955, -0.3535133918987863, 0.1097032402875184], 'size': [0.04461973939918376, 0.0849493067344041, 0.09534921802665242]}}"
4.765999999999926,0.53599889001267,0.0,0.4,0.5337468165530537,-1.9231945651599747e-07,0.399997270726029,"{'table_obstacle': {'pos': [0.3825981920028062, 0.37518922255766707, 0.1646257963690813], 'size': [0.049837904948193595, 0.0813235869879147, 0.05243307039854257]}, 'pillar_obstacle': {'pos': [0.39994824830915515, -0.3824307480766307, 0.23470116647765446], 'size': [0.033663755439403885, 0.20172185302840845, 0.0]}, 'small_block': {'pos': [0.6140097595303955, -0.3535133918987863, 0.1097032402875184], 'size': [0.04461973939918376, 0.0849493067344041, 0.09534921802665242]}}"
4.766999999999927,0.53599889001267,0.0,0.4,0.5337789708737205,-1.9625083237089662e-07,0.3999973075354752,"{'table_obstacle': {'pos': [0.3825981920028062, 0.37518922255766707, 0.1646257963690813], 'size': [0.049837904948193595, 0.0813235869879147, 0.05243307039854257]}, 'pillar_obstacle': {'pos': [0.39994824830915515, -0.3824307480766307, 0.23470116647765446], 'size': [0.033663755439403885, 0.20172185302840845, 0.0]}, 'small_block': {'pos': [0.6140097595303955, -0.3535133918987863, 0.1097032402875184], 'size': [0.04461973939918376, 0.0849493067344041, 0.09534921802665242]}}"
4.767999999999927,0.53599889001267,0.0,0.4,0.5338106663684477,-2.0003278045336316e-07,0.39999734401911097,"{'table_obstacle': {'pos': [0.3825981920028062, 0.37518922255766707, 0.1646257963690813], 'size': [0.049837904948193595, 0.0813235869879147, 0.05243307039854257]}, 'pillar_obstacle': {'pos': [0.39994824830915515, -0.3824307480766307, 0.23470116647765446], 'size': [0.033663755439403885, 0.20172185302840845, 0.0]}, 'small_block': {'pos': [0.6140097595303955, -0.3535133918987863, 0.1097032402875184], 'size': [0.04461973939918376, 0.0849493067344041, 0.09534921802665242]}}"
4.768999999999927,0.53599889001267,0.0,0.4,0.5338419095767445,-2.0366869699091802e-07,0.39999738017389336,"{'table_obstacle': {'pos': [0.3825981920028062, 0.37518922255766707, 0.1646257963690813], 'size': [0.049837904948193595, 0.0813235869879147, 0.05243307039854257]}, 'pillar_obstacle': {'pos': [0.39994824830915515, -0.3824307480766307, 0.23470116647765446], 'size': [0.033663755439403885, 0.20172185302840845, 0.0]}, 'small_block': {'pos': [0.6140097595303955, -0.3535133918987863, 0.1097032402875184], 'size': [0.04461973939918376, 0.0849493067344041, 0.09534921802665242]}}"
4.769999999999928,0.53599889001267,0.0,0.4,0.5338727069452109,-2.0716191597890141e-07,0.3999974159970802,"{'table_obstacle': {'pos': [0.3825981920028062, 0.37518922255766707, 0.1646257963690813], 'size': [0.049837904948193595, 0.0813235869879147, 0.05243307039854257]}, 'pillar_obstacle': {'pos': [0.39994824830915515, -0.3824307480766307, 0.23470116647765446], 'size': [0.033663755439403885, 0.20172185302840845, 0.0]}, 'small_block': {'pos': [0.6140097595303955, -0.3535133918987863, 0.1097032402875184], 'size': [0.04461973939918376, 0.0849493067344041, 0.09534921802665242]}}"
4.770999999999928,0.53599889001267,0.0,0.4,0.5339030648288314,-2.1051571017984655e-07,0.39999745148621624,"{'table_obstacle': {'pos': [0.3825981920028062, 0.37518922255766707, 0.1646257963690813], 'size': [0.049837904948193595, 0.0813235869879147, 0.05243307039854257]}, 'pillar_obstacle': {'pos': [0.39994824830915515, -0.3824307480766307, 0.23470116647765446], 'size': [0.033663755439403885, 0.20172185302840845, 0.0]}, 'small_block': {'pos': [0.6140097595303955, -0.3535133918987863, 0.1097032402875184], 'size': [0.04461973939918376, 0.0849493067344041, 0.09534921802665242]}}"
4.771999999999928,0.53599889001267,0.0,0.4,0.5339329894922591,-2.1373329135800747e-07,0.399997486639119,"{'table_obstacle': {'pos': [0.3825981920028062, 0.37518922255766707, 0.1646257963690813], 'size': [0.049837904948193595, 0.0813235869879147, 0.05243307039854257]}, 'pillar_obstacle': {'pos': [0.39994824830915515, -0.3824307480766307, 0.23470116647765446], 'size': [0.033663755439403885, 0.20172185302840845, 0.0]}, 'small_block': {'pos': [0.6140097595303955, -0.3535133918987863, 0.1097032402875184], 'size': [0.04461973939918376, 0.0849493067344041, 0.09534921802665242]}}"
4.772999999999929,0.53599889001267,0.0,0.4,0.5339624871110794,-2.1681781145132124e-07,0.39999752145386824,"{'table_obstacle': {'pos': [0.3825981920028062, 0.37518922255766707, 0.1646257963690813], 'size': [0.049837904948193595, 0.0813235869879147, 0.05243307039854257]}, 'pillar_obstacle': {'pos': [0.39994824830915515, -0.3824307480766307, 0.23470116647765446], 'size': [0.033663755439403885, 0.20172185302840845, 0.0]}, 'small_block': {'pos': [0.6140097595303955, -0.3535133918987863, 0.1097032402875184], 'size': [0.04461973939918376, 0.0849493067344041, 0.09534921802665242]}}"
4.773999999999929,0.5399988549256001,0.0,0.4,0.5339915637730652,-2.1977236260003018e-07,0.3999975559287926,"{'table_obstacle': {'pos': [0.3825981920028062, 0.37518922255766707, 0.1646257963690813], 'size': [0.049837904948193595, 0.0813235869879147, 0.05243307039854257]}, 'pillar_obstacle': {'pos': [0.39994824830915515, -0.3824307480766307, 0.23470116647765446], 'size': [0.033663755439403885, 0.20172185302840845, 0.0]}, 'small_block': {'pos': [0.6140097595303955, -0.3535133918987863, 0.1097032402875184], 'size': [0.04461973939918376, 0.0849493067344041, 0.09534921802665242]}}"
4.774999999999929,0.5399988549256001,0.0,0.4,0.5340310180913084,-1.9415444533291942e-07,0.39999747332828756,"{'table_obstacle': {'pos': [0.3825981920028062, 0.37518922255766707, 0.1646257963690813], 'size': [0.049837904948193595, 0.0813235869879147, 0.05243307039854257]}, 'pillar_obstacle': {'pos': [0.39994824830915515, -0.3824307480766307, 0.23470116647765446], 'size': [0.033663755439403885, 0.20172185302840845, 0.0]}, 'small_block': {'pos': [0.6140097595303955, -0.3535133918987863, 0.1097032402875184], 'size': [0.04461973939918376, 0.0849493067344041, 0.09534921802665242]}}"
4.77599999999993,0.5399988549256001,0.0,0.4,0.5340786603519884,-1.5165162504646717e-07,0.39999731852904663,"{'table_obstacle': {'pos': [0.3825981920028062, 0.37518922255766707, 0.1646257963690813], 'size': [0.049837904948193595, 0.0813235869879147, 0.05243307039854257]}, 'pillar_obstacle': {'pos': [0.39994824830915515, -0.3824307480766307, 0.23470116647765446], 'size': [0.033663755439403885, 0.20172185302840845, 0.0]}, 'small_block': {'pos': [0.6140097595303955, -0.3535133918987863, 0.1097032402875184], 'size': [0.04461973939918376, 0.0849493067344041, 0.09534921802665242]}}"
4.77699999999993,0.5399988549256001,0.0,0.4,0.5341327180533109,-1.0050392927923794e-07,0.3999971234006162,"{'table_obstacle': {'pos': [0.3825981920028062, 0.37518922255766707, 0.1646257963690813], 'size': [0.049837904948193595, 0.0813235869879147, 0.05243307039854257]}, 'pillar_obstacle': {'pos': [0.39994824830915515, -0.3824307480766307, 0.23470116647765446], 'size': [0.033663755439403885, 0.20172185302840845, 0.0]}, 'small_block': {'pos': [0.6140097595303955, -0.3535133918987863, 0.1097032402875184], 'size': [0.04461973939918376, 0.0849493067344041, 0.09534921802665242]}}"
4.77799999999993,0.5399988549256001,0.0,0.4,0.5341917571100744,-4.639660083357694e-08,0.39999691021189204,"{'table_obstacle': {'pos': [0.3825981920028062, 0.37518922255766707, 0.1646257963690813], 'size': [0.049837904948193595, 0.0813235869879147, 0.05243307039854257]}, 'pillar_obstacle': {'pos': [0.39994824830915515, -0.3824307480766307, 0.23470116647765446], 'size': [0.033663755439403885, 0.20172185302840845, 0.0]}, 'small_block': {'pos': [0.6140097595303955, -0.3535133918987863, 0.1097032402875184], 'size': [0.04461973939918376, 0.0849493067344041, 0.09534921802665242]}}"
4.778999999999931,0.5399988549256001,0.0,0.4,0.5342546178828561,6.863100661566836e-09,0.3999966941810442,"{'table_obstacle': {'pos': [0.3825981920028062, 0.37518922255766707, 0.1646257963690813], 'size': [0.049837904948193595, 0.0813235869879147, 0.05243307039854257]}, 'pillar_obstacle': {'pos': [0.39994824830915515, -0.3824307480766307, 0.23470116647765446], 'size': [0.033663755439403885, 0.20172185302840845, 0.0]}, 'small_block': {'pos': [0.6140097595303955, -0.3535133918987863, 0.1097032402875184], 'size': [0.04461973939918376, 0.0849493067344041, 0.09534921802665242]}}"
4.779999999999931,0.5399988549256001,0.0,0.4,0.5343203632604143,5.683485966381722e-08,0.3999964853827743,"{'table_obstacle': {'pos': [0.3825981920028062, 0.37518922255766707, 0.1646257963690813], 'size': [0.049837904948193595, 0.0813235869879147, 0.05243307039854257]}, 'pillar_obstacle': {'pos': [0.39994824830915515, -0.3824307480766307, 0.23470116647765446], 'size': [0.033663755439403885, 0.20172185302840845, 0.0]}, 'small_block': {'pos': [0.6140097595303955, -0.3535133918987863, 0.1097032402875184], 'size': [0.04461973939918376, 0.0849493067344041, 0.09534921802665242]}}"
4.780999999999931,0.5399988549256001,0.0,0.4,0.534388236535782,1.0206122811022214e-07,0.3999962901724216,"{'table_obstacle': {'pos': [0.3825981920028062, 0.37518922255766707, 0.1646257963690813], 'size': [0.049837904948193595, 0.0813235869879147, 0.05243307039854257]}, 'pillar_obstacle': {'pos': [0.39994824830915515, -0.3824307480766307, 0.23470116647765446], 'size': [0.033663755439403885, 0.20172185302840845, 0.0]}, 'small_block': {'pos': [0.6140097595303955, -0.3535133918987863, 0.1097032402875184], 'size': [0.04461973939918376, 0.0849493067344041, 0.09534921802665242]}}"
4.781999999999932,0.5399988549256001,0.0,0.4,0.5344576272360451,1.4178056079473555e-07,0.39999611224640946,"{'table_obstacle': {'pos': [0.3825981920028062, 0.37518922255766707, 0.1646257963690813], 'size': [0.049837904948193595, 0.0813235869879147, 0.05243307039854257]}, 'pillar_obstacle': {'pos': [0.39994824830915515, -0.3824307480766307, 0.23470116647765446], 'size': [0.033663755439403885, 0.20172185302840845, 0.0]}, 'small_block': {'pos': [0.6140097595303955, -0.3535133918987863, 0.1097032402875184], 'size': [0.04461973939918376, 0.0849493067344041, 0.09534921802665242]}}"
4.782999999999932,0.5399988549256001,0.0,0.4,0.5345280434088635,1.7571385240765846e-07,0.39999595342886596,"{'table_obstacle': {'pos': [0.3825981920028062, 0.37518922255766707, 0.1646257963690813], 'size': [0.049837904948193595, 0.0813235869879147, 0.05243307039854257]}, 'pillar_obstacle': {'pos': [0.39994824830915515, -0.3824307480766307, 0.23470116647765446], 'size': [0.033663755439403885, 0.20172185302840845, 0.0]}, 'small_block': {'pos': [0.6140097595303955, -0.3535133918987863, 0.1097032402875184], 'size': [0.04461973939918376, 0.0849493067344041, 0.09534921802665242]}}"
4.783999999999932,0.5399988549256001,0.0,0.4,0.5345990891488113,2.039076816801339e-07,0.399995814252143,"{'table_obstacle': {'pos': [0.3825981920028062, 0.37518922255766707, 0.1646257963690813], 'size': [0.049837904948193595, 0.0813235869879147, 0.05243307039854257]}, 'pillar_obstacle': {'pos': [0.39994824830915515, -0.3824307480766307, 0.23470116647765446], 'size': [0.033663755439403885, 0.20172185302840845, 0.0]}, 'small_block': {'pos': [0.6140097595303955, -0.3535133918987863, 0.1097032402875184], 'size': [0.04461973939918376, 0.0849493067344041, 0.09534921802665242]}}"
4.784999999999933,0.5399988549256001,0.0,0.4,0.5346704463748735,2.2661958739152204e-07,0.39999569438239996,"{'table_obstacle': {'pos': [0.3825981920028062, 0.37518922255766707, 0.1646257963690813], 'size': [0.049837904948193595, 0.0813235869879147, 0.05243307039854257]}, 'pillar_obstacle': {'pos': [0.39994824830915515, -0.3824307480766307, 0.23470116647765446], 'size': [0.033663755439403885, 0.20172185302840845, 0.0]}, 'small_block': {'pos': [0.6140097595303955, -0.3535133918987863, 0.1097032402875184], 'size': [0.04461973939918376, 0.0849493067344041, 0.09534921802665242]}}"
4.785999999999933,0.5399988549256001,0.0,0.4,0.5347418600562598,2.442353799532675e-07,0.3999955929289621,"{'table_obstacle': {'pos': [0.3825981920028062, 0.37518922255766707, 0.1646257963690813], 'size': [0.049837904948193595, 0.0813235869879147, 0.05243307039854257]}, 'pillar_obstacle': {'pos': [0.39994824830915515, -0.3824307480766307, 0.23470116647765446], 'size': [0.033663755439403885, 0.20172185302840845, 0.0]}, 'small_block': {'pos': [0.6140097595303955, -0.3535133918987863, 0.1097032402875184], 'size': [0.04461973939918376, 0.0849493067344041, 0.09534921802665242]}}"
4.786999999999933,0.5399988549256001,0.0,0.4,0.5348131262348528,2.5721036578064575e-07,0.39999550866674194,"{'table_obstacle': {'pos': [0.3825981920028062, 0.37518922255766707, 0.1646257963690813], 'size': [0.049837904948193595, 0.0813235869879147, 0.05243307039854257]}, 'pillar_obstacle': {'pos': [0.39994824830915515, -0.3824307480766307, 0.23470116647765446], 'size': [0.033663755439403885, 0.20172185302840845, 0.0]}, 'small_block': {'pos': [0.6140097595303955, -0.3535133918987863, 0.1097032402875184], 'size': [0.04461973939918376, 0.0849493067344041, 0.09534921802665242]}}"
4.787999999999934,0.5399988549256001,0.0,0.4,0.5348840823154812,2.6602835953000883e-07,0.39999544019390526,"{'table_obstacle': {'pos': [0.3825981920028062, 0.37518922255766707, 0.1646257963690813], 'size': [0.049837904948193595, 0.0813235869879147, 0.05243307039854257]}, 'pillar_obstacle': {'pos': [0.39994824830915515, -0.3824307480766307, 0.23470116647765446], 'size': [0.033663755439403885, 0.20172185302840845, 0.0]}, 'small_block': {'pos': [0.6140097595303955, -0.3535133918987863, 0.1097032402875184], 'size': [0.04461973939918376, 0.0849493067344041, 0.09534921802665242]}}"
4.788999999999934,0.5399988549256001,0.0,0.4,0.5349545991949978,2.7117383233161577e-07,0.39999538604154344,"{'table_obstacle': {'pos': [0.3825981920028062, 0.37518922255766707, 0.1646257963690813], 'size': [0.049837904948193595, 0.0813235869879147, 0.05243307039854257]}, 'pillar_obstacle': {'pos': [0.39994824830915515, -0.3824307480766307, 0.23470116647765446], 'size': [0.033663755439403885, 0.20172185302840845, 0.0]}, 'small_block': {'pos': [0.6140097595303955, -0.3535133918987863, 0.1097032402875184], 'size': [0.04461973939918376, 0.0849493067344041, 0.09534921802665242]}}"
4.789999999999934,0.5399988549256001,0.0,0.4,0.5350245748822003,2.7311366885605475e-07,0.3999953447480076,"{'table_obstacle': {'pos': [0.3825981920028062, 0.37518922255766707, 0.1646257963690813], 'size': [0.049837904948193595, 0.0813235869879147, 0.05243307039854257]}, 'pillar_obstacle': {'pos': [0.39994824830915515, -0.3824307480766307, 0.23470116647765446], 'size': [0.033663755439403885, 0.20172185302840845, 0.0]}, 'small_block': {'pos': [0.6140097595303955, -0.3535133918987863, 0.1097032402875184], 'size': [0.04461973939918376, 0.0849493067344041, 0.09534921802665242]}}"
4.790999999999935,0.5399988549256001,0.0,0.4,0.5350939293263943,2.7228587960855934e-07,0.39999531490744006,"{'table_obstacle': {'pos': [0.3825981920028062, 0.37518922255766707, 0.1646257963690813], 'size': [0.049837904948193595, 0.0813235869879147, 0.05243307039854257]}, 'pillar_obstacle': {'pos': [0.39994824830915515, -0.3824307480766307, 0.23470116647765446], 'size': [0.033663755439403885, 0.20172185302840845, 0.0]}, 'small_block': {'pos': [0.6140097595303955, -0.3535133918987863, 0.1097032402875184], 'size': [0.04461973939918376, 0.0849493067344041, 0.09534921802665242]}}"
4.791999999999935,0.5399988549256001,0.0,0.4,0.5351626002257712,2.6909327605187834e-07,0.3999952951996609,"{'table_obstacle': {'pos': [0.3825981920028062, 0.37518922255766707, 0.1646257963690813], 'size': [0.049837904948193595, 0.0813235869879147, 0.05243307039854257]}, 'pillar_obstacle': {'pos': [0.39994824830915515, -0.3824307480766307, 0.23470116647765446], 'size': [0.033663755439403885, 0.20172185302840845, 0.0]}, 'small_block': {'pos': [0.6140097595303955, -0.3535133918987863, 0.1097032402875184], 'size': [0.04461973939918376, 0.0849493067344041, 0.09534921802665242]}}"
4.792999999999935,0.5399988549256001,0.0,0.4,0.5352305396300743,2.63900622217291e-07,0.3999952844067553,"{'table_obstacle': {'pos': [0.3825981920028062, 0.37518922255766707, 0.1646257963690813], 'size': [0.049837904948193595, 0.0813235869879147, 0.05243307039854257]}, 'pillar_obstacle': {'pos': [0.39994824830915515, -0.3824307480766307, 0.23470116647765446], 'size': [0.033663755439403885, 0.20172185302840845, 0.0]}, 'small_block': {'pos': [0.6140097595303955, -0.3535133918987863, 0.1097032402875184], 'size': [0.04461973939918376, 0.0849493067344041, 0.09534921802665242]}}"
4.793999999999936,0.5399988549256001,0.0,0.4,0.5352977111871305,2.570341657871274e-07,0.39999528142035,"{'table_obstacle': {'pos': [0.3825981920028062, 0.37518922255766707, 0.1646257963690813], 'size': [0.049837904948193595, 0.0813235869879147, 0.05243307039854257]}, 'pillar_obstacle': {'pos': [0.39994824830915515, -0.3824307480766307, 0.23470116647765446], 'size': [0.033663755439403885, 0.20172185302840845, 0.0]}, 'small_block': {'pos': [0.6140097595303955, -0.3535133918987863, 0.1097032402875184], 'size': [0.04461973939918376, 0.0849493067344041, 0.09534921802665242]}}"
4.794999999999936,0.5399988549256001,0.0,0.4,0.5353640879113122,2.487827444583631e-07,0.39999528524251005,"{'table_obstacle': {'pos': [0.3825981920028062, 0.37518922255766707, 0.1646257963690813], 'size': [0.049837904948193595, 0.0813235869879147, 0.05243307039854257]}, 'pillar_obstacle': {'pos': [0.39994824830915515, -0.3824307480766307, 0.23470116647765446], 'size': [0.033663755439403885, 0.20172185302840845, 0.0]}, 'small_block': {'pos': [0.6140097595303955, -0.3535133918987863, 0.1097032402875184], 'size': [0.04461973939918376, 0.0849493067344041, 0.09534921802665242]}}"
4.795999999999936,0.5399988549256001,0.0,0.4,0.5354296503750705,2.3939988082547943e-07,0.3999952949824255,"{'table_obstacle': {'pos': [0.3825981920028062, 0.37518922255766707, 0.1646257963690813], 'size': [0.049837904948193595, 0.0813235869879147, 0.05243307039854257]}, 'pillar_obstacle': {'pos': [0.39994824830915515, -0.3824307480766307, 0.23470116647765446], 'size': [0.033663755439403885, 0.20172185302840845, 0.0]}, 'small_block': {'pos': [0.6140097595303955, -0.3535133918987863, 0.1097032402875184], 'size': [0.04461973939918376, 0.0849493067344041, 0.09534921802665242]}}"
4.796999999999937,0.5399988549256001,0.0,0.4,0.5354943852434157,2.2910644791735404e-07,0.3999953098504405,"{'table_obstacle': {'pos': [0.3825981920028062, 0.37518922255766707, 0.1646257963690813], 'size': [0.049837904948193595, 0.0813235869879147, 0.05243307039854257]}, 'pillar_obstacle': {'pos': [0.39994824830915515, -0.3824307480766307, 0.23470116647765446], 'size': [0.033663755439403885, 0.20172185302840845, 0.0]}, 'small_block': {'pos': [0.6140097595303955, -0.3535133918987863, 0.1097032402875184], 'size': [0.04461973939918376, 0.0849493067344041, 0.09534921802665242]}}"
4.797999999999937,0.5399988549256001,0.0,0.4,0.5355582840863774,2.1809361143914056e-07,0.39999532915055924,"{'table_obstacle': {'pos': [0.3825981920028062, 0.37518922255766707, 0.1646257963690813], 'size': [0.049837904948193595, 0.0813235869879147, 0.05243307039854257]}, 'pillar_obstacle': {'pos': [0.39994824830915515, -0.3824307480766307, 0.23470116647765446], 'size': [0.033663755439403885, 0.20172185302840845, 0.0]}, 'small_block': {'pos': [0.6140097595303955, -0.3535133918987863, 0.1097032402875184], 'size': [0.04461973939918376, 0.0849493067344041, 0.09534921802665242]}}"
4.798999999999937,0.5399988549256001,0.0,0.4,0.5356213424168029,2.0652584458948074e-07,0.3999953522722095,"{'table_obstacle': {'pos': [0.3825981920028062, 0.37518922255766707, 0.1646257963690813], 'size': [0.049837904948193595, 0.0813235869879147, 0.05243307039854257]}, 'pillar_obstacle': {'pos': [0.39994824830915515, -0.3824307480766307, 0.23470116647765446], 'size': [0.033663755439403885, 0.20172185302840845, 0.0]}, 'small_block': {'pos': [0.6140097595303955, -0.3535133918987863, 0.1097032402875184], 'size': [0.04461973939918376, 0.0849493067344041, 0.09534921802665242]}}"
4.799999999999938,0.5399988549256001,0.0,0.4,0.5356835589108028,1.9454388104925946e-07,0.3999953786818182,"{'table_obstacle': {'pos': [0.3825981920028062, 0.37518922255766707, 0.1646257963690813], 'size': [0.049837904948193595, 0.0813235869879147, 0.05243307039854257]}, 'pillar_obstacle': {'pos': [0.39994824830915515, -0.3824307480766307, 0.23470116647765446], 'size': [0.033663755439403885, 0.20172185302840845, 0.0]}, 'small_block': {'pos': [0.6140097595303955, -0.3535133918987863, 0.1097032402875184], 'size': [0.04461973939918376, 0.0849493067344041, 0.09534921802665242]}}"
4.800999999999938,0.5399988549256001,0.0,0.4,0.535744934776255,1.8226751792850947e-07,0.3999954079145603,"{'table_obstacle': {'pos': [0.3825981920028062, 0.37518922255766707, 0.1646257963690813], 'size': [0.049837904948193595, 0.0813235869879147, 0.05243307039854257]}, 'pillar_obstacle': {'pos': [0.39994824830915515, -0.3824307480766307, 0.23470116647765446], 'size': [0.033663755439403885, 0.20172185302840845, 0.0]}, 'small_block': {'pos': [0.6140097595303955, -0.3535133918987863, 0.1097032402875184], 'size': [0.04461973939918376, 0.0849493067344041, 0.09534921802665242]}}"
4.801999999999938,0.5399988549256001,0.0,0.4,0.5358054732413188,1.6979822120983683e-07,0.3999954395665159,"{'table_obstacle': {'pos': [0.3825981920028062, 0.37518922255766707, 0.1646257963690813], 'size': [0.049837904948193595, 0.0813235869879147, 0.05243307039854257]}, 'pillar_obstacle': {'pos': [0.39994824830915515, -0.3824307480766307, 0.23470116647765446], 'size': [0.033663755439403885, 0.20172185302840845, 0.0]}, 'small_block': {'pos': [0.6140097595303955, -0.3535133918987863, 0.1097032402875184], 'size': [0.04461973939918376, 0.0849493067344041, 0.09534921802665242]}}"
4.802999999999939,0.5399988549256001,0.0,0.4,0.5358651791402311,1.5722150260759568e-07,0.3999954732873761,"{'table_obstacle': {'pos': [0.3825981920028062, 0.37518922255766707, 0.1646257963690813], 'size': [0.049837904948193595, 0.0813235869879147, 0.05243307039854257]}, 'pillar_obstacle': {'pos': [0.39994824830915515, -0.3824307480766307, 0.23470116647765446], 'size': [0.033663755439403885, 0.20172185302840845, 0.0]}, 'small_block': {'pos': [0.6140097595303955, -0.3535133918987863, 0.1097032402875184], 'size': [0.04461973939918376, 0.0849493067344041, 0.09534921802665242]}}"
4.803999999999939,0.5399988549256001,0.0,0.4,0.5359240585779541,1.4460906405180622e-07,0.39999550877376644,"{'table_obstacle': {'pos': [0.3825981920028062, 0.37518922255766707, 0.1646257963690813], 'size': [0.049837904948193595, 0.0813235869879147, 0.05243307039854257]}, 'pillar_obstacle': {'pos': [0.39994824830915515, -0.3824307480766307, 0.23470116647765446], 'size': [0.033663755439403885, 0.20172185302840845, 0.0]}, 'small_block': {'pos': [0.6140097595303955, -0.3535133918987863, 0.1097032402875184], 'size': [0.04461973939918376, 0.0849493067344041, 0.09534921802665242]}}"
4.804999999999939,0.5399988549256001,0.0,0.4,0.5359821186587423,1.3202070831724387e-07,0.39999554576321594,"{'table_obstacle': {'pos': [0.3825981920028062, 0.37518922255766707, 0.1646257963690813], 'size': [0.049837904948193595, 0.0813235869879147, 0.05243307039854257]}, 'pillar_obstacle': {'pos': [0.39994824830915515, -0.3824307480766307, 0.23470116647765446], 'size': [0.033663755439403885, 0.20172185302840845, 0.0]}, 'small_block': {'pos': [0.6140097595303955, -0.3535133918987863, 0.1097032402875184], 'size': [0.04461973939918376, 0.0849493067344041, 0.09534921802665242]}}"
4.80599999999994,0.5399988549256001,0.0,0.4,0.53603936726652,1.195060286422201e-07,0.39999558402876617,"{'table_obstacle': {'pos': [0.3825981920028062, 0.37518922255766707, 0.1646257963690813], 'size': [0.049837904948193595, 0.0813235869879147, 0.05243307039854257]}, 'pillar_obstacle': {'pos': [0.39994824830915515, -0.3824307480766307, 0.23470116647765446], 'size': [0.033663755439403885, 0.20172185302840845, 0.0]}, 'small_block': {'pos': [0.6140097595303955, -0.3535133918987863, 0.1097032402875184], 'size': [0.04461973939918376, 0.0849493067344041, 0.09534921802665242]}}"
4.80699999999994,0.5399988549256001,0.0,0.4,0.5360958128872512,1.0710589221319519e-07,0.3999956233741878,"{'table_obstacle': {'pos': [0.3825981920028062, 0.37518922255766707, 0.1646257963690813], 'size': [0.049837904948193595, 0.0813235869879147, 0.05243307039854257]}, 'pillar_obstacle': {'pos': [0.39994824830915515, -0.3824307480766307, 0.23470116647765446], 'size': [0.033663755439403885, 0.20172185302840845, 0.0]}, 'small_block': {'pos': [0.6140097595303955, -0.3535133918987863, 0.1097032402875184], 'size': [0.04461973939918376, 0.0849493067344041, 0.09534921802665242]}}"
4.80799999999994,0.5399988549256001,0.0,0.4,0.5361514644653523,9.485373286520685e-08,0.3999956636297725,"{'table_obstacle': {'pos': [0.3825981920028062, 0.37518922255766707, 0.1646257963690813], 'size': [0.049837904948193595, 0.0813235869879147, 0.05243307039854257]}, 'pillar_obstacle': {'pos': [0.39994824830915515, -0.3824307480766307, 0.23470116647765446], 'size': [0.033663755439403885, 0.20172185302840845, 0.0]}, 'small_block': {'pos': [0.6140097595303955, -0.3535133918987863, 0.1097032402875184], 'size': [0.04461973939918376, 0.0849493067344041, 0.09534921802665242]}}"
4.808999999999941,0.5399988549256001,0.0,0.4,0.536206331287693,8.277667329152945e-08,0.39999570464864787,"{'table_obstacle': {'pos': [0.3825981920028062, 0.37518922255766707, 0.1646257963690813], 'size': [0.049837904948193595, 0.0813235869879147, 0.05243307039854257]}, 'pillar_obstacle': {'pos': [0.39994824830915515, -0.3824307480766307, 0.23470116647765446], 'size': [0.033663755439403885, 0.20172185302840845, 0.0]}, 'small_block': {'pos': [0.6140097595303955, -0.3535133918987863, 0.1097032402875184], 'size': [0.04461973939918376, 0.0849493067344041, 0.09534921802665242]}}"
4.809999999999941,0.5399988549256001,0.0,0.4,0.5362604228899597,7.089649348075179e-08,0.3999957463035691,"{'table_obstacle': {'pos': [0.3825981920028062, 0.37518922255766707, 0.1646257963690813], 'size': [0.049837904948193595, 0.0813235869879147, 0.05243307039854257]}, 'pillar_obstacle': {'pos': [0.39994824830915515, -0.3824307480766307, 0.23470116647765446], 'size': [0.033663755439403885, 0.20172185302840845, 0.0]}, 'small_block': {'pos': [0.6140097595303955, -0.3535133918987863, 0.1097032402875184], 'size': [0.04461973939918376, 0.0849493067344041, 0.09534921802665242]}}"
4.810999999999941,0.5399988549256001,0.0,0.4,0.5363137489811419,5.9230464541101505e-08,0.399995788484137,"{'table_obstacle': {'pos': [0.3825981920028062, 0.37518922255766707, 0.1646257963690813], 'size': [0.049837904948193595, 0.0813235869879147, 0.05243307039854257]}, 'pillar_obstacle': {'pos': [0.39994824830915515, -0.3824307480766307, 0.23470116647765446], 'size': [0.033663755439403885, 0.20172185302840845, 0.0]}, 'small_block': {'pos': [0.6140097595303955, -0.3535133918987863, 0.1097032402875184], 'size': [0.04461973939918376, 0.0849493067344041, 0.09534921802665242]}}"
4.811999999999942,0.5399988549256001,0.0,0.4,0.5363663193827086,4.779206081957997e-08,0.39999583109439596,"{'table_obstacle': {'pos': [0.3825981920028062, 0.37518922255766707, 0.1646257963690813], 'size': [0.049837904948193595, 0.0813235869879147, 0.05243307039854257]}, 'pillar_obstacle': {'pos': [0.39994824830915515, -0.3824307480766307, 0.23470116647765446], 'size': [0.033663755439403885, 0.20172185302840845, 0.0]}, 'small_block': {'pos': [0.6140097595303955, -0.3535133918987863, 0.1097032402875184], 'size': [0.04461973939918376, 0.0849493067344041, 0.09534921802665242]}}"
4.812999999999942,0.5399988549256001,0.0,0.4,0.5364181439796839,3.6591571640538894e-08,0.399995874050765,"{'table_obstacle': {'pos': [0.3825981920028062, 0.37518922255766707, 0.1646257963690813], 'size': [0.049837904948193595, 0.0813235869879147, 0.05243307039854257]}, 'pillar_obstacle': {'pos': [0.39994824830915515, -0.3824307480766307, 0.23470116647765446], 'size': [0.033663755439403885, 0.20172185302840845, 0.0]}, 'small_block': {'pos': [0.6140097595303955, -0.3535133918987863, 0.1097032402875184], 'size': [0.04461973939918376, 0.0849493067344041, 0.09534921802665242]}}"
4.813999999999942,0.5399988549256001,0.0,0.4,0.5364692326813716,2.5636618951544005e-08,0.3999959172802608,"{'table_obstacle': {'pos': [0.3825981920028062, 0.37518922255766707, 0.1646257963690813], 'size': [0.049837904948193595, 0.0813235869879147, 0.05243307039854257]}, 'pillar_obstacle': {'pos': [0.39994824830915515, -0.3824307480766307, 0.23470116647765446], 'size': [0.033663755439403885, 0.20172185302840845, 0.0]}, 'small_block': {'pos': [0.6140097595303955, -0.3535133918987863, 0.1097032402875184], 'size': [0.04461973939918376, 0.0849493067344041, 0.09534921802665242]}}"
4.814999999999943,0.5399988549256001,0.0,0.4,0.5365195953898902,1.493259894339272e-08,0.3999959607189783,"{'table_obstacle': {'pos': [0.3825981920028062, 0.37518922255766707, 0.1646257963690813], 'size': [0.049837904948193595, 0.0813235869879147, 0.05243307039854257]}, 'pillar_obstacle': {'pos': [0.39994824830915515, -0.3824307480766307, 0.23470116647765446], 'size': [0.033663755439403885, 0.20172185302840845, 0.0]}, 'small_block': {'pos': [0.6140097595303955, -0.3535133918987863, 0.1097032402875184], 'size': [0.04461973939918376, 0.0849493067344041, 0.09534921802665242]}}"
4.815999999999943,0.5399988549256001,0.0,0.4,0.5365692419750429,4.4830547581906535e-09,0.3999960043107909,"{'table_obstacle': {'pos': [0.3825981920028062, 0.37518922255766707, 0.1646257963690813], 'size': [0.049837904948193595, 0.0813235869879147, 0.05243307039854257]}, 'pillar_obstacle': {'pos': [0.39994824830915515, -0.3824307480766307, 0.23470116647765446], 'size': [0.033663755439403885, 0.20172185302840845, 0.0]}, 'small_block': {'pos': [0.6140097595303955, -0.3535133918987863, 0.1097032402875184], 'size': [0.04461973939918376, 0.0849493067344041, 0.09534921802665242]}}"
4.816999999999943,0.5399988549256001,0.0,0.4,0.536618182254309,-5.710007069315253e-09,0.3999960480062399,"{'table_obstacle': {'pos': [0.3825981920028062, 0.37518922255766707, 0.1646257963690813], 'size': [0.049837904948193595, 0.0813235869879147, 0.05243307039854257]}, 'pillar_obstacle': {'pos': [0.39994824830915515, -0.3824307480766307, 0.23470116647765446], 'size': [0.033663755439403885, 0.20172185302840845, 0.0]}, 'small_block': {'pos': [0.6140097595303955, -0.3535133918987863, 0.1097032402875184], 'size': [0.04461973939918376, 0.0849493067344041, 0.09534921802665242]}}"
4.817999999999944,0.5399988549256001,0.0,0.4,0.5366664259769934,-1.56458507930867e-08,0.39999609176159323,"{'table_obstacle': {'pos': [0.3825981920028062, 0.37518922255766707, 0.1646257963690813], 'size': [0.049837904948193595, 0.0813235869879147, 0.05243307039854257]}, 'pillar_obstacle': {'pos': [0.39994824830915515, -0.3824307480766307, 0.23470116647765446], 'size': [0.033663755439403885, 0.20172185302840845, 0.0]}, 'small_block': {'pos': [0.6140097595303955, -0.3535133918987863, 0.1097032402875184], 'size': [0.04461973939918376, 0.0849493067344041, 0.09534921802665242]}}"
4.818999999999944,0.5399988549256001,0.0,0.4,0.5367139828117351,-2.532478613654789e-08,0.3999961355380392,"{'table_obstacle': {'pos': [0.3825981920028062, 0.37518922255766707, 0.1646257963690813], 'size': [0.049837904948193595, 0.0813235869879147, 0.05243307039854257]}, 'pillar_obstacle': {'pos': [0.39994824830915515, -0.3824307480766307, 0.23470116647765446], 'size': [0.033663755439403885, 0.20172185302840845, 0.0]}, 'small_block': {'pos': [0.6140097595303955, -0.3535133918987863, 0.1097032402875184], 'size': [0.04461973939918376, 0.0849493067344041, 0.09534921802665242]}}"
4.819999999999944,0.5399988549256001,0.0,0.4,0.5367608623367339,-3.4747981633938786e-08,0.39999617930100645,"{'table_obstacle': {'pos': [0.3825981920028062, 0.37518922255766707, 0.1646257963690813], 'size': [0.049837904948193595, 0.0813235869879147, 0.05243307039854257]}, 'pillar_obstacle': {'pos': [0.39994824830915515, -0.3824307480766307, 0.23470116647765446], 'size': [0.033663755439403885, 0.20172185302840845, 0.0]}, 'small_block': {'pos': [0.6140097595303955, -0.3535133918987863, 0.1097032402875184], 'size': [0.04461973939918376, 0.0849493067344041, 0.09534921802665242]}}"
4.820999999999945,0.5399988549256001,0.0,0.4,0.536807074032184,-4.391730553585983e-08,0.3999962230195827,"{'table_obstacle': {'pos': [0.3825981920028062, 0.37518922255766707, 0.1646257963690813], 'size': [0.049837904948193595, 0.0813235869879147, 0.05243307039854257]}, 'pillar_obstacle': {'pos': [0.39994824830915515, -0.3824307480766307, 0.23470116647765446], 'size': [0.033663755439403885, 0.20172185302840845, 0.0]}, 'small_block': {'pos': [0.6140097595303955, -0.3535133918987863, 0.1097032402875184], 'size': [0.04461973939918376, 0.0849493067344041, 0.09534921802665242]}}"
4.821999999999945,0.5399988549256001,0.0,0.4,0.5368526272744802,-5.283519313285969e-08,0.39999626666602417,"{'table_obstacle': {'pos': [0.3825981920028062, 0.37518922255766707, 0.1646257963690813], 'size': [0.049837904948193595, 0.0813235869879147, 0.05243307039854257]}, 'pillar_obstacle': {'pos': [0.39994824830915515, -0.3824307480766307, 0.23470116647765446], 'size': [0.033663755439403885, 0.20172185302840845, 0.0]}, 'small_block': {'pos': [0.6140097595303955, -0.3535133918987863, 0.1097032402875184], 'size': [0.04461973939918376, 0.0849493067344041, 0.09534921802665242]}}"
4.822999999999945,0.5399988549256001,0.0,0.4,0.5368975313318689,-6.150453734869653e-08,0.3999963102153375,"{'table_obstacle': {'pos': [0.3825981920028062, 0.37518922255766707, 0.1646257963690813], 'size': [0.049837904948193595, 0.0813235869879147, 0.05243307039854257]}, 'pillar_obstacle': {'pos': [0.39994824830915515, -0.3824307480766307, 0.23470116647765446], 'size': [0.033663755439403885, 0.20172185302840845, 0.0]}, 'small_block': {'pos': [0.6140097595303955, -0.3535133918987863, 0.1097032402875184], 'size': [0.04461973939918376, 0.0849493067344041, 0.09534921802665242]}}"
4.823999999999946,0.5399988549256001,0.0,0.4,0.5369417953612563,-6.992859494080478e-08,0.39999635364492614,"{'table_obstacle': {'pos': [0.3825981920028062, 0.37518922255766707, 0.1646257963690813], 'size': [0.049837904948193595, 0.0813235869879147, 0.05243307039854257]}, 'pillar_obstacle': {'pos': [0.39994824830915515, -0.3824307480766307, 0.23470116647765446], 'size': [0.033663755439403885, 0.20172185302840845, 0.0]}, 'small_block': {'pos': [0.6140097595303955, -0.3535133918987863, 0.1097032402875184], 'size': [0.04461973939918376, 0.0849493067344041, 0.09534921802665242]}}"
4.824999999999946,0.5399988549256001,0.0,0.4,0.5369854284059548,-7.811091087810956e-08,0.39999639693428934,"{'table_obstacle': {'pos': [0.3825981920028062, 0.37518922255766707, 0.1646257963690813], 'size': [0.049837904948193595, 0.0813235869879147, 0.05243307039854257]}, 'pillar_obstacle': {'pos': [0.39994824830915515, -0.3824307480766307, 0.23470116647765446], 'size': [0.033663755439403885, 0.20172185302840845, 0.0]}, 'small_block': {'pos': [0.6140097595303955, -0.3535133918987863, 0.1097032402875184], 'size': [0.04461973939918376, 0.0849493067344041, 0.09534921802665242]}}"
4.825999999999946,0.5399988549256001,0.0,0.4,0.5370284393941849,-8.605525300821932e-08,0.39999644006476787,"{'table_obstacle': {'pos': [0.3825981920028062, 0.37518922255766707, 0.1646257963690813], 'size': [0.049837904948193595, 0.0813235869879147, 0.05243307039854257]}, 'pillar_obstacle': {'pos': [0.39994824830915515, -0.3824307480766307, 0.23470116647765446], 'size': [0.033663755439403885, 0.20172185302840845, 0.0]}, 'small_block': {'pos': [0.6140097595303955, -0.3535133918987863, 0.1097032402875184], 'size': [0.04461973939918376, 0.0849493067344041, 0.09534921802665242]}}"
4.826999999999947,0.5399988549256001,0.0,0.4,0.5370708371381857,-9.376556116664139e-08,0.39999648301932594,"{'table_obstacle': {'pos': [0.3825981920028062, 0.37518922255766707, 0.1646257963690813], 'size': [0.049837904948193595, 0.0813235869879147, 0.05243307039854257]}, 'pillar_obstacle': {'pos': [0.39994824830915515, -0.3824307480766307, 0.23470116647765446], 'size': [0.033663755439403885, 0.20172185302840845, 0.0]}, 'small_block': {'pos': [0.6140097595303955, -0.3535133918987863, 0.1097032402875184], 'size': [0.04461973939918376, 0.0849493067344041, 0.09534921802665242]}}"
4.827999999999947,0.5399988549256001,0.0,0.4,0.5371126303338122,-1.0124589980568616e-07,0.3999965257823677,"{'table_obstacle': {'pos': [0.3825981920028062, 0.37518922255766707, 0.1646257963690813], 'size': [0.049837904948193595, 0.0813235869879147, 0.05243307039854257]}, 'pillar_obstacle': {'pos': [0.39994824830915515, -0.3824307480766307, 0.23470116647765446], 'size': [0.033663755439403885, 0.20172185302840845, 0.0]}, 'small_block': {'pos': [0.6140097595303955, -0.3535133918987863, 0.1097032402875184], 'size': [0.04461973939918376, 0.0849493067344041, 0.09534921802665242]}}"
4.828999999999947,0.5399988549256001,0.0,0.4,0.5371538275605241,-1.0850042480240485e-07,0.39999656833957936,"{'table_obstacle': {'pos': [0.3825981920028062, 0.37518922255766707, 0.1646257963690813], 'size': [0.049837904948193595, 0.0813235869879147, 0.05243307039854257]}, 'pillar_obstacle': {'pos': [0.39994824830915515, -0.3824307480766307, 0.23470116647765446], 'size': [0.033663755439403885, 0.20172185302840845, 0.0]}, 'small_block': {'pos': [0.6140097595303955, -0.3535133918987863, 0.1097032402875184], 'size': [0.04461973939918376, 0.0849493067344041, 0.09534921802665242]}}"
4.829999999999948,0.5399988549256001,0.0,0.4,0.53719443728169,-1.1553335149965044e-07,0.39999661067779474,"{'table_obstacle': {'pos': [0.3825981920028062, 0.37518922255766707, 0.1646257963690813], 'size': [0.049837904948193595, 0.0813235869879147, 0.05243307039854257]}, 'pillar_obstacle': {'pos': [0.39994824830915515, -0.3824307480766307, 0.23470116647765446], 'size': [0.033663755439403885, 0.20172185302840845, 0.0]}, 'small_block': {'pos': [0.6140097595303955, -0.3535133918987863, 0.1097032402875184], 'size': [0.04461973939918376, 0.0849493067344041, 0.09534921802665242]}}"
4.830999999999948,0.5399988549256001,0.0,0.4,0.537234467845138,-1.2234893060441642e-07,0.3999966527848804,"{'table_obstacle': {'pos': [0.3825981920028062, 0.37518922255766707, 0.1646257963690813], 'size': [0.049837904948193595, 0.0813235869879147, 0.05243307039854257]}, 'pillar_obstacle': {'pos': [0.39994824830915515, -0.3824307480766307, 0.23470116647765446], 'size': [0.033663755439403885, 0.20172185302840845, 0.0]}, 'small_block': {'pos': [0.6140097595303955, -0.3535133918987863, 0.1097032402875184], 'size': [0.04461973939918376, 0.0849493067344041, 0.09534921802665242]}}"
4.831999999999948,0.5399988549256001,0.0,0.4,0.5372739274839065,-1.2895142766986459e-07,0.3999966946496367,"{'table_obstacle': {'pos': [0.3825981920028062, 0.37518922255766707, 0.1646257963690813], 'size': [0.049837904948193595, 0.0813235869879147, 0.05243307039854257]}, 'pillar_obstacle': {'pos': [0.39994824830915515, -0.3824307480766307, 0.23470116647765446], 'size': [0.033663755439403885, 0.20172185302840845, 0.0]}, 'small_block': {'pos': [0.6140097595303955, -0.3535133918987863, 0.1097032402875184], 'size': [0.04461973939918376, 0.0849493067344041, 0.09534921802665242]}}"
4.832999999999949,0.5399988549256001,0.0,0.4,0.5373128243171511,-1.353451068326799e-07,0.3999967362617132,"{'table_obstacle': {'pos': [0.3825981920028062, 0.37518922255766707, 0.1646257963690813], 'size': [0.049837904948193595, 0.0813235869879147, 0.05243307039854257]}, 'pillar_obstacle': {'pos': [0.39994824830915515, -0.3824307480766307, 0.23470116647765446], 'size': [0.033663755439403885, 0.20172185302840845, 0.0]}, 'small_block': {'pos': [0.6140097595303955, -0.3535133918987863, 0.1097032402875184], 'size': [0.04461973939918376, 0.0849493067344041, 0.09534921802665242]}}"
4.833999999999949,0.5399988549256001,0.0,0.4,0.5373511663511736,-1.4153421664070829e-07,0.399996777611535,"{'table_obstacle': {'pos': [0.3825981920028062, 0.37518922255766707, 0.1646257963690813], 'size': [0.049837904948193595, 0.0813235869879147, 0.05243307039854257]}, 'pillar_obstacle': {'pos': [0.39994824830915515, -0.3824307480766307, 0.23470116647765446], 'size': [0.033663755439403885, 0.20172185302840845, 0.0]}, 'small_block': {'pos': [0.6140097595303955, -0.3535133918987863, 0.1097032402875184], 'size': [0.04461973939918376, 0.0849493067344041, 0.09534921802665242]}}"
4.834999999999949,0.5399988549256001,0.0,0.4,0.5373889614805452,-1.475229796073535e-07,0.3999968186902387,"{'table_obstacle': {'pos': [0.3825981920028062, 0.37518922255766707, 0.1646257963690813], 'size': [0.049837904948193595, 0.0813235869879147, 0.05243307039854257]}, 'pillar_obstacle': {'pos': [0.39994824830915515, -0.3824307480766307, 0.23470116647765446], 'size': [0.033663755439403885, 0.20172185302840845, 0.0]}, 'small_block': {'pos': [0.6140097595303955, -0.3535133918987863, 0.1097032402875184], 'size': [0.04461973939918376, 0.0849493067344041, 0.09534921802665242]}}"
4.83599999999995,0.5399988549256001,0.0,0.4,0.5374262174893075,-1.5331558294623066e-07,0.39999685948961683,"{'table_obstacle': {'pos': [0.3825981920028062, 0.37518922255766707, 0.1646257963690813], 'size': [0.049837904948193595, 0.0813235869879147, 0.05243307039854257]}, 'pillar_obstacle': {'pos': [0.39994824830915515, -0.3824307480766307, 0.23470116647765446], 'size': [0.033663755439403885, 0.20172185302840845, 0.0]}, 'small_block': {'pos': [0.6140097595303955, -0.3535133918987863, 0.1097032402875184], 'size': [0.04461973939918376, 0.0849493067344041, 0.09534921802665242]}}"
4.83699999999995,0.5399988549256001,0.0,0.4,0.5374629420522226,-1.5891617215614217e-07,0.3999969000020707,"{'table_obstacle': {'pos': [0.3825981920028062, 0.37518922255766707, 0.1646257963690813], 'size': [0.049837904948193595, 0.0813235869879147, 0.05243307039854257]}, 'pillar_obstacle': {'pos': [0.39994824830915515, -0.3824307480766307, 0.23470116647765446], 'size': [0.033663755439403885, 0.20172185302840845, 0.0]}, 'small_block': {'pos': [0.6140097595303955, -0.3535133918987863, 0.1097032402875184], 'size': [0.04461973939918376, 0.0849493067344041, 0.09534921802665242]}}"
4.83799999999995,0.5399988549256001,0.0,0.4,0.5374991427360687,-1.643288437245775e-07,0.39999694022056476,"{'table_obstacle': {'pos': [0.3825981920028062, 0.37518922255766707, 0.1646257963690813], 'size': [0.049837904948193595, 0.0813235869879147, 0.05243307039854257]}, 'pillar_obstacle': {'pos': [0.39994824830915515, -0.3824307480766307, 0.23470116647765446], 'size': [0.033663755439403885, 0.20172185302840845, 0.0]}, 'small_block': {'pos': [0.6140097595303955, -0.3535133918987863, 0.1097032402875184], 'size': [0.04461973939918376, 0.0849493067344041, 0.09534921802665242]}}"
4.838999999999951,0.5399988549256001,0.0,0.4,0.5375348270009639,-1.6955764235660083e-07,0.39999698013859203,"{'table_obstacle': {'pos': [0.3825981920028062, 0.37518922255766707, 0.1646257963690813], 'size': [0.049837904948193595, 0.0813235869879147, 0.05243307039854257]}, 'pillar_obstacle': {'pos': [0.39994824830915515, -0.3824307480766307, 0.23470116647765446], 'size': [0.033663755439403885, 0.20172185302840845, 0.0]}, 'small_block': {'pos': [0.6140097595303955, -0.3535133918987863, 0.1097032402875184], 'size': [0.04461973939918376, 0.0849493067344041, 0.09534921802665242]}}"
4.839999999999951,0.5399988549256001,0.0,0.4,0.5375700022017091,-1.746065571564926e-07,0.39999701975013713,"{'table_obstacle': {'pos': [0.3825981920028062, 0.37518922255766707, 0.1646257963690813], 'size': [0.049837904948193595, 0.0813235869879147, 0.05243307039854257]}, 'pillar_obstacle': {'pos': [0.39994824830915515, -0.3824307480766307, 0.23470116647765446], 'size': [0.033663755439403885, 0.20172185302840845, 0.0]}, 'small_block': {'pos': [0.6140097595303955, -0.3535133918987863, 0.1097032402875184], 'size': [0.04461973939918376, 0.0849493067344041, 0.09534921802665242]}}"
4.840999999999951,0.5399988549256001,0.0,0.4,0.5376046755891447,-1.7947951781429694e-07,0.3999970590496499,"{'table_obstacle': {'pos': [0.3825981920028062, 0.37518922255766707, 0.1646257963690813], 'size': [0.049837904948193595, 0.0813235869879147, 0.05243307039854257]}, 'pillar_obstacle': {'pos': [0.39994824830915515, -0.3824307480766307, 0.23470116647765446], 'size': [0.033663755439403885, 0.20172185302840845, 0.0]}, 'small_block': {'pos': [0.6140097595303955, -0.3535133918987863, 0.1097032402875184], 'size': [0.04461973939918376, 0.0849493067344041, 0.09534921802665242]}}"
4.841999999999952,0.5399988549256001,0.0,0.4,0.537638854311511,-1.8418039403387263e-07,0.3999970980320146,"{'table_obstacle': {'pos': [0.3825981920028062, 0.37518922255766707, 0.1646257963690813], 'size': [0.049837904948193595, 0.0813235869879147, 0.05243307039854257]}, 'pillar_obstacle': {'pos': [0.39994824830915515, -0.3824307480766307, 0.23470116647765446], 'size': [0.033663755439403885, 0.20172185302840845, 0.0]}, 'small_block': {'pos': [0.6140097595303955, -0.3535133918987863, 0.1097032402875184], 'size': [0.04461973939918376, 0.0849493067344041, 0.09534921802665242]}}"
4.842999999999952,0.5399988549256001,0.0,0.4,0.5376725454158148,-1.887129930144204e-07,0.3999971366925281,"{'table_obstacle': {'pos': [0.3825981920028062, 0.37518922255766707, 0.1646257963690813], 'size': [0.049837904948193595, 0.0813235869879147, 0.05243307039854257]}, 'pillar_obstacle': {'pos': [0.39994824830915515, -0.3824307480766307, 0.23470116647765446], 'size': [0.033663755439403885, 0.20172185302840845, 0.0]}, 'small_block': {'pos': [0.6140097595303955, -0.3535133918987863, 0.1097032402875184], 'size': [0.04461973939918376, 0.0849493067344041, 0.09534921802665242]}}"
4.843999999999952,0.5399988549256001,0.0,0.4,0.5377057558491877,-1.9308105958283536e-07,0.3999971750268765,"{'table_obstacle': {'pos': [0.3825981920028062, 0.37518922255766707, 0.1646257963690813], 'size': [0.049837904948193595, 0.0813235869879147, 0.05243307039854257]}, 'pillar_obstacle': {'pos': [0.39994824830915515, -0.3824307480766307, 0.23470116647765446], 'size': [0.033663755439403885, 0.20172185302840845, 0.0]}, 'small_block': {'pos': [0.6140097595303955, -0.3535133918987863, 0.1097032402875184], 'size': [0.04461973939918376, 0.0849493067344041, 0.09534921802665242]}}"
4.844999999999953,0.5399988549256001,0.0,0.4,0.5377384924602437,-1.9728827456606566e-07,0.3999972130311142,"{'table_obstacle': {'pos': [0.3825981920028062, 0.37518922255766707, 0.1646257963690813], 'size': [0.049837904948193595, 0.0813235869879147, 0.05243307039854257]}, 'pillar_obstacle': {'pos': [0.39994824830915515, -0.3824307480766307, 0.23470116647765446], 'size': [0.033663755439403885, 0.20172185302840845, 0.0]}, 'small_block': {'pos': [0.6140097595303955, -0.3535133918987863, 0.1097032402875184], 'size': [0.04461973939918376, 0.0849493067344041, 0.09534921802665242]}}"
4.845999999999953,0.5399988549256001,0.0,0.4,0.5377707620004257,-2.0133825511201386e-07,0.3999972507016463,"{'table_obstacle': {'pos': [0.3825981920028062, 0.37518922255766707, 0.1646257963690813], 'size': [0.049837904948193595, 0.0813235869879147, 0.05243307039854257]}, 'pillar_obstacle': {'pos': [0.39994824830915515, -0.3824307480766307, 0.23470116647765446], 'size': [0.033663755439403885, 0.20172185302840845, 0.0]}, 'small_block': {'pos': [0.6140097595303955, -0.3535133918987863, 0.1097032402875184], 'size': [0.04461973939918376, 0.0849493067344041, 0.09534921802665242]}}"
4.846999999999953,0.5399988549256001,0.0,0.4,0.537802571125343,-2.052345542820535e-07,0.39999728803521084,"{'table_obstacle': {'pos': [0.3825981920028062, 0.37518922255766707, 0.1646257963690813], 'size': [0.049837904948193595, 0.0813235869879147, 0.05243307039854257]}, 'pillar_obstacle': {'pos': [0.39994824830915515, -0.3824307480766307, 0.23470116647765446], 'size': [0.033663755439403885, 0.20172185302840845, 0.0]}, 'small_block': {'pos': [0.6140097595303955, -0.3535133918987863, 0.1097032402875184], 'size': [0.04461973939918376, 0.0849493067344041, 0.09534921802665242]}}"
4.847999999999954,0.5399988549256001,0.0,0.4,0.5378339263960976,-2.0898066127504512e-07,0.3999973250288623,"{'table_obstacle': {'pos': [0.3825981920028062, 0.37518922255766707, 0.1646257963690813], 'size': [0.049837904948193595, 0.0813235869879147, 0.05243307039854257]}, 'pillar_obstacle': {'pos': [0.39994824830915515, -0.3824307480766307, 0.23470116647765446], 'size': [0.033663755439403885, 0.20172185302840845, 0.0]}, 'small_block': {'pos': [0.6140097595303955, -0.3535133918987863, 0.1097032402875184], 'size': [0.04461973939918376, 0.0849493067344041, 0.09534921802665242]}}"
4.848999999999954,0.5399988549256001,0.0,0.4,0.5378648342805971,-2.125800021436434e-07,0.39999736167995636,"{'table_obstacle': {'pos': [0.3825981920028062, 0.37518922255766707, 0.1646257963690813], 'size': [0.049837904948193595, 0.0813235869879147, 0.05243307039854257]}, 'pillar_obstacle': {'pos': [0.39994824830915515, -0.3824307480766307, 0.23470116647765446], 'size': [0.033663755439403885, 0.20172185302840845, 0.0]}, 'small_block': {'pos': [0.6140097595303955, -0.3535133918987863, 0.1097032402875184], 'size': [0.04461973939918376, 0.0849493067344041, 0.09534921802665242]}}"
4.849999999999954,0.5399988549256001,0.0,0.4,0.5378953011548551,-2.1603594014359774e-07,0.39999739798613737,"{'table_obstacle': {'pos': [0.3825981920028062, 0.37518922255766707, 0.1646257963690813], 'size': [0.049837904948193595, 0.0813235869879147, 0.05243307039854257]}, 'pillar_obstacle': {'pos': [0.39994824830915515, -0.3824307480766307, 0.23470116647765446], 'size': [0.033663755439403885, 0.20172185302840845, 0.0]}, 'small_block': {'pos': [0.6140097595303955, -0.3535133918987863, 0.1097032402875184], 'size': [0.04461973939918376, 0.0849493067344041, 0.09534921802665242]}}"
4.850999999999955,0.5399988549256001,0.0,0.4,0.537925333304274,-2.193517754931671e-07,0.3999974339453228,"{'table_obstacle': {'pos': [0.3825981920028062, 0.37518922255766707, 0.1646257963690813], 'size': [0.049837904948193595, 0.0813235869879147, 0.05243307039854257]}, 'pillar_obstacle': {'pos': [0.39994824830915515, -0.3824307480766307, 0.23470116647765446], 'size': [0.033663755439403885, 0.20172185302840845, 0.0]}, 'small_block': {'pos': [0.6140097595303955, -0.3535133918987863, 0.1097032402875184], 'size': [0.04461973939918376, 0.0849493067344041, 0.09534921802665242]}}"
4.851999999999955,0.5399988549256001,0.0,0.4,0.5379549369249167,-2.2253074719480212e-07,0.3999974695556924,"{'table_obstacle': {'pos': [0.3825981920028062, 0.37518922255766707, 0.1646257963690813], 'size': [0.049837904948193595, 0.0813235869879147, 0.05243307039854257]}, 'pillar_obstacle': {'pos': [0.39994824830915515, -0.3824307480766307, 0.23470116647765446], 'size': [0.033663755439403885, 0.20172185302840845, 0.0]}, 'small_block': {'pos': [0.6140097595303955, -0.3535133918987863, 0.1097032402875184], 'size': [0.04461973939918376, 0.0849493067344041, 0.09534921802665242]}}"
4.852999999999955,0.5399988549256001,0.0,0.4,0.5379841181247623,-2.2557603292974774e-07,0.39999750481567586,"{'table_obstacle': {'pos': [0.3825981920028062, 0.37518922255766707, 0.1646257963690813], 'size': [0.049837904948193595, 0.0813235869879147, 0.05243307039854257]}, 'pillar_obstacle': {'pos': [0.39994824830915515, -0.3824307480766307, 0.23470116647765446], 'size': [0.033663755439403885, 0.20172185302840845, 0.0]}, 'small_block': {'pos': [0.6140097595303955, -0.3535133918987863, 0.1097032402875184], 'size': [0.04461973939918376, 0.0849493067344041, 0.09534921802665242]}}"
4.853999999999956,0.5439988185626728,0.0,0.4,0.5380128829249428,-2.2849075016815748e-07,0.39999753972394203,"{'table_obstacle': {'pos': [0.3825981920028062, 0.37518922255766707, 0.1646257963690813], 'size': [0.049837904948193595, 0.0813235869879147, 0.05243307039854257]}, 'pillar_obstacle': {'pos': [0.39994824830915515, -0.3824307480766307, 0.23470116647765446], 'size': [0.033663755439403885, 0.20172185302840845, 0.0]}, 'small_block': {'pos': [0.6140097595303955, -0.3535133918987863, 0.1097032402875184], 'size': [0.04461973939918376, 0.0849493067344041, 0.09534921802665242]}}"
4.854999999999956,0.5439988185626728,0.0,0.4,0.538052023779318,-2.0214207440891065e-07,0.3999974543413681,"{'table_obstacle': {'pos': [0.3825981920028062, 0.37518922255766707, 0.1646257963690813], 'size': [0.049837904948193595, 0.0813235869879147, 0.05243307039854257]}, 'pillar_obstacle': {'pos': [0.39994824830915515, -0.3824307480766307, 0.23470116647765446], 'size': [0.033663755439403885, 0.20172185302840845, 0.0]}, 'small_block': {'pos': [0.6140097595303955, -0.3535133918987863, 0.1097032402875184], 'size': [0.04461973939918376, 0.0849493067344041, 0.09534921802665242]}}"
4.855999999999956,0.5439988185626728,0.0,0.4,0.5380993530672878,-1.5849557288589432e-07,0.3999972948193634,"{'table_obstacle': {'pos': [0.3825981920028062, 0.37518922255766707, 0.1646257963690813], 'size': [0.049837904948193595, 0.0813235869879147, 0.05243307039854257]}, 'pillar_obstacle': {'pos': [0.39994824830915515, -0.3824307480766307, 0.23470116647765446], 'size': [0.033663755439403885, 0.20172185302840845, 0.0]}, 'small_block': {'pos': [0.6140097595303955, -0.3535133918987863, 0.1097032402875184], 'size': [0.04461973939918376, 0.0849493067344041, 0.09534921802665242]}}"
4.856999999999957,0.5439988185626728,0.0,0.4,0.5381530997777747,-1.0598888522661659e-07,0.3999970939323715,"{'table_obstacle': {'pos': [0.3825981920028062, 0.37518922255766707, 0.1646257963690813], 'size': [0.049837904948193595, 0.0813235869879147, 0.05243307039854257]}, 'pillar_obstacle': {'pos': [0.39994824830915515, -0.3824307480766307, 0.23470116647765446], 'size': [0.033663755439403885, 0.20172185302840845, 0.0]}, 'small_block': {'pos': [0.6140097595303955, -0.3535133918987863, 0.1097032402875184], 'size': [0.04461973939918376, 0.0849493067344041, 0.09534921802665242]}}"
4.857999999999957,0.5439988185626728,0.0,0.4,0.5382118308695382,-5.044488280521735e-08,0.39999687457899447,"{'table_obstacle': {'pos': [0.3825981920028062, 0.37518922255766707, 0.1646257963690813], 'size': [0.049837904948193595, 0.0813235869879147, 0.05243307039854257]}, 'pillar_obstacle': {'pos': [0.39994824830915515, -0.3824307480766307, 0.23470116647765446], 'size': [0.033663755439403885, 0.20172185302840845, 0.0]}, 'small_block': {'pos': [0.6140097595303955, -0.3535133918987863, 0.1097032402875184], 'size': [0.04461973939918376, 0.0849493067344041, 0.09534921802665242]}}"
4.858999999999957,0.5439988185626728,0.0,0.4,0.5382743874169972,4.235967273437786e-09,0.39999665240390664,"{'table_obstacle': {'pos': [0.3825981920028062, 0.37518922255766707, 0.1646257963690813], 'size': [0.049837904948193595, 0.0813235869879147, 0.05243307039854257]}, 'pillar_obstacle': {'pos': [0.39994824830915515, -0.3824307480766307, 0.23470116647765446], 'size': [0.033663755439403885, 0.20172185302840845, 0.0]}, 'small_block': {'pos': [0.6140097595303955, -0.3535133918987863, 0.1097032402875184], 'size': [0.04461973939918376, 0.0849493067344041, 0.09534921802665242]}}"
4.859999999999958,0.5439988185626728,0.0,0.4,0.5383398327800162,5.555273265248158e-08,0.39999643775965377,"{'table_obstacle': {'pos': [0.3825981920028062, 0.37518922255766707, 0.1646257963690813], 'size': [0.049837904948193595, 0.0813235869879147, 0.05243307039854257]}, 'pillar_obstacle': {'pos': [0.39994824830915515, -0.3824307480766307, 0.23470116647765446], 'size': [0.033663755439403885, 0.20172185302840845, 0.0]}, 'small_block': {'pos': [0.6140097595303955, -0.3535133918987863, 0.1097032402875184], 'size': [0.04461973939918376, 0.0849493067344041, 0.09534921802665242]}}"
4.860999999999958,0.5439988185626728,0.0,0.4,0.5384074105454207,1.0201098936941377e-07,0.3999962371718977,"{'table_obstacle': {'pos': [0.3825981920028062, 0.37518922255766707, 0.1646257963690813], 'size': [0.049837904948193595, 0.0813235869879147, 0.05243307039854257]}, 'pillar_obstacle': {'pos': [0.39994824830915515, -0.3824307480766307, 0.23470116647765446], 'size': [0.033663755439403885, 0.20172185302840845, 0.0]}, 'small_block': {'pos': [0.6140097595303955, -0.3535133918987863, 0.1097032402875184], 'size': [0.04461973939918376, 0.0849493067344041, 0.09534921802665242]}}"
4.861999999999958,0.5439988185626728,0.0,0.4,0.5384765104056939,1.4282901750899117e-07,0.3999960544307222,"{'table_obstacle': {'pos': [0.3825981920028062, 0.37518922255766707, 0.1646257963690813], 'size': [0.049837904948193595, 0.0813235869879147, 0.05243307039854257]}, 'pillar_obstacle': {'pos': [0.39994824830915515, -0.3824307480766307, 0.23470116647765446], 'size': [0.033663755439403885, 0.20172185302840845, 0.0]}, 'small_block': {'pos': [0.6140097595303955, -0.3535133918987863, 0.1097032402875184], 'size': [0.04461973939918376, 0.0849493067344041, 0.09534921802665242]}}"
4.862999999999959,0.5439988185626728,0.0,0.4,0.5385466404819739,1.7771959596036703e-07,0.39999589140026415,"{'table_obstacle': {'pos': [0.3825981920028062, 0.37518922255766707, 0.1646257963690813], 'size': [0.049837904948193595, 0.0813235869879147, 0.05243307039854257]}, 'pillar_obstacle': {'pos': [0.39994824830915515, -0.3824307480766307, 0.23470116647765446], 'size': [0.033663755439403885, 0.20172185302840845, 0.0]}, 'small_block': {'pos': [0.6140097595303955, -0.3535133918987863, 0.1097032402875184], 'size': [0.04461973939918376, 0.0849493067344041, 0.09534921802665242]}}"
4.863999999999959,0.5439988185626728,0.0,0.4,0.5386174048775103,2.0672920065587295e-07,0.3999957486162609,"{'table_obstacle': {'pos': [0.3825981920028062, 0.37518922255766707, 0.1646257963690813], 'size': [0.049837904948193595, 0.0813235869879147, 0.05243307039854257]}, 'pillar_obstacle': {'pos': [0.39994824830915515, -0.3824307480766307, 0.23470116647765446], 'size': [0.033663755439403885, 0.20172185302840845, 0.0]}, 'small_block': {'pos': [0.6140097595303955, -0.3535133918987863, 0.1097032402875184], 'size': [0.04461973939918376, 0.0849493067344041, 0.09534921802665242]}}"
4.864999999999959,0.5439988185626728,0.0,0.4,0.5386884854752176,2.3012062163684172e-07,0.3999956257241275,"{'table_obstacle': {'pos': [0.3825981920028062, 0.37518922255766707, 0.1646257963690813], 'size': [0.049837904948193595, 0.0813235869879147, 0.05243307039854257]}, 'pillar_obstacle': {'pos': [0.39994824830915515, -0.3824307480766307, 0.23470116647765446], 'size': [0.033663755439403885, 0.20172185302840845, 0.0]}, 'small_block': {'pos': [0.6140097595303955, -0.3535133918987863, 0.1097032402875184], 'size': [0.04461973939918376, 0.0849493067344041, 0.09534921802665242]}}"
4.86599999999996,0.5439988185626728,0.0,0.4,0.538759627178234,2.482882663612253e-07,0.39999552179737896,"{'table_obstacle': {'pos': [0.3825981920028062, 0.37518922255766707, 0.1646257963690813], 'size': [0.049837904948193595, 0.0813235869879147, 0.05243307039854257]}, 'pillar_obstacle': {'pos': [0.39994824830915515, -0.3824307480766307, 0.23470116647765446], 'size': [0.033663755439403885, 0.20172185302840845, 0.0]}, 'small_block': {'pos': [0.6140097595303955, -0.3535133918987863, 0.1097032402875184], 'size': [0.04461973939918376, 0.0849493067344041, 0.09534921802665242]}}"
4.86699999999996,0.5439988185626728,0.0,0.4,0.5388306259431267,2.616979373007426e-07,0.3999954355665445,"{'table_obstacle': {'pos': [0.3825981920028062, 0.37518922255766707, 0.1646257963690813], 'size': [0.049837904948193595, 0.0813235869879147, 0.05243307039854257]}, 'pillar_obstacle': {'pos': [0.39994824830915515, -0.3824307480766307, 0.23470116647765446], 'size': [0.033663755439403885, 0.20172185302840845, 0.0]}, 'small_block': {'pos': [0.6140097595303955, -0.3535133918987863, 0.1097032402875184], 'size': [0.04461973939918376, 0.0849493067344041, 0.09534921802665242]}}"
4.86799999999996,0.5439988185626728,0.0,0.4,0.5389013190779266,2.708448260429337e-07,0.3999953655814024,"{'table_obstacle': {'pos': [0.3825981920028062, 0.37518922255766707, 0.1646257963690813], 'size': [0.049837904948193595, 0.0813235869879147, 0.05243307039854257]}, 'pillar_obstacle': {'pos': [0.39994824830915515, -0.3824307480766307, 0.23470116647765446], 'size': [0.033663755439403885, 0.20172185302840845, 0.0]}, 'small_block': {'pos': [0.6140097595303955, -0.3535133918987863, 0.1097032402875184], 'size': [0.04461973939918376, 0.0849493067344041, 0.09534921802665242]}}"
4.868999999999961,0.5439988185626728,0.0,0.4,0.5389715773767428,2.7622495372826425e-07,0.3999953103237921,"{'table_obstacle': {'pos': [0.3825981920028062, 0.37518922255766707, 0.1646257963690813], 'size': [0.049837904948193595, 0.0813235869879147, 0.05243307039854257]}, 'pillar_obstacle': {'pos': [0.39994824830915515, -0.3824307480766307, 0.23470116647765446], 'size': [0.033663755439403885, 0.20172185302840845, 0.0]}, 'small_block': {'pos': [0.6140097595303955, -0.3535133918987863, 0.1097032402875184], 'size': [0.04461973939918376, 0.0849493067344041, 0.09534921802665242]}}"
4.869999999999961,0.5439988185626728,0.0,0.4,0.5390412987435536,2.783164593125599e-07,0.39999526828404275,"{'table_obstacle': {'pos': [0.3825981920028062, 0.37518922255766707, 0.1646257963690813], 'size': [0.049837904948193595, 0.0813235869879147, 0.05243307039854257]}, 'pillar_obstacle': {'pos': [0.39994824830915515, -0.3824307480766307, 0.23470116647765446], 'size': [0.033663755439403885, 0.20172185302840845, 0.0]}, 'small_block': {'pos': [0.6140097595303955, -0.3535133918987863, 0.1097032402875184], 'size': [0.04461973939918376, 0.0849493067344041, 0.09534921802665242]}}"
4.870999999999961,0.5439988185626728,0.0,0.4,0.5391104030234168,2.7756801005841615e-07,0.39999523801083214,"{'table_obstacle': {'pos': [0.3825981920028062, 0.37518922255766707, 0.1646257963690813], 'size': [0.049837904948193595, 0.0813235869879147, 0.05243307039854257]}, 'pillar_obstacle': {'pos': [0.39994824830915515, -0.3824307480766307, 0.23470116647765446], 'size': [0.033663755439403885, 0.20172185302840845, 0.0]}, 'small_block': {'pos': [0.6140097595303955, -0.3535133918987863, 0.1097032402875184], 'size': [0.04461973939918376, 0.0849493067344041, 0.09534921802665242]}}"
4.871999999999962,0.5439988185626728,0.0,0.4,0.5391788278125971,2.7439229704969937e-07,0.39999521814185307,"{'table_obstacle': {'pos': [0.3825981920028062, 0.37518922255766707, 0.1646257963690813], 'size': [0.049837904948193595, 0.0813235869879147, 0.05243307039854257]}, 'pillar_obstacle': {'pos': [0.39994824830915515, -0.3824307480766307, 0.23470116647765446], 'size': [0.033663755439403885, 0.20172185302840845, 0.0]}, 'small_block': {'pos': [0.6140097595303955, -0.3535133918987863, 0.1097032402875184], 'size': [0.04461973939918376, 0.0849493067344041, 0.09534921802665242]}}"
4.872999999999962,0.5439988185626728,0.0,0.4,0.539246525062325,2.6916310020687613e-07,0.39999520742079203,"{'table_obstacle': {'pos': [0.3825981920028062, 0.37518922255766707, 0.1646257963690813], 'size': [0.049837904948193595, 0.0813235869879147, 0.05243307039854257]}, 'pillar_obstacle': {'pos': [0.39994824830915515, -0.3824307480766307, 0.23470116647765446], 'size': [0.033663755439403885, 0.20172185302840845, 0.0]}, 'small_block': {'pos': [0.6140097595303955, -0.3535133918987863, 0.1097032402875184], 'size': [0.04461973939918376, 0.0849493067344041, 0.09534921802665242]}}"
4.873999999999962,0.5439988185626728,0.0,0.4,0.5393134583259582,2.6221478820743405e-07,0.3999952047047267,"{'table_obstacle': {'pos': [0.3825981920028062, 0.37518922255766707, 0.1646257963690813], 'size': [0.049837904948193595, 0.0813235869879147, 0.05243307039854257]}, 'pillar_obstacle': {'pos': [0.39994824830915515, -0.3824307480766307, 0.23470116647765446], 'size': [0.033663755439403885, 0.20172185302840845, 0.0]}, 'small_block': {'pos': [0.6140097595303955, -0.3535133918987863, 0.1097032402875184], 'size': [0.04461973939918376, 0.0849493067344041, 0.09534921802665242]}}"
4.874999999999963,0.5439988185626728,0.0,0.4,0.5393796005277387,2.5384343836796904e-07,0.39999520896496554,"{'table_obstacle': {'pos': [0.3825981920028062, 0.37518922255766707, 0.1646257963690813], 'size': [0.049837904948193595, 0.0813235869879147, 0.05243307039854257]}, 'pillar_obstacle': {'pos': [0.39994824830915515, -0.3824307480766307, 0.23470116647765446], 'size': [0.033663755439403885, 0.20172185302840845, 0.0]}, 'small_block': {'pos': [0.6140097595303955, -0.3535133918987863, 0.1097032402875184], 'size': [0.04461973939918376, 0.0849493067344041, 0.09534921802665242]}}"
4.875999999999963,0.5439988185626728,0.0,0.4,0.5394449321543939,2.443089701051901e-07,0.3999952192835563,"{'table_obstacle': {'pos': [0.3825981920028062, 0.37518922255766707, 0.1646257963690813], 'size': [0.049837904948193595, 0.0813235869879147, 0.05243307039854257]}, 'pillar_obstacle': {'pos': [0.39994824830915515, -0.3824307480766307, 0.23470116647765446], 'size': [0.033663755439403885, 0.20172185302840845, 0.0]}, 'small_block': {'pos': [0.6140097595303955, -0.3535133918987863, 0.1097032402875184], 'size': [0.04461973939918376, 0.0849493067344041, 0.09534921802665242]}}"
4.876999999999963,0.5439988185626728,0.0,0.4,0.5395094397895315,2.3383786666868526e-07,0.3999952348470717,"{'table_obstacle': {'pos': [0.3825981920028062, 0.37518922255766707, 0.1646257963690813], 'size': [0.049837904948193595, 0.0813235869879147, 0.05243307039854257]}, 'pillar_obstacle': {'pos': [0.39994824830915515, -0.3824307480766307, 0.23470116647765446], 'size': [0.033663755439403885, 0.20172185302840845, 0.0]}, 'small_block': {'pos': [0.6140097595303955, -0.3535133918987863, 0.1097032402875184], 'size': [0.04461973939918376, 0.0849493067344041, 0.09534921802665242]}}"
4.877999999999964,0.5439988185626728,0.0,0.4,0.5395731149259169,2.226261826142484e-07,0.39999525493882937,"{'table_obstacle': {'pos': [0.3825981920028062, 0.37518922255766707, 0.1646257963690813], 'size': [0.049837904948193595, 0.0813235869879147, 0.05243307039854257]}, 'pillar_obstacle': {'pos': [0.39994824830915515, -0.3824307480766307, 0.23470116647765446], 'size': [0.033663755439403885, 0.20172185302840845, 0.0]}, 'small_block': {'pos': [0.6140097595303955, -0.3535133918987863, 0.1097032402875184], 'size': [0.04461973939918376, 0.0849493067344041, 0.09534921802665242]}}"
4.878999999999964,0.5439988185626728,0.0,0.4,0.5396359530030276,2.1084262478832032e-07,0.3999952789303616,"{'table_obstacle': {'pos': [0.3825981920028062, 0.37518922255766707, 0.1646257963690813], 'size': [0.049837904948193595, 0.0813235869879147, 0.05243307039854257]}, 'pillar_obstacle': {'pos': [0.39994824830915515, -0.3824307480766307, 0.23470116647765446], 'size': [0.033663755439403885, 0.20172185302840845, 0.0]}, 'small_block': {'pos': [0.6140097595303955, -0.3535133918987863, 0.1097032402875184], 'size': [0.04461973939918376, 0.0849493067344041, 0.09534921802665242]}}"
4.879999999999964,0.5439988185626728,0.0,0.4,0.5396979526272271,1.986315751557739e-07,0.39999530627269114,"{'table_obstacle': {'pos': [0.3825981920028062, 0.37518922255766707, 0.1646257963690813], 'size': [0.049837904948193595, 0.0813235869879147, 0.05243307039854257]}, 'pillar_obstacle': {'pos': [0.39994824830915515, -0.3824307480766307, 0.23470116647765446], 'size': [0.033663755439403885, 0.20172185302840845, 0.0]}, 'small_block': {'pos': [0.6140097595303955, -0.3535133918987863, 0.1097032402875184], 'size': [0.04461973939918376, 0.0849493067344041, 0.09534921802665242]}}"
4.880999999999965,0.5439988185626728,0.0,0.4,0.5397591149399841,1.8611595956593687e-07,0.39999533648779867,"{'table_obstacle': {'pos': [0.3825981920028062, 0.37518922255766707, 0.1646257963690813], 'size': [0.049837904948193595, 0.0813235869879147, 0.05243307039854257]}, 'pillar_obstacle': {'pos': [0.39994824830915515, -0.3824307480766307, 0.23470116647765446], 'size': [0.033663755439403885, 0.20172185302840845, 0.0]}, 'small_block': {'pos': [0.6140097595303955, -0.3535133918987863, 0.1097032402875184], 'size': [0.04461973939918376, 0.0849493067344041, 0.09534921802665242]}}"
4.881999999999965,0.5439988185626728,0.0,0.4,0.5398194431061054,1.7339991278217537e-07,0.39999536916051204,"{'table_obstacle': {'pos': [0.3825981920028062, 0.37518922255766707, 0.1646257963690813], 'size': [0.049837904948193595, 0.0813235869879147, 0.05243307039854257]}, 'pillar_obstacle': {'pos': [0.39994824830915515, -0.3824307480766307, 0.23470116647765446], 'size': [0.033663755439403885, 0.20172185302840845, 0.0]}, 'small_block': {'pos': [0.6140097595303955, -0.3535133918987863, 0.1097032402875184], 'size': [0.04461973939918376, 0.0849493067344041, 0.09534921802665242]}}"
4.882999999999965,0.5439988185626728,0.0,0.4,0.5398789418992607,1.6057121491199976e-07,0.39999540393096567,"{'table_obstacle': {'pos': [0.3825981920028062, 0.37518922255766707, 0.1646257963690813], 'size': [0.049837904948193595, 0.0813235869879147, 0.05243307039854257]}, 'pillar_obstacle': {'pos': [0.39994824830915515, -0.3824307480766307, 0.23470116647765446], 'size': [0.033663755439403885, 0.20172185302840845, 0.0]}, 'small_block': {'pos': [0.6140097595303955, -0.3535133918987863, 0.1097032402875184], 'size': [0.04461973939918376, 0.0849493067344041, 0.09534921802665242]}}"
4.883999999999966,0.5439988185626728,0.0,0.4,0.5399376173663768,1.4770348586746152e-07,0.39999544048770364,"{'table_obstacle': {'pos': [0.3825981920028062, 0.37518922255766707, 0.1646257963690813], 'size': [0.049837904948193595, 0.0813235869879147, 0.05243307039854257]}, 'pillar_obstacle': {'pos': [0.39994824830915515, -0.3824307480766307, 0.23470116647765446], 'size': [0.033663755439403885, 0.20172185302840845, 0.0]}, 'small_block': {'pos': [0.6140097595303955, -0.3535133918987863, 0.1097032402875184], 'size': [0.04461973939918376, 0.0849493067344041, 0.09534921802665242]}}"
4.884999999999966,0.5439988185626728,0.0,0.4,0.5399954765559704,1.3485814355226367e-07,0.39999547856144824,"{'table_obstacle': {'pos': [0.3825981920028062, 0.37518922255766707, 0.1646257963690813], 'size': [0.049837904948193595, 0.0813235869879147, 0.05243307039854257]}, 'pillar_obstacle': {'pos': [0.39994824830915515, -0.3824307480766307, 0.23470116647765446], 'size': [0.033663755439403885, 0.20172185302840845, 0.0]}, 'small_block': {'pos': [0.6140097595303955, -0.3535133918987863, 0.1097032402875184], 'size': [0.04461973939918376, 0.0849493067344041, 0.09534921802665242]}}"
4.885999999999966,0.5439988185626728,0.0,0.4,0.54005252729831,1.220861347121036e-07,0.3999955179195303,"{'table_obstacle': {'pos': [0.3825981920028062, 0.37518922255766707, 0.1646257963690813], 'size': [0.049837904948193595, 0.0813235869879147, 0.05243307039854257]}, 'pillar_obstacle': {'pos': [0.39994824830915515, -0.3824307480766307, 0.23470116647765446], 'size': [0.033663755439403885, 0.20172185302840845, 0.0]}, 'small_block': {'pos': [0.6140097595303955, -0.3535133918987863, 0.1097032402875184], 'size': [0.04461973939918376, 0.0849493067344041, 0.09534921802665242]}}"
4.886999999999967,0.5439988185626728,0.0,0.4,0.5401087780275943,1.0942945511357573e-07,0.3999955583609529,"{'table_obstacle': {'pos': [0.3825981920028062, 0.37518922255766707, 0.1646257963690813], 'size': [0.049837904948193595, 0.0813235869879147, 0.05243307039854257]}, 'pillar_obstacle': {'pos': [0.39994824830915515, -0.3824307480766307, 0.23470116647765446], 'size': [0.033663755439403885, 0.20172185302840845, 0.0]}, 'small_block': {'pos': [0.6140097595303955, -0.3535133918987863, 0.1097032402875184], 'size': [0.04461973939918376, 0.0849493067344041, 0.09534921802665242]}}"
4.887999999999967,0.5439988185626728,0.0,0.4,0.5401642376381918,9.692247468760954e-08,0.3999955997120436,"{'table_obstacle': {'pos': [0.3825981920028062, 0.37518922255766707, 0.1646257963690813], 'size': [0.049837904948193595, 0.0813235869879147, 0.05243307039854257]}, 'pillar_obstacle': {'pos': [0.39994824830915515, -0.3824307480766307, 0.23470116647765446], 'size': [0.033663755439403885, 0.20172185302840845, 0.0]}, 'small_block': {'pos': [0.6140097595303955, -0.3535133918987863, 0.1097032402875184], 'size': [0.04461973939918376, 0.0849493067344041, 0.09534921802665242]}}"
4.888999999999967,0.5439988185626728,0.0,0.4,0.5402189153684869,8.459308727503493e-08,0.39999564182265074,"{'table_obstacle': {'pos': [0.3825981920028062, 0.37518922255766707, 0.1646257963690813], 'size': [0.049837904948193595, 0.0813235869879147, 0.05243307039854257]}, 'pillar_obstacle': {'pos': [0.39994824830915515, -0.3824307480766307, 0.23470116647765446], 'size': [0.033663755439403885, 0.20172185302840845, 0.0]}, 'small_block': {'pos': [0.6140097595303955, -0.3535133918987863, 0.1097032402875184], 'size': [0.04461973939918376, 0.0849493067344041, 0.09534921802665242]}}"
4.889999999999968,0.5439988185626728,0.0,0.4,0.5402728207071079,7.246370460559487e-08,0.3999956845628334,"{'table_obstacle': {'pos': [0.3825981920028062, 0.37518922255766707, 0.1646257963690813], 'size': [0.049837904948193595, 0.0813235869879147, 0.05243307039854257]}, 'pillar_obstacle': {'pos': [0.39994824830915515, -0.3824307480766307, 0.23470116647765446], 'size': [0.033663755439403885, 0.20172185302840845, 0.0]}, 'small_block': {'pos': [0.6140097595303955, -0.3535133918987863, 0.1097032402875184], 'size': [0.04461973939918376, 0.0849493067344041, 0.09534921802665242]}}"
4.890999999999968,0.5439988185626728,0.0,0.4,0.5403259633172937,6.055210963022435e-08,0.3999957278199893,"{'table_obstacle': {'pos': [0.3825981920028062, 0.37518922255766707, 0.1646257963690813], 'size': [0.049837904948193595, 0.0813235869879147, 0.05243307039854257]}, 'pillar_obstacle': {'pos': [0.39994824830915515, -0.3824307480766307, 0.23470116647765446], 'size': [0.033663755439403885, 0.20172185302840845, 0.0]}, 'small_block': {'pos': [0.6140097595303955, -0.3535133918987863, 0.1097032402875184], 'size': [0.04461973939918376, 0.0849493067344041, 0.09534921802665242]}}"
4.891999999999968,0.5439988185626728,0.0,0.4,0.5403783529759631,4.8872189132000655e-08,0.39999577149637583,"{'table_obstacle': {'pos': [0.3825981920028062, 0.37518922255766707, 0.1646257963690813], 'size': [0.049837904948193595, 0.0813235869879147, 0.05243307039854257]}, 'pillar_obstacle': {'pos': [0.39994824830915515, -0.3824307480766307, 0.23470116647765446], 'size': [0.033663755439403885, 0.20172185302840845, 0.0]}, 'small_block': {'pos': [0.6140097595303955, -0.3535133918987863, 0.1097032402875184], 'size': [0.04461973939918376, 0.0849493067344041, 0.09534921802665242]}}"
4.892999999999969,0.5439988185626728,0.0,0.4,0.5404299995247002,3.743455848305911e-08,0.39999581550697677,"{'table_obstacle': {'pos': [0.3825981920028062, 0.37518922255766707, 0.1646257963690813], 'size': [0.049837904948193595, 0.0813235869879147, 0.05243307039854257]}, 'pillar_obstacle': {'pos': [0.39994824830915515, -0.3824307480766307, 0.23470116647765446], 'size': [0.033663755439403885, 0.20172185302840845, 0.0]}, 'small_block': {'pos': [0.6140097595303955, -0.3535133918987863, 0.1097032402875184], 'size': [0.04461973939918376, 0.0849493067344041, 0.09534921802665242]}}"
4.893999999999969,0.5439988185626728,0.0,0.4,0.540480912830396,2.6247094635874198e-08,0.3999958597776687,"{'table_obstacle': {'pos': [0.3825981920028062, 0.37518922255766707, 0.1646257963690813], 'size': [0.049837904948193595, 0.0813235869879147, 0.05243307039854257]}, 'pillar_obstacle': {'pos': [0.39994824830915515, -0.3824307480766307, 0.23470116647765446], 'size': [0.033663755439403885, 0.20172185302840845, 0.0]}, 'small_block': {'pos': [0.6140097595303955, -0.3535133918987863, 0.1097032402875184], 'size': [0.04461973939918376, 0.0849493067344041, 0.09534921802665242]}}"
4.894999999999969,0.5439988185626728,0.0,0.4,0.5405311027537146,1.5315388183698957e-08,0.3999959042436536,"{'table_obstacle': {'pos': [0.3825981920028062, 0.37518922255766707, 0.1646257963690813], 'size': [0.049837904948193595, 0.0813235869879147, 0.05243307039854257]}, 'pillar_obstacle': {'pos': [0.39994824830915515, -0.3824307480766307, 0.23470116647765446], 'size': [0.033663755439403885, 0.20172185302840845, 0.0]}, 'small_block': {'pos': [0.6140097595303955, -0.3535133918987863, 0.1097032402875184], 'size': [0.04461973939918376, 0.0849493067344041, 0.09534921802665242]}}"
4.89599999999997,0.5439988185626728,0.0,0.4,0.5405805791238978,4.6431265666005905e-09,0.3999959488481185,"{'table_obstacle': {'pos': [0.3825981920028062, 0.37518922255766707, 0.1646257963690813], 'size': [0.049837904948193595, 0.0813235869879147, 0.05243307039854257]}, 'pillar_obstacle': {'pos': [0.39994824830915515, -0.3824307480766307, 0.23470116647765446], 'size': [0.033663755439403885, 0.20172185302840845, 0.0]}, 'small_block': {'pos': [0.6140097595303955, -0.3535133918987863, 0.1097032402875184], 'size': [0.04461973939918376, 0.0849493067344041, 0.09534921802665242]}}"
4.89699999999997,0.5439988185626728,0.0,0.4,0.5406293517187074,-5.7675817613402125e-09,0.3999959935410925,"{'table_obstacle': {'pos': [0.3825981920028062, 0.37518922255766707, 0.1646257963690813], 'size': [0.049837904948193595, 0.0813235869879147, 0.05243307039854257]}, 'pillar_obstacle': {'pos': [0.39994824830915515, -0.3824307480766307, 0.23470116647765446], 'size': [0.033663755439403885, 0.20172185302840845, 0.0]}, 'small_block': {'pos': [0.6140097595303955, -0.3535133918987863, 0.1097032402875184], 'size': [0.04461973939918376, 0.0849493067344041, 0.09534921802665242]}}"
4.89799999999997,0.5439988185626728,0.0,0.4,0.5406774302485228,-1.5915934336341464e-08,0.3999960382784731,"{'table_obstacle': {'pos': [0.3825981920028062, 0.37518922255766707, 0.1646257963690813], 'size': [0.049837904948193595, 0.0813235869879147, 0.05243307039854257]}, 'pillar_obstacle': {'pos': [0.39994824830915515, -0.3824307480766307, 0.23470116647765446], 'size': [0.033663755439403885, 0.20172185302840845, 0.0]}, 'small_block': {'pos': [0.6140097595303955, -0.3535133918987863, 0.1097032402875184], 'size': [0.04461973939918376, 0.0849493067344041, 0.09534921802665242]}}"
4.898999999999971,0.5439988185626728,0.0,0.4,0.5407248243438094,-2.5802203797631365e-08,0.3999960830211987,"{'table_obstacle': {'pos': [0.3825981920028062, 0.37518922255766707, 0.1646257963690813], 'size': [0.049837904948193595, 0.0813235869879147, 0.05243307039854257]}, 'pillar_obstacle': {'pos': [0.39994824830915515, -0.3824307480766307, 0.23470116647765446], 'size': [0.033663755439403885, 0.20172185302840845, 0.0]}, 'small_block': {'pos': [0.6140097595303955, -0.3535133918987863, 0.1097032402875184], 'size': [0.04461973939918376, 0.0849493067344041, 0.09534921802665242]}}"
4.899999999999971,0.5439988185626728,0.0,0.4,0.5407715435453108,-3.542754579373641e-08,0.3999961277345465,"{'table_obstacle': {'pos': [0.3825981920028062, 0.37518922255766707, 0.1646257963690813], 'size': [0.049837904948193595, 0.0813235869879147, 0.05243307039854257]}, 'pillar_obstacle': {'pos': [0.39994824830915515, -0.3824307480766307, 0.23470116647765446], 'size': [0.033663755439403885, 0.20172185302840845, 0.0]}, 'small_block': {'pos': [0.6140097595303955, -0.3535133918987863, 0.1097032402875184], 'size': [0.04461973939918376, 0.0849493067344041, 0.09534921802665242]}}"
4.900999999999971,0.5439988185626728,0.0,0.4,0.5408175972964462,-4.479383489127198e-08,0.3999961723875334,"{'table_obstacle': {'pos': [0.3825981920028062, 0.37518922255766707, 0.1646257963690813], 'size': [0.049837904948193595, 0.0813235869879147, 0.05243307039854257]}, 'pillar_obstacle': {'pos': [0.39994824830915515, -0.3824307480766307, 0.23470116647765446], 'size': [0.033663755439403885, 0.20172185302840845, 0.0]}, 'small_block': {'pos': [0.6140097595303955, -0.3535133918987863, 0.1097032402875184], 'size': [0.04461973939918376, 0.0849493067344041, 0.09534921802665242]}}"
4.901999999999972,0.5439988185626728,0.0,0.4,0.5408629949374919,-5.390353048301977e-08,0.3999962169524118,"{'table_obstacle': {'pos': [0.3825981920028062, 0.37518922255766707, 0.1646257963690813], 'size': [0.049837904948193595, 0.0813235869879147, 0.05243307039854257]}, 'pillar_obstacle': {'pos': [0.39994824830915515, -0.3824307480766307, 0.23470116647765446], 'size': [0.033663755439403885, 0.20172185302840845, 0.0]}, 'small_block': {'pos': [0.6140097595303955, -0.3535133918987863, 0.1097032402875184], 'size': [0.04461973939918376, 0.0849493067344041, 0.09534921802665242]}}"
4.902999999999972,0.5439988185626728,0.0,0.4,0.5409077457012045,-6.275956182150787e-08,0.3999962614042388,"{'table_obstacle': {'pos': [0.3825981920028062, 0.37518922255766707, 0.1646257963690813], 'size': [0.049837904948193595, 0.0813235869879147, 0.05243307039854257]}, 'pillar_obstacle': {'pos': [0.39994824830915515, -0.3824307480766307, 0.23470116647765446], 'size': [0.033663755439403885, 0.20172185302840845, 0.0]}, 'small_block': {'pos': [0.6140097595303955, -0.3535133918987863, 0.1097032402875184], 'size': [0.04461973939918376, 0.0849493067344041, 0.09534921802665242]}}"
4.903999999999972,0.5439988185626728,0.0,0.4,0.5409518587096075,-7.136523396091836e-08,0.39999630572051287,"{'table_obstacle': {'pos': [0.3825981920028062, 0.37518922255766707, 0.1646257963690813], 'size': [0.049837904948193595, 0.0813235869879147, 0.05243307039854257]}, 'pillar_obstacle': {'pos': [0.39994824830915515, -0.3824307480766307, 0.23470116647765446], 'size': [0.033663755439403885, 0.20172185302840845, 0.0]}, 'small_block': {'pos': [0.6140097595303955, -0.3535133918987863, 0.1097032402875184], 'size': [0.04461973939918376, 0.0849493067344041, 0.09534921802665242]}}"
4.904999999999973,0.5439988185626728,0.0,0.4,0.5409953429717177,-7.97241484862809e-08,0.3999963498808639,"{'table_obstacle': {'pos': [0.3825981920028062, 0.37518922255766707, 0.1646257963690813], 'size': [0.049837904948193595, 0.0813235869879147, 0.05243307039854257]}, 'pillar_obstacle': {'pos': [0.39994824830915515, -0.3824307480766307, 0.23470116647765446], 'size': [0.033663755439403885, 0.20172185302840845, 0.0]}, 'small_block': {'pos': [0.6140097595303955, -0.3535133918987863, 0.1097032402875184], 'size': [0.04461973939918376, 0.0849493067344041, 0.09534921802665242]}}"
4.905999999999973,0.5439988185626728,0.0,0.4,0.5410382073820293,-8.784013748343525e-08,0.3999963938667919,"{'table_obstacle': {'pos': [0.3825981920028062, 0.37518922255766707, 0.1646257963690813], 'size': [0.049837904948193595, 0.0813235869879147, 0.05243307039854257]}, 'pillar_obstacle': {'pos': [0.39994824830915515, -0.3824307480766307, 0.23470116647765446], 'size': [0.033663755439403885, 0.20172185302840845, 0.0]}, 'small_block': {'pos': [0.6140097595303955, -0.3535133918987863, 0.1097032402875184], 'size': [0.04461973939918376, 0.0849493067344041, 0.09534921802665242]}}"
4.906999999999973,0.5439988185626728,0.0,0.4,0.5410804607196065,-9.571720945136352e-08,0.3999964376614427,"{'table_obstacle': {'pos': [0.3825981920028062, 0.37518922255766707, 0.1646257963690813], 'size': [0.049837904948193595, 0.0813235869879147, 0.05243307039854257]}, 'pillar_obstacle': {'pos': [0.39994824830915515, -0.3824307480766307, 0.23470116647765446], 'size': [0.033663755439403885, 0.20172185302840845, 0.0]}, 'small_block': {'pos': [0.6140097595303955, -0.3535133918987863, 0.1097032402875184], 'size': [0.04461973939918376, 0.0849493067344041, 0.09534921802665242]}}"
4.907999999999974,0.5439988185626728,0.0,0.4,0.5411221116476665,-1.033595037348109e-07,0.39999648124942044,"{'table_obstacle': {'pos': [0.3825981920028062, 0.37518922255766707, 0.1646257963690813], 'size': [0.049837904948193595, 0.0813235869879147, 0.05243307039854257]}, 'pillar_obstacle': {'pos': [0.39994824830915515, -0.3824307480766307, 0.23470116647765446], 'size': [0.033663755439403885, 0.20172185302840845, 0.0]}, 'small_block': {'pos': [0.6140097595303955, -0.3535133918987863, 0.1097032402875184], 'size': [0.04461973939918376, 0.0849493067344041, 0.09534921802665242]}}"
4.908999999999974,0.5439988185626728,0.0,0.4,0.5411631687135557,-1.1077125314399643e-07,0.39999652461662494,"{'table_obstacle': {'pos': [0.3825981920028062, 0.37518922255766707, 0.1646257963690813], 'size': [0.049837904948193595, 0.0813235869879147, 0.05243307039854257]}, 'pillar_obstacle': {'pos': [0.39994824830915515, -0.3824307480766307, 0.23470116647765446], 'size': [0.033663755439403885, 0.20172185302840845, 0.0]}, 'small_block': {'pos': [0.6140097595303955, -0.3535133918987863, 0.1097032402875184], 'size': [0.04461973939918376, 0.0849493067344041, 0.09534921802665242]}}"
4.909999999999974,0.5439988185626728,0.0,0.4,0.5412036403490397,-1.1795675264201537e-07,0.39999656775011344,"{'table_obstacle': {'pos': [0.3825981920028062, 0.37518922255766707, 0.1646257963690813], 'size': [0.049837904948193595, 0.0813235869879147, 0.05243307039854257]}, 'pillar_obstacle': {'pos': [0.39994824830915515, -0.3824307480766307, 0.23470116647765446], 'size': [0.033663755439403885, 0.20172185302840845, 0.0]}, 'small_block': {'pos': [0.6140097595303955, -0.3535133918987863, 0.1097032402875184], 'size': [0.04461973939918376, 0.0849493067344041, 0.09534921802665242]}}"
4.910999999999975,0.5439988185626728,0.0,0.4,0.541243534870842,-1.2492033518803216e-07,0.39999661063798425,"{'table_obstacle': {'pos': [0.3825981920028062, 0.37518922255766707, 0.1646257963690813], 'size': [0.049837904948193595, 0.0813235869879147, 0.05243307039854257]}, 'pillar_obstacle': {'pos': [0.39994824830915515, -0.3824307480766307, 0.23470116647765446], 'size': [0.033663755439403885, 0.20172185302840845, 0.0]}, 'small_block': {'pos': [0.6140097595303955, -0.3535133918987863, 0.1097032402875184], 'size': [0.04461973939918376, 0.0849493067344041, 0.09534921802665242]}}"
4.911999999999975,0.5439988185626728,0.0,0.4,0.541282860481387,-1.3166634889427894e-07,0.39999665326927436,"{'table_obstacle': {'pos': [0.3825981920028062, 0.37518922255766707, 0.1646257963690813], 'size': [0.049837904948193595, 0.0813235869879147, 0.05243307039854257]}, 'pillar_obstacle': {'pos': [0.39994824830915515, -0.3824307480766307, 0.23470116647765446], 'size': [0.033663755439403885, 0.20172185302840845, 0.0]}, 'small_block': {'pos': [0.6140097595303955, -0.3535133918987863, 0.1097032402875184], 'size': [0.04461973939918376, 0.0849493067344041, 0.09534921802665242]}}"
4.912999999999975,0.5439988185626728,0.0,0.4,0.5413216252696916,-1.3819914174338818e-07,0.39999669563387324,"{'table_obstacle': {'pos': [0.3825981920028062, 0.37518922255766707, 0.1646257963690813], 'size': [0.049837904948193595, 0.0813235869879147, 0.05243307039854257]}, 'pillar_obstacle': {'pos': [0.39994824830915515, -0.3824307480766307, 0.23470116647765446], 'size': [0.033663755439403885, 0.20172185302840845, 0.0]}, 'small_block': {'pos': [0.6140097595303955, -0.3535133918987863, 0.1097032402875184], 'size': [0.04461973939918376, 0.0849493067344041, 0.09534921802665242]}}"
4.913999999999976,0.5439988185626728,0.0,0.4,0.5413598372123889,-1.4452304634109846e-07,0.39999673772244815,"{'table_obstacle': {'pos': [0.3825981920028062, 0.37518922255766707, 0.1646257963690813], 'size': [0.049837904948193595, 0.0813235869879147, 0.05243307039854257]}, 'pillar_obstacle': {'pos': [0.39994824830915515, -0.3824307480766307, 0.23470116647765446], 'size': [0.033663755439403885, 0.20172185302840845, 0.0]}, 'small_block': {'pos': [0.6140097595303955, -0.3535133918987863, 0.1097032402875184], 'size': [0.04461973939918376, 0.0849493067344041, 0.09534921802665242]}}"
4.914999999999976,0.5439988185626728,0.0,0.4,0.5413975041748411,-1.5064236956007438e-07,0.39999677952637835,"{'table_obstacle': {'pos': [0.3825981920028062, 0.37518922255766707, 0.1646257963690813], 'size': [0.049837904948193595, 0.0813235869879147, 0.05243307039854257]}, 'pillar_obstacle': {'pos': [0.39994824830915515, -0.3824307480766307, 0.23470116647765446], 'size': [0.033663755439403885, 0.20172185302840845, 0.0]}, 'small_block': {'pos': [0.6140097595303955, -0.3535133918987863, 0.1097032402875184], 'size': [0.04461973939918376, 0.0849493067344041, 0.09534921802665242]}}"
4.915999999999976,0.5439988185626728,0.0,0.4,0.5414346339123297,-1.5656138275615632e-07,0.3999968210376988,"{'table_obstacle': {'pos': [0.3825981920028062, 0.37518922255766707, 0.1646257963690813], 'size': [0.049837904948193595, 0.0813235869879147, 0.05243307039854257]}, 'pillar_obstacle': {'pos': [0.39994824830915515, -0.3824307480766307, 0.23470116647765446], 'size': [0.033663755439403885, 0.20172185302840845, 0.0]}, 'small_block': {'pos': [0.6140097595303955, -0.3535133918987863, 0.1097032402875184], 'size': [0.04461973939918376, 0.0849493067344041, 0.09534921802665242]}}"
4.916999999999977,0.5439988185626728,0.0,0.4,0.5414712340713004,-1.6228431397881825e-07,0.39999686224905107,"{'table_obstacle': {'pos': [0.3825981920028062, 0.37518922255766707, 0.1646257963690813], 'size': [0.049837904948193595, 0.0813235869879147, 0.05243307039854257]}, 'pillar_obstacle': {'pos': [0.39994824830915515, -0.3824307480766307, 0.23470116647765446], 'size': [0.033663755439403885, 0.20172185302840845, 0.0]}, 'small_block': {'pos': [0.6140097595303955, -0.3535133918987863, 0.1097032402875184], 'size': [0.04461973939918376, 0.0849493067344041, 0.09534921802665242]}}"
4.917999999999977,0.5439988185626728,0.0,0.4,0.5415073121906492,-1.6781534376550404e-07,0.3999969031536392,"{'table_obstacle': {'pos': [0.3825981920028062, 0.37518922255766707, 0.1646257963690813], 'size': [0.049837904948193595, 0.0813235869879147, 0.05243307039854257]}, 'pillar_obstacle': {'pos': [0.39994824830915515, -0.3824307480766307, 0.23470116647765446], 'size': [0.033663755439403885, 0.20172185302840845, 0.0]}, 'small_block': {'pos': [0.6140097595303955, -0.3535133918987863, 0.1097032402875184], 'size': [0.04461973939918376, 0.0849493067344041, 0.09534921802665242]}}"
4.918999999999977,0.5439988185626728,0.0,0.4,0.5415428757030385,-1.731585985460605e-07,0.39999694374519273,"{'table_obstacle': {'pos': [0.3825981920028062, 0.37518922255766707, 0.1646257963690813], 'size': [0.049837904948193595, 0.0813235869879147, 0.05243307039854257]}, 'pillar_obstacle': {'pos': [0.39994824830915515, -0.3824307480766307, 0.23470116647765446], 'size': [0.033663755439403885, 0.20172185302840845, 0.0]}, 'small_block': {'pos': [0.6140097595303955, -0.3535133918987863, 0.1097032402875184], 'size': [0.04461973939918376, 0.0849493067344041, 0.09534921802665242]}}"
4.919999999999978,0.5439988185626728,0.0,0.4,0.541577931936233,-1.7831814793858694e-07,0.3999969840179306,"{'table_obstacle': {'pos': [0.3825981920028062, 0.37518922255766707, 0.1646257963690813], 'size': [0.049837904948193595, 0.0813235869879147, 0.05243307039854257]}, 'pillar_obstacle': {'pos': [0.39994824830915515, -0.3824307480766307, 0.23470116647765446], 'size': [0.033663755439403885, 0.20172185302840845, 0.0]}, 'small_block': {'pos': [0.6140097595303955, -0.3535133918987863, 0.1097032402875184], 'size': [0.04461973939918376, 0.0849493067344041, 0.09534921802665242]}}"
4.920999999999978,0.5439988185626728,0.0,0.4,0.5416124881144488,-1.832980030600367e-07,0.3999970239665323,"{'table_obstacle': {'pos': [0.3825981920028062, 0.37518922255766707, 0.1646257963690813], 'size': [0.049837904948193595, 0.0813235869879147, 0.05243307039854257]}, 'pillar_obstacle': {'pos': [0.39994824830915515, -0.3824307480766307, 0.23470116647765446], 'size': [0.033663755439403885, 0.20172185302840845, 0.0]}, 'small_block': {'pos': [0.6140097595303955, -0.3535133918987863, 0.1097032402875184], 'size': [0.04461973939918376, 0.0849493067344041, 0.09534921802665242]}}"
4.921999999999978,0.5439988185626728,0.0,0.4,0.5416465513597087,-1.8810211209463135e-07,0.39999706358611037,"{'table_obstacle': {'pos': [0.3825981920028062, 0.37518922255766707, 0.1646257963690813], 'size': [0.049837904948193595, 0.0813235869879147, 0.05243307039854257]}, 'pillar_obstacle': {'pos': [0.39994824830915515, -0.3824307480766307, 0.23470116647765446], 'size': [0.033663755439403885, 0.20172185302840845, 0.0]}, 'small_block': {'pos': [0.6140097595303955, -0.3535133918987863, 0.1097032402875184], 'size': [0.04461973939918376, 0.0849493067344041, 0.09534921802665242]}}"
4.922999999999979,0.5439988185626728,0.0,0.4,0.5416801286931988,-1.927343609982366e-07,0.39999710287218504,"{'table_obstacle': {'pos': [0.3825981920028062, 0.37518922255766707, 0.1646257963690813], 'size': [0.049837904948193595, 0.0813235869879147, 0.05243307039854257]}, 'pillar_obstacle': {'pos': [0.39994824830915515, -0.3824307480766307, 0.23470116647765446], 'size': [0.033663755439403885, 0.20172185302840845, 0.0]}, 'small_block': {'pos': [0.6140097595303955, -0.3535133918987863, 0.1097032402875184], 'size': [0.04461973939918376, 0.0849493067344041, 0.09534921802665242]}}"
4.923999999999979,0.5439988185626728,0.0,0.4,0.5417132270366238,-1.9719857121237614e-07,0.3999971418206617,"{'table_obstacle': {'pos': [0.3825981920028062, 0.37518922255766707, 0.1646257963690813], 'size': [0.049837904948193595, 0.0813235869879147, 0.05243307039854257]}, 'pillar_obstacle': {'pos': [0.39994824830915515, -0.3824307480766307, 0.23470116647765446], 'size': [0.033663755439403885, 0.20172185302840845, 0.0]}, 'small_block': {'pos': [0.6140097595303955, -0.3535133918987863, 0.1097032402875184], 'size': [0.04461973939918376, 0.0849493067344041, 0.09534921802665242]}}"
4.924999999999979,0.5439988185626728,0.0,0.4,0.5417458532135548,-2.0149849939112422e-07,0.3999971804278118,"{'table_obstacle': {'pos': [0.3825981920028062, 0.37518922255766707, 0.1646257963690813], 'size': [0.049837904948193595, 0.0813235869879147, 0.05243307039854257]}, 'pillar_obstacle': {'pos': [0.39994824830915515, -0.3824307480766307, 0.23470116647765446], 'size': [0.033663755439403885, 0.20172185302840845, 0.0]}, 'small_block': {'pos': [0.6140097595303955, -0.3535133918987863, 0.1097032402875184], 'size': [0.04461973939918376, 0.0849493067344041, 0.09534921802665242]}}"
4.92599999999998,0.5439988185626728,0.0,0.4,0.5417780139507732,-2.0563783730607358e-07,0.39999721869025223,"{'table_obstacle': {'pos': [0.3825981920028062, 0.37518922255766707, 0.1646257963690813], 'size': [0.049837904948193595, 0.0813235869879147, 0.05243307039854257]}, 'pillar_obstacle': {'pos': [0.39994824830915515, -0.3824307480766307, 0.23470116647765446], 'size': [0.033663755439403885, 0.20172185302840845, 0.0]}, 'small_block': {'pos': [0.6140097595303955, -0.3535133918987863, 0.1097032402875184], 'size': [0.04461973939918376, 0.0849493067344041, 0.09534921802665242]}}"
4.92699999999998,0.5439988185626728,0.0,0.4,0.5418097158795995,-2.0962021154535633e-07,0.3999972566049293,"{'table_obstacle': {'pos': [0.3825981920028062, 0.37518922255766707, 0.1646257963690813], 'size': [0.049837904948193595, 0.0813235869879147, 0.05243307039854257]}, 'pillar_obstacle': {'pos': [0.39994824830915515, -0.3824307480766307, 0.23470116647765446], 'size': [0.033663755439403885, 0.20172185302840845, 0.0]}, 'small_block': {'pos': [0.6140097595303955, -0.3535133918987863, 0.1097032402875184], 'size': [0.04461973939918376, 0.0849493067344041, 0.09534921802665242]}}"
4.92799999999998,0.5439988185626728,0.0,0.4,0.5418409655372143,-2.1344918392921285e-07,0.3999972941691021,"{'table_obstacle': {'pos': [0.3825981920028062, 0.37518922255766707, 0.1646257963690813], 'size': [0.049837904948193595, 0.0813235869879147, 0.05243307039854257]}, 'pillar_obstacle': {'pos': [0.39994824830915515, -0.3824307480766307, 0.23470116647765446], 'size': [0.033663755439403885, 0.20172185302840845, 0.0]}, 'small_block': {'pos': [0.6140097595303955, -0.3535133918987863, 0.1097032402875184], 'size': [0.04461973939918376, 0.0849493067344041, 0.09534921802665242]}}"
4.928999999999981,0.5439988185626728,0.0,0.4,0.5418717693679658,-2.1712825097735984e-07,0.39999733138032734,"{'table_obstacle': {'pos': [0.3825981920028062, 0.37518922255766707, 0.1646257963690813], 'size': [0.049837904948193595, 0.0813235869879147, 0.05243307039854257]}, 'pillar_obstacle': {'pos': [0.39994824830915515, -0.3824307480766307, 0.23470116647765446], 'size': [0.033663755439403885, 0.20172185302840845, 0.0]}, 'small_block': {'pos': [0.6140097595303955, -0.3535133918987863, 0.1097032402875184], 'size': [0.04461973939918376, 0.0849493067344041, 0.09534921802665242]}}"
4.929999999999981,0.5439988185626728,0.0,0.4,0.5419021337246638,-2.206608457345102e-07,0.3999973682364446,"{'table_obstacle': {'pos': [0.3825981920028062, 0.37518922255766707, 0.1646257963690813], 'size': [0.049837904948193595, 0.0813235869879147, 0.05243307039854257]}, 'pillar_obstacle': {'pos': [0.39994824830915515, -0.3824307480766307, 0.23470116647765446], 'size': [0.033663755439403885, 0.20172185302840845, 0.0]}, 'small_block': {'pos': [0.6140097595303955, -0.3535133918987863, 0.1097032402875184], 'size': [0.04461973939918376, 0.0849493067344041, 0.09534921802665242]}}"
4.930999999999981,0.5439988185626728,0.0,0.4,0.5419320648698585,-2.240503373568606e-07,0.3999974047355654,"{'table_obstacle': {'pos': [0.3825981920028062, 0.37518922255766707, 0.1646257963690813], 'size': [0.049837904948193595, 0.0813235869879147, 0.05243307039854257]}, 'pillar_obstacle': {'pos': [0.39994824830915515, -0.3824307480766307, 0.23470116647765446], 'size': [0.033663755439403885, 0.20172185302840845, 0.0]}, 'small_block': {'pos': [0.6140097595303955, -0.3535133918987863, 0.1097032402875184], 'size': [0.04461973939918376, 0.0849493067344041, 0.09534921802665242]}}"
4.931999999999982,0.5439988185626728,0.0,0.4,0.5419615689771045,-2.2730003190651484e-07,0.39999744087605815,"{'table_obstacle': {'pos': [0.3825981920028062, 0.37518922255766707, 0.1646257963690813], 'size': [0.049837904948193595, 0.0813235869879147, 0.05243307039854257]}, 'pillar_obstacle': {'pos': [0.39994824830915515, -0.3824307480766307, 0.23470116647765446], 'size': [0.033663755439403885, 0.20172185302840845, 0.0]}, 'small_block': {'pos': [0.6140097595303955, -0.3535133918987863, 0.1097032402875184], 'size': [0.04461973939918376, 0.0849493067344041, 0.09534921802665242]}}"
4.932999999999982,0.5479987808276003,0.0,0.4,0.5419906521322121,-2.3041317342103854e-07,0.3999974766565377,"{'table_obstacle': {'pos': [0.3825981920028062, 0.37518922255766707, 0.1646257963690813], 'size': [0.049837904948193595, 0.0813235869879147, 0.05243307039854257]}, 'pillar_obstacle': {'pos': [0.39994824830915515, -0.3824307480766307, 0.23470116647765446], 'size': [0.033663755439403885, 0.20172185302840845, 0.0]}, 'small_block': {'pos': [0.6140097595303955, -0.3535133918987863, 0.1097032402875184], 'size': [0.04461973939918376, 0.0849493067344041, 0.09534921802665242]}}"
4.933999999999982,0.5479987808276003,0.0,0.4,0.5420301005022271,-2.0354792932966133e-07,0.3999973888140821,"{'table_obstacle': {'pos': [0.3825981920028062, 0.37518922255766707, 0.1646257963690813], 'size': [0.049837904948193595, 0.0813235869879147, 0.05243307039854257]}, 'pillar_obstacle': {'pos': [0.39994824830915515, -0.3824307480766307, 0.23470116647765446], 'size': [0.033663755439403885, 0.20172185302840845, 0.0]}, 'small_block': {'pos': [0.6140097595303955, -0.3535133918987863, 0.1097032402875184], 'size': [0.04461973939918376, 0.0849493067344041, 0.09534921802665242]}}"
4.934999999999983,0.5479987808276003,0.0,0.4,0.5420777287289474,-1.5895518138044528e-07,0.3999972247942339,"{'table_obstacle': {'pos': [0.3825981920028062, 0.37518922255766707, 0.1646257963690813], 'size': [0.049837904948193595, 0.0813235869879147, 0.05243307039854257]}, 'pillar_obstacle': {'pos': [0.39994824830915515, -0.3824307480766307, 0.23470116647765446], 'size': [0.033663755439403885, 0.20172185302840845, 0.0]}, 'small_block': {'pos': [0.6140097595303955, -0.3535133918987863, 0.1097032402875184], 'size': [0.04461973939918376, 0.0849493067344041, 0.09534921802665242]}}"
4.935999999999983,0.5479987808276003,0.0,0.4,0.5421317674552268,-1.052754969501876e-07,0.39999701829398243,"{'table_obstacle': {'pos': [0.3825981920028062, 0.37518922255766707, 0.1646257963690813], 'size': [0.049837904948193595, 0.0813235869879147, 0.05243307039854257]}, 'pillar_obstacle': {'pos': [0.39994824830915515, -0.3824307480766307, 0.23470116647765446], 'size': [0.033663755439403885, 0.20172185302840845, 0.0]}, 'small_block': {'pos': [0.6140097595303955, -0.3535133918987863, 0.1097032402875184], 'size': [0.04461973939918376, 0.0849493067344041, 0.09534921802665242]}}"
4.936999999999983,0.5479987808276003,0.0,0.4,0.5421907848411275,-4.8473177697965485e-08,0.3999967928574061,"{'table_obstacle': {'pos': [0.3825981920028062, 0.37518922255766707, 0.1646257963690813], 'size': [0.049837904948193595, 0.0813235869879147, 0.05243307039854257]}, 'pillar_obstacle': {'pos': [0.39994824830915515, -0.3824307480766307, 0.23470116647765446], 'size': [0.033663755439403885, 0.20172185302840845, 0.0]}, 'small_block': {'pos': [0.6140097595303955, -0.3535133918987863, 0.1097032402875184], 'size': [0.04461973939918376, 0.0849493067344041, 0.09534921802665242]}}"
4.937999999999984,0.5479987808276003,0.0,0.4,0.542253622826565,7.455436731053869e-09,0.3999965645695665,"{'table_obstacle': {'pos': [0.3825981920028062, 0.37518922255766707, 0.1646257963690813], 'size': [0.049837904948193595, 0.0813235869879147, 0.05243307039854257]}, 'pillar_obstacle': {'pos': [0.39994824830915515, -0.3824307480766307, 0.23470116647765446], 'size': [0.033663755439403885, 0.20172185302840845, 0.0]}, 'small_block': {'pos': [0.6140097595303955, -0.3535133918987863, 0.1097032402875184], 'size': [0.04461973939918376, 0.0849493067344041, 0.09534921802665242]}}"
4.938999999999984,0.5479987808276003,0.0,0.4,0.5423193453887235,5.99469807972879e-08,0.39999634407291873,"{'table_obstacle': {'pos': [0.3825981920028062, 0.37518922255766707, 0.1646257963690813], 'size': [0.049837904948193595, 0.0813235869879147, 0.05243307039854257]}, 'pillar_obstacle': {'pos': [0.39994824830915515, -0.3824307480766307, 0.23470116647765446], 'size': [0.033663755439403885, 0.20172185302840845, 0.0]}, 'small_block': {'pos': [0.6140097595303955, -0.3535133918987863, 0.1097032402875184], 'size': [0.04461973939918376, 0.0849493067344041, 0.09534921802665242]}}"
4.939999999999984,0.5479987808276003,0.0,0.4,0.5423871965492898,1.0746886501172849e-07,0.39999613807380646,"{'table_obstacle': {'pos': [0.3825981920028062, 0.37518922255766707, 0.1646257963690813], 'size': [0.049837904948193595, 0.0813235869879147, 0.05243307039854257]}, 'pillar_obstacle': {'pos': [0.39994824830915515, -0.3824307480766307, 0.23470116647765446], 'size': [0.033663755439403885, 0.20172185302840845, 0.0]}, 'small_block': {'pos': [0.6140097595303955, -0.3535133918987863, 0.1097032402875184], 'size': [0.04461973939918376, 0.0849493067344041, 0.09534921802665242]}}"
4.940999999999985,0.5479987808276003,0.0,0.4,0.5424565663023847,1.4921856311259986e-07,0.39999595046477276,"{'table_obstacle': {'pos': [0.3825981920028062, 0.37518922255766707, 0.1646257963690813], 'size': [0.049837904948193595, 0.0813235869879147, 0.05243307039854257]}, 'pillar_obstacle': {'pos': [0.39994824830915515, -0.3824307480766307, 0.23470116647765446], 'size': [0.033663755439403885, 0.20172185302840845, 0.0]}, 'small_block': {'pos': [0.6140097595303955, -0.3535133918987863, 0.1097032402875184], 'size': [0.04461973939918376, 0.0849493067344041, 0.09534921802665242]}}"
4.941999999999985,0.5479987808276003,0.0,0.4,0.5425269629743752,1.849002342055673e-07,0.39999578315735485,"{'table_obstacle': {'pos': [0.3825981920028062, 0.37518922255766707, 0.1646257963690813], 'size': [0.049837904948193595, 0.0813235869879147, 0.05243307039854257]}, 'pillar_obstacle': {'pos': [0.39994824830915515, -0.3824307480766307, 0.23470116647765446], 'size': [0.033663755439403885, 0.20172185302840845, 0.0]}, 'small_block': {'pos': [0.6140097595303955, -0.3535133918987863, 0.1097032402875184], 'size': [0.04461973939918376, 0.0849493067344041, 0.09534921802665242]}}"
4.942999999999985,0.5479987808276003,0.0,0.4,0.5425979908047762,2.1456008007419335e-07,0.399995636696819,"{'table_obstacle': {'pos': [0.3825981920028062, 0.37518922255766707, 0.1646257963690813], 'size': [0.049837904948193595, 0.0813235869879147, 0.05243307039854257]}, 'pillar_obstacle': {'pos': [0.39994824830915515, -0.3824307480766307, 0.23470116647765446], 'size': [0.033663755439403885, 0.20172185302840845, 0.0]}, 'small_block': {'pos': [0.6140097595303955, -0.3535133918987863, 0.1097032402875184], 'size': [0.04461973939918376, 0.0849493067344041, 0.09534921802665242]}}"
4.943999999999986,0.5479987808276003,0.0,0.4,0.5426693317641809,2.384661298227381e-07,0.3999955107128846,"{'table_obstacle': {'pos': [0.3825981920028062, 0.37518922255766707, 0.1646257963690813], 'size': [0.049837904948193595, 0.0813235869879147, 0.05243307039854257]}, 'pillar_obstacle': {'pos': [0.39994824830915515, -0.3824307480766307, 0.23470116647765446], 'size': [0.033663755439403885, 0.20172185302840845, 0.0]}, 'small_block': {'pos': [0.6140097595303955, -0.3535133918987863, 0.1097032402875184], 'size': [0.04461973939918376, 0.0849493067344041, 0.09534921802665242]}}"
4.944999999999986,0.5479987808276003,0.0,0.4,0.5427407308098683,2.570214780102164e-07,0.39999540424735613,"{'table_obstacle': {'pos': [0.3825981920028062, 0.37518922255766707, 0.1646257963690813], 'size': [0.049837904948193595, 0.0813235869879147, 0.05243307039854257]}, 'pillar_obstacle': {'pos': [0.39994824830915515, -0.3824307480766307, 0.23470116647765446], 'size': [0.033663755439403885, 0.20172185302840845, 0.0]}, 'small_block': {'pos': [0.6140097595303955, -0.3535133918987863, 0.1097032402875184], 'size': [0.04461973939918376, 0.0849493067344041, 0.09534921802665242]}}"
4.945999999999986,0.5479987808276003,0.0,0.4,0.5428119839300434,2.7070258103766274e-07,0.39999531598966487,"{'table_obstacle': {'pos': [0.3825981920028062, 0.37518922255766707, 0.1646257963690813], 'size': [0.049837904948193595, 0.0813235869879147, 0.05243307039854257]}, 'pillar_obstacle': {'pos': [0.39994824830915515, -0.3824307480766307, 0.23470116647765446], 'size': [0.033663755439403885, 0.20172185302840845, 0.0]}, 'small_block': {'pos': [0.6140097595303955, -0.3535133918987863, 0.1097032402875184], 'size': [0.04461973939918376, 0.0849493067344041, 0.09534921802665242]}}"
4.946999999999987,0.5479987808276003,0.0,0.4,0.5428829284498949,2.800161990622821e-07,0.39999524444378887,"{'table_obstacle': {'pos': [0.3825981920028062, 0.37518922255766707, 0.1646257963690813], 'size': [0.049837904948193595, 0.0813235869879147, 0.05243307039854257]}, 'pillar_obstacle': {'pos': [0.39994824830915515, -0.3824307480766307, 0.23470116647765446], 'size': [0.033663755439403885, 0.20172185302840845, 0.0]}, 'small_block': {'pos': [0.6140097595303955, -0.3535133918987863, 0.1097032402875184], 'size': [0.04461973939918376, 0.0849493067344041, 0.09534921802665242]}}"
4.947999999999987,0.5479987808276003,0.0,0.4,0.5429534351719734,2.8547011240729803e-07,0.3999951880443175,"{'table_obstacle': {'pos': [0.3825981920028062, 0.37518922255766707, 0.1646257963690813], 'size': [0.049837904948193595, 0.0813235869879147, 0.05243307039854257]}, 'pillar_obstacle': {'pos': [0.39994824830915515, -0.3824307480766307, 0.23470116647765446], 'size': [0.033663755439403885, 0.20172185302840845, 0.0]}, 'small_block': {'pos': [0.6140097595303955, -0.3535133918987863, 0.1097032402875184], 'size': [0.04461973939918376, 0.0849493067344041, 0.09534921802665242]}}"
4.948999999999987,0.5479987808276003,0.0,0.4,0.5430234020040622,2.8755392371436916e-07,0.3999951452350631,"{'table_obstacle': {'pos': [0.3825981920028062, 0.37518922255766707, 0.1646257963690813], 'size': [0.049837904948193595, 0.0813235869879147, 0.05243307039854257]}, 'pillar_obstacle': {'pos': [0.39994824830915515, -0.3824307480766307, 0.23470116647765446], 'size': [0.033663755439403885, 0.20172185302840845, 0.0]}, 'small_block': {'pos': [0.6140097595303955, -0.3535133918987863, 0.1097032402875184], 'size': [0.04461973939918376, 0.0849493067344041, 0.09534921802665242]}}"
4.949999999999988,0.5479987808276003,0.0,0.4,0.5430927487932202,2.8672715709417125e-07,0.39999511452033487,"{'table_obstacle': {'pos': [0.3825981920028062, 0.37518922255766707, 0.1646257963690813], 'size': [0.049837904948193595, 0.0813235869879147, 0.05243307039854257]}, 'pillar_obstacle': {'pos': [0.39994824830915515, -0.3824307480766307, 0.23470116647765446], 'size': [0.033663755439403885, 0.20172185302840845, 0.0]}, 'small_block': {'pos': [0.6140097595303955, -0.3535133918987863, 0.1097032402875184], 'size': [0.04461973939918376, 0.0849493067344041, 0.09534921802665242]}}"
4.950999999999988,0.5479987808276003,0.0,0.4,0.5431614131378203,2.8341257282144994e-07,0.3999950944964513,"{'table_obstacle': {'pos': [0.3825981920028062, 0.37518922255766707, 0.1646257963690813], 'size': [0.049837904948193595, 0.0813235869879147, 0.05243307039854257]}, 'pillar_obstacle': {'pos': [0.39994824830915515, -0.3824307480766307, 0.23470116647765446], 'size': [0.033663755439403885, 0.20172185302840845, 0.0]}, 'small_block': {'pos': [0.6140097595303955, -0.3535133918987863, 0.1097032402875184], 'size': [0.04461973939918376, 0.0849493067344041, 0.09534921802665242]}}"
4.951999999999988,0.5479987808276003,0.0,0.4,0.5432293469925478,2.779931346762852e-07,0.39999508386917376,"{'table_obstacle': {'pos': [0.3825981920028062, 0.37518922255766707, 0.1646257963690813], 'size': [0.049837904948193595, 0.0813235869879147, 0.05243307039854257]}, 'pillar_obstacle': {'pos': [0.39994824830915515, -0.3824307480766307, 0.23470116647765446], 'size': [0.033663755439403885, 0.20172185302840845, 0.0]}, 'small_block': {'pos': [0.6140097595303955, -0.3535133918987863, 0.1097032402875184], 'size': [0.04461973939918376, 0.0849493067344041, 0.09534921802665242]}}"
4.952999999999989,0.5479987808276003,0.0,0.4,0.5432965139163145,2.7081148288054973e-07,0.3999950814612745,"{'table_obstacle': {'pos': [0.3825981920028062, 0.37518922255766707, 0.1646257963690813], 'size': [0.049837904948193595, 0.0813235869879147, 0.05243307039854257]}, 'pillar_obstacle': {'pos': [0.39994824830915515, -0.3824307480766307, 0.23470116647765446], 'size': [0.033663755439403885, 0.20172185302840845, 0.0]}, 'small_block': {'pos': [0.6140097595303955, -0.3535133918987863, 0.1097032402875184], 'size': [0.04461973939918376, 0.0849493067344041, 0.09534921802665242]}}"
4.953999999999989,0.5479987808276003,0.0,0.4,0.5433628868414218,2.621710638402249e-07,0.3999950862133637,"{'table_obstacle': {'pos': [0.3825981920028062, 0.37518922255766707, 0.1646257963690813], 'size': [0.049837904948193595, 0.0813235869879147, 0.05243307039854257]}, 'pillar_obstacle': {'pos': [0.39994824830915515, -0.3824307480766307, 0.23470116647765446], 'size': [0.033663755439403885, 0.20172185302840845, 0.0]}, 'small_block': {'pos': [0.6140097595303955, -0.3535133918987863, 0.1097032402875184], 'size': [0.04461973939918376, 0.0849493067344041, 0.09534921802665242]}}"
4.954999999999989,0.5479987808276003,0.0,0.4,0.543428446265328,2.5233830399791427e-07,0.3999950971802562,"{'table_obstacle': {'pos': [0.3825981920028062, 0.37518922255766707, 0.1646257963690813], 'size': [0.049837904948193595, 0.0813235869879147, 0.05243307039854257]}, 'pillar_obstacle': {'pos': [0.39994824830915515, -0.3824307480766307, 0.23470116647765446], 'size': [0.033663755439403885, 0.20172185302840845, 0.0]}, 'small_block': {'pos': [0.6140097595303955, -0.3535133918987863, 0.1097032402875184], 'size': [0.04461973939918376, 0.0849493067344041, 0.09534921802665242]}}"
4.95599999999999,0.5479987808276003,0.0,0.4,0.5434931787850399,2.415453886433927e-07,0.39999511352454387,"{'table_obstacle': {'pos': [0.3825981920028062, 0.37518922255766707, 0.1646257963690813], 'size': [0.049837904948193595, 0.0813235869879147, 0.05243307039854257]}, 'pillar_obstacle': {'pos': [0.39994824830915515, -0.3824307480766307, 0.23470116647765446], 'size': [0.033663755439403885, 0.20172185302840845, 0.0]}, 'small_block': {'pos': [0.6140097595303955, -0.3535133918987863, 0.1097032402875184], 'size': [0.04461973939918376, 0.0849493067344041, 0.09534921802665242]}}"
4.95699999999999,0.5479987808276003,0.0,0.4,0.5435570759092818,2.2999333387923293e-07,0.3999951345085576,"{'table_obstacle': {'pos': [0.3825981920028062, 0.37518922255766707, 0.1646257963690813], 'size': [0.049837904948193595, 0.0813235869879147, 0.05243307039854257]}, 'pillar_obstacle': {'pos': [0.39994824830915515, -0.3824307480766307, 0.23470116647765446], 'size': [0.033663755439403885, 0.20172185302840845, 0.0]}, 'small_block': {'pos': [0.6140097595303955, -0.3535133918987863, 0.1097032402875184], 'size': [0.04461973939918376, 0.0849493067344041, 0.09534921802665242]}}"
4.95799999999999,0.5479987808276003,0.0,0.4,0.543620133095872,2.1785513871539435e-07,0.3999951594855583,"{'table_obstacle': {'pos': [0.3825981920028062, 0.37518922255766707, 0.1646257963690813], 'size': [0.049837904948193595, 0.0813235869879147, 0.05243307039854257]}, 'pillar_obstacle': {'pos': [0.39994824830915515, -0.3824307480766307, 0.23470116647765446], 'size': [0.033663755439403885, 0.20172185302840845, 0.0]}, 'small_block': {'pos': [0.6140097595303955, -0.3535133918987863, 0.1097032402875184], 'size': [0.04461973939918376, 0.0849493067344041, 0.09534921802665242]}}"
4.958999999999991,0.5479987808276003,0.0,0.4,0.5436823489716791,2.05278876492837e-07,0.3999951878907379,"{'table_obstacle': {'pos': [0.3825981920028062, 0.37518922255766707, 0.1646257963690813], 'size': [0.049837904948193595, 0.0813235869879147, 0.05243307039854257]}, 'pillar_obstacle': {'pos': [0.39994824830915515, -0.3824307480766307, 0.23470116647765446], 'size': [0.033663755439403885, 0.20172185302840845, 0.0]}, 'small_block': {'pos': [0.6140097595303955, -0.3535133918987863, 0.1097032402875184], 'size': [0.04461973939918376, 0.0849493067344041, 0.09534921802665242]}}"
4.959999999999991,0.5479987808276003,0.0,0.4,0.5437437247006093,1.923906311060092e-07,0.3999952192324136,"{'table_obstacle': {'pos': [0.3825981920028062, 0.37518922255766707, 0.1646257963690813], 'size': [0.049837904948193595, 0.0813235869879147, 0.05243307039854257]}, 'pillar_obstacle': {'pos': [0.39994824830915515, -0.3824307480766307, 0.23470116647765446], 'size': [0.033663755439403885, 0.20172185302840845, 0.0]}, 'small_block': {'pos': [0.6140097595303955, -0.3535133918987863, 0.1097032402875184], 'size': [0.04461973939918376, 0.0849493067344041, 0.09534921802665242]}}"
4.960999999999991,0.5479987808276003,0.0,0.4,0.5438042634716005,1.7929722598273444e-07,0.39999525308366285,"{'table_obstacle': {'pos': [0.3825981920028062, 0.37518922255766707, 0.1646257963690813], 'size': [0.049837904948193595, 0.0813235869879147, 0.05243307039854257]}, 'pillar_obstacle': {'pos': [0.39994824830915515, -0.3824307480766307, 0.23470116647765446], 'size': [0.033663755439403885, 0.20172185302840845, 0.0]}, 'small_block': {'pos': [0.6140097595303955, -0.3535133918987863, 0.1097032402875184], 'size': [0.04461973939918376, 0.0849493067344041, 0.09534921802665242]}}"
4.961999999999992,0.5479987808276003,0.0,0.4,0.5438639700839164,1.660887174602628e-07,0.39999528907454845,"{'table_obstacle': {'pos': [0.3825981920028062, 0.37518922255766707, 0.1646257963690813], 'size': [0.049837904948193595, 0.0813235869879147, 0.05243307039854257]}, 'pillar_obstacle': {'pos': [0.39994824830915515, -0.3824307480766307, 0.23470116647765446], 'size': [0.033663755439403885, 0.20172185302840845, 0.0]}, 'small_block': {'pos': [0.6140097595303955, -0.3535133918987863, 0.1097032402875184], 'size': [0.04461973939918376, 0.0849493067344041, 0.09534921802665242]}}"
4.962999999999992,0.5479987808276003,0.0,0.4,0.5439228506113236,1.5284064365588582e-07,0.39999532688500294,"{'table_obstacle': {'pos': [0.3825981920028062, 0.37518922255766707, 0.1646257963690813], 'size': [0.049837904948193595, 0.0813235869879147, 0.05243307039854257]}, 'pillar_obstacle': {'pos': [0.39994824830915515, -0.3824307480766307, 0.23470116647765446], 'size': [0.033663755439403885, 0.20172185302840845, 0.0]}, 'small_block': {'pos': [0.6140097595303955, -0.3535133918987863, 0.1097032402875184], 'size': [0.04461973939918376, 0.0849493067344041, 0.09534921802665242]}}"
4.963999999999992,0.5479987808276003,0.0,0.4,0.5439809121302196,1.3961602983168076e-07,0.39999536623840853,"{'table_obstacle': {'pos': [0.3825981920028062, 0.37518922255766707, 0.1646257963690813], 'size': [0.049837904948193595, 0.0813235869879147, 0.05243307039854257]}, 'pillar_obstacle': {'pos': [0.39994824830915515, -0.3824307480766307, 0.23470116647765446], 'size': [0.033663755439403885, 0.20172185302840845, 0.0]}, 'small_block': {'pos': [0.6140097595303955, -0.3535133918987863, 0.1097032402875184], 'size': [0.04461973939918376, 0.0849493067344041, 0.09534921802665242]}}"
4.964999999999993,0.5479987808276003,0.0,0.4,0.5440381624996113,1.2646716241516414e-07,0.39999540689585183,"{'table_obstacle': {'pos': [0.3825981920028062, 0.37518922255766707, 0.1646257963690813], 'size': [0.049837904948193595, 0.0813235869879147, 0.05243307039854257]}, 'pillar_obstacle': {'pos': [0.39994824830915515, -0.3824307480766307, 0.23470116647765446], 'size': [0.033663755439403885, 0.20172185302840845, 0.0]}, 'small_block': {'pos': [0.6140097595303955, -0.3535133918987863, 0.1097032402875184], 'size': [0.04461973939918376, 0.0849493067344041, 0.09534921802665242]}}"
4.965999999999993,0.5479987808276003,0.0,0.4,0.5440946101831272,1.1343714601505074e-07,0.39999544865103565,"{'table_obstacle': {'pos': [0.3825981920028062, 0.37518922255766707, 0.1646257963690813], 'size': [0.049837904948193595, 0.0813235869879147, 0.05243307039854257]}, 'pillar_obstacle': {'pos': [0.39994824830915515, -0.3824307480766307, 0.23470116647765446], 'size': [0.033663755439403885, 0.20172185302840845, 0.0]}, 'small_block': {'pos': [0.6140097595303955, -0.3535133918987863, 0.1097032402875184], 'size': [0.04461973939918376, 0.0849493067344041, 0.09534921802665242]}}"
4.966999999999993,0.5479987808276003,0.0,0.4,0.5441502641051075,1.0056126280299146e-07,0.39999549132579854,"{'table_obstacle': {'pos': [0.3825981920028062, 0.37518922255766707, 0.1646257963690813], 'size': [0.049837904948193595, 0.0813235869879147, 0.05243307039854257]}, 'pillar_obstacle': {'pos': [0.39994824830915515, -0.3824307480766307, 0.23470116647765446], 'size': [0.033663755439403885, 0.20172185302840845, 0.0]}, 'small_block': {'pos': [0.6140097595303955, -0.3535133918987863, 0.1097032402875184], 'size': [0.04461973939918376, 0.0849493067344041, 0.09534921802665242]}}"
4.967999999999994,0.5479987808276003,0.0,0.4,0.5442051335343198,8.786814944537961e-08,0.39999553476619365,"{'table_obstacle': {'pos': [0.3825981920028062, 0.37518922255766707, 0.1646257963690813], 'size': [0.049837904948193595, 0.0813235869879147, 0.05243307039854257]}, 'pillar_obstacle': {'pos': [0.39994824830915515, -0.3824307480766307, 0.23470116647765446], 'size': [0.033663755439403885, 0.20172185302840845, 0.0]}, 'small_block': {'pos': [0.6140097595303955, -0.3535133918987863, 0.1097032402875184], 'size': [0.04461973939918376, 0.0849493067344041, 0.09534921802665242]}}"
4.968999999999994,0.5479987808276003,0.0,0.4,0.5442592279900728,7.538081788318703e-08,0.399995578839077,"{'table_obstacle': {'pos': [0.3825981920028062, 0.37518922255766707, 0.1646257963690813], 'size': [0.049837904948193595, 0.0813235869879147, 0.05243307039854257]}, 'pillar_obstacle': {'pos': [0.39994824830915515, -0.3824307480766307, 0.23470116647765446], 'size': [0.033663755439403885, 0.20172185302840845, 0.0]}, 'small_block': {'pos': [0.6140097595303955, -0.3535133918987863, 0.1097032402875184], 'size': [0.04461973939918376, 0.0849493067344041, 0.09534921802665242]}}"
4.969999999999994,0.5479987808276003,0.0,0.4,0.5443125571664815,6.311752954949246e-08,0.3999956234291487,"{'table_obstacle': {'pos': [0.3825981920028062, 0.37518922255766707, 0.1646257963690813], 'size': [0.049837904948193595, 0.0813235869879147, 0.05243307039854257]}, 'pillar_obstacle': {'pos': [0.39994824830915515, -0.3824307480766307, 0.23470116647765446], 'size': [0.033663755439403885, 0.20172185302840845, 0.0]}, 'small_block': {'pos': [0.6140097595303955, -0.3535133918987863, 0.1097032402875184], 'size': [0.04461973939918376, 0.0849493067344041, 0.09534921802665242]}}"
4.970999999999995,0.5479987808276003,0.0,0.4,0.5443651308714518,5.109254676397634e-08,0.39999566843639744,"{'table_obstacle': {'pos': [0.3825981920028062, 0.37518922255766707, 0.1646257963690813], 'size': [0.049837904948193595, 0.0813235869879147, 0.05243307039854257]}, 'pillar_obstacle': {'pos': [0.39994824830915515, -0.3824307480766307, 0.23470116647765446], 'size': [0.033663755439403885, 0.20172185302840845, 0.0]}, 'small_block': {'pos': [0.6140097595303955, -0.3535133918987863, 0.1097032402875184], 'size': [0.04461973939918376, 0.0849493067344041, 0.09534921802665242]}}"
4.971999999999995,0.5479987808276003,0.0,0.4,0.5444169589775902,3.931677407539587e-08,0.399995713773902,"{'table_obstacle': {'pos': [0.3825981920028062, 0.37518922255766707, 0.1646257963690813], 'size': [0.049837904948193595, 0.0813235869879147, 0.05243307039854257]}, 'pillar_obstacle': {'pos': [0.39994824830915515, -0.3824307480766307, 0.23470116647765446], 'size': [0.033663755439403885, 0.20172185302840845, 0.0]}, 'small_block': {'pos': [0.6140097595303955, -0.3535133918987863, 0.1097032402875184], 'size': [0.04461973939918376, 0.0849493067344041, 0.09534921802665242]}}"
4.972999999999995,0.5479987808276003,0.0,0.4,0.5444680513827818,2.779830345401548e-08,0.3999957593659438,"{'table_obstacle': {'pos': [0.3825981920028062, 0.37518922255766707, 0.1646257963690813], 'size': [0.049837904948193595, 0.0813235869879147, 0.05243307039854257]}, 'pillar_obstacle': {'pos': [0.39994824830915515, -0.3824307480766307, 0.23470116647765446], 'size': [0.033663755439403885, 0.20172185302840845, 0.0]}, 'small_block': {'pos': [0.6140097595303955, -0.3535133918987863, 0.1097032402875184], 'size': [0.04461973939918376, 0.0849493067344041, 0.09534921802665242]}}"
4.973999999999996,0.5479987808276003,0.0,0.4,0.5445184179786025,1.6542880769547312e-08,0.3999958051463914,"{'table_obstacle': {'pos': [0.3825981920028062, 0.37518922255766707, 0.1646257963690813], 'size': [0.049837904948193595, 0.0813235869879147, 0.05243307039854257]}, 'pillar_obstacle': {'pos': [0.39994824830915515, -0.3824307480766307, 0.23470116647765446], 'size': [0.033663755439403885, 0.20172185302840845, 0.0]}, 'small_block': {'pos': [0.6140097595303955, -0.3535133918987863, 0.1097032402875184], 'size': [0.04461973939918376, 0.0849493067344041, 0.09534921802665242]}}"
4.974999999999996,0.5479987808276003,0.0,0.4,0.5445680686250781,5.554296298991559e-09,0.3999958510573184,"{'table_obstacle': {'pos': [0.3825981920028062, 0.37518922255766707, 0.1646257963690813], 'size': [0.049837904948193595, 0.0813235869879147, 0.05243307039854257]}, 'pillar_obstacle': {'pos': [0.39994824830915515, -0.3824307480766307, 0.23470116647765446], 'size': [0.033663755439403885, 0.20172185302840845, 0.0]}, 'small_block': {'pos': [0.6140097595303955, -0.3535133918987863, 0.1097032402875184], 'size': [0.04461973939918376, 0.0849493067344041, 0.09534921802665242]}}"
4.975999999999996,0.5479987808276003,0.0,0.4,0.5446170131305872,-5.165281204131693e-09,0.3999958970478276,"{'table_obstacle': {'pos': [0.3825981920028062, 0.37518922255766707, 0.1646257963690813], 'size': [0.049837904948193595, 0.0813235869879147, 0.05243307039854257]}, 'pillar_obstacle': {'pos': [0.39994824830915515, -0.3824307480766307, 0.23470116647765446], 'size': [0.033663755439403885, 0.20172185302840845, 0.0]}, 'small_block': {'pos': [0.6140097595303955, -0.3535133918987863, 0.1097032402875184], 'size': [0.04461973939918376, 0.0849493067344041, 0.09534921802665242]}}"
4.976999999999997,0.5479987808276003,0.0,0.4,0.5446652612359263,-1.561502382648572e-08,0.39999594307304864,"{'table_obstacle': {'pos': [0.3825981920028062, 0.37518922255766707, 0.1646257963690813], 'size': [0.049837904948193595, 0.0813235869879147, 0.05243307039854257]}, 'pillar_obstacle': {'pos': [0.39994824830915515, -0.3824307480766307, 0.23470116647765446], 'size': [0.033663755439403885, 0.20172185302840845, 0.0]}, 'small_block': {'pos': [0.6140097595303955, -0.3535133918987863, 0.1097032402875184], 'size': [0.04461973939918376, 0.0849493067344041, 0.09534921802665242]}}"
4.977999999999997,0.5479987808276003,0.0,0.4,0.5447128226017527,-2.579520943466752e-08,0.39999598909328415,"{'table_obstacle': {'pos': [0.3825981920028062, 0.37518922255766707, 0.1646257963690813], 'size': [0.049837904948193595, 0.0813235869879147, 0.05243307039854257]}, 'pillar_obstacle': {'pos': [0.39994824830915515, -0.3824307480766307, 0.23470116647765446], 'size': [0.033663755439403885, 0.20172185302840845, 0.0]}, 'small_block': {'pos': [0.6140097595303955, -0.3535133918987863, 0.1097032402875184], 'size': [0.04461973939918376, 0.0849493067344041, 0.09534921802665242]}}"
4.978999999999997,0.5479987808276003,0.0,0.4,0.5447597067987512,-3.570702171120392e-08,0.39999603507328746,"{'table_obstacle': {'pos': [0.3825981920028062, 0.37518922255766707, 0.1646257963690813], 'size': [0.049837904948193595, 0.0813235869879147, 0.05243307039854257]}, 'pillar_obstacle': {'pos': [0.39994824830915515, -0.3824307480766307, 0.23470116647765446], 'size': [0.033663755439403885, 0.20172185302840845, 0.0]}, 'small_block': {'pos': [0.6140097595303955, -0.3535133918987863, 0.1097032402875184], 'size': [0.04461973939918376, 0.0849493067344041, 0.09534921802665242]}}"
4.979999999999998,0.5479987808276003,0.0,0.4,0.5448059233000172,-4.535238438263001e-08,0.3999960809816473,"{'table_obstacle': {'pos': [0.3825981920028062, 0.37518922255766707, 0.1646257963690813], 'size': [0.049837904948193595, 0.0813235869879147, 0.05243307039854257]}, 'pillar_obstacle': {'pos': [0.39994824830915515, -0.3824307480766307, 0.23470116647765446], 'size': [0.033663755439403885, 0.20172185302840845, 0.0]}, 'small_block': {'pos': [0.6140097595303955, -0.3535133918987863, 0.1097032402875184], 'size': [0.04461973939918376, 0.0849493067344041, 0.09534921802665242]}}"
4.980999999999998,0.5479987808276003,0.0,0.4,0.5448514814752207,-5.4733821796782e-08,0.3999961267902665,"{'table_obstacle': {'pos': [0.3825981920028062, 0.37518922255766707, 0.1646257963690813], 'size': [0.049837904948193595, 0.0813235869879147, 0.05243307039854257]}, 'pillar_obstacle': {'pos': [0.39994824830915515, -0.3824307480766307, 0.23470116647765446], 'size': [0.033663755439403885, 0.20172185302840845, 0.0]}, 'small_block': {'pos': [0.6140097595303955, -0.3535133918987863, 0.1097032402875184], 'size': [0.04461973939918376, 0.0849493067344041, 0.09534921802665242]}}"
4.981999999999998,0.5479987808276003,0.0,0.4,0.5448963905862184,-6.385434143030737e-08,0.39999617247392055,"{'table_obstacle': {'pos': [0.3825981920028062, 0.37518922255766707, 0.1646257963690813], 'size': [0.049837904948193595, 0.0813235869879147, 0.05243307039854257]}, 'pillar_obstacle': {'pos': [0.39994824830915515, -0.3824307480766307, 0.23470116647765446], 'size': [0.033663755439403885, 0.20172185302840845, 0.0]}, 'small_block': {'pos': [0.6140097595303955, -0.3535133918987863, 0.1097032402875184], 'size': [0.04461973939918376, 0.0849493067344041, 0.09534921802665242]}}"
4.982999999999999,0.5479987808276003,0.0,0.4,0.5449406597838304,-7.271733732445005e-08,0.3999962180098822,"{'table_obstacle': {'pos': [0.3825981920028062, 0.37518922255766707, 0.1646257963690813], 'size': [0.049837904948193595, 0.0813235869879147, 0.05243307039854257]}, 'pillar_obstacle': {'pos': [0.39994824830915515, -0.3824307480766307, 0.23470116647765446], 'size': [0.033663755439403885, 0.20172185302840845, 0.0]}, 'small_block': {'pos': [0.6140097595303955, -0.3535133918987863, 0.1097032402875184], 'size': [0.04461973939918376, 0.0849493067344041, 0.09534921802665242]}}"
4.983999999999999,0.5479987808276003,0.0,0.4,0.5449842981055606,-8.132650807050396e-08,0.3999962633776041,"{'table_obstacle': {'pos': [0.3825981920028062, 0.37518922255766707, 0.1646257963690813], 'size': [0.049837904948193595, 0.0813235869879147, 0.05243307039854257]}, 'pillar_obstacle': {'pos': [0.39994824830915515, -0.3824307480766307, 0.23470116647765446], 'size': [0.033663755439403885, 0.20172185302840845, 0.0]}, 'small_block': {'pos': [0.6140097595303955, -0.3535133918987863, 0.1097032402875184], 'size': [0.04461973939918376, 0.0849493067344041, 0.09534921802665242]}}"
4.984999999999999,0.5479987808276003,0.0,0.4,0.5450273144740734,-8.968579009761886e-08,0.3999963085584485,"{'table_obstacle': {'pos': [0.3825981920028062, 0.37518922255766707, 0.1646257963690813], 'size': [0.049837904948193595, 0.0813235869879147, 0.05243307039854257]}, 'pillar_obstacle': {'pos': [0.39994824830915515, -0.3824307480766307, 0.23470116647765446], 'size': [0.033663755439403885, 0.20172185302840845, 0.0]}, 'small_block': {'pos': [0.6140097595303955, -0.3535133918987863, 0.1097032402875184], 'size': [0.04461973939918376, 0.0849493067344041, 0.09534921802665242]}}"
4.986,0.5479987808276003,0.0,0.4,0.5450697176962839,-9.779930091628717e-08,0.39999635353545865,"{'table_obstacle': {'pos': [0.3825981920028062, 0.37518922255766707, 0.1646257963690813], 'size': [0.049837904948193595, 0.0813235869879147, 0.05243307039854257]}, 'pillar_obstacle': {'pos': [0.39994824830915515, -0.3824307480766307, 0.23470116647765446], 'size': [0.033663755439403885, 0.20172185302840845, 0.0]}, 'small_block': {'pos': [0.6140097595303955, -0.3535133918987863, 0.1097032402875184], 'size': [0.04461973939918376, 0.0849493067344041, 0.09534921802665242]}}"
4.987,0.5479987808276003,0.0,0.4,0.5451115164629373,-1.0567129299821306e-07,0.39999639829316436,"{'table_obstacle': {'pos': [0.3825981920028062, 0.37518922255766707, 0.1646257963690813], 'size': [0.049837904948193595, 0.0813235869879147, 0.05243307039854257]}, 'pillar_obstacle': {'pos': [0.39994824830915515, -0.3824307480766307, 0.23470116647765446], 'size': [0.033663755439403885, 0.20172185302840845, 0.0]}, 'small_block': {'pos': [0.6140097595303955, -0.3535133918987863, 0.1097032402875184], 'size': [0.04461973939918376, 0.0849493067344041, 0.09534921802665242]}}"
4.988,0.5479987808276003,0.0,0.4,0.5451527193485841,-1.1330611471558282e-07,0.39999644281741514,"{'table_obstacle': {'pos': [0.3825981920028062, 0.37518922255766707, 0.1646257963690813], 'size': [0.049837904948193595, 0.0813235869879147, 0.05243307039854257]}, 'pillar_obstacle': {'pos': [0.39994824830915515, -0.3824307480766307, 0.23470116647765446], 'size': [0.033663755439403885, 0.20172185302840845, 0.0]}, 'small_block': {'pos': [0.6140097595303955, -0.3535133918987863, 0.1097032402875184], 'size': [0.04461973939918376, 0.0849493067344041, 0.09534921802665242]}}"
4.989000000000001,0.5479987808276003,0.0,0.4,0.5451933348118676,-1.2070817983566586e-07,0.39999648709523977,"{'table_obstacle': {'pos': [0.3825981920028062, 0.37518922255766707, 0.1646257963690813], 'size': [0.049837904948193595, 0.0813235869879147, 0.05243307039854257]}, 'pillar_obstacle': {'pos': [0.39994824830915515, -0.3824307480766307, 0.23470116647765446], 'size': [0.033663755439403885, 0.20172185302840845, 0.0]}, 'small_block': {'pos': [0.6140097595303955, -0.3535133918987863, 0.1097032402875184], 'size': [0.04461973939918376, 0.0849493067344041, 0.09534921802665242]}}"
4.990000000000001,0.5479987808276003,0.0,0.4,0.5452333711960667,-1.2788193954208306e-07,0.39999653111472444,"{'table_obstacle': {'pos': [0.3825981920028062, 0.37518922255766707, 0.1646257963690813], 'size': [0.049837904948193595, 0.0813235869879147, 0.05243307039854257]}, 'pillar_obstacle': {'pos': [0.39994824830915515, -0.3824307480766307, 0.23470116647765446], 'size': [0.033663755439403885, 0.20172185302840845, 0.0]}, 'small_block': {'pos': [0.6140097595303955, -0.3535133918987863, 0.1097032402875184], 'size': [0.04461973939918376, 0.0849493067344041, 0.09534921802665242]}}"
4.991000000000001,0.5479987808276003,0.0,0.4,0.5452728367298333,-1.3483186230312236e-07,0.39999657486490997,"{'table_obstacle': {'pos': [0.3825981920028062, 0.37518922255766707, 0.1646257963690813], 'size': [0.049837904948193595, 0.0813235869879147, 0.05243307039854257]}, 'pillar_obstacle': {'pos': [0.39994824830915515, -0.3824307480766307, 0.23470116647765446], 'size': [0.033663755439403885, 0.20172185302840845, 0.0]}, 'small_block': {'pos': [0.6140097595303955, -0.3535133918987863, 0.1097032402875184], 'size': [0.04461973939918376, 0.0849493067344041, 0.09534921802665242]}}"
4.992000000000002,0.5479987808276003,0.0,0.4,0.5453117395280912,-1.4156241640772953e-07,0.39999661833570244,"{'table_obstacle': {'pos': [0.3825981920028062, 0.37518922255766707, 0.1646257963690813], 'size': [0.049837904948193595, 0.0813235869879147, 0.05243307039854257]}, 'pillar_obstacle': {'pos': [0.39994824830915515, -0.3824307480766307, 0.23470116647765446], 'size': [0.033663755439403885, 0.20172185302840845, 0.0]}, 'small_block': {'pos': [0.6140097595303955, -0.3535133918987863, 0.1097032402875184], 'size': [0.04461973939918376, 0.0849493067344041, 0.09534921802665242]}}"
4.993000000000002,0.5479987808276003,0.0,0.4,0.5453500875930574,-1.4807805427022135e-07,0.3999966615177963,"{'table_obstacle': {'pos': [0.3825981920028062, 0.37518922255766707, 0.1646257963690813], 'size': [0.049837904948193595, 0.0813235869879147, 0.05243307039854257]}, 'pillar_obstacle': {'pos': [0.39994824830915515, -0.3824307480766307, 0.23470116647765446], 'size': [0.033663755439403885, 0.20172185302840845, 0.0]}, 'small_block': {'pos': [0.6140097595303955, -0.3535133918987863, 0.1097032402875184], 'size': [0.04461973939918376, 0.0849493067344041, 0.09534921802665242]}}"
4.994000000000002,0.5479987808276003,0.0,0.4,0.5453878888153585,-1.5438320170476135e-07,0.3999967044026071,"{'table_obstacle': {'pos': [0.3825981920028062, 0.37518922255766707, 0.1646257963690813], 'size': [0.049837904948193595, 0.0813235869879147, 0.05243307039854257]}, 'pillar_obstacle': {'pos': [0.39994824830915515, -0.3824307480766307, 0.23470116647765446], 'size': [0.033663755439403885, 0.20172185302840845, 0.0]}, 'small_block': {'pos': [0.6140097595303955, -0.3535133918987863, 0.1097032402875184], 'size': [0.04461973939918376, 0.0849493067344041, 0.09534921802665242]}}"
4.995000000000003,0.5479987808276003,0.0,0.4,0.5454251509752226,-1.604822487576531e-07,0.3999967469822153,"{'table_obstacle': {'pos': [0.3825981920028062, 0.37518922255766707, 0.1646257963690813], 'size': [0.049837904948193595, 0.0813235869879147, 0.05243307039854257]}, 'pillar_obstacle': {'pos': [0.39994824830915515, -0.3824307480766307, 0.23470116647765446], 'size': [0.033663755439403885, 0.20172185302840845, 0.0]}, 'small_block': {'pos': [0.6140097595303955, -0.3535133918987863, 0.1097032402875184], 'size': [0.04461973939918376, 0.0849493067344041, 0.09534921802665242]}}"
4.996000000000003,0.5479987808276003,0.0,0.4,0.5454618817437271,-1.6637954160269834e-07,0.399996789249314,"{'table_obstacle': {'pos': [0.3825981920028062, 0.37518922255766707, 0.1646257963690813], 'size': [0.049837904948193595, 0.0813235869879147, 0.05243307039854257]}, 'pillar_obstacle': {'pos': [0.39994824830915515, -0.3824307480766307, 0.23470116647765446], 'size': [0.033663755439403885, 0.20172185302840845, 0.0]}, 'small_block': {'pos': [0.6140097595303955, -0.3535133918987863, 0.1097032402875184], 'size': [0.04461973939918376, 0.0849493067344041, 0.09534921802665242]}}"
4.997000000000003,0.5479987808276003,0.0,0.4,0.5454980886840871,-1.720793763134275e-07,0.39999683119716556,"{'table_obstacle': {'pos': [0.3825981920028062, 0.37518922255766707, 0.1646257963690813], 'size': [0.049837904948193595, 0.0813235869879147, 0.05243307039854257]}, 'pillar_obstacle': {'pos': [0.39994824830915515, -0.3824307480766307, 0.23470116647765446], 'size': [0.033663755439403885, 0.20172185302840845, 0.0]}, 'small_block': {'pos': [0.6140097595303955, -0.3535133918987863, 0.1097032402875184], 'size': [0.04461973939918376, 0.0849493067344041, 0.09534921802665242]}}"
4.998000000000004,0.5479987808276003,0.0,0.4,0.5455337792529744,-1.7758599474034797e-07,0.39999687281956237,"{'table_obstacle': {'pos': [0.3825981920028062, 0.37518922255766707, 0.1646257963690813], 'size': [0.049837904948193595, 0.0813235869879147, 0.05243307039854257]}, 'pillar_obstacle': {'pos': [0.39994824830915515, -0.3824307480766307, 0.23470116647765446], 'size': [0.033663755439403885, 0.20172185302840845, 0.0]}, 'small_block': {'pos': [0.6140097595303955, -0.3535133918987863, 0.1097032402875184], 'size': [0.04461973939918376, 0.0849493067344041, 0.09534921802665242]}}"
4.999000000000004,0.5479987808276003,0.0,0.4,0.545568960801856,-1.8290358059408084e-07,0.39999691411079163,"{'table_obstacle': {'pos': [0.3825981920028062, 0.37518922255766707, 0.1646257963690813], 'size': [0.049837904948193595, 0.0813235869879147, 0.05243307039854257]}, 'pillar_obstacle': {'pos': [0.39994824830915515, -0.3824307480766307, 0.23470116647765446], 'size': [0.033663755439403885, 0.20172185302840845, 0.0]}, 'small_block': {'pos': [0.6140097595303955, -0.3535133918987863, 0.1097032402875184], 'size': [0.04461973939918376, 0.0849493067344041, 0.09534921802665242]}}"
5.000000000000004,0.5479987808276003,0.0,0.4,0.5456036405783478,-1.8803625608847352e-07,0.3999969550656049,"{'table_obstacle': {'pos': [0.3825981920028062, 0.37518922255766707, 0.1646257963690813], 'size': [0.049837904948193595, 0.0813235869879147, 0.05243307039854257]}, 'pillar_obstacle': {'pos': [0.39994824830915515, -0.3824307480766307, 0.23470116647765446], 'size': [0.033663755439403885, 0.20172185302840845, 0.0]}, 'small_block': {'pos': [0.6140097595303955, -0.3535133918987863, 0.1097032402875184], 'size': [0.04461973939918376, 0.0849493067344041, 0.09534921802665242]}}"
5.001000000000005,0.5479987808276003,0.0,0.4,0.5456378257275702,-1.9298808051028002e-07,0.39999699567918945,"{'table_obstacle': {'pos': [0.3825981920028062, 0.37518922255766707, 0.1646257963690813], 'size': [0.049837904948193595, 0.0813235869879147, 0.05243307039854257]}, 'pillar_obstacle': {'pos': [0.39994824830915515, -0.3824307480766307, 0.23470116647765446], 'size': [0.033663755439403885, 0.20172185302840845, 0.0]}, 'small_block': {'pos': [0.6140097595303955, -0.3535133918987863, 0.1097032402875184], 'size': [0.04461973939918376, 0.0849493067344041, 0.09534921802665242]}}"
5.002000000000005,0.5479987808276003,0.0,0.4,0.5456715232935108,-1.9776304837155488e-07,0.3999970359471446,"{'table_obstacle': {'pos': [0.3825981920028062, 0.37518922255766707, 0.1646257963690813], 'size': [0.049837904948193595, 0.0813235869879147, 0.05243307039854257]}, 'pillar_obstacle': {'pos': [0.39994824830915515, -0.3824307480766307, 0.23470116647765446], 'size': [0.033663755439403885, 0.20172185302840845, 0.0]}, 'small_block': {'pos': [0.6140097595303955, -0.3535133918987863, 0.1097032402875184], 'size': [0.04461973939918376, 0.0849493067344041, 0.09534921802665242]}}"
5.003000000000005,0.5479987808276003,0.0,0.4,0.5457047402203804,-2.0236508821627676e-07,0.3999970758654576,"{'table_obstacle': {'pos': [0.3825981920028062, 0.37518922255766707, 0.1646257963690813], 'size': [0.049837904948193595, 0.0813235869879147, 0.05243307039854257]}, 'pillar_obstacle': {'pos': [0.39994824830915515, -0.3824307480766307, 0.23470116647765446], 'size': [0.033663755439403885, 0.20172185302840845, 0.0]}, 'small_block': {'pos': [0.6140097595303955, -0.3535133918987863, 0.1097032402875184], 'size': [0.04461973939918376, 0.0849493067344041, 0.09534921802665242]}}"
5.004000000000006,0.5479987808276003,0.0,0.4,0.5457374833539662,-2.0679806263365154e-07,0.3999971154304831,"{'table_obstacle': {'pos': [0.3825981920028062, 0.37518922255766707, 0.1646257963690813], 'size': [0.049837904948193595, 0.0813235869879147, 0.05243307039854257]}, 'pillar_obstacle': {'pos': [0.39994824830915515, -0.3824307480766307, 0.23470116647765446], 'size': [0.033663755439403885, 0.20172185302840845, 0.0]}, 'small_block': {'pos': [0.6140097595303955, -0.3535133918987863, 0.1097032402875184], 'size': [0.04461973939918376, 0.0849493067344041, 0.09534921802665242]}}"
5.005000000000006,0.5479987808276003,0.0,0.4,0.5457697594429771,-2.1106576638318115e-07,0.3999971546389245,"{'table_obstacle': {'pos': [0.3825981920028062, 0.37518922255766707, 0.1646257963690813], 'size': [0.049837904948193595, 0.0813235869879147, 0.05243307039854257]}, 'pillar_obstacle': {'pos': [0.39994824830915515, -0.3824307480766307, 0.23470116647765446], 'size': [0.033663755439403885, 0.20172185302840845, 0.0]}, 'small_block': {'pos': [0.6140097595303955, -0.3535133918987863, 0.1097032402875184], 'size': [0.04461973939918376, 0.0849493067344041, 0.09534921802665242]}}"
5.0060000000000064,0.5479987808276003,0.0,0.4,0.5458015751403775,-2.1517192863138621e-07,0.39999719348781587,"{'table_obstacle': {'pos': [0.3825981920028062, 0.37518922255766707, 0.1646257963690813], 'size': [0.049837904948193595, 0.0813235869879147, 0.05243307039854257]}, 'pillar_obstacle': {'pos': [0.39994824830915515, -0.3824307480766307, 0.23470116647765446], 'size': [0.033663755439403885, 0.20172185302840845, 0.0]}, 'small_block': {'pos': [0.6140097595303955, -0.3535133918987863, 0.1097032402875184], 'size': [0.04461973939918376, 0.0849493067344041, 0.09534921802665242]}}"
5.007000000000007,0.5479987808276003,0.0,0.4,0.5458329370047099,-2.1912021076642353e-07,0.39999723197450593,"{'table_obstacle': {'pos': [0.3825981920028062, 0.37518922255766707, 0.1646257963690813], 'size': [0.049837904948193595, 0.0813235869879147, 0.05243307039854257]}, 'pillar_obstacle': {'pos': [0.39994824830915515, -0.3824307480766307, 0.23470116647765446], 'size': [0.033663755439403885, 0.20172185302840845, 0.0]}, 'small_block': {'pos': [0.6140097595303955, -0.3535133918987863, 0.1097032402875184], 'size': [0.04461973939918376, 0.0849493067344041, 0.09534921802665242]}}"
5.008000000000007,0.5479987808276003,0.0,0.4,0.5458638515014068,-2.22914208727503e-07,0.39999727009664265,"{'table_obstacle': {'pos': [0.3825981920028062, 0.37518922255766707, 0.1646257963690813], 'size': [0.049837904948193595, 0.0813235869879147, 0.05243307039854257]}, 'pillar_obstacle': {'pos': [0.39994824830915515, -0.3824307480766307, 0.23470116647765446], 'size': [0.033663755439403885, 0.20172185302840845, 0.0]}, 'small_block': {'pos': [0.6140097595303955, -0.3535133918987863, 0.1097032402875184], 'size': [0.04461973939918376, 0.0849493067344041, 0.09534921802665242]}}"
5.0090000000000074,0.5479987808276003,0.0,0.4,0.545894325004088,-2.2655745183486635e-07,0.39999730785215876,"{'table_obstacle': {'pos': [0.3825981920028062, 0.37518922255766707, 0.1646257963690813], 'size': [0.049837904948193595, 0.0813235869879147, 0.05243307039854257]}, 'pillar_obstacle': {'pos': [0.39994824830915515, -0.3824307480766307, 0.23470116647765446], 'size': [0.033663755439403885, 0.20172185302840845, 0.0]}, 'small_block': {'pos': [0.6140097595303955, -0.3535133918987863, 0.1097032402875184], 'size': [0.04461973939918376, 0.0849493067344041, 0.09534921802665242]}}"
5.010000000000008,0.5479987808276003,0.0,0.4,0.5459243637958409,-2.3005340444074095e-07,0.3999973452392592,"{'table_obstacle': {'pos': [0.3825981920028062, 0.37518922255766707, 0.1646257963690813], 'size': [0.049837904948193595, 0.0813235869879147, 0.05243307039854257]}, 'pillar_obstacle': {'pos': [0.39994824830915515, -0.3824307480766307, 0.23470116647765446], 'size': [0.033663755439403885, 0.20172185302840845, 0.0]}, 'small_block': {'pos': [0.6140097595303955, -0.3535133918987863, 0.1097032402875184], 'size': [0.04461973939918376, 0.0849493067344041, 0.09534921802665242]}}"
5.011000000000008,0.5479987808276003,0.0,0.4,0.5459539740704907,-2.3340546586854227e-07,0.3999973822564077,"{'table_obstacle': {'pos': [0.3825981920028062, 0.37518922255766707, 0.1646257963690813], 'size': [0.049837904948193595, 0.0813235869879147, 0.05243307039854257]}, 'pillar_obstacle': {'pos': [0.39994824830915515, -0.3824307480766307, 0.23470116647765446], 'size': [0.033663755439403885, 0.20172185302840845, 0.0]}, 'small_block': {'pos': [0.6140097595303955, -0.3535133918987863, 0.1097032402875184], 'size': [0.04461973939918376, 0.0849493067344041, 0.09534921802665242]}}"
5.0120000000000084,0.5479987808276003,0.0,0.4,0.5459831619338527,-2.3661697219675399e-07,0.39999741890231494,"{'table_obstacle': {'pos': [0.3825981920028062, 0.37518922255766707, 0.1646257963690813], 'size': [0.049837904948193595, 0.0813235869879147, 0.05243307039854257]}, 'pillar_obstacle': {'pos': [0.39994824830915515, -0.3824307480766307, 0.23470116647765446], 'size': [0.033663755439403885, 0.20172185302840845, 0.0]}, 'small_block': {'pos': [0.6140097595303955, -0.3535133918987863, 0.1097032402875184], 'size': [0.04461973939918376, 0.0849493067344041, 0.09534921802665242]}}"
5.013000000000009,0.5519987416127673,0.0,0.4,0.5460119334049676,-2.396911957425433e-07,0.3999974551759281,"{'table_obstacle': {'pos': [0.3825981920028062, 0.37518922255766707, 0.1646257963690813], 'size': [0.049837904948193595, 0.0813235869879147, 0.05243307039854257]}, 'pillar_obstacle': {'pos': [0.39994824830915515, -0.3824307480766307, 0.23470116647765446], 'size': [0.033663755439403885, 0.20172185302840845, 0.0]}, 'small_block': {'pos': [0.6140097595303955, -0.3535133918987863, 0.1097032402875184], 'size': [0.04461973939918376, 0.0849493067344041, 0.09534921802665242]}}"
5.014000000000009,0.5519987416127673,0.0,0.4,0.5460510679023668,-2.1204133846861753e-07,0.39999736433478683,"{'table_obstacle': {'pos': [0.3825981920028062, 0.37518922255766707, 0.1646257963690813], 'size': [0.049837904948193595, 0.0813235869879147, 0.05243307039854257]}, 'pillar_obstacle': {'pos': [0.39994824830915515, -0.3824307480766307, 0.23470116647765446], 'size': [0.033663755439403885, 0.20172185302840845, 0.0]}, 'small_block': {'pos': [0.6140097595303955, -0.3535133918987863, 0.1097032402875184], 'size': [0.04461973939918376, 0.0849493067344041, 0.09534921802665242]}}"
5.0150000000000095,0.5519987416127673,0.0,0.4,0.5460983823557202,-1.662178978416977e-07,0.3999971952038118,"{'table_obstacle': {'pos': [0.3825981920028062, 0.37518922255766707, 0.1646257963690813], 'size': [0.049837904948193595, 0.0813235869879147, 0.05243307039854257]}, 'pillar_obstacle': {'pos': [0.39994824830915515, -0.3824307480766307, 0.23470116647765446], 'size': [0.033663755439403885, 0.20172185302840845, 0.0]}, 'small_block': {'pos': [0.6140097595303955, -0.3535133918987863, 0.1097032402875184], 'size': [0.04461973939918376, 0.0849493067344041, 0.09534921802665242]}}"
5.01600000000001,0.5519987416127673,0.0,0.4,0.5461521090406561,-1.1107452454173158e-07,0.39999698245967197,"{'table_obstacle': {'pos': [0.3825981920028062, 0.37518922255766707, 0.1646257963690813], 'size': [0.049837904948193595, 0.0813235869879147, 0.05243307039854257]}, 'pillar_obstacle': {'pos': [0.39994824830915515, -0.3824307480766307, 0.23470116647765446], 'size': [0.033663755439403885, 0.20172185302840845, 0.0]}, 'small_block': {'pos': [0.6140097595303955, -0.3535133918987863, 0.1097032402875184], 'size': [0.04461973939918376, 0.0849493067344041, 0.09534921802665242]}}"
5.01700000000001,0.5519987416127673,0.0,0.4,0.5462108172640445,-5.272400968275416e-08,0.3999967503287306,"{'table_obstacle': {'pos': [0.3825981920028062, 0.37518922255766707, 0.1646257963690813], 'size': [0.049837904948193595, 0.0813235869879147, 0.05243307039854257]}, 'pillar_obstacle': {'pos': [0.39994824830915515, -0.3824307480766307, 0.23470116647765446], 'size': [0.033663755439403885, 0.20172185302840845, 0.0]}, 'small_block': {'pos': [0.6140097595303955, -0.3535133918987863, 0.1097032402875184], 'size': [0.04461973939918376, 0.0849493067344041, 0.09534921802665242]}}"
5.0180000000000105,0.5519987416127673,0.0,0.4,0.5462733497533026,4.736671504177932e-09,0.3999965153587214,"{'table_obstacle': {'pos': [0.3825981920028062, 0.37518922255766707, 0.1646257963690813], 'size': [0.049837904948193595, 0.0813235869879147, 0.05243307039854257]}, 'pillar_obstacle': {'pos': [0.39994824830915515, -0.3824307480766307, 0.23470116647765446], 'size': [0.033663755439403885, 0.20172185302840845, 0.0]}, 'small_block': {'pos': [0.6140097595303955, -0.3535133918987863, 0.1097032402875184], 'size': [0.04461973939918376, 0.0849493067344041, 0.09534921802665242]}}"
5.019000000000011,0.5519987416127673,0.0,0.4,0.5463387710087033,5.867864601918765e-08,0.39999628849406865,"{'table_obstacle': {'pos': [0.3825981920028062, 0.37518922255766707, 0.1646257963690813], 'size': [0.049837904948193595, 0.0813235869879147, 0.05243307039854257]}, 'pillar_obstacle': {'pos': [0.39994824830915515, -0.3824307480766307, 0.23470116647765446], 'size': [0.033663755439403885, 0.20172185302840845, 0.0]}, 'small_block': {'pos': [0.6140097595303955, -0.3535133918987863, 0.1097032402875184], 'size': [0.04461973939918376, 0.0849493067344041, 0.09534921802665242]}}"
5.020000000000011,0.5519987416127673,0.0,0.4,0.5464063253816791,1.0752930976305999e-07,0.3999960766268037,"{'table_obstacle': {'pos': [0.3825981920028062, 0.37518922255766707, 0.1646257963690813], 'size': [0.049837904948193595, 0.0813235869879147, 0.05243307039854257]}, 'pillar_obstacle': {'pos': [0.39994824830915515, -0.3824307480766307, 0.23470116647765446], 'size': [0.033663755439403885, 0.20172185302840845, 0.0]}, 'small_block': {'pos': [0.6140097595303955, -0.3535133918987863, 0.1097032402875184], 'size': [0.04461973939918376, 0.0849493067344041, 0.09534921802665242]}}"
5.0210000000000115,0.5519987416127673,0.0,0.4,0.5464754030558986,1.5046435887865308e-07,0.3999958837521978,"{'table_obstacle': {'pos': [0.3825981920028062, 0.37518922255766707, 0.1646257963690813], 'size': [0.049837904948193595, 0.0813235869879147, 0.05243307039854257]}, 'pillar_obstacle': {'pos': [0.39994824830915515, -0.3824307480766307, 0.23470116647765446], 'size': [0.033663755439403885, 0.20172185302840845, 0.0]}, 'small_block': {'pos': [0.6140097595303955, -0.3535133918987863, 0.1097032402875184], 'size': [0.04461973939918376, 0.0849493067344041, 0.09534921802665242]}}"
5.022000000000012,0.5519987416127673,0.0,0.4,0.5465455124467402,1.8717898031972552e-07,0.39999571182640153,"{'table_obstacle': {'pos': [0.3825981920028062, 0.37518922255766707, 0.1646257963690813], 'size': [0.049837904948193595, 0.0813235869879147, 0.05243307039854257]}, 'pillar_obstacle': {'pos': [0.39994824830915515, -0.3824307480766307, 0.23470116647765446], 'size': [0.033663755439403885, 0.20172185302840845, 0.0]}, 'small_block': {'pos': [0.6140097595303955, -0.3535133918987863, 0.1097032402875184], 'size': [0.04461973939918376, 0.0849493067344041, 0.09534921802665242]}}"
5.023000000000012,0.5519987416127673,0.0,0.4,0.546616257811688,2.1771917205856032e-07,0.39999556139957326,"{'table_obstacle': {'pos': [0.3825981920028062, 0.37518922255766707, 0.1646257963690813], 'size': [0.049837904948193595, 0.0813235869879147, 0.05243307039854257]}, 'pillar_obstacle': {'pos': [0.39994824830915515, -0.3824307480766307, 0.23470116647765446], 'size': [0.033663755439403885, 0.20172185302840845, 0.0]}, 'small_block': {'pos': [0.6140097595303955, -0.3535133918987863, 0.1097032402875184], 'size': [0.04461973939918376, 0.0849493067344041, 0.09534921802665242]}}"
5.0240000000000125,0.5519987416127673,0.0,0.4,0.5466873210900974,2.4235855150916844e-07,0.39999543208009647,"{'table_obstacle': {'pos': [0.3825981920028062, 0.37518922255766707, 0.1646257963690813], 'size': [0.049837904948193595, 0.0813235869879147, 0.05243307039854257]}, 'pillar_obstacle': {'pos': [0.39994824830915515, -0.3824307480766307, 0.23470116647765446], 'size': [0.033663755439403885, 0.20172185302840845, 0.0]}, 'small_block': {'pos': [0.6140097595303955, -0.3535133918987863, 0.1097032402875184], 'size': [0.04461973939918376, 0.0849493067344041, 0.09534921802665242]}}"
5.025000000000013,0.5519987416127673,0.0,0.4,0.5467584471748729,2.615094279622965e-07,0.39999532287201567,"{'table_obstacle': {'pos': [0.3825981920028062, 0.37518922255766707, 0.1646257963690813], 'size': [0.049837904948193595, 0.0813235869879147, 0.05243307039854257]}, 'pillar_obstacle': {'pos': [0.39994824830915515, -0.3824307480766307, 0.23470116647765446], 'size': [0.033663755439403885, 0.20172185302840845, 0.0]}, 'small_block': {'pos': [0.6140097595303955, -0.3535133918987863, 0.1097032402875184], 'size': [0.04461973939918376, 0.0849493067344041, 0.09534921802665242]}}"
5.026000000000013,0.5519987416127673,0.0,0.4,0.5468294319684436,2.7565953654164986e-07,0.3999952324175968,"{'table_obstacle': {'pos': [0.3825981920028062, 0.37518922255766707, 0.1646257963690813], 'size': [0.049837904948193595, 0.0813235869879147, 0.05243307039854257]}, 'pillar_obstacle': {'pos': [0.39994824830915515, -0.3824307480766307, 0.23470116647765446], 'size': [0.033663755439403885, 0.20172185302840845, 0.0]}, 'small_block': {'pos': [0.6140097595303955, -0.3535133918987863, 0.1097032402875184], 'size': [0.04461973939918376, 0.0849493067344041, 0.09534921802665242]}}"
5.0270000000000135,0.5519987416127673,0.0,0.4,0.5469001126973082,2.853278783796014e-07,0.39999515916919626,"{'table_obstacle': {'pos': [0.3825981920028062, 0.37518922255766707, 0.1646257963690813], 'size': [0.049837904948193595, 0.0813235869879147, 0.05243307039854257]}, 'pillar_obstacle': {'pos': [0.39994824830915515, -0.3824307480766307, 0.23470116647765446], 'size': [0.033663755439403885, 0.20172185302840845, 0.0]}, 'small_block': {'pos': [0.6140097595303955, -0.3535133918987863, 0.1097032402875184], 'size': [0.04461973939918376, 0.0849493067344041, 0.09534921802665242]}}"
5.028000000000014,0.5519987416127673,0.0,0.4,0.5469703600584706,2.910346750669074e-07,0.399995101508731,"{'table_obstacle': {'pos': [0.3825981920028062, 0.37518922255766707, 0.1646257963690813], 'size': [0.049837904948193595, 0.0813235869879147, 0.05243307039854257]}, 'pillar_obstacle': {'pos': [0.39994824830915515, -0.3824307480766307, 0.23470116647765446], 'size': [0.033663755439403885, 0.20172185302840845, 0.0]}, 'small_block': {'pos': [0.6140097595303955, -0.3535133918987863, 0.1097032402875184], 'size': [0.04461973939918376, 0.0849493067344041, 0.09534921802665242]}}"
5.029000000000014,0.5519987416127673,0.0,0.4,0.5470400718515642,2.932816588677548e-07,0.3999950578285662,"{'table_obstacle': {'pos': [0.3825981920028062, 0.37518922255766707, 0.1646257963690813], 'size': [0.049837904948193595, 0.0813235869879147, 0.05243307039854257]}, 'pillar_obstacle': {'pos': [0.39994824830915515, -0.3824307480766307, 0.23470116647765446], 'size': [0.033663755439403885, 0.20172185302840845, 0.0]}, 'small_block': {'pos': [0.6140097595303955, -0.3535133918987863, 0.1097032402875184], 'size': [0.04461973939918376, 0.0849493067344041, 0.09534921802665242]}}"
5.0300000000000145,0.5519987416127673,0.0,0.4,0.5471091678158118,2.925398466373245e-07,0.3999950265842337,"{'table_obstacle': {'pos': [0.3825981920028062, 0.37518922255766707, 0.1646257963690813], 'size': [0.049837904948193595, 0.0813235869879147, 0.05243307039854257]}, 'pillar_obstacle': {'pos': [0.39994824830915515, -0.3824307480766307, 0.23470116647765446], 'size': [0.033663755439403885, 0.20172185302840845, 0.0]}, 'small_block': {'pos': [0.6140097595303955, -0.3535133918987863, 0.1097032402875184], 'size': [0.04461973939918376, 0.0849493067344041, 0.09534921802665242]}}"
5.031000000000015,0.5519987416127673,0.0,0.4,0.5471775854439979,2.892426600023814e-07,0.39999500632680285,"{'table_obstacle': {'pos': [0.3825981920028062, 0.37518922255766707, 0.1646257963690813], 'size': [0.049837904948193595, 0.0813235869879147, 0.05243307039854257]}, 'pillar_obstacle': {'pos': [0.39994824830915515, -0.3824307480766307, 0.23470116647765446], 'size': [0.033663755439403885, 0.20172185302840845, 0.0]}, 'small_block': {'pos': [0.6140097595303955, -0.3535133918987863, 0.1097032402875184], 'size': [0.04461973939918376, 0.0849493067344041, 0.09534921802665242]}}"
5.032000000000015,0.5519987416127673,0.0,0.4,0.5472452765886933,2.8378279531930267e-07,0.39999499572074504,"{'table_obstacle': {'pos': [0.3825981920028062, 0.37518922255766707, 0.1646257963690813], 'size': [0.049837904948193595, 0.0813235869879147, 0.05243307039854257]}, 'pillar_obstacle': {'pos': [0.39994824830915515, -0.3824307480766307, 0.23470116647765446], 'size': [0.033663755439403885, 0.20172185302840845, 0.0]}, 'small_block': {'pos': [0.6140097595303955, -0.3535133918987863, 0.1097032402875184], 'size': [0.04461973939918376, 0.0849493067344041, 0.09534921802665242]}}"
5.0330000000000155,0.5519987416127673,0.0,0.4,0.5473122047108766,2.76511663949089e-07,0.3999949935516452,"{'table_obstacle': {'pos': [0.3825981920028062, 0.37518922255766707, 0.1646257963690813], 'size': [0.049837904948193595, 0.0813235869879147, 0.05243307039854257]}, 'pillar_obstacle': {'pos': [0.39994824830915515, -0.3824307480766307, 0.23470116647765446], 'size': [0.033663755439403885, 0.20172185302840845, 0.0]}, 'small_block': {'pos': [0.6140097595303955, -0.3535133918987863, 0.1097032402875184], 'size': [0.04461973939918376, 0.0849493067344041, 0.09534921802665242]}}"
5.034000000000016,0.5519987416127673,0.0,0.4,0.5473783426494467,2.677405336626175e-07,0.3999949987269739,"{'table_obstacle': {'pos': [0.3825981920028062, 0.37518922255766707, 0.1646257963690813], 'size': [0.049837904948193595, 0.0813235869879147, 0.05243307039854257]}, 'pillar_obstacle': {'pos': [0.39994824830915515, -0.3824307480766307, 0.23470116647765446], 'size': [0.033663755439403885, 0.20172185302840845, 0.0]}, 'small_block': {'pos': [0.6140097595303955, -0.3535133918987863, 0.1097032402875184], 'size': [0.04461973939918376, 0.0849493067344041, 0.09534921802665242]}}"
5.035000000000016,0.5519987416127673,0.0,0.4,0.5474436708130848,2.577427457234187e-07,0.3999950102722731,"{'table_obstacle': {'pos': [0.3825981920028062, 0.37518922255766707, 0.1646257963690813], 'size': [0.049837904948193595, 0.0813235869879147, 0.05243307039854257]}, 'pillar_obstacle': {'pos': [0.39994824830915515, -0.3824307480766307, 0.23470116647765446], 'size': [0.033663755439403885, 0.20172185302840845, 0.0]}, 'small_block': {'pos': [0.6140097595303955, -0.3535133918987863, 0.1097032402875184], 'size': [0.04461973939918376, 0.0849493067344041, 0.09534921802665242]}}"
5.0360000000000165,0.5519987416127673,0.0,0.4,0.5475081757145717,2.4675655163827893e-07,0.39999502732446857,"{'table_obstacle': {'pos': [0.3825981920028062, 0.37518922255766707, 0.1646257963690813], 'size': [0.049837904948193595, 0.0813235869879147, 0.05243307039854257]}, 'pillar_obstacle': {'pos': [0.39994824830915515, -0.3824307480766307, 0.23470116647765446], 'size': [0.033663755439403885, 0.20172185302840845, 0.0]}, 'small_block': {'pos': [0.6140097595303955, -0.3535133918987863, 0.1097032402875184], 'size': [0.04461973939918376, 0.0849493067344041, 0.09534921802665242]}}"
5.037000000000017,0.5519987416127673,0.0,0.4,0.5475718487827762,2.3498825484946479e-07,0.3999950491235337,"{'table_obstacle': {'pos': [0.3825981920028062, 0.37518922255766707, 0.1646257963690813], 'size': [0.049837904948193595, 0.0813235869879147, 0.05243307039854257]}, 'pillar_obstacle': {'pos': [0.39994824830915515, -0.3824307480766307, 0.23470116647765446], 'size': [0.033663755439403885, 0.20172185302840845, 0.0]}, 'small_block': {'pos': [0.6140097595303955, -0.3535133918987863, 0.1097032402875184], 'size': [0.04461973939918376, 0.0849493067344041, 0.09534921802665242]}}"
5.038000000000017,0.5519987416127673,0.0,0.4,0.5476346853997766,2.2261543630580357e-07,0.39999507500336384,"{'table_obstacle': {'pos': [0.3825981920028062, 0.37518922255766707, 0.1646257963690813], 'size': [0.049837904948193595, 0.0813235869879147, 0.05243307039854257]}, 'pillar_obstacle': {'pos': [0.39994824830915515, -0.3824307480766307, 0.23470116647765446], 'size': [0.033663755439403885, 0.20172185302840845, 0.0]}, 'small_block': {'pos': [0.6140097595303955, -0.3535133918987863, 0.1097032402875184], 'size': [0.04461973939918376, 0.0849493067344041, 0.09534921802665242]}}"
5.0390000000000175,0.5519987416127673,0.0,0.4,0.5476966841205386,2.0979011853034086e-07,0.39999510438246166,"{'table_obstacle': {'pos': [0.3825981920028062, 0.37518922255766707, 0.1646257963690813], 'size': [0.049837904948193595, 0.0813235869879147, 0.05243307039854257]}, 'pillar_obstacle': {'pos': [0.39994824830915515, -0.3824307480766307, 0.23470116647765446], 'size': [0.033663755439403885, 0.20172185302840845, 0.0]}, 'small_block': {'pos': [0.6140097595303955, -0.3535133918987863, 0.1097032402875184], 'size': [0.04461973939918376, 0.0849493067344041, 0.09534921802665242]}}"
5.040000000000018,0.5519987416127673,0.0,0.4,0.5477578460405976,1.9664177248174963e-07,0.39999513675482756,"{'table_obstacle': {'pos': [0.3825981920028062, 0.37518922255766707, 0.1646257963690813], 'size': [0.049837904948193595, 0.0813235869879147, 0.05243307039854257]}, 'pillar_obstacle': {'pos': [0.39994824830915515, -0.3824307480766307, 0.23470116647765446], 'size': [0.033663755439403885, 0.20172185302840845, 0.0]}, 'small_block': {'pos': [0.6140097595303955, -0.3535133918987863, 0.1097032402875184], 'size': [0.04461973939918376, 0.0849493067344041, 0.09534921802665242]}}"
5.041000000000018,0.5519987416127673,0.0,0.4,0.5478181742837599,1.8328011315582116e-07,0.3999951716813108,"{'table_obstacle': {'pos': [0.3825981920028062, 0.37518922255766707, 0.1646257963690813], 'size': [0.049837904948193595, 0.0813235869879147, 0.05243307039854257]}, 'pillar_obstacle': {'pos': [0.39994824830915515, -0.3824307480766307, 0.23470116647765446], 'size': [0.033663755439403885, 0.20172185302840845, 0.0]}, 'small_block': {'pos': [0.6140097595303955, -0.3535133918987863, 0.1097032402875184], 'size': [0.04461973939918376, 0.0849493067344041, 0.09534921802665242]}}"
5.0420000000000185,0.5519987416127673,0.0,0.4,0.547877673587107,1.6979765478682906e-07,0.3999952087815707,"{'table_obstacle': {'pos': [0.3825981920028062, 0.37518922255766707, 0.1646257963690813], 'size': [0.049837904948193595, 0.0813235869879147, 0.05243307039854257]}, 'pillar_obstacle': {'pos': [0.39994824830915515, -0.3824307480766307, 0.23470116647765446], 'size': [0.033663755439403885, 0.20172185302840845, 0.0]}, 'small_block': {'pos': [0.6140097595303955, -0.3535133918987863, 0.1097032402875184], 'size': [0.04461973939918376, 0.0849493067344041, 0.09534921802665242]}}"
5.043000000000019,0.5519987416127673,0.0,0.4,0.547936349964903,1.5627201447624156e-07,0.39999524772672457,"{'table_obstacle': {'pos': [0.3825981920028062, 0.37518922255766707, 0.1646257963690813], 'size': [0.049837904948193595, 0.0813235869879147, 0.05243307039854257]}, 'pillar_obstacle': {'pos': [0.39994824830915515, -0.3824307480766307, 0.23470116647765446], 'size': [0.033663755439403885, 0.20172185302840845, 0.0]}, 'small_block': {'pos': [0.6140097595303955, -0.3535133918987863, 0.1097032402875184], 'size': [0.04461973939918376, 0.0849493067344041, 0.09534921802665242]}}"
5.044000000000019,0.5519987416127673,0.0,0.4,0.5479942104364742,1.4276796936985865e-07,0.3999952882327114,"{'table_obstacle': {'pos': [0.3825981920028062, 0.37518922255766707, 0.1646257963690813], 'size': [0.049837904948193595, 0.0813235869879147, 0.05243307039854257]}, 'pillar_obstacle': {'pos': [0.39994824830915515, -0.3824307480766307, 0.23470116647765446], 'size': [0.033663755439403885, 0.20172185302840845, 0.0]}, 'small_block': {'pos': [0.6140097595303955, -0.3535133918987863, 0.1097032402875184], 'size': [0.04461973939918376, 0.0849493067344041, 0.09534921802665242]}}"
5.0450000000000195,0.5519987416127673,0.0,0.4,0.5480512628059568,1.2933927406115547e-07,0.39999533005435856,"{'table_obstacle': {'pos': [0.3825981920028062, 0.37518922255766707, 0.1646257963690813], 'size': [0.049837904948193595, 0.0813235869879147, 0.05243307039854257]}, 'pillar_obstacle': {'pos': [0.39994824830915515, -0.3824307480766307, 0.23470116647765446], 'size': [0.033663755439403885, 0.20172185302840845, 0.0]}, 'small_block': {'pos': [0.6140097595303955, -0.3535133918987863, 0.1097032402875184], 'size': [0.04461973939918376, 0.0849493067344041, 0.09534921802665242]}}"
5.04600000000002,0.5519987416127673,0.0,0.4,0.5481075154841049,1.160302584028031e-07,0.39999537298012516,"{'table_obstacle': {'pos': [0.3825981920028062, 0.37518922255766707, 0.1646257963690813], 'size': [0.049837904948193595, 0.0813235869879147, 0.05243307039854257]}, 'pillar_obstacle': {'pos': [0.39994824830915515, -0.3824307480766307, 0.23470116647765446], 'size': [0.033663755439403885, 0.20172185302840845, 0.0]}, 'small_block': {'pos': [0.6140097595303955, -0.3535133918987863, 0.1097032402875184], 'size': [0.04461973939918376, 0.0849493067344041, 0.09534921802665242]}}"
5.04700000000002,0.5519987416127673,0.0,0.4,0.5481629773441946,1.0287722022955192e-07,0.3999954168274751,"{'table_obstacle': {'pos': [0.3825981920028062, 0.37518922255766707, 0.1646257963690813], 'size': [0.049837904948193595, 0.0813235869879147, 0.05243307039854257]}, 'pillar_obstacle': {'pos': [0.39994824830915515, -0.3824307480766307, 0.23470116647765446], 'size': [0.033663755439403885, 0.20172185302840845, 0.0]}, 'small_block': {'pos': [0.6140097595303955, -0.3535133918987863, 0.1097032402875184], 'size': [0.04461973939918376, 0.0849493067344041, 0.09534921802665242]}}"
5.0480000000000205,0.5519987416127673,0.0,0.4,0.5482176576055754,8.990963527290204e-08,0.3999954614388272,"{'table_obstacle': {'pos': [0.3825981920028062, 0.37518922255766707, 0.1646257963690813], 'size': [0.049837904948193595, 0.0813235869879147, 0.05243307039854257]}, 'pillar_obstacle': {'pos': [0.39994824830915515, -0.3824307480766307, 0.23470116647765446], 'size': [0.033663755439403885, 0.20172185302840845, 0.0]}, 'small_block': {'pos': [0.6140097595303955, -0.3535133918987863, 0.1097032402875184], 'size': [0.04461973939918376, 0.0849493067344041, 0.09534921802665242]}}"
5.049000000000021,0.5519987416127673,0.0,0.4,0.5482715657396384,7.715120112815212e-08,0.3999955066780335,"{'table_obstacle': {'pos': [0.3825981920028062, 0.37518922255766707, 0.1646257963690813], 'size': [0.049837904948193595, 0.0813235869879147, 0.05243307039854257]}, 'pillar_obstacle': {'pos': [0.39994824830915515, -0.3824307480766307, 0.23470116647765446], 'size': [0.033663755439403885, 0.20172185302840845, 0.0]}, 'small_block': {'pos': [0.6140097595303955, -0.3535133918987863, 0.1097032402875184], 'size': [0.04461973939918376, 0.0849493067344041, 0.09534921802665242]}}"
5.050000000000021,0.5519987416127673,0.0,0.4,0.5483247113939523,6.462073696954482e-08,0.39999555242732393,"{'table_obstacle': {'pos': [0.3825981920028062, 0.37518922255766707, 0.1646257963690813], 'size': [0.049837904948193595, 0.0813235869879147, 0.05243307039854257]}, 'pillar_obstacle': {'pos': [0.39994824830915515, -0.3824307480766307, 0.23470116647765446], 'size': [0.033663755439403885, 0.20172185302840845, 0.0]}, 'small_block': {'pos': [0.6140097595303955, -0.3535133918987863, 0.1097032402875184], 'size': [0.04461973939918376, 0.0849493067344041, 0.09534921802665242]}}"
5.0510000000000215,0.5519987416127673,0.0,0.4,0.5483771043311347,5.2332952727692564e-08,0.3999955985846688,"{'table_obstacle': {'pos': [0.3825981920028062, 0.37518922255766707, 0.1646257963690813], 'size': [0.049837904948193595, 0.0813235869879147, 0.05243307039854257]}, 'pillar_obstacle': {'pos': [0.39994824830915515, -0.3824307480766307, 0.23470116647765446], 'size': [0.033663755439403885, 0.20172185302840845, 0.0]}, 'small_block': {'pos': [0.6140097595303955, -0.3535133918987863, 0.1097032402875184], 'size': [0.04461973939918376, 0.0849493067344041, 0.09534921802665242]}}"
5.052000000000022,0.5519987416127673,0.0,0.4,0.5484287543796647,4.029910856060489e-08,0.3999956450615105,"{'table_obstacle': {'pos': [0.3825981920028062, 0.37518922255766707, 0.1646257963690813], 'size': [0.049837904948193595, 0.0813235869879147, 0.05243307039854257]}, 'pillar_obstacle': {'pos': [0.39994824830915515, -0.3824307480766307, 0.23470116647765446], 'size': [0.033663755439403885, 0.20172185302840845, 0.0]}, 'small_block': {'pos': [0.6140097595303955, -0.3535133918987863, 0.1097032402875184], 'size': [0.04461973939918376, 0.0849493067344041, 0.09534921802665242]}}"
5.053000000000022,0.5519987416127673,0.0,0.4,0.5484796713943713,2.8527575608487356e-08,0.3999956917808139,"{'table_obstacle': {'pos': [0.3825981920028062, 0.37518922255766707, 0.1646257963690813], 'size': [0.049837904948193595, 0.0813235869879147, 0.05243307039854257]}, 'pillar_obstacle': {'pos': [0.39994824830915515, -0.3824307480766307, 0.23470116647765446], 'size': [0.033663755439403885, 0.20172185302840845, 0.0]}, 'small_block': {'pos': [0.6140097595303955, -0.3535133918987863, 0.1097032402875184], 'size': [0.04461973939918376, 0.0849493067344041, 0.09534921802665242]}}"
5.0540000000000225,0.5519987416127673,0.0,0.4,0.5485298652247715,1.7024311222997448e-08,0.39999573867540134,"{'table_obstacle': {'pos': [0.3825981920028062, 0.37518922255766707, 0.1646257963690813], 'size': [0.049837904948193595, 0.0813235869879147, 0.05243307039854257]}, 'pillar_obstacle': {'pos': [0.39994824830915515, -0.3824307480766307, 0.23470116647765446], 'size': [0.033663755439403885, 0.20172185302840845, 0.0]}, 'small_block': {'pos': [0.6140097595303955, -0.3535133918987863, 0.1097032402875184], 'size': [0.04461973939918376, 0.0849493067344041, 0.09534921802665242]}}"
5.055000000000023,0.5519987416127673,0.0,0.4,0.5485793456897632,5.793263713104115e-09,0.3999957856865256,"{'table_obstacle': {'pos': [0.3825981920028062, 0.37518922255766707, 0.1646257963690813], 'size': [0.049837904948193595, 0.0813235869879147, 0.05243307039854257]}, 'pillar_obstacle': {'pos': [0.39994824830915515, -0.3824307480766307, 0.23470116647765446], 'size': [0.033663755439403885, 0.20172185302840845, 0.0]}, 'small_block': {'pos': [0.6140097595303955, -0.3535133918987863, 0.1097032402875184], 'size': [0.04461973939918376, 0.0849493067344041, 0.09534921802665242]}}"
5.056000000000023,0.5519987416127673,0.0,0.4,0.5486281225574687,-5.1632861026729215e-09,0.3999958327626584,"{'table_obstacle': {'pos': [0.3825981920028062, 0.37518922255766707, 0.1646257963690813], 'size': [0.049837904948193595, 0.0813235869879147, 0.05243307039854257]}, 'pillar_obstacle': {'pos': [0.39994824830915515, -0.3824307480766307, 0.23470116647765446], 'size': [0.033663755439403885, 0.20172185302840845, 0.0]}, 'small_block': {'pos': [0.6140097595303955, -0.3535133918987863, 0.1097032402875184], 'size': [0.04461973939918376, 0.0849493067344041, 0.09534921802665242]}}"
5.0570000000000235,0.5519987416127673,0.0,0.4,0.5486762055292509,-1.5844437163030354e-08,0.3999958798584544,"{'table_obstacle': {'pos': [0.3825981920028062, 0.37518922255766707, 0.1646257963690813], 'size': [0.049837904948193595, 0.0813235869879147, 0.05243307039854257]}, 'pillar_obstacle': {'pos': [0.39994824830915515, -0.3824307480766307, 0.23470116647765446], 'size': [0.033663755439403885, 0.20172185302840845, 0.0]}, 'small_block': {'pos': [0.6140097595303955, -0.3535133918987863, 0.1097032402875184], 'size': [0.04461973939918376, 0.0849493067344041, 0.09534921802665242]}}"
5.058000000000024,0.5519987416127673,0.0,0.4,0.5487236042271088,-2.6250425051728646e-08,0.399995926933874,"{'table_obstacle': {'pos': [0.3825981920028062, 0.37518922255766707, 0.1646257963690813], 'size': [0.049837904948193595, 0.0813235869879147, 0.05243307039854257]}, 'pillar_obstacle': {'pos': [0.39994824830915515, -0.3824307480766307, 0.23470116647765446], 'size': [0.033663755439403885, 0.20172185302840845, 0.0]}, 'small_block': {'pos': [0.6140097595303955, -0.3535133918987863, 0.1097032402875184], 'size': [0.04461973939918376, 0.0849493067344041, 0.09534921802665242]}}"
5.059000000000024,0.5519987416127673,0.0,0.4,0.5487703281838096,-3.6382418932220985e-08,0.3999959739534356,"{'table_obstacle': {'pos': [0.3825981920028062, 0.37518922255766707, 0.1646257963690813], 'size': [0.049837904948193595, 0.0813235869879147, 0.05243307039854257]}, 'pillar_obstacle': {'pos': [0.39994824830915515, -0.3824307480766307, 0.23470116647765446], 'size': [0.033663755439403885, 0.20172185302840845, 0.0]}, 'small_block': {'pos': [0.6140097595303955, -0.3535133918987863, 0.1097032402875184], 'size': [0.04461973939918376, 0.0849493067344041, 0.09534921802665242]}}"
5.0600000000000245,0.5519987416127673,0.0,0.4,0.5488163868352335,-4.624234844328357e-08,0.3999960208855835,"{'table_obstacle': {'pos': [0.3825981920028062, 0.37518922255766707, 0.1646257963690813], 'size': [0.049837904948193595, 0.0813235869879147, 0.05243307039854257]}, 'pillar_obstacle': {'pos': [0.39994824830915515, -0.3824307480766307, 0.23470116647765446], 'size': [0.033663755439403885, 0.20172185302840845, 0.0]}, 'small_block': {'pos': [0.6140097595303955, -0.3535133918987863, 0.1097032402875184], 'size': [0.04461973939918376, 0.0849493067344041, 0.09534921802665242]}}"
5.061000000000025,0.5519987416127673,0.0,0.4,0.5488617895145089,-5.583276273281475e-08,0.39999606770215107,"{'table_obstacle': {'pos': [0.3825981920028062, 0.37518922255766707, 0.1646257963690813], 'size': [0.049837904948193595, 0.0813235869879147, 0.05243307039854257]}, 'pillar_obstacle': {'pos': [0.39994824830915515, -0.3824307480766307, 0.23470116647765446], 'size': [0.033663755439403885, 0.20172185302840845, 0.0]}, 'small_block': {'pos': [0.6140097595303955, -0.3535133918987863, 0.1097032402875184], 'size': [0.04461973939918376, 0.0849493067344041, 0.09534921802665242]}}"
5.062000000000025,0.5519987416127673,0.0,0.4,0.5489065454475979,-6.515670826261835e-08,0.39999611437790406,"{'table_obstacle': {'pos': [0.3825981920028062, 0.37518922255766707, 0.1646257963690813], 'size': [0.049837904948193595, 0.0813235869879147, 0.05243307039854257]}, 'pillar_obstacle': {'pos': [0.39994824830915515, -0.3824307480766307, 0.23470116647765446], 'size': [0.033663755439403885, 0.20172185302840845, 0.0]}, 'small_block': {'pos': [0.6140097595303955, -0.3535133918987863, 0.1097032402875184], 'size': [0.04461973939918376, 0.0849493067344041, 0.09534921802665242]}}"
5.0630000000000255,0.5519987416127673,0.0,0.4,0.5489506637500488,-7.421763003048336e-08,0.3999961608901565,"{'table_obstacle': {'pos': [0.3825981920028062, 0.37518922255766707, 0.1646257963690813], 'size': [0.049837904948193595, 0.0813235869879147, 0.05243307039854257]}, 'pillar_obstacle': {'pos': [0.39994824830915515, -0.3824307480766307, 0.23470116647765446], 'size': [0.033663755439403885, 0.20172185302840845, 0.0]}, 'small_block': {'pos': [0.6140097595303955, -0.3535133918987863, 0.1097032402875184], 'size': [0.04461973939918376, 0.0849493067344041, 0.09534921802665242]}}"
5.064000000000026,0.5519987416127673,0.0,0.4,0.5489941534246946,-8.301928794752644e-08,0.3999962072184424,"{'table_obstacle': {'pos': [0.3825981920028062, 0.37518922255766707, 0.1646257963690813], 'size': [0.049837904948193595, 0.0813235869879147, 0.05243307039854257]}, 'pillar_obstacle': {'pos': [0.39994824830915515, -0.3824307480766307, 0.23470116647765446], 'size': [0.033663755439403885, 0.20172185302840845, 0.0]}, 'small_block': {'pos': [0.6140097595303955, -0.3535133918987863, 0.1097032402875184], 'size': [0.04461973939918376, 0.0849493067344041, 0.09534921802665242]}}"
5.065000000000026,0.5519987416127673,0.0,0.4,0.5490370233601105,-9.156568656614117e-08,0.3999962533442378,"{'table_obstacle': {'pos': [0.3825981920028062, 0.37518922255766707, 0.1646257963690813], 'size': [0.049837904948193595, 0.0813235869879147, 0.05243307039854257]}, 'pillar_obstacle': {'pos': [0.39994824830915515, -0.3824307480766307, 0.23470116647765446], 'size': [0.033663755439403885, 0.20172185302840845, 0.0]}, 'small_block': {'pos': [0.6140097595303955, -0.3535133918987863, 0.1097032402875184], 'size': [0.04461973939918376, 0.0849493067344041, 0.09534921802665242]}}"
5.0660000000000265,0.5519987416127673,0.0,0.4,0.5490792823296877,-9.986101836837881e-08,0.3999962992507278,"{'table_obstacle': {'pos': [0.3825981920028062, 0.37518922255766707, 0.1646257963690813], 'size': [0.049837904948193595, 0.0813235869879147, 0.05243307039854257]}, 'pillar_obstacle': {'pos': [0.39994824830915515, -0.3824307480766307, 0.23470116647765446], 'size': [0.033663755439403885, 0.20172185302840845, 0.0]}, 'small_block': {'pos': [0.6140097595303955, -0.3535133918987863, 0.1097032402875184], 'size': [0.04461973939918376, 0.0849493067344041, 0.09534921802665242]}}"
5.067000000000027,0.5519987416127673,0.0,0.4,0.5491209389911973,-1.079096151734878e-07,0.39999634492260366,"{'table_obstacle': {'pos': [0.3825981920028062, 0.37518922255766707, 0.1646257963690813], 'size': [0.049837904948193595, 0.0813235869879147, 0.05243307039854257]}, 'pillar_obstacle': {'pos': [0.39994824830915515, -0.3824307480766307, 0.23470116647765446], 'size': [0.033663755439403885, 0.20172185302840845, 0.0]}, 'small_block': {'pos': [0.6140097595303955, -0.3535133918987863, 0.1097032402875184], 'size': [0.04461973939918376, 0.0849493067344041, 0.09534921802665242]}}"
5.068000000000027,0.5519987416127673,0.0,0.4,0.5491620018867476,-1.1571590917948153e-07,0.3999963903458933,"{'table_obstacle': {'pos': [0.3825981920028062, 0.37518922255766707, 0.1646257963690813], 'size': [0.049837904948193595, 0.0813235869879147, 0.05243307039854257]}, 'pillar_obstacle': {'pos': [0.39994824830915515, -0.3824307480766307, 0.23470116647765446], 'size': [0.033663755439403885, 0.20172185302840845, 0.0]}, 'small_block': {'pos': [0.6140097595303955, -0.3535133918987863, 0.1097032402875184], 'size': [0.04461973939918376, 0.0849493067344041, 0.09534921802665242]}}"
5.0690000000000275,0.5519987416127673,0.0,0.4,0.5492024794430637,-1.2328439924318043e-07,0.3999964355078172,"{'table_obstacle': {'pos': [0.3825981920028062, 0.37518922255766707, 0.1646257963690813], 'size': [0.049837904948193595, 0.0813235869879147, 0.05243307039854257]}, 'pillar_obstacle': {'pos': [0.39994824830915515, -0.3824307480766307, 0.23470116647765446], 'size': [0.033663755439403885, 0.20172185302840845, 0.0]}, 'small_block': {'pos': [0.6140097595303955, -0.3535133918987863, 0.1097032402875184], 'size': [0.04461973939918376, 0.0849493067344041, 0.09534921802665242]}}"
5.070000000000028,0.5519987416127673,0.0,0.4,0.5492423799720135,-1.3061962565092142e-07,0.3999964803966633,"{'table_obstacle': {'pos': [0.3825981920028062, 0.37518922255766707, 0.1646257963690813], 'size': [0.049837904948193595, 0.0813235869879147, 0.05243307039854257]}, 'pillar_obstacle': {'pos': [0.39994824830915515, -0.3824307480766307, 0.23470116647765446], 'size': [0.033663755439403885, 0.20172185302840845, 0.0]}, 'small_block': {'pos': [0.6140097595303955, -0.3535133918987863, 0.1097032402875184], 'size': [0.04461973939918376, 0.0849493067344041, 0.09534921802665242]}}"
5.071000000000028,0.5519987416127673,0.0,0.4,0.5492817116713359,-1.3772614633562783e-07,0.3999965250016814,"{'table_obstacle': {'pos': [0.3825981920028062, 0.37518922255766707, 0.1646257963690813], 'size': [0.049837904948193595, 0.0813235869879147, 0.05243307039854257]}, 'pillar_obstacle': {'pos': [0.39994824830915515, -0.3824307480766307, 0.23470116647765446], 'size': [0.033663755439403885, 0.20172185302840845, 0.0]}, 'small_block': {'pos': [0.6140097595303955, -0.3535133918987863, 0.1097032402875184], 'size': [0.04461973939918376, 0.0849493067344041, 0.09534921802665242]}}"
5.0720000000000285,0.5519987416127673,0.0,0.4,0.5493204826255292,-1.446085194484779e-07,0.39999656931299155,"{'table_obstacle': {'pos': [0.3825981920028062, 0.37518922255766707, 0.1646257963690813], 'size': [0.049837904948193595, 0.0813235869879147, 0.05243307039854257]}, 'pillar_obstacle': {'pos': [0.39994824830915515, -0.3824307480766307, 0.23470116647765446], 'size': [0.033663755439403885, 0.20172185302840845, 0.0]}, 'small_block': {'pos': [0.6140097595303955, -0.3535133918987863, 0.1097032402875184], 'size': [0.04461973939918376, 0.0849493067344041, 0.09534921802665242]}}"
5.073000000000029,0.5519987416127673,0.0,0.4,0.5493587008068604,-1.5127128835121275e-07,0.3999966133215056,"{'table_obstacle': {'pos': [0.3825981920028062, 0.37518922255766707, 0.1646257963690813], 'size': [0.049837904948193595, 0.0813235869879147, 0.05243307039854257]}, 'pillar_obstacle': {'pos': [0.39994824830915515, -0.3824307480766307, 0.23470116647765446], 'size': [0.033663755439403885, 0.20172185302840845, 0.0]}, 'small_block': {'pos': [0.6140097595303955, -0.3535133918987863, 0.1097032402875184], 'size': [0.04461973939918376, 0.0849493067344041, 0.09534921802665242]}}"
5.074000000000029,0.5519987416127673,0.0,0.4,0.5493963740764751,-1.5771897033048672e-07,0.3999966570188596,"{'table_obstacle': {'pos': [0.3825981920028062, 0.37518922255766707, 0.1646257963690813], 'size': [0.049837904948193595, 0.0813235869879147, 0.05243307039854257]}, 'pillar_obstacle': {'pos': [0.39994824830915515, -0.3824307480766307, 0.23470116647765446], 'size': [0.033663755439403885, 0.20172185302840845, 0.0]}, 'small_block': {'pos': [0.6140097595303955, -0.3535133918987863, 0.1097032402875184], 'size': [0.04461973939918376, 0.0849493067344041, 0.09534921802665242]}}"
5.0750000000000295,0.5519987416127673,0.0,0.4,0.5494335101855776,-1.639560455741712e-07,0.39999670039735463,"{'table_obstacle': {'pos': [0.3825981920028062, 0.37518922255766707, 0.1646257963690813], 'size': [0.049837904948193595, 0.0813235869879147, 0.05243307039854257]}, 'pillar_obstacle': {'pos': [0.39994824830915515, -0.3824307480766307, 0.23470116647765446], 'size': [0.033663755439403885, 0.20172185302840845, 0.0]}, 'small_block': {'pos': [0.6140097595303955, -0.3535133918987863, 0.1097032402875184], 'size': [0.04461973939918376, 0.0849493067344041, 0.09534921802665242]}}"
5.07600000000003,0.5519987416127673,0.0,0.4,0.5494701167766723,-1.6998695044019577e-07,0.39999674344990477,"{'table_obstacle': {'pos': [0.3825981920028062, 0.37518922255766707, 0.1646257963690813], 'size': [0.049837904948193595, 0.0813235869879147, 0.05243307039854257]}, 'pillar_obstacle': {'pos': [0.39994824830915515, -0.3824307480766307, 0.23470116647765446], 'size': [0.033663755439403885, 0.20172185302840845, 0.0]}, 'small_block': {'pos': [0.6140097595303955, -0.3535133918987863, 0.1097032402875184], 'size': [0.04461973939918376, 0.0849493067344041, 0.09534921802665242]}}"
5.07700000000003,0.5519987416127673,0.0,0.4,0.5495062013848422,-1.7581607091539712e-07,0.39999678616999307,"{'table_obstacle': {'pos': [0.3825981920028062, 0.37518922255766707, 0.1646257963690813], 'size': [0.049837904948193595, 0.0813235869879147, 0.05243307039854257]}, 'pillar_obstacle': {'pos': [0.39994824830915515, -0.3824307480766307, 0.23470116647765446], 'size': [0.033663755439403885, 0.20172185302840845, 0.0]}, 'small_block': {'pos': [0.6140097595303955, -0.3535133918987863, 0.1097032402875184], 'size': [0.04461973939918376, 0.0849493067344041, 0.09534921802665242]}}"
5.0780000000000305,0.5519987416127673,0.0,0.4,0.5495417714390611,-1.8144773781138284e-07,0.3999968285516306,"{'table_obstacle': {'pos': [0.3825981920028062, 0.37518922255766707, 0.1646257963690813], 'size': [0.049837904948193595, 0.0813235869879147, 0.05243307039854257]}, 'pillar_obstacle': {'pos': [0.39994824830915515, -0.3824307480766307, 0.23470116647765446], 'size': [0.033663755439403885, 0.20172185302840845, 0.0]}, 'small_block': {'pos': [0.6140097595303955, -0.3535133918987863, 0.1097032402875184], 'size': [0.04461973939918376, 0.0849493067344041, 0.09534921802665242]}}"
5.079000000000031,0.5519987416127673,0.0,0.4,0.5495768342635247,-1.8688622201835953e-07,0.39999687058932176,"{'table_obstacle': {'pos': [0.3825981920028062, 0.37518922255766707, 0.1646257963690813], 'size': [0.049837904948193595, 0.0813235869879147, 0.05243307039854257]}, 'pillar_obstacle': {'pos': [0.39994824830915515, -0.3824307480766307, 0.23470116647765446], 'size': [0.033663755439403885, 0.20172185302840845, 0.0]}, 'small_block': {'pos': [0.6140097595303955, -0.3535133918987863, 0.1097032402875184], 'size': [0.04461973939918376, 0.0849493067344041, 0.09534921802665242]}}"
5.080000000000031,0.5519987416127673,0.0,0.4,0.5496113970789942,-1.921357333035511e-07,0.39999691227803347,"{'table_obstacle': {'pos': [0.3825981920028062, 0.37518922255766707, 0.1646257963690813], 'size': [0.049837904948193595, 0.0813235869879147, 0.05243307039854257]}, 'pillar_obstacle': {'pos': [0.39994824830915515, -0.3824307480766307, 0.23470116647765446], 'size': [0.033663755439403885, 0.20172185302840845, 0.0]}, 'small_block': {'pos': [0.6140097595303955, -0.3535133918987863, 0.1097032402875184], 'size': [0.04461973939918376, 0.0849493067344041, 0.09534921802665242]}}"
5.0810000000000315,0.5519987416127673,0.0,0.4,0.5496454670041506,-1.972004162401701e-07,0.39999695361316584,"{'table_obstacle': {'pos': [0.3825981920028062, 0.37518922255766707, 0.1646257963690813], 'size': [0.049837904948193595, 0.0813235869879147, 0.05243307039854257]}, 'pillar_obstacle': {'pos': [0.39994824830915515, -0.3824307480766307, 0.23470116647765446], 'size': [0.033663755439403885, 0.20172185302840845, 0.0]}, 'small_block': {'pos': [0.6140097595303955, -0.3535133918987863, 0.1097032402875184], 'size': [0.04461973939918376, 0.0849493067344041, 0.09534921802665242]}}"
5.082000000000032,0.5519987416127673,0.0,0.4,0.549679051056944,-2.0208435000745098e-07,0.39999699459052723,"{'table_obstacle': {'pos': [0.3825981920028062, 0.37518922255766707, 0.1646257963690813], 'size': [0.049837904948193595, 0.0813235869879147, 0.05243307039854257]}, 'pillar_obstacle': {'pos': [0.39994824830915515, -0.3824307480766307, 0.23470116647765446], 'size': [0.033663755439403885, 0.20172185302840845, 0.0]}, 'small_block': {'pos': [0.6140097595303955, -0.3535133918987863, 0.1097032402875184], 'size': [0.04461973939918376, 0.0849493067344041, 0.09534921802665242]}}"
5.083000000000032,0.5519987416127673,0.0,0.4,0.5497121561559478,-2.067915466893186e-07,0.3999970352063128,"{'table_obstacle': {'pos': [0.3825981920028062, 0.37518922255766707, 0.1646257963690813], 'size': [0.049837904948193595, 0.0813235869879147, 0.05243307039854257]}, 'pillar_obstacle': {'pos': [0.39994824830915515, -0.3824307480766307, 0.23470116647765446], 'size': [0.033663755439403885, 0.20172185302840845, 0.0]}, 'small_block': {'pos': [0.6140097595303955, -0.3535133918987863, 0.1097032402875184], 'size': [0.04461973939918376, 0.0849493067344041, 0.09534921802665242]}}"
5.0840000000000325,0.5519987416127673,0.0,0.4,0.5497447891217021,-2.113259504172344e-07,0.39999707545708096,"{'table_obstacle': {'pos': [0.3825981920028062, 0.37518922255766707, 0.1646257963690813], 'size': [0.049837904948193595, 0.0813235869879147, 0.05243307039854257]}, 'pillar_obstacle': {'pos': [0.39994824830915515, -0.3824307480766307, 0.23470116647765446], 'size': [0.033663755439403885, 0.20172185302840845, 0.0]}, 'small_block': {'pos': [0.6140097595303955, -0.3535133918987863, 0.1097032402875184], 'size': [0.04461973939918376, 0.0849493067344041, 0.09534921802665242]}}"
5.085000000000033,0.5519987416127673,0.0,0.4,0.5497769566780546,-2.156914374192659e-07,0.3999971153397358,"{'table_obstacle': {'pos': [0.3825981920028062, 0.37518922255766707, 0.1646257963690813], 'size': [0.049837904948193595, 0.0813235869879147, 0.05243307039854257]}, 'pillar_obstacle': {'pos': [0.39994824830915515, -0.3824307480766307, 0.23470116647765446], 'size': [0.033663755439403885, 0.20172185302840845, 0.0]}, 'small_block': {'pos': [0.6140097595303955, -0.3535133918987863, 0.1097032402875184], 'size': [0.04461973939918376, 0.0849493067344041, 0.09534921802665242]}}"
5.086000000000033,0.5519987416127673,0.0,0.4,0.5498086654534869,-2.1989181578208692e-07,0.39999715485150883,"{'table_obstacle': {'pos': [0.3825981920028062, 0.37518922255766707, 0.1646257963690813], 'size': [0.049837904948193595, 0.0813235869879147, 0.05243307039854257]}, 'pillar_obstacle': {'pos': [0.39994824830915515, -0.3824307480766307, 0.23470116647765446], 'size': [0.033663755439403885, 0.20172185302840845, 0.0]}, 'small_block': {'pos': [0.6140097595303955, -0.3535133918987863, 0.1097032402875184], 'size': [0.04461973939918376, 0.0849493067344041, 0.09534921802665242]}}"
5.0870000000000335,0.5519987416127673,0.0,0.4,0.549839921982433,-2.239308256420149e-07,0.3999971939899439,"{'table_obstacle': {'pos': [0.3825981920028062, 0.37518922255766707, 0.1646257963690813], 'size': [0.049837904948193595, 0.0813235869879147, 0.05243307039854257]}, 'pillar_obstacle': {'pos': [0.39994824830915515, -0.3824307480766307, 0.23470116647765446], 'size': [0.033663755439403885, 0.20172185302840845, 0.0]}, 'small_block': {'pos': [0.6140097595303955, -0.3535133918987863, 0.1097032402875184], 'size': [0.04461973939918376, 0.0849493067344041, 0.09534921802665242]}}"
5.088000000000034,0.5519987416127673,0.0,0.4,0.5498707327065826,-2.2781213912290443e-07,0.3999972327528794,"{'table_obstacle': {'pos': [0.3825981920028062, 0.37518922255766707, 0.1646257963690813], 'size': [0.049837904948193595, 0.0813235869879147, 0.05243307039854257]}, 'pillar_obstacle': {'pos': [0.39994824830915515, -0.3824307480766307, 0.23470116647765446], 'size': [0.033663755439403885, 0.20172185302840845, 0.0]}, 'small_block': {'pos': [0.6140097595303955, -0.3535133918987863, 0.1097032402875184], 'size': [0.04461973939918376, 0.0849493067344041, 0.09534921802665242]}}"
5.089000000000034,0.5519987416127673,0.0,0.4,0.5499011039761739,-2.3153936177823432e-07,0.3999972711384366,"{'table_obstacle': {'pos': [0.3825981920028062, 0.37518922255766707, 0.1646257963690813], 'size': [0.049837904948193595, 0.0813235869879147, 0.05243307039854257]}, 'pillar_obstacle': {'pos': [0.39994824830915515, -0.3824307480766307, 0.23470116647765446], 'size': [0.033663755439403885, 0.20172185302840845, 0.0]}, 'small_block': {'pos': [0.6140097595303955, -0.3535133918987863, 0.1097032402875184], 'size': [0.04461973939918376, 0.0849493067344041, 0.09534921802665242]}}"
5.0900000000000345,0.5519987416127673,0.0,0.4,0.5499310420512693,-2.3511603164139538e-07,0.3999973091450046,"{'table_obstacle': {'pos': [0.3825981920028062, 0.37518922255766707, 0.1646257963690813], 'size': [0.049837904948193595, 0.0813235869879147, 0.05243307039854257]}, 'pillar_obstacle': {'pos': [0.39994824830915515, -0.3824307480766307, 0.23470116647765446], 'size': [0.033663755439403885, 0.20172185302840845, 0.0]}, 'small_block': {'pos': [0.6140097595303955, -0.3535133918987863, 0.1097032402875184], 'size': [0.04461973939918376, 0.0849493067344041, 0.09534921802665242]}}"
5.091000000000035,0.5519987416127673,0.0,0.4,0.5499605531030177,-2.3854562155420235e-07,0.39999734677122856,"{'table_obstacle': {'pos': [0.3825981920028062, 0.37518922255766707, 0.1646257963690813], 'size': [0.049837904948193595, 0.0813235869879147, 0.05243307039854257]}, 'pillar_obstacle': {'pos': [0.39994824830915515, -0.3824307480766307, 0.23470116647765446], 'size': [0.033663755439403885, 0.20172185302840845, 0.0]}, 'small_block': {'pos': [0.6140097595303955, -0.3535133918987863, 0.1097032402875184], 'size': [0.04461973939918376, 0.0849493067344041, 0.09534921802665242]}}"
5.092000000000035,0.5559987007973813,0.0,0.4,0.5499896432149024,-2.418315387151671e-07,0.3999973840159976,"{'table_obstacle': {'pos': [0.3825981920028062, 0.37518922255766707, 0.1646257963690813], 'size': [0.049837904948193595, 0.0813235869879147, 0.05243307039854257]}, 'pillar_obstacle': {'pos': [0.39994824830915515, -0.3824307480766307, 0.23470116647765446], 'size': [0.033663755439403885, 0.20172185302840845, 0.0]}, 'small_block': {'pos': [0.6140097595303955, -0.3535133918987863, 0.1097032402875184], 'size': [0.04461973939918376, 0.0849493067344041, 0.09534921802665242]}}"
5.0930000000000355,0.5559987007973813,0.0,0.4,0.5500290848908357,-2.136208702555844e-07,0.3999972905166399,"{'table_obstacle': {'pos': [0.3825981920028062, 0.37518922255766707, 0.1646257963690813], 'size': [0.049837904948193595, 0.0813235869879147, 0.05243307039854257]}, 'pillar_obstacle': {'pos': [0.39994824830915515, -0.3824307480766307, 0.23470116647765446], 'size': [0.033663755439403885, 0.20172185302840845, 0.0]}, 'small_block': {'pos': [0.6140097595303955, -0.3535133918987863, 0.1097032402875184], 'size': [0.04461973939918376, 0.0849493067344041, 0.09534921802665242]}}"
5.094000000000036,0.5559987007973813,0.0,0.4,0.5500766975254575,-1.6677197993635777e-07,0.3999971165042977,"{'table_obstacle': {'pos': [0.3825981920028062, 0.37518922255766707, 0.1646257963690813], 'size': [0.049837904948193595, 0.0813235869879147, 0.05243307039854257]}, 'pillar_obstacle': {'pos': [0.39994824830915515, -0.3824307480766307, 0.23470116647765446], 'size': [0.033663755439403885, 0.20172185302840845, 0.0]}, 'small_block': {'pos': [0.6140097595303955, -0.3535133918987863, 0.1097032402875184], 'size': [0.04461973939918376, 0.0849493067344041, 0.09534921802665242]}}"
5.095000000000036,0.5559987007973813,0.0,0.4,0.5501307151968297,-1.1035759887034076e-07,0.3999968976583215,"{'table_obstacle': {'pos': [0.3825981920028062, 0.37518922255766707, 0.1646257963690813], 'size': [0.049837904948193595, 0.0813235869879147, 0.05243307039854257]}, 'pillar_obstacle': {'pos': [0.39994824830915515, -0.3824307480766307, 0.23470116647765446], 'size': [0.033663755439403885, 0.20172185302840845, 0.0]}, 'small_block': {'pos': [0.6140097595303955, -0.3535133918987863, 0.1097032402875184], 'size': [0.04461973939918376, 0.0849493067344041, 0.09534921802665242]}}"
5.0960000000000365,0.5559987007973813,0.0,0.4,0.5501897085212418,-5.0643298963884e-08,0.3999966589069311,"{'table_obstacle': {'pos': [0.3825981920028062, 0.37518922255766707, 0.1646257963690813], 'size': [0.049837904948193595, 0.0813235869879147, 0.05243307039854257]}, 'pillar_obstacle': {'pos': [0.39994824830915515, -0.3824307480766307, 0.23470116647765446], 'size': [0.033663755439403885, 0.20172185302840845, 0.0]}, 'small_block': {'pos': [0.6140097595303955, -0.3535133918987863, 0.1097032402875184], 'size': [0.04461973939918376, 0.0849493067344041, 0.09534921802665242]}}"
5.097000000000037,0.5559987007973813,0.0,0.4,0.550252521169584,8.170301738640642e-09,0.39999641727706625,"{'table_obstacle': {'pos': [0.3825981920028062, 0.37518922255766707, 0.1646257963690813], 'size': [0.049837904948193595, 0.0813235869879147, 0.05243307039854257]}, 'pillar_obstacle': {'pos': [0.39994824830915515, -0.3824307480766307, 0.23470116647765446], 'size': [0.033663755439403885, 0.20172185302840845, 0.0]}, 'small_block': {'pos': [0.6140097595303955, -0.3535133918987863, 0.1097032402875184], 'size': [0.04461973939918376, 0.0849493067344041, 0.09534921802665242]}}"
5.098000000000037,0.5559987007973813,0.0,0.4,0.5503182183149723,6.33867726639097e-08,0.39999618402898685,"{'table_obstacle': {'pos': [0.3825981920028062, 0.37518922255766707, 0.1646257963690813], 'size': [0.049837904948193595, 0.0813235869879147, 0.05243307039854257]}, 'pillar_obstacle': {'pos': [0.39994824830915515, -0.3824307480766307, 0.23470116647765446], 'size': [0.033663755439403885, 0.20172185302840845, 0.0]}, 'small_block': {'pos': [0.6140097595303955, -0.3535133918987863, 0.1097032402875184], 'size': [0.04461973939918376, 0.0849493067344041, 0.09534921802665242]}}"
5.0990000000000375,0.5559987007973813,0.0,0.4,0.5503860447825465,1.1339215344175197e-07,0.3999959662519506,"{'table_obstacle': {'pos': [0.3825981920028062, 0.37518922255766707, 0.1646257963690813], 'size': [0.049837904948193595, 0.0813235869879147, 0.05243307039854257]}, 'pillar_obstacle': {'pos': [0.39994824830915515, -0.3824307480766307, 0.23470116647765446], 'size': [0.033663755439403885, 0.20172185302840845, 0.0]}, 'small_block': {'pos': [0.6140097595303955, -0.3535133918987863, 0.1097032402875184], 'size': [0.04461973939918376, 0.0849493067344041, 0.09534921802665242]}}"
5.100000000000038,0.5559987007973813,0.0,0.4,0.5504553910841304,1.5733953803900936e-07,0.3999957680534834,"{'table_obstacle': {'pos': [0.3825981920028062, 0.37518922255766707, 0.1646257963690813], 'size': [0.049837904948193595, 0.0813235869879147, 0.05243307039854257]}, 'pillar_obstacle': {'pos': [0.39994824830915515, -0.3824307480766307, 0.23470116647765446], 'size': [0.033663755439403885, 0.20172185302840845, 0.0]}, 'small_block': {'pos': [0.6140097595303955, -0.3535133918987863, 0.1097032402875184], 'size': [0.04461973939918376, 0.0849493067344041, 0.09534921802665242]}}"
5.101000000000038,0.5559987007973813,0.0,0.4,0.5505257658577856,1.9491468877432668e-07,0.39999559144214697,"{'table_obstacle': {'pos': [0.3825981920028062, 0.37518922255766707, 0.1646257963690813], 'size': [0.049837904948193595, 0.0813235869879147, 0.05243307039854257]}, 'pillar_obstacle': {'pos': [0.39994824830915515, -0.3824307480766307, 0.23470116647765446], 'size': [0.033663755439403885, 0.20172185302840845, 0.0]}, 'small_block': {'pos': [0.6140097595303955, -0.3535133918987863, 0.1097032402875184], 'size': [0.04461973939918376, 0.0849493067344041, 0.09534921802665242]}}"
5.1020000000000385,0.5559987007973813,0.0,0.4,0.5505967735081087,2.2616320826398594e-07,0.3999954369793122,"{'table_obstacle': {'pos': [0.3825981920028062, 0.37518922255766707, 0.1646257963690813], 'size': [0.049837904948193595, 0.0813235869879147, 0.05243307039854257]}, 'pillar_obstacle': {'pos': [0.39994824830915515, -0.3824307480766307, 0.23470116647765446], 'size': [0.033663755439403885, 0.20172185302840845, 0.0]}, 'small_block': {'pos': [0.6140097595303955, -0.3535133918987863, 0.1097032402875184], 'size': [0.04461973939918376, 0.0849493067344041, 0.09534921802665242]}}"
5.103000000000039,0.5559987007973813,0.0,0.4,0.5506680960682144,2.5136429176556447e-07,0.3999953042571007,"{'table_obstacle': {'pos': [0.3825981920028062, 0.37518922255766707, 0.1646257963690813], 'size': [0.049837904948193595, 0.0813235869879147, 0.05243307039854257]}, 'pillar_obstacle': {'pos': [0.39994824830915515, -0.3824307480766307, 0.23470116647765446], 'size': [0.033663755439403885, 0.20172185302840845, 0.0]}, 'small_block': {'pos': [0.6140097595303955, -0.3535133918987863, 0.1097032402875184], 'size': [0.04461973939918376, 0.0849493067344041, 0.09534921802665242]}}"
5.104000000000039,0.5559987007973813,0.0,0.4,0.5507394784878359,2.709395699899581e-07,0.3999951922458146,"{'table_obstacle': {'pos': [0.3825981920028062, 0.37518922255766707, 0.1646257963690813], 'size': [0.049837904948193595, 0.0813235869879147, 0.05243307039854257]}, 'pillar_obstacle': {'pos': [0.39994824830915515, -0.3824307480766307, 0.23470116647765446], 'size': [0.033663755439403885, 0.20172185302840845, 0.0]}, 'small_block': {'pos': [0.6140097595303955, -0.3535133918987863, 0.1097032402875184], 'size': [0.04461973939918376, 0.0849493067344041, 0.09534921802665242]}}"
5.1050000000000395,0.5559987007973813,0.0,0.4,0.5508107167013624,2.8538823824922516e-07,0.39999509954369283,"{'table_obstacle': {'pos': [0.3825981920028062, 0.37518922255766707, 0.1646257963690813], 'size': [0.049837904948193595, 0.0813235869879147, 0.05243307039854257]}, 'pillar_obstacle': {'pos': [0.39994824830915515, -0.3824307480766307, 0.23470116647765446], 'size': [0.033663755439403885, 0.20172185302840845, 0.0]}, 'small_block': {'pos': [0.6140097595303955, -0.3535133918987863, 0.1097032402875184], 'size': [0.04461973939918376, 0.0849493067344041, 0.09534921802665242]}}"
5.10600000000004,0.5559987007973813,0.0,0.4,0.5508816479511618,2.9524176084414014e-07,0.39999502455387453,"{'table_obstacle': {'pos': [0.3825981920028062, 0.37518922255766707, 0.1646257963690813], 'size': [0.049837904948193595, 0.0813235869879147, 0.05243307039854257]}, 'pillar_obstacle': {'pos': [0.39994824830915515, -0.3824307480766307, 0.23470116647765446], 'size': [0.033663755439403885, 0.20172185302840845, 0.0]}, 'small_block': {'pos': [0.6140097595303955, -0.3535133918987863, 0.1097032402875184], 'size': [0.04461973939918376, 0.0849493067344041, 0.09534921802665242]}}"
5.10700000000004,0.5559987007973813,0.0,0.4,0.5509521429403371,3.010330410321435e-07,0.39999496560740166,"{'table_obstacle': {'pos': [0.3825981920028062, 0.37518922255766707, 0.1646257963690813], 'size': [0.049837904948193595, 0.0813235869879147, 0.05243307039854257]}, 'pillar_obstacle': {'pos': [0.39994824830915515, -0.3824307480766307, 0.23470116647765446], 'size': [0.033663755439403885, 0.20172185302840845, 0.0]}, 'small_block': {'pos': [0.6140097595303955, -0.3535133918987863, 0.1097032402875184], 'size': [0.04461973939918376, 0.0849493067344041, 0.09534921802665242]}}"
5.1080000000000405,0.5559987007973813,0.0,0.4,0.5510220994693374,3.032761826518733e-07,0.3999949210464882,"{'table_obstacle': {'pos': [0.3825981920028062, 0.37518922255766707, 0.1646257963690813], 'size': [0.049837904948193595, 0.0813235869879147, 0.05243307039854257]}, 'pillar_obstacle': {'pos': [0.39994824830915515, -0.3824307480766307, 0.23470116647765446], 'size': [0.033663755439403885, 0.20172185302840845, 0.0]}, 'small_block': {'pos': [0.6140097595303955, -0.3535133918987863, 0.1097032402875184], 'size': [0.04461973939918376, 0.0849493067344041, 0.09534921802665242]}}"
5.109000000000041,0.5559987007973813,0.0,0.4,0.5510914372760398,3.02453928178303e-07,0.3999948892787792,"{'table_obstacle': {'pos': [0.3825981920028062, 0.37518922255766707, 0.1646257963690813], 'size': [0.049837904948193595, 0.0813235869879147, 0.05243307039854257]}, 'pillar_obstacle': {'pos': [0.39994824830915515, -0.3824307480766307, 0.23470116647765446], 'size': [0.033663755439403885, 0.20172185302840845, 0.0]}, 'small_block': {'pos': [0.6140097595303955, -0.3535133918987863, 0.1097032402875184], 'size': [0.04461973939918376, 0.0849493067344041, 0.09534921802665242]}}"
5.110000000000041,0.5559987007973813,0.0,0.4,0.5511600938518413,2.9901057839800914e-07,0.3999948688106508,"{'table_obstacle': {'pos': [0.3825981920028062, 0.37518922255766707, 0.1646257963690813], 'size': [0.049837904948193595, 0.0813235869879147, 0.05243307039854257]}, 'pillar_obstacle': {'pos': [0.39994824830915515, -0.3824307480766307, 0.23470116647765446], 'size': [0.033663755439403885, 0.20172185302840845, 0.0]}, 'small_block': {'pos': [0.6140097595303955, -0.3535133918987863, 0.1097032402875184], 'size': [0.04461973939918376, 0.0849493067344041, 0.09534921802665242]}}"
5.1110000000000415,0.5559987007973813,0.0,0.4,0.5512280210492603,2.933487587854268e-07,0.3999948582655751,"{'table_obstacle': {'pos': [0.3825981920028062, 0.37518922255766707, 0.1646257963690813], 'size': [0.049837904948193595, 0.0813235869879147, 0.05243307039854257]}, 'pillar_obstacle': {'pos': [0.39994824830915515, -0.3824307480766307, 0.23470116647765446], 'size': [0.033663755439403885, 0.20172185302840845, 0.0]}, 'small_block': {'pos': [0.6140097595303955, -0.3535133918987863, 0.1097032402875184], 'size': [0.04461973939918376, 0.0849493067344041, 0.09534921802665242]}}"
5.112000000000042,0.5559987007973813,0.0,0.4,0.5512951823314122,2.858288265692023e-07,0.3999948563920245,"{'table_obstacle': {'pos': [0.3825981920028062, 0.37518922255766707, 0.1646257963690813], 'size': [0.049837904948193595, 0.0813235869879147, 0.05243307039854257]}, 'pillar_obstacle': {'pos': [0.39994824830915515, -0.3824307480766307, 0.23470116647765446], 'size': [0.033663755439403885, 0.20172185302840845, 0.0]}, 'small_block': {'pos': [0.6140097595303955, -0.3535133918987863, 0.1097032402875184], 'size': [0.04461973939918376, 0.0849493067344041, 0.09534921802665242]}}"
5.113000000000042,0.5559987007973813,0.0,0.4,0.5513615505419862,2.7677002441474094e-07,0.3999948620642355,"{'table_obstacle': {'pos': [0.3825981920028062, 0.37518922255766707, 0.1646257963690813], 'size': [0.049837904948193595, 0.0813235869879147, 0.05243307039854257]}, 'pillar_obstacle': {'pos': [0.39994824830915515, -0.3824307480766307, 0.23470116647765446], 'size': [0.033663755439403885, 0.20172185302840845, 0.0]}, 'small_block': {'pos': [0.6140097595303955, -0.3535133918987863, 0.1097032402875184], 'size': [0.04461973939918376, 0.0849493067344041, 0.09534921802665242]}}"
5.1140000000000425,0.5559987007973813,0.0,0.4,0.5514271060973097,2.664527375589665e-07,0.3999948742782484,"{'table_obstacle': {'pos': [0.3825981920028062, 0.37518922255766707, 0.1646257963690813], 'size': [0.049837904948193595, 0.0813235869879147, 0.05243307039854257]}, 'pillar_obstacle': {'pos': [0.39994824830915515, -0.3824307480766307, 0.23470116647765446], 'size': [0.033663755439403885, 0.20172185302840845, 0.0]}, 'small_block': {'pos': [0.6140097595303955, -0.3535133918987863, 0.1097032402875184], 'size': [0.04461973939918376, 0.0849493067344041, 0.09534921802665242]}}"
5.115000000000043,0.5559987007973813,0.0,0.4,0.5514918355206828,2.5512139257992285e-07,0.3999948921449921,"{'table_obstacle': {'pos': [0.3825981920028062, 0.37518922255766707, 0.1646257963690813], 'size': [0.049837904948193595, 0.0813235869879147, 0.05243307039854257]}, 'pillar_obstacle': {'pos': [0.39994824830915515, -0.3824307480766307, 0.23470116647765446], 'size': [0.033663755439403885, 0.20172185302840845, 0.0]}, 'small_block': {'pos': [0.6140097595303955, -0.3535133918987863, 0.1097032402875184], 'size': [0.04461973939918376, 0.0849493067344041, 0.09534921802665242]}}"
5.116000000000043,0.5559987007973813,0.0,0.4,0.5515557302542622,2.429876696604946e-07,0.3999949148816711,"{'table_obstacle': {'pos': [0.3825981920028062, 0.37518922255766707, 0.1646257963690813], 'size': [0.049837904948193595, 0.0813235869879147, 0.05243307039854257]}, 'pillar_obstacle': {'pos': [0.39994824830915515, -0.3824307480766307, 0.23470116647765446], 'size': [0.033663755439403885, 0.20172185302840845, 0.0]}, 'small_block': {'pos': [0.6140097595303955, -0.3535133918987863, 0.1097032402875184], 'size': [0.04461973939918376, 0.0849493067344041, 0.09534921802665242]}}"
5.1170000000000435,0.5559987007973813,0.0,0.4,0.5516187856960034,2.3023380194195854e-07,0.3999949418023452,"{'table_obstacle': {'pos': [0.3825981920028062, 0.37518922255766707, 0.1646257963690813], 'size': [0.049837904948193595, 0.0813235869879147, 0.05243307039854257]}, 'pillar_obstacle': {'pos': [0.39994824830915515, -0.3824307480766307, 0.23470116647765446], 'size': [0.033663755439403885, 0.20172185302840845, 0.0]}, 'small_block': {'pos': [0.6140097595303955, -0.3535133918987863, 0.1097032402875184], 'size': [0.04461973939918376, 0.0849493067344041, 0.09534921802665242]}}"
5.118000000000044,0.5559987007973813,0.0,0.4,0.5516810004191128,2.1701581550592289e-07,0.39999497230831577,"{'table_obstacle': {'pos': [0.3825981920028062, 0.37518922255766707, 0.1646257963690813], 'size': [0.049837904948193595, 0.0813235869879147, 0.05243307039854257]}, 'pillar_obstacle': {'pos': [0.39994824830915515, -0.3824307480766307, 0.23470116647765446], 'size': [0.033663755439403885, 0.20172185302840845, 0.0]}, 'small_block': {'pos': [0.6140097595303955, -0.3535133918987863, 0.1097032402875184], 'size': [0.04461973939918376, 0.0849493067344041, 0.09534921802665242]}}"
5.119000000000044,0.5559987007973813,0.0,0.4,0.5517423755394875,2.0346660768303417e-07,0.39999500587872383,"{'table_obstacle': {'pos': [0.3825981920028062, 0.37518922255766707, 0.1646257963690813], 'size': [0.049837904948193595, 0.0813235869879147, 0.05243307039854257]}, 'pillar_obstacle': {'pos': [0.39994824830915515, -0.3824307480766307, 0.23470116647765446], 'size': [0.033663755439403885, 0.20172185302840845, 0.0]}, 'small_block': {'pos': [0.6140097595303955, -0.3535133918987863, 0.1097032402875184], 'size': [0.04461973939918376, 0.0849493067344041, 0.09534921802665242]}}"
5.1200000000000445,0.5559987007973813,0.0,0.4,0.5518029142031616,1.8969881146319553e-07,0.39999504206162917,"{'table_obstacle': {'pos': [0.3825981920028062, 0.37518922255766707, 0.1646257963690813], 'size': [0.049837904948193595, 0.0813235869879147, 0.05243307039854257]}, 'pillar_obstacle': {'pos': [0.39994824830915515, -0.3824307480766307, 0.23470116647765446], 'size': [0.033663755439403885, 0.20172185302840845, 0.0]}, 'small_block': {'pos': [0.6140097595303955, -0.3535133918987863, 0.1097032402875184], 'size': [0.04461973939918376, 0.0849493067344041, 0.09534921802665242]}}"
5.121000000000045,0.5559987007973813,0.0,0.4,0.5518626211710694,1.758074140541112e-07,0.39999508046571497,"{'table_obstacle': {'pos': [0.3825981920028062, 0.37518922255766707, 0.1646257963690813], 'size': [0.049837904948193595, 0.0813235869879147, 0.05243307039854257]}, 'pillar_obstacle': {'pos': [0.39994824830915515, -0.3824307480766307, 0.23470116647765446], 'size': [0.033663755439403885, 0.20172185302840845, 0.0]}, 'small_block': {'pos': [0.6140097595303955, -0.3535133918987863, 0.1097032402875184], 'size': [0.04461973939918376, 0.0849493067344041, 0.09534921802665242]}}"
5.122000000000045,0.5559987007973813,0.0,0.4,0.5519215024827175,1.6187211690598242e-07,0.39999512075270627,"{'table_obstacle': {'pos': [0.3825981920028062, 0.37518922255766707, 0.1646257963690813], 'size': [0.049837904948193595, 0.0813235869879147, 0.05243307039854257]}, 'pillar_obstacle': {'pos': [0.39994824830915515, -0.3824307480766307, 0.23470116647765446], 'size': [0.033663755439403885, 0.20172185302840845, 0.0]}, 'small_block': {'pos': [0.6140097595303955, -0.3535133918987863, 0.1097032402875184], 'size': [0.04461973939918376, 0.0849493067344041, 0.09534921802665242]}}"
5.1230000000000455,0.5559987007973813,0.0,0.4,0.5519795651838482,1.4795944498206956e-07,0.3999951626305233,"{'table_obstacle': {'pos': [0.3825981920028062, 0.37518922255766707, 0.1646257963690813], 'size': [0.049837904948193595, 0.0813235869879147, 0.05243307039854257]}, 'pillar_obstacle': {'pos': [0.39994824830915515, -0.3824307480766307, 0.23470116647765446], 'size': [0.033663755439403885, 0.20172185302840845, 0.0]}, 'small_block': {'pos': [0.6140097595303955, -0.3535133918987863, 0.1097032402875184], 'size': [0.04461973939918376, 0.0849493067344041, 0.09534921802665242]}}"
5.124000000000046,0.5559987007973813,0.0,0.4,0.55203681710599,1.3412461027388877e-07,0.3999952058471633,"{'table_obstacle': {'pos': [0.3825981920028062, 0.37518922255766707, 0.1646257963690813], 'size': [0.049837904948193595, 0.0813235869879147, 0.05243307039854257]}, 'pillar_obstacle': {'pos': [0.39994824830915515, -0.3824307480766307, 0.23470116647765446], 'size': [0.033663755439403885, 0.20172185302840845, 0.0]}, 'small_block': {'pos': [0.6140097595303955, -0.3535133918987863, 0.1097032402875184], 'size': [0.04461973939918376, 0.0849493067344041, 0.09534921802665242]}}"
5.125000000000046,0.5559987007973813,0.0,0.4,0.5520932666880851,1.2041315053731844e-07,0.39999525018527915,"{'table_obstacle': {'pos': [0.3825981920028062, 0.37518922255766707, 0.1646257963690813], 'size': [0.049837904948193595, 0.0813235869879147, 0.05243307039854257]}, 'pillar_obstacle': {'pos': [0.39994824830915515, -0.3824307480766307, 0.23470116647765446], 'size': [0.033663755439403885, 0.20172185302840845, 0.0]}, 'small_block': {'pos': [0.6140097595303955, -0.3535133918987863, 0.1097032402875184], 'size': [0.04461973939918376, 0.0849493067344041, 0.09534921802665242]}}"
5.1260000000000465,0.5559987007973813,0.0,0.4,0.5521489228322356,1.0686235710741922e-07,0.39999529545740664,"{'table_obstacle': {'pos': [0.3825981920028062, 0.37518922255766707, 0.1646257963690813], 'size': [0.049837904948193595, 0.0813235869879147, 0.05243307039854257]}, 'pillar_obstacle': {'pos': [0.39994824830915515, -0.3824307480766307, 0.23470116647765446], 'size': [0.033663755439403885, 0.20172185302840845, 0.0]}, 'small_block': {'pos': [0.6140097595303955, -0.3535133918987863, 0.1097032402875184], 'size': [0.04461973939918376, 0.0849493067344041, 0.09534921802665242]}}"
5.127000000000047,0.5559987007973813,0.0,0.4,0.5522037947871131,9.350251659851351e-08,0.3999953415017909,"{'table_obstacle': {'pos': [0.3825981920028062, 0.37518922255766707, 0.1646257963690813], 'size': [0.049837904948193595, 0.0813235869879147, 0.05243307039854257]}, 'pillar_obstacle': {'pos': [0.39994824830915515, -0.3824307480766307, 0.23470116647765446], 'size': [0.033663755439403885, 0.20172185302840845, 0.0]}, 'small_block': {'pos': [0.6140097595303955, -0.3535133918987863, 0.1097032402875184], 'size': [0.04461973939918376, 0.0849493067344041, 0.09534921802665242]}}"
5.128000000000047,0.5559987007973813,0.0,0.4,0.5522578920538008,8.035798231357729e-08,0.3999953881787532,"{'table_obstacle': {'pos': [0.3825981920028062, 0.37518922255766707, 0.1646257963690813], 'size': [0.049837904948193595, 0.0813235869879147, 0.05243307039854257]}, 'pillar_obstacle': {'pos': [0.39994824830915515, -0.3824307480766307, 0.23470116647765446], 'size': [0.033663755439403885, 0.20172185302840845, 0.0]}, 'small_block': {'pos': [0.6140097595303955, -0.3535133918987863, 0.1097032402875184], 'size': [0.04461973939918376, 0.0849493067344041, 0.09534921802665242]}}"
5.1290000000000475,0.5559987007973813,0.0,0.4,0.5523112243098252,6.744809663875124e-08,0.3999954353675401,"{'table_obstacle': {'pos': [0.3825981920028062, 0.37518922255766707, 0.1646257963690813], 'size': [0.049837904948193595, 0.0813235869879147, 0.05243307039854257]}, 'pillar_obstacle': {'pos': [0.39994824830915515, -0.3824307480766307, 0.23470116647765446], 'size': [0.033663755439403885, 0.20172185302840845, 0.0]}, 'small_block': {'pos': [0.6140097595303955, -0.3535133918987863, 0.1097032402875184], 'size': [0.04461973939918376, 0.0849493067344041, 0.09534921802665242]}}"
5.130000000000048,0.5559987007973813,0.0,0.4,0.552363801347931,5.4787981407527924e-08,0.39999548296360726,"{'table_obstacle': {'pos': [0.3825981920028062, 0.37518922255766707, 0.1646257963690813], 'size': [0.049837904948193595, 0.0813235869879147, 0.05243307039854257]}, 'pillar_obstacle': {'pos': [0.39994824830915515, -0.3824307480766307, 0.23470116647765446], 'size': [0.033663755439403885, 0.20172185302840845, 0.0]}, 'small_block': {'pos': [0.6140097595303955, -0.3535133918987863, 0.1097032402875184], 'size': [0.04461973939918376, 0.0849493067344041, 0.09534921802665242]}}"
5.131000000000048,0.5559987007973813,0.0,0.4,0.5524156330268112,4.238921437338753e-08,0.39999553087627737,"{'table_obstacle': {'pos': [0.3825981920028062, 0.37518922255766707, 0.1646257963690813], 'size': [0.049837904948193595, 0.0813235869879147, 0.05243307039854257]}, 'pillar_obstacle': {'pos': [0.39994824830915515, -0.3824307480766307, 0.23470116647765446], 'size': [0.033663755439403885, 0.20172185302840845, 0.0]}, 'small_block': {'pos': [0.6140097595303955, -0.3535133918987863, 0.1097032402875184], 'size': [0.04461973939918376, 0.0849493067344041, 0.09534921802665242]}}"
5.1320000000000485,0.5559987007973813,0.0,0.4,0.5524667292315302,3.0260404092945445e-08,0.39999557902673305,"{'table_obstacle': {'pos': [0.3825981920028062, 0.37518922255766707, 0.1646257963690813], 'size': [0.049837904948193595, 0.0813235869879147, 0.05243307039854257]}, 'pillar_obstacle': {'pos': [0.39994824830915515, -0.3824307480766307, 0.23470116647765446], 'size': [0.033663755439403885, 0.20172185302840845, 0.0]}, 'small_block': {'pos': [0.6140097595303955, -0.3535133918987863, 0.1097032402875184], 'size': [0.04461973939918376, 0.0849493067344041, 0.09534921802665242]}}"
5.133000000000049,0.5559987007973813,0.0,0.4,0.5525170998417993,1.8407679554740047e-08,0.3999956273462979,"{'table_obstacle': {'pos': [0.3825981920028062, 0.37518922255766707, 0.1646257963690813], 'size': [0.049837904948193595, 0.0813235869879147, 0.05243307039854257]}, 'pillar_obstacle': {'pos': [0.39994824830915515, -0.3824307480766307, 0.23470116647765446], 'size': [0.033663755439403885, 0.20172185302840845, 0.0]}, 'small_block': {'pos': [0.6140097595303955, -0.3535133918987863, 0.1097032402875184], 'size': [0.04461973939918376, 0.0849493067344041, 0.09534921802665242]}}"
5.134000000000049,0.5559987007973813,0.0,0.4,0.5525667547066206,6.8351045706756035e-09,0.39999567577496925,"{'table_obstacle': {'pos': [0.3825981920028062, 0.37518922255766707, 0.1646257963690813], 'size': [0.049837904948193595, 0.0813235869879147, 0.05243307039854257]}, 'pillar_obstacle': {'pos': [0.39994824830915515, -0.3824307480766307, 0.23470116647765446], 'size': [0.033663755439403885, 0.20172185302840845, 0.0]}, 'small_block': {'pos': [0.6140097595303955, -0.3535133918987863, 0.1097032402875184], 'size': [0.04461973939918376, 0.0849493067344041, 0.09534921802665242]}}"
5.1350000000000495,0.5559987007973813,0.0,0.4,0.5526157036240882,-4.454971095066879e-09,0.39999572426016555,"{'table_obstacle': {'pos': [0.3825981920028062, 0.37518922255766707, 0.1646257963690813], 'size': [0.049837904948193595, 0.0813235869879147, 0.05243307039854257]}, 'pillar_obstacle': {'pos': [0.39994824830915515, -0.3824307480766307, 0.23470116647765446], 'size': [0.033663755439403885, 0.20172185302840845, 0.0]}, 'small_block': {'pos': [0.6140097595303955, -0.3535133918987863, 0.1097032402875184], 'size': [0.04461973939918376, 0.0849493067344041, 0.09534921802665242]}}"
5.13600000000005,0.5559987007973813,0.0,0.4,0.5526639563253672,-1.5461616114703468e-08,0.39999577275566206,"{'table_obstacle': {'pos': [0.3825981920028062, 0.37518922255766707, 0.1646257963690813], 'size': [0.049837904948193595, 0.0813235869879147, 0.05243307039854257]}, 'pillar_obstacle': {'pos': [0.39994824830915515, -0.3824307480766307, 0.23470116647765446], 'size': [0.033663755439403885, 0.20172185302840845, 0.0]}, 'small_block': {'pos': [0.6140097595303955, -0.3535133918987863, 0.1097032402875184], 'size': [0.04461973939918376, 0.0849493067344041, 0.09534921802665242]}}"
5.13700000000005,0.5559987007973813,0.0,0.4,0.5527115224620622,-2.6185067948431742e-08,0.39999582122068444,"{'table_obstacle': {'pos': [0.3825981920028062, 0.37518922255766707, 0.1646257963690813], 'size': [0.049837904948193595, 0.0813235869879147, 0.05243307039854257]}, 'pillar_obstacle': {'pos': [0.39994824830915515, -0.3824307480766307, 0.23470116647765446], 'size': [0.033663755439403885, 0.20172185302840845, 0.0]}, 'small_block': {'pos': [0.6140097595303955, -0.3535133918987863, 0.1097032402875184], 'size': [0.04461973939918376, 0.0849493067344041, 0.09534921802665242]}}"
5.1380000000000505,0.5559987007973813,0.0,0.4,0.5527584115963222,-3.6626523658292756e-08,0.3999958696191398,"{'table_obstacle': {'pos': [0.3825981920028062, 0.37518922255766707, 0.1646257963690813], 'size': [0.049837904948193595, 0.0813235869879147, 0.05243307039854257]}, 'pillar_obstacle': {'pos': [0.39994824830915515, -0.3824307480766307, 0.23470116647765446], 'size': [0.033663755439403885, 0.20172185302840845, 0.0]}, 'small_block': {'pos': [0.6140097595303955, -0.3535133918987863, 0.1097032402875184], 'size': [0.04461973939918376, 0.0849493067344041, 0.09534921802665242]}}"
5.139000000000051,0.5559987007973813,0.0,0.4,0.552804633193164,-4.678796380305391e-08,0.3999959179189654,"{'table_obstacle': {'pos': [0.3825981920028062, 0.37518922255766707, 0.1646257963690813], 'size': [0.049837904948193595, 0.0813235869879147, 0.05243307039854257]}, 'pillar_obstacle': {'pos': [0.39994824830915515, -0.3824307480766307, 0.23470116647765446], 'size': [0.033663755439403885, 0.20172185302840845, 0.0]}, 'small_block': {'pos': [0.6140097595303955, -0.3535133918987863, 0.1097032402875184], 'size': [0.04461973939918376, 0.0849493067344041, 0.09534921802665242]}}"
5.140000000000051,0.5559987007973813,0.0,0.4,0.5528501966145943,-5.667200454987531e-08,0.39999596609157484,"{'table_obstacle': {'pos': [0.3825981920028062, 0.37518922255766707, 0.1646257963690813], 'size': [0.049837904948193595, 0.0813235869879147, 0.05243307039854257]}, 'pillar_obstacle': {'pos': [0.39994824830915515, -0.3824307480766307, 0.23470116647765446], 'size': [0.033663755439403885, 0.20172185302840845, 0.0]}, 'small_block': {'pos': [0.6140097595303955, -0.3535133918987863, 0.1097032402875184], 'size': [0.04461973939918376, 0.0849493067344041, 0.09534921802665242]}}"
5.1410000000000515,0.5559987007973813,0.0,0.4,0.5528951111151783,-6.628177544099501e-08,0.3999960141113884,"{'table_obstacle': {'pos': [0.3825981920028062, 0.37518922255766707, 0.1646257963690813], 'size': [0.049837904948193595, 0.0813235869879147, 0.05243307039854257]}, 'pillar_obstacle': {'pos': [0.39994824830915515, -0.3824307480766307, 0.23470116647765446], 'size': [0.033663755439403885, 0.20172185302840845, 0.0]}, 'small_block': {'pos': [0.6140097595303955, -0.3535133918987863, 0.1097032402875184], 'size': [0.04461973939918376, 0.0849493067344041, 0.09534921802665242]}}"
5.142000000000052,0.5559987007973813,0.0,0.4,0.5529393858387831,-7.56208151195046e-08,0.39999606195543713,"{'table_obstacle': {'pos': [0.3825981920028062, 0.37518922255766707, 0.1646257963690813], 'size': [0.049837904948193595, 0.0813235869879147, 0.05243307039854257]}, 'pillar_obstacle': {'pos': [0.39994824830915515, -0.3824307480766307, 0.23470116647765446], 'size': [0.033663755439403885, 0.20172185302840845, 0.0]}, 'small_block': {'pos': [0.6140097595303955, -0.3535133918987863, 0.1097032402875184], 'size': [0.04461973939918376, 0.0849493067344041, 0.09534921802665242]}}"
5.143000000000052,0.5559987007973813,0.0,0.4,0.5529830298162663,-8.469298673791429e-08,0.3999961096030254,"{'table_obstacle': {'pos': [0.3825981920028062, 0.37518922255766707, 0.1646257963690813], 'size': [0.049837904948193595, 0.0813235869879147, 0.05243307039854257]}, 'pillar_obstacle': {'pos': [0.39994824830915515, -0.3824307480766307, 0.23470116647765446], 'size': [0.033663755439403885, 0.20172185302840845, 0.0]}, 'small_block': {'pos': [0.6140097595303955, -0.3535133918987863, 0.1097032402875184], 'size': [0.04461973939918376, 0.0849493067344041, 0.09534921802665242]}}"
5.1440000000000525,0.5559987007973813,0.0,0.4,0.5530260519639293,-9.350240526504156e-08,0.3999961570354454,"{'table_obstacle': {'pos': [0.3825981920028062, 0.37518922255766707, 0.1646257963690813], 'size': [0.049837904948193595, 0.0813235869879147, 0.05243307039854257]}, 'pillar_obstacle': {'pos': [0.39994824830915515, -0.3824307480766307, 0.23470116647765446], 'size': [0.033663755439403885, 0.20172185302840845, 0.0]}, 'small_block': {'pos': [0.6140097595303955, -0.3535133918987863, 0.1097032402875184], 'size': [0.04461973939918376, 0.0849493067344041, 0.09534921802665242]}}"
5.145000000000053,0.5559987007973813,0.0,0.4,0.5530684610825835,-1.0205338004785512e-07,0.3999962042357342,"{'table_obstacle': {'pos': [0.3825981920028062, 0.37518922255766707, 0.1646257963690813], 'size': [0.049837904948193595, 0.0813235869879147, 0.05243307039854257]}, 'pillar_obstacle': {'pos': [0.39994824830915515, -0.3824307480766307, 0.23470116647765446], 'size': [0.033663755439403885, 0.20172185302840845, 0.0]}, 'small_block': {'pos': [0.6140097595303955, -0.3535133918987863, 0.1097032402875184], 'size': [0.04461973939918376, 0.0849493067344041, 0.09534921802665242]}}"
5.146000000000053,0.5559987007973813,0.0,0.4,0.5531102658571093,-1.1035036329814038e-07,0.3999962511884692,"{'table_obstacle': {'pos': [0.3825981920028062, 0.37518922255766707, 0.1646257963690813], 'size': [0.049837904948193595, 0.0813235869879147, 0.05243307039854257]}, 'pillar_obstacle': {'pos': [0.39994824830915515, -0.3824307480766307, 0.23470116647765446], 'size': [0.033663755439403885, 0.20172185302840845, 0.0]}, 'small_block': {'pos': [0.6140097595303955, -0.3535133918987863, 0.1097032402875184], 'size': [0.04461973939918376, 0.0849493067344041, 0.09534921802665242]}}"
5.1470000000000535,0.5559987007973813,0.0,0.4,0.5531514748564177,-1.1839791096400492e-07,0.3999962978795926,"{'table_obstacle': {'pos': [0.3825981920028062, 0.37518922255766707, 0.1646257963690813], 'size': [0.049837904948193595, 0.0813235869879147, 0.05243307039854257]}, 'pillar_obstacle': {'pos': [0.39994824830915515, -0.3824307480766307, 0.23470116647765446], 'size': [0.033663755439403885, 0.20172185302840845, 0.0]}, 'small_block': {'pos': [0.6140097595303955, -0.3535133918987863, 0.1097032402875184], 'size': [0.04461973939918376, 0.0849493067344041, 0.09534921802665242]}}"
5.148000000000054,0.5559987007973813,0.0,0.4,0.5531920965337213,-1.2620064816813977e-07,0.39999634429626074,"{'table_obstacle': {'pos': [0.3825981920028062, 0.37518922255766707, 0.1646257963690813], 'size': [0.049837904948193595, 0.0813235869879147, 0.05243307039854257]}, 'pillar_obstacle': {'pos': [0.39994824830915515, -0.3824307480766307, 0.23470116647765446], 'size': [0.033663755439403885, 0.20172185302840845, 0.0]}, 'small_block': {'pos': [0.6140097595303955, -0.3535133918987863, 0.1097032402875184], 'size': [0.04461973939918376, 0.0849493067344041, 0.09534921802665242]}}"
5.149000000000054,0.5559987007973813,0.0,0.4,0.5532321392270628,-1.337632426272813e-07,0.39999639042671925,"{'table_obstacle': {'pos': [0.3825981920028062, 0.37518922255766707, 0.1646257963690813], 'size': [0.049837904948193595, 0.0813235869879147, 0.05243307039854257]}, 'pillar_obstacle': {'pos': [0.39994824830915515, -0.3824307480766307, 0.23470116647765446], 'size': [0.033663755439403885, 0.20172185302840845, 0.0]}, 'small_block': {'pos': [0.6140097595303955, -0.3535133918987863, 0.1097032402875184], 'size': [0.04461973939918376, 0.0849493067344041, 0.09534921802665242]}}"
5.1500000000000545,0.5559987007973813,0.0,0.4,0.5532716111600428,-1.4109038059097166e-07,0.3999964362601914,"{'table_obstacle': {'pos': [0.3825981920028062, 0.37518922255766707, 0.1646257963690813], 'size': [0.049837904948193595, 0.0813235869879147, 0.05243307039854257]}, 'pillar_obstacle': {'pos': [0.39994824830915515, -0.3824307480766307, 0.23470116647765446], 'size': [0.033663755439403885, 0.20172185302840845, 0.0]}, 'small_block': {'pos': [0.6140097595303955, -0.3535133918987863, 0.1097032402875184], 'size': [0.04461973939918376, 0.0849493067344041, 0.09534921802665242]}}"
5.151000000000055,0.5559987007973813,0.0,0.4,0.5533105204427096,-1.4818674873070919e-07,0.399996481786787,"{'table_obstacle': {'pos': [0.3825981920028062, 0.37518922255766707, 0.1646257963690813], 'size': [0.049837904948193595, 0.0813235869879147, 0.05243307039854257]}, 'pillar_obstacle': {'pos': [0.39994824830915515, -0.3824307480766307, 0.23470116647765446], 'size': [0.033663755439403885, 0.20172185302840845, 0.0]}, 'small_block': {'pos': [0.6140097595303955, -0.3535133918987863, 0.1097032402875184], 'size': [0.04461973939918376, 0.0849493067344041, 0.09534921802665242]}}"
5.152000000000055,0.5559987007973813,0.0,0.4,0.5533488750725687,-1.5505701895525167e-07,0.3999965269974197,"{'table_obstacle': {'pos': [0.3825981920028062, 0.37518922255766707, 0.1646257963690813], 'size': [0.049837904948193595, 0.0813235869879147, 0.05243307039854257]}, 'pillar_obstacle': {'pos': [0.39994824830915515, -0.3824307480766307, 0.23470116647765446], 'size': [0.033663755439403885, 0.20172185302840845, 0.0]}, 'small_block': {'pos': [0.6140097595303955, -0.3535133918987863, 0.1097032402875184], 'size': [0.04461973939918376, 0.0849493067344041, 0.09534921802665242]}}"
5.1530000000000555,0.5559987007973813,0.0,0.4,0.5533866829356936,-1.6170583632410606e-07,0.3999965718837383,"{'table_obstacle': {'pos': [0.3825981920028062, 0.37518922255766707, 0.1646257963690813], 'size': [0.049837904948193595, 0.0813235869879147, 0.05243307039854257]}, 'pillar_obstacle': {'pos': [0.39994824830915515, -0.3824307480766307, 0.23470116647765446], 'size': [0.033663755439403885, 0.20172185302840845, 0.0]}, 'small_block': {'pos': [0.6140097595303955, -0.3535133918987863, 0.1097032402875184], 'size': [0.04461973939918376, 0.0849493067344041, 0.09534921802665242]}}"
5.154000000000056,0.5559987007973813,0.0,0.4,0.5534239518079104,-1.6813780838005605e-07,0.3999966164380666,"{'table_obstacle': {'pos': [0.3825981920028062, 0.37518922255766707, 0.1646257963690813], 'size': [0.049837904948193595, 0.0813235869879147, 0.05243307039854257]}, 'pillar_obstacle': {'pos': [0.39994824830915515, -0.3824307480766307, 0.23470116647765446], 'size': [0.033663755439403885, 0.20172185302840845, 0.0]}, 'small_block': {'pos': [0.6140097595303955, -0.3535133918987863, 0.1097032402875184], 'size': [0.04461973939918376, 0.0849493067344041, 0.09534921802665242]}}"
5.155000000000056,0.5559987007973813,0.0,0.4,0.553460689356038,-1.7435749778213708e-07,0.3999966606533499,"{'table_obstacle': {'pos': [0.3825981920028062, 0.37518922255766707, 0.1646257963690813], 'size': [0.049837904948193595, 0.0813235869879147, 0.05243307039854257]}, 'pillar_obstacle': {'pos': [0.39994824830915515, -0.3824307480766307, 0.23470116647765446], 'size': [0.033663755439403885, 0.20172185302840845, 0.0]}, 'small_block': {'pos': [0.6140097595303955, -0.3535133918987863, 0.1097032402875184], 'size': [0.04461973939918376, 0.0849493067344041, 0.09534921802665242]}}"
5.1560000000000565,0.5559987007973813,0.0,0.4,0.5534969031391712,-1.8036941480792367e-07,0.39999670452310965,"{'table_obstacle': {'pos': [0.3825981920028062, 0.37518922255766707, 0.1646257963690813], 'size': [0.049837904948193595, 0.0813235869879147, 0.05243307039854257]}, 'pillar_obstacle': {'pos': [0.39994824830915515, -0.3824307480766307, 0.23470116647765446], 'size': [0.033663755439403885, 0.20172185302840845, 0.0]}, 'small_block': {'pos': [0.6140097595303955, -0.3535133918987863, 0.1097032402875184], 'size': [0.04461973939918376, 0.0849493067344041, 0.09534921802665242]}}"
5.157000000000057,0.5559987007973813,0.0,0.4,0.553532600609995,-1.861780138007646e-07,0.399996748041402,"{'table_obstacle': {'pos': [0.3825981920028062, 0.37518922255766707, 0.1646257963690813], 'size': [0.049837904948193595, 0.0813235869879147, 0.05243307039854257]}, 'pillar_obstacle': {'pos': [0.39994824830915515, -0.3824307480766307, 0.23470116647765446], 'size': [0.033663755439403885, 0.20172185302840845, 0.0]}, 'small_block': {'pos': [0.6140097595303955, -0.3535133918987863, 0.1097032402875184], 'size': [0.04461973939918376, 0.0849493067344041, 0.09534921802665242]}}"
5.158000000000057,0.5559987007973813,0.0,0.4,0.5535677891161174,-1.9178768781829653e-07,0.39999679120278236,"{'table_obstacle': {'pos': [0.3825981920028062, 0.37518922255766707, 0.1646257963690813], 'size': [0.049837904948193595, 0.0813235869879147, 0.05243307039854257]}, 'pillar_obstacle': {'pos': [0.39994824830915515, -0.3824307480766307, 0.23470116647765446], 'size': [0.033663755439403885, 0.20172185302840845, 0.0]}, 'small_block': {'pos': [0.6140097595303955, -0.3535133918987863, 0.1097032402875184], 'size': [0.04461973939918376, 0.0849493067344041, 0.09534921802665242]}}"
5.1590000000000575,0.5559987007973813,0.0,0.4,0.5536024759014174,-1.9720276676464843e-07,0.39999683400227287,"{'table_obstacle': {'pos': [0.3825981920028062, 0.37518922255766707, 0.1646257963690813], 'size': [0.049837904948193595, 0.0813235869879147, 0.05243307039854257]}, 'pillar_obstacle': {'pos': [0.39994824830915515, -0.3824307480766307, 0.23470116647765446], 'size': [0.033663755439403885, 0.20172185302840845, 0.0]}, 'small_block': {'pos': [0.6140097595303955, -0.3535133918987863, 0.1097032402875184], 'size': [0.04461973939918376, 0.0849493067344041, 0.09534921802665242]}}"
5.160000000000058,0.5559987007973813,0.0,0.4,0.5536366681073996,-2.0242751380709995e-07,0.3999968764353347,"{'table_obstacle': {'pos': [0.3825981920028062, 0.37518922255766707, 0.1646257963690813], 'size': [0.049837904948193595, 0.0813235869879147, 0.05243307039854257]}, 'pillar_obstacle': {'pos': [0.39994824830915515, -0.3824307480766307, 0.23470116647765446], 'size': [0.033663755439403885, 0.20172185302840845, 0.0]}, 'small_block': {'pos': [0.6140097595303955, -0.3535133918987863, 0.1097032402875184], 'size': [0.04461973939918376, 0.0849493067344041, 0.09534921802665242]}}"
5.161000000000058,0.5559987007973813,0.0,0.4,0.55367037277455,-2.0746612498138342e-07,0.3999969184978412,"{'table_obstacle': {'pos': [0.3825981920028062, 0.37518922255766707, 0.1646257963690813], 'size': [0.049837904948193595, 0.0813235869879147, 0.05243307039854257]}, 'pillar_obstacle': {'pos': [0.39994824830915515, -0.3824307480766307, 0.23470116647765446], 'size': [0.033663755439403885, 0.20172185302840845, 0.0]}, 'small_block': {'pos': [0.6140097595303955, -0.3535133918987863, 0.1097032402875184], 'size': [0.04461973939918376, 0.0849493067344041, 0.09534921802665242]}}"
5.1620000000000585,0.5559987007973813,0.0,0.4,0.5537035968436894,-2.1232272715009096e-07,0.39999696018605463,"{'table_obstacle': {'pos': [0.3825981920028062, 0.37518922255766707, 0.1646257963690813], 'size': [0.049837904948193595, 0.0813235869879147, 0.05243307039854257]}, 'pillar_obstacle': {'pos': [0.39994824830915515, -0.3824307480766307, 0.23470116647765446], 'size': [0.033663755439403885, 0.20172185302840845, 0.0]}, 'small_block': {'pos': [0.6140097595303955, -0.3535133918987863, 0.1097032402875184], 'size': [0.04461973939918376, 0.0849493067344041, 0.09534921802665242]}}"
5.163000000000059,0.5559987007973813,0.0,0.4,0.5537363471573237,-2.1700137814004495e-07,0.3999970014966054,"{'table_obstacle': {'pos': [0.3825981920028062, 0.37518922255766707, 0.1646257963690813], 'size': [0.049837904948193595, 0.0813235869879147, 0.05243307039854257]}, 'pillar_obstacle': {'pos': [0.39994824830915515, -0.3824307480766307, 0.23470116647765446], 'size': [0.033663755439403885, 0.20172185302840845, 0.0]}, 'small_block': {'pos': [0.6140097595303955, -0.3535133918987863, 0.1097032402875184], 'size': [0.04461973939918376, 0.0849493067344041, 0.09534921802665242]}}"
5.164000000000059,0.5559987007973813,0.0,0.4,0.5537686304609839,-2.215060654142647e-07,0.39999704242647227,"{'table_obstacle': {'pos': [0.3825981920028062, 0.37518922255766707, 0.1646257963690813], 'size': [0.049837904948193595, 0.0813235869879147, 0.05243307039854257]}, 'pillar_obstacle': {'pos': [0.39994824830915515, -0.3824307480766307, 0.23470116647765446], 'size': [0.033663755439403885, 0.20172185302840845, 0.0]}, 'small_block': {'pos': [0.6140097595303955, -0.3535133918987863, 0.1097032402875184], 'size': [0.04461973939918376, 0.0849493067344041, 0.09534921802665242]}}"
5.1650000000000595,0.5559987007973813,0.0,0.4,0.5538004534045591,-2.2584070679263346e-07,0.39999708297296394,"{'table_obstacle': {'pos': [0.3825981920028062, 0.37518922255766707, 0.1646257963690813], 'size': [0.049837904948193595, 0.0813235869879147, 0.05243307039854257]}, 'pillar_obstacle': {'pos': [0.39994824830915515, -0.3824307480766307, 0.23470116647765446], 'size': [0.033663755439403885, 0.20172185302840845, 0.0]}, 'small_block': {'pos': [0.6140097595303955, -0.3535133918987863, 0.1097032402875184], 'size': [0.04461973939918376, 0.0849493067344041, 0.09534921802665242]}}"
5.16600000000006,0.5559987007973813,0.0,0.4,0.5538318225436144,-2.300091496293546e-07,0.39999712313370406,"{'table_obstacle': {'pos': [0.3825981920028062, 0.37518922255766707, 0.1646257963690813], 'size': [0.049837904948193595, 0.0813235869879147, 0.05243307039854257]}, 'pillar_obstacle': {'pos': [0.39994824830915515, -0.3824307480766307, 0.23470116647765446], 'size': [0.033663755439403885, 0.20172185302840845, 0.0]}, 'small_block': {'pos': [0.6140097595303955, -0.3535133918987863, 0.1097032402875184], 'size': [0.04461973939918376, 0.0849493067344041, 0.09534921802665242]}}"
5.16700000000006,0.5559987007973813,0.0,0.4,0.5538627443407015,-2.3401517241691918e-07,0.3999971629066128,"{'table_obstacle': {'pos': [0.3825981920028062, 0.37518922255766707, 0.1646257963690813], 'size': [0.049837904948193595, 0.0813235869879147, 0.05243307039854257]}, 'pillar_obstacle': {'pos': [0.39994824830915515, -0.3824307480766307, 0.23470116647765446], 'size': [0.033663755439403885, 0.20172185302840845, 0.0]}, 'small_block': {'pos': [0.6140097595303955, -0.3535133918987863, 0.1097032402875184], 'size': [0.04461973939918376, 0.0849493067344041, 0.09534921802665242]}}"
5.1680000000000605,0.5559987007973813,0.0,0.4,0.5538932251666506,-2.378624842964907e-07,0.3999972022898954,"{'table_obstacle': {'pos': [0.3825981920028062, 0.37518922255766707, 0.1646257963690813], 'size': [0.049837904948193595, 0.0813235869879147, 0.05243307039854257]}, 'pillar_obstacle': {'pos': [0.39994824830915515, -0.3824307480766307, 0.23470116647765446], 'size': [0.033663755439403885, 0.20172185302840845, 0.0]}, 'small_block': {'pos': [0.6140097595303955, -0.3535133918987863, 0.1097032402875184], 'size': [0.04461973939918376, 0.0849493067344041, 0.09534921802665242]}}"
5.169000000000061,0.5559987007973813,0.0,0.4,0.5539232713018515,-2.4155472621520405e-07,0.39999724128202724,"{'table_obstacle': {'pos': [0.3825981920028062, 0.37518922255766707, 0.1646257963690813], 'size': [0.049837904948193595, 0.0813235869879147, 0.05243307039854257]}, 'pillar_obstacle': {'pos': [0.39994824830915515, -0.3824307480766307, 0.23470116647765446], 'size': [0.033663755439403885, 0.20172185302840845, 0.0]}, 'small_block': {'pos': [0.6140097595303955, -0.3535133918987863, 0.1097032402875184], 'size': [0.04461973939918376, 0.0849493067344041, 0.09534921802665242]}}"
5.170000000000061,0.5559987007973813,0.0,0.4,0.553952888937519,-2.450954708006955e-07,0.39999727988174094,"{'table_obstacle': {'pos': [0.3825981920028062, 0.37518922255766707, 0.1646257963690813], 'size': [0.049837904948193595, 0.0813235869879147, 0.05243307039854257]}, 'pillar_obstacle': {'pos': [0.39994824830915515, -0.3824307480766307, 0.23470116647765446], 'size': [0.033663755439403885, 0.20172185302840845, 0.0]}, 'small_block': {'pos': [0.6140097595303955, -0.3535133918987863, 0.1097032402875184], 'size': [0.04461973939918376, 0.0849493067344041, 0.09534921802665242]}}"
5.1710000000000615,0.5559987007973813,0.0,0.4,0.5539820841769427,-2.484882241239101e-07,0.39999731808801503,"{'table_obstacle': {'pos': [0.3825981920028062, 0.37518922255766707, 0.1646257963690813], 'size': [0.049837904948193595, 0.0813235869879147, 0.05243307039854257]}, 'pillar_obstacle': {'pos': [0.39994824830915515, -0.3824307480766307, 0.23470116647765446], 'size': [0.033663755439403885, 0.20172185302840845, 0.0]}, 'small_block': {'pos': [0.6140097595303955, -0.3535133918987863, 0.1097032402875184], 'size': [0.04461973939918376, 0.0849493067344041, 0.09534921802665242]}}"
5.172000000000062,0.5599986582452307,0.0,0.4,0.5540108630367211,-2.5173642617532836e-07,0.39999735590006175,"{'table_obstacle': {'pos': [0.3825981920028062, 0.37518922255766707, 0.1646257963690813], 'size': [0.049837904948193595, 0.0813235869879147, 0.05243307039854257]}, 'pillar_obstacle': {'pos': [0.39994824830915515, -0.3824307480766307, 0.23470116647765446], 'size': [0.033663755439403885, 0.20172185302840845, 0.0]}, 'small_block': {'pos': [0.6140097595303955, -0.3535133918987863, 0.1097032402875184], 'size': [0.04461973939918376, 0.0849493067344041, 0.09534921802665242]}}"
5.173000000000062,0.5599986582452307,0.0,0.4,0.554049990594706,-2.2268112951680098e-07,0.3999972591499964,"{'table_obstacle': {'pos': [0.3825981920028062, 0.37518922255766707, 0.1646257963690813], 'size': [0.049837904948193595, 0.0813235869879147, 0.05243307039854257]}, 'pillar_obstacle': {'pos': [0.39994824830915515, -0.3824307480766307, 0.23470116647765446], 'size': [0.033663755439403885, 0.20172185302840845, 0.0]}, 'small_block': {'pos': [0.6140097595303955, -0.3535133918987863, 0.1097032402875184], 'size': [0.04461973939918376, 0.0849493067344041, 0.09534921802665242]}}"
5.1740000000000625,0.5599986582452307,0.0,0.4,0.5540972887543711,-1.745044061390417e-07,0.39999707957161657,"{'table_obstacle': {'pos': [0.3825981920028062, 0.37518922255766707, 0.1646257963690813], 'size': [0.049837904948193595, 0.0813235869879147, 0.05243307039854257]}, 'pillar_obstacle': {'pos': [0.39994824830915515, -0.3824307480766307, 0.23470116647765446], 'size': [0.033663755439403885, 0.20172185302840845, 0.0]}, 'small_block': {'pos': [0.6140097595303955, -0.3535133918987863, 0.1097032402875184], 'size': [0.04461973939918376, 0.0849493067344041, 0.09534921802665242]}}"
5.175000000000063,0.5599986582452307,0.0,0.4,0.5541509933881745,-1.1650933164340936e-07,0.39999685391208106,"{'table_obstacle': {'pos': [0.3825981920028062, 0.37518922255766707, 0.1646257963690813], 'size': [0.049837904948193595, 0.0813235869879147, 0.05243307039854257]}, 'pillar_obstacle': {'pos': [0.39994824830915515, -0.3824307480766307, 0.23470116647765446], 'size': [0.033663755439403885, 0.20172185302840845, 0.0]}, 'small_block': {'pos': [0.6140097595303955, -0.3535133918987863, 0.1097032402875184], 'size': [0.04461973939918376, 0.0849493067344041, 0.09534921802665242]}}"
5.176000000000063,0.5599986582452307,0.0,0.4,0.5542096763765816,-5.512210012896975e-08,0.3999966078438909,"{'table_obstacle': {'pos': [0.3825981920028062, 0.37518922255766707, 0.1646257963690813], 'size': [0.049837904948193595, 0.0813235869879147, 0.05243307039854257]}, 'pillar_obstacle': {'pos': [0.39994824830915515, -0.3824307480766307, 0.23470116647765446], 'size': [0.033663755439403885, 0.20172185302840845, 0.0]}, 'small_block': {'pos': [0.6140097595303955, -0.3535133918987863, 0.1097032402875184], 'size': [0.04461973939918376, 0.0849493067344041, 0.09534921802665242]}}"
5.1770000000000636,0.5599986582452307,0.0,0.4,0.5542721822623771,5.347727316849354e-09,0.39999635889933044,"{'table_obstacle': {'pos': [0.3825981920028062, 0.37518922255766707, 0.1646257963690813], 'size': [0.049837904948193595, 0.0813235869879147, 0.05243307039854257]}, 'pillar_obstacle': {'pos': [0.39994824830915515, -0.3824307480766307, 0.23470116647765446], 'size': [0.033663755439403885, 0.20172185302840845, 0.0]}, 'small_block': {'pos': [0.6140097595303955, -0.3535133918987863, 0.1097032402875184], 'size': [0.04461973939918376, 0.0849493067344041, 0.09534921802665242]}}"
5.178000000000064,0.5599986582452307,0.0,0.4,0.5543375768016441,6.213273137456928e-08,0.3999961186691158,"{'table_obstacle': {'pos': [0.3825981920028062, 0.37518922255766707, 0.1646257963690813], 'size': [0.049837904948193595, 0.0813235869879147, 0.05243307039854257]}, 'pillar_obstacle': {'pos': [0.39994824830915515, -0.3824307480766307, 0.23470116647765446], 'size': [0.033663755439403885, 0.20172185302840845, 0.0]}, 'small_block': {'pos': [0.6140097595303955, -0.3535133918987863, 0.1097032402875184], 'size': [0.04461973939918376, 0.0849493067344041, 0.09534921802665242]}}"
5.179000000000064,0.5599986582452307,0.0,0.4,0.5544051051909745,1.1357552388598009e-07,0.3999958944463566,"{'table_obstacle': {'pos': [0.3825981920028062, 0.37518922255766707, 0.1646257963690813], 'size': [0.049837904948193595, 0.0813235869879147, 0.05243307039854257]}, 'pillar_obstacle': {'pos': [0.39994824830915515, -0.3824307480766307, 0.23470116647765446], 'size': [0.033663755439403885, 0.20172185302840845, 0.0]}, 'small_block': {'pos': [0.6140097595303955, -0.3535133918987863, 0.1097032402875184], 'size': [0.04461973939918376, 0.0849493067344041, 0.09534921802665242]}}"
5.1800000000000646,0.5599986582452307,0.0,0.4,0.5544741581600442,1.588055010934915e-07,0.39999569045204486,"{'table_obstacle': {'pos': [0.3825981920028062, 0.37518922255766707, 0.1646257963690813], 'size': [0.049837904948193595, 0.0813235869879147, 0.05243307039854257]}, 'pillar_obstacle': {'pos': [0.39994824830915515, -0.3824307480766307, 0.23470116647765446], 'size': [0.033663755439403885, 0.20172185302840845, 0.0]}, 'small_block': {'pos': [0.6140097595303955, -0.3535133918987863, 0.1097032402875184], 'size': [0.04461973939918376, 0.0849493067344041, 0.09534921802665242]}}"
5.181000000000065,0.5599986582452307,0.0,0.4,0.5545442444544066,1.9749859077514686e-07,0.39999550874483114,"{'table_obstacle': {'pos': [0.3825981920028062, 0.37518922255766707, 0.1646257963690813], 'size': [0.049837904948193595, 0.0813235869879147, 0.05243307039854257]}, 'pillar_obstacle': {'pos': [0.39994824830915515, -0.3824307480766307, 0.23470116647765446], 'size': [0.033663755439403885, 0.20172185302840845, 0.0]}, 'small_block': {'pos': [0.6140097595303955, -0.3535133918987863, 0.1097032402875184], 'size': [0.04461973939918376, 0.0849493067344041, 0.09534921802665242]}}"
5.182000000000065,0.5599986582452307,0.0,0.4,0.5546149685079683,2.2970006283090193e-07,0.3999953498927924,"{'table_obstacle': {'pos': [0.3825981920028062, 0.37518922255766707, 0.1646257963690813], 'size': [0.049837904948193595, 0.0813235869879147, 0.05243307039854257]}, 'pillar_obstacle': {'pos': [0.39994824830915515, -0.3824307480766307, 0.23470116647765446], 'size': [0.033663755439403885, 0.20172185302840845, 0.0]}, 'small_block': {'pos': [0.6140097595303955, -0.3535133918987863, 0.1097032402875184], 'size': [0.04461973939918376, 0.0849493067344041, 0.09534921802665242]}}"
5.1830000000000656,0.5599986582452307,0.0,0.4,0.5546860123288158,2.556950656829969e-07,0.39999521346605477,"{'table_obstacle': {'pos': [0.3825981920028062, 0.37518922255766707, 0.1646257963690813], 'size': [0.049837904948193595, 0.0813235869879147, 0.05243307039854257]}, 'pillar_obstacle': {'pos': [0.39994824830915515, -0.3824307480766307, 0.23470116647765446], 'size': [0.033663755439403885, 0.20172185302840845, 0.0]}, 'small_block': {'pos': [0.6140097595303955, -0.3535133918987863, 0.1097032402875184], 'size': [0.04461973939918376, 0.0849493067344041, 0.09534921802665242]}}"
5.184000000000066,0.5599986582452307,0.0,0.4,0.5547571208048856,2.759151236762553e-07,0.3999950983948908,"{'table_obstacle': {'pos': [0.3825981920028062, 0.37518922255766707, 0.1646257963690813], 'size': [0.049837904948193595, 0.0813235869879147, 0.05243307039854257]}, 'pillar_obstacle': {'pos': [0.39994824830915515, -0.3824307480766307, 0.23470116647765446], 'size': [0.033663755439403885, 0.20172185302840845, 0.0]}, 'small_block': {'pos': [0.6140097595303955, -0.3535133918987863, 0.1097032402875184], 'size': [0.04461973939918376, 0.0849493067344041, 0.09534921802665242]}}"
5.185000000000066,0.5599986582452307,0.0,0.4,0.5548280897848493,2.908715773962884e-07,0.39999500322712117,"{'table_obstacle': {'pos': [0.3825981920028062, 0.37518922255766707, 0.1646257963690813], 'size': [0.049837904948193595, 0.0813235869879147, 0.05243307039854257]}, 'pillar_obstacle': {'pos': [0.39994824830915515, -0.3824307480766307, 0.23470116647765446], 'size': [0.033663755439403885, 0.20172185302840845, 0.0]}, 'small_block': {'pos': [0.6140097595303955, -0.3535133918987863, 0.1097032402875184], 'size': [0.04461973939918376, 0.0849493067344041, 0.09534921802665242]}}"
5.186000000000067,0.5599986582452307,0.0,0.4,0.5548987564107438,3.0110909330027553e-07,0.3999949263104727,"{'table_obstacle': {'pos': [0.3825981920028062, 0.37518922255766707, 0.1646257963690813], 'size': [0.049837904948193595, 0.0813235869879147, 0.05243307039854257]}, 'pillar_obstacle': {'pos': [0.39994824830915515, -0.3824307480766307, 0.23470116647765446], 'size': [0.033663755439403885, 0.20172185302840845, 0.0]}, 'small_block': {'pos': [0.6140097595303955, -0.3535133918987863, 0.1097032402875184], 'size': [0.04461973939918376, 0.0849493067344041, 0.09534921802665242]}}"
5.187000000000067,0.5599986582452307,0.0,0.4,0.5549689912773873,3.0717400492572854e-07,0.3999948659193014,"{'table_obstacle': {'pos': [0.3825981920028062, 0.37518922255766707, 0.1646257963690813], 'size': [0.049837904948193595, 0.0813235869879147, 0.05243307039854257]}, 'pillar_obstacle': {'pos': [0.39994824830915515, -0.3824307480766307, 0.23470116647765446], 'size': [0.033663755439403885, 0.20172185302840845, 0.0]}, 'small_block': {'pos': [0.6140097595303955, -0.3535133918987863, 0.1097032402875184], 'size': [0.04461973939918376, 0.0849493067344041, 0.09534921802665242]}}"
5.188000000000067,0.5599986582452307,0.0,0.4,0.5550386920736803,3.095935228484336e-07,0.3999948203403489,"{'table_obstacle': {'pos': [0.3825981920028062, 0.37518922255766707, 0.1646257963690813], 'size': [0.049837904948193595, 0.0813235869879147, 0.05243307039854257]}, 'pillar_obstacle': {'pos': [0.39994824830915515, -0.3824307480766307, 0.23470116647765446], 'size': [0.033663755439403885, 0.20172185302840845, 0.0]}, 'small_block': {'pos': [0.6140097595303955, -0.3535133918987863, 0.1097032402875184], 'size': [0.04461973939918376, 0.0849493067344041, 0.09534921802665242]}}"
5.189000000000068,0.5599986582452307,0.0,0.4,0.5551077784259146,3.0886281441469634e-07,0.3999947879285918,"{'table_obstacle': {'pos': [0.3825981920028062, 0.37518922255766707, 0.1646257963690813], 'size': [0.049837904948193595, 0.0813235869879147, 0.05243307039854257]}, 'pillar_obstacle': {'pos': [0.39994824830915515, -0.3824307480766307, 0.23470116647765446], 'size': [0.033663755439403885, 0.20172185302840845, 0.0]}, 'small_block': {'pos': [0.6140097595303955, -0.3535133918987863, 0.1097032402875184], 'size': [0.04461973939918376, 0.0849493067344041, 0.09534921802665242]}}"
5.190000000000068,0.5599986582452307,0.0,0.4,0.5551761877160202,3.054377143553324e-07,0.39999476714148546,"{'table_obstacle': {'pos': [0.3825981920028062, 0.37518922255766707, 0.1646257963690813], 'size': [0.049837904948193595, 0.0813235869879147, 0.05243307039854257]}, 'pillar_obstacle': {'pos': [0.39994824830915515, -0.3824307480766307, 0.23470116647765446], 'size': [0.033663755439403885, 0.20172185302840845, 0.0]}, 'small_block': {'pos': [0.6140097595303955, -0.3535133918987863, 0.1097032402875184], 'size': [0.04461973939918376, 0.0849493067344041, 0.09534921802665242]}}"
5.191000000000068,0.5599986582452307,0.0,0.4,0.5552438716905436,2.99731382768008e-07,0.3999947565578119,"{'table_obstacle': {'pos': [0.3825981920028062, 0.37518922255766707, 0.1646257963690813], 'size': [0.049837904948193595, 0.0813235869879147, 0.05243307039854257]}, 'pillar_obstacle': {'pos': [0.39994824830915515, -0.3824307480766307, 0.23470116647765446], 'size': [0.033663755439403885, 0.20172185302840845, 0.0]}, 'small_block': {'pos': [0.6140097595303955, -0.3535133918987863, 0.1097032402875184], 'size': [0.04461973939918376, 0.0849493067344041, 0.09534921802665242]}}"
5.192000000000069,0.5599986582452307,0.0,0.4,0.5553107937109302,2.921136740630335e-07,0.39999475488575215,"{'table_obstacle': {'pos': [0.3825981920028062, 0.37518922255766707, 0.1646257963690813], 'size': [0.049837904948193595, 0.0813235869879147, 0.05243307039854257]}, 'pillar_obstacle': {'pos': [0.39994824830915515, -0.3824307480766307, 0.23470116647765446], 'size': [0.033663755439403885, 0.20172185302840845, 0.0]}, 'small_block': {'pos': [0.6140097595303955, -0.3535133918987863, 0.1097032402875184], 'size': [0.04461973939918376, 0.0849493067344041, 0.09534921802665242]}}"
5.193000000000069,0.5599986582452307,0.0,0.4,0.5553769265239121,2.829123048958828e-07,0.3999947609635999,"{'table_obstacle': {'pos': [0.3825981920028062, 0.37518922255766707, 0.1646257963690813], 'size': [0.049837904948193595, 0.0813235869879147, 0.05243307039854257]}, 'pillar_obstacle': {'pos': [0.39994824830915515, -0.3824307480766307, 0.23470116647765446], 'size': [0.033663755439403885, 0.20172185302840845, 0.0]}, 'small_block': {'pos': [0.6140097595303955, -0.3535133918987863, 0.1097032402875184], 'size': [0.04461973939918376, 0.0849493067344041, 0.09534921802665242]}}"
5.194000000000069,0.5599986582452307,0.0,0.4,0.5554422504537064,2.724151548139832e-07,0.39999477375561365,"{'table_obstacle': {'pos': [0.3825981920028062, 0.37518922255766707, 0.1646257963690813], 'size': [0.049837904948193595, 0.0813235869879147, 0.05243307039854257]}, 'pillar_obstacle': {'pos': [0.39994824830915515, -0.3824307480766307, 0.23470116647765446], 'size': [0.033663755439403885, 0.20172185302840845, 0.0]}, 'small_block': {'pos': [0.6140097595303955, -0.3535133918987863, 0.1097032402875184], 'size': [0.04461973939918376, 0.0849493067344041, 0.09534921802665242]}}"
5.19500000000007,0.5599986582452307,0.0,0.4,0.5555067519362911,2.6087322805287994e-07,0.39999479234482804,"{'table_obstacle': {'pos': [0.3825981920028062, 0.37518922255766707, 0.1646257963690813], 'size': [0.049837904948193595, 0.0813235869879147, 0.05243307039854257]}, 'pillar_obstacle': {'pos': [0.39994824830915515, -0.3824307480766307, 0.23470116647765446], 'size': [0.033663755439403885, 0.20172185302840845, 0.0]}, 'small_block': {'pos': [0.6140097595303955, -0.3535133918987863, 0.1097032402875184], 'size': [0.04461973939918376, 0.0849493067344041, 0.09534921802665242]}}"
5.19600000000007,0.5599986582452307,0.0,0.4,0.5555704223311084,2.485039398748384e-07,0.39999481592412084,"{'table_obstacle': {'pos': [0.3825981920028062, 0.37518922255766707, 0.1646257963690813], 'size': [0.049837904948193595, 0.0813235869879147, 0.05243307039854257]}, 'pillar_obstacle': {'pos': [0.39994824830915515, -0.3824307480766307, 0.23470116647765446], 'size': [0.033663755439403885, 0.20172185302840845, 0.0]}, 'small_block': {'pos': [0.6140097595303955, -0.3535133918987863, 0.1097032402875184], 'size': [0.04461973939918376, 0.0849493067344041, 0.09534921802665242]}}"
5.19700000000007,0.5599986582452307,0.0,0.4,0.5556332569577568,2.3549449560960276e-07,0.3999948437864562,"{'table_obstacle': {'pos': [0.3825981920028062, 0.37518922255766707, 0.1646257963690813], 'size': [0.049837904948193595, 0.0813235869879147, 0.05243307039854257]}, 'pillar_obstacle': {'pos': [0.39994824830915515, -0.3824307480766307, 0.23470116647765446], 'size': [0.033663755439403885, 0.20172185302840845, 0.0]}, 'small_block': {'pos': [0.6140097595303955, -0.3535133918987863, 0.1097032402875184], 'size': [0.04461973939918376, 0.0849493067344041, 0.09534921802665242]}}"
5.198000000000071,0.5599986582452307,0.0,0.4,0.5556952543151428,2.220052081897591e-07,0.3999948753149313,"{'table_obstacle': {'pos': [0.3825981920028062, 0.37518922255766707, 0.1646257963690813], 'size': [0.049837904948193595, 0.0813235869879147, 0.05243307039854257]}, 'pillar_obstacle': {'pos': [0.39994824830915515, -0.3824307480766307, 0.23470116647765446], 'size': [0.033663755439403885, 0.20172185302840845, 0.0]}, 'small_block': {'pos': [0.6140097595303955, -0.3535133918987863, 0.1097032402875184], 'size': [0.04461973939918376, 0.0849493067344041, 0.09534921802665242]}}"
5.199000000000071,0.5599986582452307,0.0,0.4,0.5557564154486094,2.0817265346114126e-07,0.3999949099730505,"{'table_obstacle': {'pos': [0.3825981920028062, 0.37518922255766707, 0.1646257963690813], 'size': [0.049837904948193595, 0.0813235869879147, 0.05243307039854257]}, 'pillar_obstacle': {'pos': [0.39994824830915515, -0.3824307480766307, 0.23470116647765446], 'size': [0.033663755439403885, 0.20172185302840845, 0.0]}, 'small_block': {'pos': [0.6140097595303955, -0.3535133918987863, 0.1097032402875184], 'size': [0.04461973939918376, 0.0849493067344041, 0.09534921802665242]}}"
5.200000000000071,0.5599986582452307,0.0,0.4,0.5558167434370695,1.9411260633627553e-07,0.39999494729549495,"{'table_obstacle': {'pos': [0.3825981920028062, 0.37518922255766707, 0.1646257963690813], 'size': [0.049837904948193595, 0.0813235869879147, 0.05243307039854257]}, 'pillar_obstacle': {'pos': [0.39994824830915515, -0.3824307480766307, 0.23470116647765446], 'size': [0.033663755439403885, 0.20172185302840845, 0.0]}, 'small_block': {'pos': [0.6140097595303955, -0.3535133918987863, 0.1097032402875184], 'size': [0.04461973939918376, 0.0849493067344041, 0.09534921802665242]}}"
5.201000000000072,0.5599986582452307,0.0,0.4,0.5558762429774641,1.7992272487414546e-07,0.3999949868795465,"{'table_obstacle': {'pos': [0.3825981920028062, 0.37518922255766707, 0.1646257963690813], 'size': [0.049837904948193595, 0.0813235869879147, 0.05243307039854257]}, 'pillar_obstacle': {'pos': [0.39994824830915515, -0.3824307480766307, 0.23470116647765446], 'size': [0.033663755439403885, 0.20172185302840845, 0.0]}, 'small_block': {'pos': [0.6140097595303955, -0.3535133918987863, 0.1097032402875184], 'size': [0.04461973939918376, 0.0849493067344041, 0.09534921802665242]}}"
5.202000000000072,0.5599986582452307,0.0,0.4,0.5559349200481484,1.6568497180465085e-07,0.3999950283772499,"{'table_obstacle': {'pos': [0.3825981920028062, 0.37518922255766707, 0.1646257963690813], 'size': [0.049837904948193595, 0.0813235869879147, 0.05243307039854257]}, 'pillar_obstacle': {'pos': [0.39994824830915515, -0.3824307480766307, 0.23470116647765446], 'size': [0.033663755439403885, 0.20172185302840845, 0.0]}, 'small_block': {'pos': [0.6140097595303955, -0.3535133918987863, 0.1097032402875184], 'size': [0.04461973939918376, 0.0849493067344041, 0.09534921802665242]}}"
5.203000000000072,0.5599986582452307,0.0,0.4,0.5559927816362878,1.5146777720571175e-07,0.399995071488334,"{'table_obstacle': {'pos': [0.3825981920028062, 0.37518922255766707, 0.1646257963690813], 'size': [0.049837904948193595, 0.0813235869879147, 0.05243307039854257]}, 'pillar_obstacle': {'pos': [0.39994824830915515, -0.3824307480766307, 0.23470116647765446], 'size': [0.033663755439403885, 0.20172185302840845, 0.0]}, 'small_block': {'pos': [0.6140097595303955, -0.3535133918987863, 0.1097032402875184], 'size': [0.04461973939918376, 0.0849493067344041, 0.09534921802665242]}}"
5.204000000000073,0.5599986582452307,0.0,0.4,0.5560498355171659,1.3732795164122242e-07,0.3999951159538892,"{'table_obstacle': {'pos': [0.3825981920028062, 0.37518922255766707, 0.1646257963690813], 'size': [0.049837904948193595, 0.0813235869879147, 0.05243307039854257]}, 'pillar_obstacle': {'pos': [0.39994824830915515, -0.3824307480766307, 0.23470116647765446], 'size': [0.033663755439403885, 0.20172185302840845, 0.0]}, 'small_block': {'pos': [0.6140097595303955, -0.3535133918987863, 0.1097032402875184], 'size': [0.04461973939918376, 0.0849493067344041, 0.09534921802665242]}}"
5.205000000000073,0.5599986582452307,0.0,0.4,0.5561060900755926,1.2331236571327627e-07,0.3999951615507641,"{'table_obstacle': {'pos': [0.3825981920028062, 0.37518922255766707, 0.1646257963690813], 'size': [0.049837904948193595, 0.0813235869879147, 0.05243307039854257]}, 'pillar_obstacle': {'pos': [0.39994824830915515, -0.3824307480766307, 0.23470116647765446], 'size': [0.033663755439403885, 0.20172185302840845, 0.0]}, 'small_block': {'pos': [0.6140097595303955, -0.3535133918987863, 0.1097032402875184], 'size': [0.04461973939918376, 0.0849493067344041, 0.09534921802665242]}}"
5.206000000000073,0.5599986582452307,0.0,0.4,0.55616155416145,1.0945941880859911e-07,0.3999952080866358,"{'table_obstacle': {'pos': [0.3825981920028062, 0.37518922255766707, 0.1646257963690813], 'size': [0.049837904948193595, 0.0813235869879147, 0.05243307039854257]}, 'pillar_obstacle': {'pos': [0.39994824830915515, -0.3824307480766307, 0.23470116647765446], 'size': [0.033663755439403885, 0.20172185302840845, 0.0]}, 'small_block': {'pos': [0.6140097595303955, -0.3535133918987863, 0.1097032402875184], 'size': [0.04461973939918376, 0.0849493067344041, 0.09534921802665242]}}"
5.207000000000074,0.5599986582452307,0.0,0.4,0.5562162369729277,9.580031086643033e-08,0.3999952553956968,"{'table_obstacle': {'pos': [0.3825981920028062, 0.37518922255766707, 0.1646257963690813], 'size': [0.049837904948193595, 0.0813235869879147, 0.05243307039854257]}, 'pillar_obstacle': {'pos': [0.39994824830915515, -0.3824307480766307, 0.23470116647765446], 'size': [0.033663755439403885, 0.20172185302840845, 0.0]}, 'small_block': {'pos': [0.6140097595303955, -0.3535133918987863, 0.1097032402875184], 'size': [0.04461973939918376, 0.0849493067344041, 0.09534921802665242]}}"
5.208000000000074,0.5599986582452307,0.0,0.4,0.5562701479622089,8.236014382245302e-08,0.39999530333490063,"{'table_obstacle': {'pos': [0.3825981920028062, 0.37518922255766707, 0.1646257963690813], 'size': [0.049837904948193595, 0.0813235869879147, 0.05243307039854257]}, 'pillar_obstacle': {'pos': [0.39994824830915515, -0.3824307480766307, 0.23470116647765446], 'size': [0.033663755439403885, 0.20172185302840845, 0.0]}, 'small_block': {'pos': [0.6140097595303955, -0.3535133918987863, 0.1097032402875184], 'size': [0.04461973939918376, 0.0849493067344041, 0.09534921802665242]}}"
5.209000000000074,0.5599986582452307,0.0,0.4,0.5563232967593625,6.915886818896211e-08,0.39999535178071066,"{'table_obstacle': {'pos': [0.3825981920028062, 0.37518922255766707, 0.1646257963690813], 'size': [0.049837904948193595, 0.0813235869879147, 0.05243307039854257]}, 'pillar_obstacle': {'pos': [0.39994824830915515, -0.3824307480766307, 0.23470116647765446], 'size': [0.033663755439403885, 0.20172185302840845, 0.0]}, 'small_block': {'pos': [0.6140097595303955, -0.3535133918987863, 0.1097032402875184], 'size': [0.04461973939918376, 0.0849493067344041, 0.09534921802665242]}}"
5.210000000000075,0.5599986582452307,0.0,0.4,0.5563756931109982,5.621209580058085e-08,0.39999540062629,"{'table_obstacle': {'pos': [0.3825981920028062, 0.37518922255766707, 0.1646257963690813], 'size': [0.049837904948193595, 0.0813235869879147, 0.05243307039854257]}, 'pillar_obstacle': {'pos': [0.39994824830915515, -0.3824307480766307, 0.23470116647765446], 'size': [0.033663755439403885, 0.20172185302840845, 0.0]}, 'small_block': {'pos': [0.6140097595303955, -0.3535133918987863, 0.1097032402875184], 'size': [0.04461973939918376, 0.0849493067344041, 0.09534921802665242]}}"
5.211000000000075,0.5599986582452307,0.0,0.4,0.5564273468308893,4.353179304100834e-08,0.39999544977908724,"{'table_obstacle': {'pos': [0.3825981920028062, 0.37518922255766707, 0.1646257963690813], 'size': [0.049837904948193595, 0.0813235869879147, 0.05243307039854257]}, 'pillar_obstacle': {'pos': [0.39994824830915515, -0.3824307480766307, 0.23470116647765446], 'size': [0.033663755439403885, 0.20172185302840845, 0.0]}, 'small_block': {'pos': [0.6140097595303955, -0.3535133918987863, 0.1097032402875184], 'size': [0.04461973939918376, 0.0849493067344041, 0.09534921802665242]}}"
5.212000000000075,0.5599986582452307,0.0,0.4,0.5564782677603041,3.1126873120422906e-08,0.39999549915876204,"{'table_obstacle': {'pos': [0.3825981920028062, 0.37518922255766707, 0.1646257963690813], 'size': [0.049837904948193595, 0.0813235869879147, 0.05243307039854257]}, 'pillar_obstacle': {'pos': [0.39994824830915515, -0.3824307480766307, 0.23470116647765446], 'size': [0.033663755439403885, 0.20172185302840845, 0.0]}, 'small_block': {'pos': [0.6140097595303955, -0.3535133918987863, 0.1097032402875184], 'size': [0.04461973939918376, 0.0849493067344041, 0.09534921802665242]}}"
5.213000000000076,0.5599986582452307,0.0,0.4,0.5565284657361992,1.9003697958530877e-08,0.3999955486954105,"{'table_obstacle': {'pos': [0.3825981920028062, 0.37518922255766707, 0.1646257963690813], 'size': [0.049837904948193595, 0.0813235869879147, 0.05243307039854257]}, 'pillar_obstacle': {'pos': [0.39994824830915515, -0.3824307480766307, 0.23470116647765446], 'size': [0.033663755439403885, 0.20172185302840845, 0.0]}, 'small_block': {'pos': [0.6140097595303955, -0.3535133918987863, 0.1097032402875184], 'size': [0.04461973939918376, 0.0849493067344041, 0.09534921802665242]}}"
5.214000000000076,0.5599986582452307,0.0,0.4,0.556577950565791,7.166505366414138e-09,0.39999559832805,"{'table_obstacle': {'pos': [0.3825981920028062, 0.37518922255766707, 0.1646257963690813], 'size': [0.049837904948193595, 0.0813235869879147, 0.05243307039854257]}, 'pillar_obstacle': {'pos': [0.39994824830915515, -0.3824307480766307, 0.23470116647765446], 'size': [0.033663755439403885, 0.20172185302840845, 0.0]}, 'small_block': {'pos': [0.6140097595303955, -0.3535133918987863, 0.1097032402875184], 'size': [0.04461973939918376, 0.0849493067344041, 0.09534921802665242]}}"
5.215000000000076,0.5599986582452307,0.0,0.4,0.5566267320062958,-4.38223228332323e-09,0.3999956480033279,"{'table_obstacle': {'pos': [0.3825981920028062, 0.37518922255766707, 0.1646257963690813], 'size': [0.049837904948193595, 0.0813235869879147, 0.05243307039854257]}, 'pillar_obstacle': {'pos': [0.39994824830915515, -0.3824307480766307, 0.23470116647765446], 'size': [0.033663755439403885, 0.20172185302840845, 0.0]}, 'small_block': {'pos': [0.6140097595303955, -0.3535133918987863, 0.1097032402875184], 'size': [0.04461973939918376, 0.0849493067344041, 0.09534921802665242]}}"
5.216000000000077,0.5599986582452307,0.0,0.4,0.556674819748856,-1.564150131445255e-08,0.3999956976744214,"{'table_obstacle': {'pos': [0.3825981920028062, 0.37518922255766707, 0.1646257963690813], 'size': [0.049837904948193595, 0.0813235869879147, 0.05243307039854257]}, 'pillar_obstacle': {'pos': [0.39994824830915515, -0.3824307480766307, 0.23470116647765446], 'size': [0.033663755439403885, 0.20172185302840845, 0.0]}, 'small_block': {'pos': [0.6140097595303955, -0.3535133918987863, 0.1097032402875184], 'size': [0.04461973939918376, 0.0849493067344041, 0.09534921802665242]}}"
5.217000000000077,0.5599986582452307,0.0,0.4,0.5567222234058576,-2.6611492859090558e-08,0.3999957473001034,"{'table_obstacle': {'pos': [0.3825981920028062, 0.37518922255766707, 0.1646257963690813], 'size': [0.049837904948193595, 0.0813235869879147, 0.05243307039854257]}, 'pillar_obstacle': {'pos': [0.39994824830915515, -0.3824307480766307, 0.23470116647765446], 'size': [0.033663755439403885, 0.20172185302840845, 0.0]}, 'small_block': {'pos': [0.6140097595303955, -0.3535133918987863, 0.1097032402875184], 'size': [0.04461973939918376, 0.0849493067344041, 0.09534921802665242]}}"
5.218000000000077,0.5599986582452307,0.0,0.4,0.5567689525009956,-3.72933856194413e-08,0.39999579684395004,"{'table_obstacle': {'pos': [0.3825981920028062, 0.37518922255766707, 0.1646257963690813], 'size': [0.049837904948193595, 0.0813235869879147, 0.05243307039854257]}, 'pillar_obstacle': {'pos': [0.39994824830915515, -0.3824307480766307, 0.23470116647765446], 'size': [0.033663755439403885, 0.20172185302840845, 0.0]}, 'small_block': {'pos': [0.6140097595303955, -0.3535133918987863, 0.1097032402875184], 'size': [0.04461973939918376, 0.0849493067344041, 0.09534921802665242]}}"
5.219000000000078,0.5599986582452307,0.0,0.4,0.556815016461561,-4.7689165696134856e-08,0.39999584627366624,"{'table_obstacle': {'pos': [0.3825981920028062, 0.37518922255766707, 0.1646257963690813], 'size': [0.049837904948193595, 0.0813235869879147, 0.05243307039854257]}, 'pillar_obstacle': {'pos': [0.39994824830915515, -0.3824307480766307, 0.23470116647765446], 'size': [0.033663755439403885, 0.20172185302840845, 0.0]}, 'small_block': {'pos': [0.6140097595303955, -0.3535133918987863, 0.1097032402875184], 'size': [0.04461973939918376, 0.0849493067344041, 0.09534921802665242]}}"
5.220000000000078,0.5599986582452307,0.0,0.4,0.5568604246125282,-5.78014749954313e-08,0.39999589556051696,"{'table_obstacle': {'pos': [0.3825981920028062, 0.37518922255766707, 0.1646257963690813], 'size': [0.049837904948193595, 0.0813235869879147, 0.05243307039854257]}, 'pillar_obstacle': {'pos': [0.39994824830915515, -0.3824307480766307, 0.23470116647765446], 'size': [0.033663755439403885, 0.20172185302840845, 0.0]}, 'small_block': {'pos': [0.6140097595303955, -0.3535133918987863, 0.1097032402875184], 'size': [0.04461973939918376, 0.0849493067344041, 0.09534921802665242]}}"
5.221000000000078,0.5599986582452307,0.0,0.4,0.5569051861720969,-6.763348397326695e-08,0.3999959446788429,"{'table_obstacle': {'pos': [0.3825981920028062, 0.37518922255766707, 0.1646257963690813], 'size': [0.049837904948193595, 0.0813235869879147, 0.05243307039854257]}, 'pillar_obstacle': {'pos': [0.39994824830915515, -0.3824307480766307, 0.23470116647765446], 'size': [0.033663755439403885, 0.20172185302840845, 0.0]}, 'small_block': {'pos': [0.6140097595303955, -0.3535133918987863, 0.1097032402875184], 'size': [0.04461973939918376, 0.0849493067344041, 0.09534921802665242]}}"
5.222000000000079,0.5599986582452307,0.0,0.4,0.5569493102484102,-7.718878628128966e-08,0.39999599360565247,"{'table_obstacle': {'pos': [0.3825981920028062, 0.37518922255766707, 0.1646257963690813], 'size': [0.049837904948193595, 0.0813235869879147, 0.05243307039854257]}, 'pillar_obstacle': {'pos': [0.39994824830915515, -0.3824307480766307, 0.23470116647765446], 'size': [0.033663755439403885, 0.20172185302840845, 0.0]}, 'small_block': {'pos': [0.6140097595303955, -0.3535133918987863, 0.1097032402875184], 'size': [0.04461973939918376, 0.0849493067344041, 0.09534921802665242]}}"
5.223000000000079,0.5599986582452307,0.0,0.4,0.5569928058372182,-8.647131000085423e-08,0.39999604232027264,"{'table_obstacle': {'pos': [0.3825981920028062, 0.37518922255766707, 0.1646257963690813], 'size': [0.049837904948193595, 0.0813235869879147, 0.05243307039854257]}, 'pillar_obstacle': {'pos': [0.39994824830915515, -0.3824307480766307, 0.23470116647765446], 'size': [0.033663755439403885, 0.20172185302840845, 0.0]}, 'small_block': {'pos': [0.6140097595303955, -0.3535133918987863, 0.1097032402875184], 'size': [0.04461973939918376, 0.0849493067344041, 0.09534921802665242]}}"
5.224000000000079,0.5599986582452307,0.0,0.4,0.5570356818203133,-9.548524400336077e-08,0.39999609080405674,"{'table_obstacle': {'pos': [0.3825981920028062, 0.37518922255766707, 0.1646257963690813], 'size': [0.049837904948193595, 0.0813235869879147, 0.05243307039854257]}, 'pillar_obstacle': {'pos': [0.39994824830915515, -0.3824307480766307, 0.23470116647765446], 'size': [0.033663755439403885, 0.20172185302840845, 0.0]}, 'small_block': {'pos': [0.6140097595303955, -0.3535133918987863, 0.1097032402875184], 'size': [0.04461973939918376, 0.0849493067344041, 0.09534921802665242]}}"
5.22500000000008,0.5599986582452307,0.0,0.4,0.557077946964576,-1.0423497770341063e-07,0.39999613904013437,"{'table_obstacle': {'pos': [0.3825981920028062, 0.37518922255766707, 0.1646257963690813], 'size': [0.049837904948193595, 0.0813235869879147, 0.05243307039854257]}, 'pillar_obstacle': {'pos': [0.39994824830915515, -0.3824307480766307, 0.23470116647765446], 'size': [0.033663755439403885, 0.20172185302840845, 0.0]}, 'small_block': {'pos': [0.6140097595303955, -0.3535133918987863, 0.1097032402875184], 'size': [0.04461973939918376, 0.0849493067344041, 0.09534921802665242]}}"
5.22600000000008,0.5599986582452307,0.0,0.4,0.5571196099215208,-1.1272504889256154e-07,0.3999961870132001,"{'table_obstacle': {'pos': [0.3825981920028062, 0.37518922255766707, 0.1646257963690813], 'size': [0.049837904948193595, 0.0813235869879147, 0.05243307039854257]}, 'pillar_obstacle': {'pos': [0.39994824830915515, -0.3824307480766307, 0.23470116647765446], 'size': [0.033663755439403885, 0.20172185302840845, 0.0]}, 'small_block': {'pos': [0.6140097595303955, -0.3535133918987863, 0.1097032402875184], 'size': [0.04461973939918376, 0.0849493067344041, 0.09534921802665242]}}"
5.22700000000008,0.5599986582452307,0.0,0.4,0.5571606792272372,-1.2096010379300905e-07,0.3999962347093328,"{'table_obstacle': {'pos': [0.3825981920028062, 0.37518922255766707, 0.1646257963690813], 'size': [0.049837904948193595, 0.0813235869879147, 0.05243307039854257]}, 'pillar_obstacle': {'pos': [0.39994824830915515, -0.3824307480766307, 0.23470116647765446], 'size': [0.033663755439403885, 0.20172185302840845, 0.0]}, 'small_block': {'pos': [0.6140097595303955, -0.3535133918987863, 0.1097032402875184], 'size': [0.04461973939918376, 0.0849493067344041, 0.09534921802665242]}}"
5.228000000000081,0.5599986582452307,0.0,0.4,0.5572011633026507,-1.2894486034132576e-07,0.39999628211584254,"{'table_obstacle': {'pos': [0.3825981920028062, 0.37518922255766707, 0.1646257963690813], 'size': [0.049837904948193595, 0.0813235869879147, 0.05243307039854257]}, 'pillar_obstacle': {'pos': [0.39994824830915515, -0.3824307480766307, 0.23470116647765446], 'size': [0.033663755439403885, 0.20172185302840845, 0.0]}, 'small_block': {'pos': [0.6140097595303955, -0.3535133918987863, 0.1097032402875184], 'size': [0.04461973939918376, 0.0849493067344041, 0.09534921802665242]}}"
5.229000000000081,0.5599986582452307,0.0,0.4,0.5572410704540369,-1.3668408117632077e-07,0.39999632922114026,"{'table_obstacle': {'pos': [0.3825981920028062, 0.37518922255766707, 0.1646257963690813], 'size': [0.049837904948193595, 0.0813235869879147, 0.05243307039854257]}, 'pillar_obstacle': {'pos': [0.39994824830915515, -0.3824307480766307, 0.23470116647765446], 'size': [0.033663755439403885, 0.20172185302840845, 0.0]}, 'small_block': {'pos': [0.6140097595303955, -0.3535133918987863, 0.1097032402875184], 'size': [0.04461973939918376, 0.0849493067344041, 0.09534921802665242]}}"
5.230000000000081,0.5599986582452307,0.0,0.4,0.557280408873739,-1.441825495987905e-07,0.39999637601462557,"{'table_obstacle': {'pos': [0.3825981920028062, 0.37518922255766707, 0.1646257963690813], 'size': [0.049837904948193595, 0.0813235869879147, 0.05243307039854257]}, 'pillar_obstacle': {'pos': [0.39994824830915515, -0.3824307480766307, 0.23470116647765446], 'size': [0.033663755439403885, 0.20172185302840845, 0.0]}, 'small_block': {'pos': [0.6140097595303955, -0.3535133918987863, 0.1097032402875184], 'size': [0.04461973939918376, 0.0849493067344041, 0.09534921802665242]}}"
5.231000000000082,0.5599986582452307,0.0,0.4,0.5573191866410434,-1.514450500221816e-07,0.39999642248659045,"{'table_obstacle': {'pos': [0.3825981920028062, 0.37518922255766707, 0.1646257963690813], 'size': [0.049837904948193595, 0.0813235869879147, 0.05243307039854257]}, 'pillar_obstacle': {'pos': [0.39994824830915515, -0.3824307480766307, 0.23470116647765446], 'size': [0.033663755439403885, 0.20172185302840845, 0.0]}, 'small_block': {'pos': [0.6140097595303955, -0.3535133918987863, 0.1097032402875184], 'size': [0.04461973939918376, 0.0849493067344041, 0.09534921802665242]}}"
5.232000000000082,0.5599986582452307,0.0,0.4,0.5573574117231814,-1.5847635266364672e-07,0.3999964686281381,"{'table_obstacle': {'pos': [0.3825981920028062, 0.37518922255766707, 0.1646257963690813], 'size': [0.049837904948193595, 0.0813235869879147, 0.05243307039854257]}, 'pillar_obstacle': {'pos': [0.39994824830915515, -0.3824307480766307, 0.23470116647765446], 'size': [0.033663755439403885, 0.20172185302840845, 0.0]}, 'small_block': {'pos': [0.6140097595303955, -0.3535133918987863, 0.1097032402875184], 'size': [0.04461973939918376, 0.0849493067344041, 0.09534921802665242]}}"
5.233000000000082,0.5599986582452307,0.0,0.4,0.5573950919764297,-1.6528120056310077e-07,0.39999651443110956,"{'table_obstacle': {'pos': [0.3825981920028062, 0.37518922255766707, 0.1646257963690813], 'size': [0.049837904948193595, 0.0813235869879147, 0.05243307039854257]}, 'pillar_obstacle': {'pos': [0.39994824830915515, -0.3824307480766307, 0.23470116647765446], 'size': [0.033663755439403885, 0.20172185302840845, 0.0]}, 'small_block': {'pos': [0.6140097595303955, -0.3535133918987863, 0.1097032402875184], 'size': [0.04461973939918376, 0.0849493067344041, 0.09534921802665242]}}"
5.234000000000083,0.5599986582452307,0.0,0.4,0.5574322351472841,-1.7186429968776072e-07,0.39999655988802435,"{'table_obstacle': {'pos': [0.3825981920028062, 0.37518922255766707, 0.1646257963690813], 'size': [0.049837904948193595, 0.0813235869879147, 0.05243307039854257]}, 'pillar_obstacle': {'pos': [0.39994824830915515, -0.3824307480766307, 0.23470116647765446], 'size': [0.033663755439403885, 0.20172185302840845, 0.0]}, 'small_block': {'pos': [0.6140097595303955, -0.3535133918987863, 0.1097032402875184], 'size': [0.04461973939918376, 0.0849493067344041, 0.09534921802665242]}}"
5.235000000000083,0.5599986582452307,0.0,0.4,0.557468848873693,-1.7823031031895202e-07,0.3999966049920246,"{'table_obstacle': {'pos': [0.3825981920028062, 0.37518922255766707, 0.1646257963690813], 'size': [0.049837904948193595, 0.0813235869879147, 0.05243307039854257]}, 'pillar_obstacle': {'pos': [0.39994824830915515, -0.3824307480766307, 0.23470116647765446], 'size': [0.033663755439403885, 0.20172185302840845, 0.0]}, 'small_block': {'pos': [0.6140097595303955, -0.3535133918987863, 0.1097032402875184], 'size': [0.04461973939918376, 0.0849493067344041, 0.09534921802665242]}}"
5.236000000000083,0.5599986582452307,0.0,0.4,0.55750494068633,-1.8438383999739193e-07,0.39999664973682936,"{'table_obstacle': {'pos': [0.3825981920028062, 0.37518922255766707, 0.1646257963690813], 'size': [0.049837904948193595, 0.0813235869879147, 0.05243307039854257]}, 'pillar_obstacle': {'pos': [0.39994824830915515, -0.3824307480766307, 0.23470116647765446], 'size': [0.033663755439403885, 0.20172185302840845, 0.0]}, 'small_block': {'pos': [0.6140097595303955, -0.3535133918987863, 0.1097032402875184], 'size': [0.04461973939918376, 0.0849493067344041, 0.09534921802665242]}}"
5.237000000000084,0.5599986582452307,0.0,0.4,0.5575405180099011,-1.9032943894932905e-07,0.3999966941166927,"{'table_obstacle': {'pos': [0.3825981920028062, 0.37518922255766707, 0.1646257963690813], 'size': [0.049837904948193595, 0.0813235869879147, 0.05243307039854257]}, 'pillar_obstacle': {'pos': [0.39994824830915515, -0.3824307480766307, 0.23470116647765446], 'size': [0.033663755439403885, 0.20172185302840845, 0.0]}, 'small_block': {'pos': [0.6140097595303955, -0.3535133918987863, 0.1097032402875184], 'size': [0.04461973939918376, 0.0849493067344041, 0.09534921802665242]}}"
5.238000000000084,0.5599986582452307,0.0,0.4,0.5575755881644697,-1.9607159574328988e-07,0.3999967381263675,"{'table_obstacle': {'pos': [0.3825981920028062, 0.37518922255766707, 0.1646257963690813], 'size': [0.049837904948193595, 0.0813235869879147, 0.05243307039854257]}, 'pillar_obstacle': {'pos': [0.39994824830915515, -0.3824307480766307, 0.23470116647765446], 'size': [0.033663755439403885, 0.20172185302840845, 0.0]}, 'small_block': {'pos': [0.6140097595303955, -0.3535133918987863, 0.1097032402875184], 'size': [0.04461973939918376, 0.0849493067344041, 0.09534921802665242]}}"
5.239000000000084,0.5599986582452307,0.0,0.4,0.557610158366797,-2.0161473384378329e-07,0.39999678176107184,"{'table_obstacle': {'pos': [0.3825981920028062, 0.37518922255766707, 0.1646257963690813], 'size': [0.049837904948193595, 0.0813235869879147, 0.05243307039854257]}, 'pillar_obstacle': {'pos': [0.39994824830915515, -0.3824307480766307, 0.23470116647765446], 'size': [0.033663755439403885, 0.20172185302840845, 0.0]}, 'small_block': {'pos': [0.6140097595303955, -0.3535133918987863, 0.1097032402875184], 'size': [0.04461973939918376, 0.0849493067344041, 0.09534921802665242]}}"
5.240000000000085,0.5599986582452307,0.0,0.4,0.5576442357316883,-2.0696320964541374e-07,0.39999682501646144,"{'table_obstacle': {'pos': [0.3825981920028062, 0.37518922255766707, 0.1646257963690813], 'size': [0.049837904948193595, 0.0813235869879147, 0.05243307039854257]}, 'pillar_obstacle': {'pos': [0.39994824830915515, -0.3824307480766307, 0.23470116647765446], 'size': [0.033663755439403885, 0.20172185302840845, 0.0]}, 'small_block': {'pos': [0.6140097595303955, -0.3535133918987863, 0.1097032402875184], 'size': [0.04461973939918376, 0.0849493067344041, 0.09534921802665242]}}"
5.241000000000085,0.5599986582452307,0.0,0.4,0.5576778272733431,-2.1212131091576656e-07,0.39999686788860345,"{'table_obstacle': {'pos': [0.3825981920028062, 0.37518922255766707, 0.1646257963690813], 'size': [0.049837904948193595, 0.0813235869879147, 0.05243307039854257]}, 'pillar_obstacle': {'pos': [0.39994824830915515, -0.3824307480766307, 0.23470116647765446], 'size': [0.033663755439403885, 0.20172185302840845, 0.0]}, 'small_block': {'pos': [0.6140097595303955, -0.3535133918987863, 0.1097032402875184], 'size': [0.04461973939918376, 0.0849493067344041, 0.09534921802665242]}}"
5.242000000000085,0.5599986582452307,0.0,0.4,0.5577109399067011,-2.170932549599681e-07,0.3999969103739508,"{'table_obstacle': {'pos': [0.3825981920028062, 0.37518922255766707, 0.1646257963690813], 'size': [0.049837904948193595, 0.0813235869879147, 0.05243307039854257]}, 'pillar_obstacle': {'pos': [0.39994824830915515, -0.3824307480766307, 0.23470116647765446], 'size': [0.033663755439403885, 0.20172185302840845, 0.0]}, 'small_block': {'pos': [0.6140097595303955, -0.3535133918987863, 0.1097032402875184], 'size': [0.04461973939918376, 0.0849493067344041, 0.09534921802665242]}}"
5.243000000000086,0.5599986582452307,0.0,0.4,0.5577435804487841,-2.2188318824492415e-07,0.3999969524693235,"{'table_obstacle': {'pos': [0.3825981920028062, 0.37518922255766707, 0.1646257963690813], 'size': [0.049837904948193595, 0.0813235869879147, 0.05243307039854257]}, 'pillar_obstacle': {'pos': [0.39994824830915515, -0.3824307480766307, 0.23470116647765446], 'size': [0.033663755439403885, 0.20172185302840845, 0.0]}, 'small_block': {'pos': [0.6140097595303955, -0.3535133918987863, 0.1097032402875184], 'size': [0.04461973939918376, 0.0849493067344041, 0.09534921802665242]}}"
5.244000000000086,0.5599986582452307,0.0,0.4,0.5577757556200336,-2.2649518593206666e-07,0.3999969941718867,"{'table_obstacle': {'pos': [0.3825981920028062, 0.37518922255766707, 0.1646257963690813], 'size': [0.049837904948193595, 0.0813235869879147, 0.05243307039854257]}, 'pillar_obstacle': {'pos': [0.39994824830915515, -0.3824307480766307, 0.23470116647765446], 'size': [0.033663755439403885, 0.20172185302840845, 0.0]}, 'small_block': {'pos': [0.6140097595303955, -0.3535133918987863, 0.1097032402875184], 'size': [0.04461973939918376, 0.0849493067344041, 0.09534921802665242]}}"
5.245000000000086,0.5599986582452307,0.0,0.4,0.5578074720456314,-2.3093325204852753e-07,0.39999703547913423,"{'table_obstacle': {'pos': [0.3825981920028062, 0.37518922255766707, 0.1646257963690813], 'size': [0.049837904948193595, 0.0813235869879147, 0.05243307039854257]}, 'pillar_obstacle': {'pos': [0.39994824830915515, -0.3824307480766307, 0.23470116647765446], 'size': [0.033663755439403885, 0.20172185302840845, 0.0]}, 'small_block': {'pos': [0.6140097595303955, -0.3535133918987863, 0.1097032402875184], 'size': [0.04461973939918376, 0.0849493067344041, 0.09534921802665242]}}"
5.246000000000087,0.5599986582452307,0.0,0.4,0.5578387362568182,-2.352013190012748e-07,0.3999970763888708,"{'table_obstacle': {'pos': [0.3825981920028062, 0.37518922255766707, 0.1646257963690813], 'size': [0.049837904948193595, 0.0813235869879147, 0.05243307039854257]}, 'pillar_obstacle': {'pos': [0.39994824830915515, -0.3824307480766307, 0.23470116647765446], 'size': [0.033663755439403885, 0.20172185302840845, 0.0]}, 'small_block': {'pos': [0.6140097595303955, -0.3535133918987863, 0.1097032402875184], 'size': [0.04461973939918376, 0.0849493067344041, 0.09534921802665242]}}"
5.247000000000087,0.5599986582452307,0.0,0.4,0.5578695546921919,-2.393032484048751e-07,0.3999971168991971,"{'table_obstacle': {'pos': [0.3825981920028062, 0.37518922255766707, 0.1646257963690813], 'size': [0.049837904948193595, 0.0813235869879147, 0.05243307039854257]}, 'pillar_obstacle': {'pos': [0.39994824830915515, -0.3824307480766307, 0.23470116647765446], 'size': [0.033663755439403885, 0.20172185302840845, 0.0]}, 'small_block': {'pos': [0.6140097595303955, -0.3535133918987863, 0.1097032402875184], 'size': [0.04461973939918376, 0.0849493067344041, 0.09534921802665242]}}"
5.248000000000087,0.5599986582452307,0.0,0.4,0.5578999336989966,-2.4324283155479377e-07,0.39999715700849503,"{'table_obstacle': {'pos': [0.3825981920028062, 0.37518922255766707, 0.1646257963690813], 'size': [0.049837904948193595, 0.0813235869879147, 0.05243307039854257]}, 'pillar_obstacle': {'pos': [0.39994824830915515, -0.3824307480766307, 0.23470116647765446], 'size': [0.033663755439403885, 0.20172185302840845, 0.0]}, 'small_block': {'pos': [0.6140097595303955, -0.3535133918987863, 0.1097032402875184], 'size': [0.04461973939918376, 0.0849493067344041, 0.09534921802665242]}}"
5.249000000000088,0.5599986582452307,0.0,0.4,0.5579298795343985,-2.470237897501964e-07,0.3999971967154145,"{'table_obstacle': {'pos': [0.3825981920028062, 0.37518922255766707, 0.1646257963690813], 'size': [0.049837904948193595, 0.0813235869879147, 0.05243307039854257]}, 'pillar_obstacle': {'pos': [0.39994824830915515, -0.3824307480766307, 0.23470116647765446], 'size': [0.033663755439403885, 0.20172185302840845, 0.0]}, 'small_block': {'pos': [0.6140097595303955, -0.3535133918987863, 0.1097032402875184], 'size': [0.04461973939918376, 0.0849493067344041, 0.09534921802665242]}}"
5.250000000000088,0.5599986582452307,0.0,0.4,0.5579593983667425,-2.5064977502236666e-07,0.3999972360188595,"{'table_obstacle': {'pos': [0.3825981920028062, 0.37518922255766707, 0.1646257963690813], 'size': [0.049837904948193595, 0.0813235869879147, 0.05243307039854257]}, 'pillar_obstacle': {'pos': [0.39994824830915515, -0.3824307480766307, 0.23470116647765446], 'size': [0.033663755439403885, 0.20172185302840845, 0.0]}, 'small_block': {'pos': [0.6140097595303955, -0.3535133918987863, 0.1097032402875184], 'size': [0.04461973939918376, 0.0849493067344041, 0.09534921802665242]}}"
5.251000000000088,0.5639986138019426,0.0,0.4,0.5579884962767991,-2.5412437123167836e-07,0.39999727491797876,"{'table_obstacle': {'pos': [0.3825981920028062, 0.37518922255766707, 0.1646257963690813], 'size': [0.049837904948193595, 0.0813235869879147, 0.05243307039854257]}, 'pillar_obstacle': {'pos': [0.39994824830915515, -0.3824307480766307, 0.23470116647765446], 'size': [0.033663755439403885, 0.20172185302840845, 0.0]}, 'small_block': {'pos': [0.6140097595303955, -0.3535133918987863, 0.1097032402875184], 'size': [0.04461973939918376, 0.0849493067344041, 0.09534921802665242]}}"
5.252000000000089,0.5639986138019426,0.0,0.4,0.5580279307030668,-2.2445860131928176e-07,0.39999717527345957,"{'table_obstacle': {'pos': [0.3825981920028062, 0.37518922255766707, 0.1646257963690813], 'size': [0.049837904948193595, 0.0813235869879147, 0.05243307039854257]}, 'pillar_obstacle': {'pos': [0.39994824830915515, -0.3824307480766307, 0.23470116647765446], 'size': [0.033663755439403885, 0.20172185302840845, 0.0]}, 'small_block': {'pos': [0.6140097595303955, -0.3535133918987863, 0.1097032402875184], 'size': [0.04461973939918376, 0.0849493067344041, 0.09534921802665242]}}"
5.253000000000089,0.5639986138019426,0.0,0.4,0.5580755262446662,-1.7516757218846455e-07,0.3999969903578162,"{'table_obstacle': {'pos': [0.3825981920028062, 0.37518922255766707, 0.1646257963690813], 'size': [0.049837904948193595, 0.0813235869879147, 0.05243307039854257]}, 'pillar_obstacle': {'pos': [0.39994824830915515, -0.3824307480766307, 0.23470116647765446], 'size': [0.033663755439403885, 0.20172185302840845, 0.0]}, 'small_block': {'pos': [0.6140097595303955, -0.3535133918987863, 0.1097032402875184], 'size': [0.04461973939918376, 0.0849493067344041, 0.09534921802665242]}}"
5.254000000000089,0.5639986138019426,0.0,0.4,0.5581295207459862,-1.1579148613990117e-07,0.3999967580156701,"{'table_obstacle': {'pos': [0.3825981920028062, 0.37518922255766707, 0.1646257963690813], 'size': [0.049837904948193595, 0.0813235869879147, 0.05243307039854257]}, 'pillar_obstacle': {'pos': [0.39994824830915515, -0.3824307480766307, 0.23470116647765446], 'size': [0.033663755439403885, 0.20172185302840845, 0.0]}, 'small_block': {'pos': [0.6140097595303955, -0.3535133918987863, 0.1097032402875184], 'size': [0.04461973939918376, 0.0849493067344041, 0.09534921802665242]}}"
5.25500000000009,0.5639986138019426,0.0,0.4,0.5581884875206965,-5.29220125730994e-08,0.39999650468810954,"{'table_obstacle': {'pos': [0.3825981920028062, 0.37518922255766707, 0.1646257963690813], 'size': [0.049837904948193595, 0.0813235869879147, 0.05243307039854257]}, 'pillar_obstacle': {'pos': [0.39994824830915515, -0.3824307480766307, 0.23470116647765446], 'size': [0.033663755439403885, 0.20172185302840845, 0.0]}, 'small_block': {'pos': [0.6140097595303955, -0.3535133918987863, 0.1097032402875184], 'size': [0.04461973939918376, 0.0849493067344041, 0.09534921802665242]}}"
5.25600000000009,0.5639986138019426,0.0,0.4,0.5582512721446927,9.018941190043946e-09,0.39999624843260906,"{'table_obstacle': {'pos': [0.3825981920028062, 0.37518922255766707, 0.1646257963690813], 'size': [0.049837904948193595, 0.0813235869879147, 0.05243307039854257]}, 'pillar_obstacle': {'pos': [0.39994824830915515, -0.3824307480766307, 0.23470116647765446], 'size': [0.033663755439403885, 0.20172185302840845, 0.0]}, 'small_block': {'pos': [0.6140097595303955, -0.3535133918987863, 0.1097032402875184], 'size': [0.04461973939918376, 0.0849493067344041, 0.09534921802665242]}}"
5.25700000000009,0.5639986138019426,0.0,0.4,0.5583169411110638,6.719064824116223e-08,0.3999960011864627,"{'table_obstacle': {'pos': [0.3825981920028062, 0.37518922255766707, 0.1646257963690813], 'size': [0.049837904948193595, 0.0813235869879147, 0.05243307039854257]}, 'pillar_obstacle': {'pos': [0.39994824830915515, -0.3824307480766307, 0.23470116647765446], 'size': [0.033663755439403885, 0.20172185302840845, 0.0]}, 'small_block': {'pos': [0.6140097595303955, -0.3535133918987863, 0.1097032402875184], 'size': [0.04461973939918376, 0.0849493067344041, 0.09534921802665242]}}"
5.258000000000091,0.5639986138019426,0.0,0.4,0.5583847401353171,1.1989077441981642e-07,0.39999577045965673,"{'table_obstacle': {'pos': [0.3825981920028062, 0.37518922255766707, 0.1646257963690813], 'size': [0.049837904948193595, 0.0813235869879147, 0.05243307039854257]}, 'pillar_obstacle': {'pos': [0.39994824830915515, -0.3824307480766307, 0.23470116647765446], 'size': [0.033663755439403885, 0.20172185302840845, 0.0]}, 'small_block': {'pos': [0.6140097595303955, -0.3535133918987863, 0.1097032402875184], 'size': [0.04461973939918376, 0.0849493067344041, 0.09534921802665242]}}"
5.259000000000091,0.5639986138019426,0.0,0.4,0.5584540603064397,1.6622408561171508e-07,0.3999955605970994,"{'table_obstacle': {'pos': [0.3825981920028062, 0.37518922255766707, 0.1646257963690813], 'size': [0.049837904948193595, 0.0813235869879147, 0.05243307039854257]}, 'pillar_obstacle': {'pos': [0.39994824830915515, -0.3824307480766307, 0.23470116647765446], 'size': [0.033663755439403885, 0.20172185302840845, 0.0]}, 'small_block': {'pos': [0.6140097595303955, -0.3535133918987863, 0.1097032402875184], 'size': [0.04461973939918376, 0.0849493067344041, 0.09534921802665242]}}"
5.260000000000091,0.5639986138019426,0.0,0.4,0.5585244106134636,2.0585616417638357e-07,0.3999953737158488,"{'table_obstacle': {'pos': [0.3825981920028062, 0.37518922255766707, 0.1646257963690813], 'size': [0.049837904948193595, 0.0813235869879147, 0.05243307039854257]}, 'pillar_obstacle': {'pos': [0.39994824830915515, -0.3824307480766307, 0.23470116647765446], 'size': [0.033663755439403885, 0.20172185302840845, 0.0]}, 'small_block': {'pos': [0.6140097595303955, -0.3535133918987863, 0.1097032402875184], 'size': [0.04461973939918376, 0.0849493067344041, 0.09534921802665242]}}"
5.261000000000092,0.5639986138019426,0.0,0.4,0.5585953956506149,2.38831732446855e-07,0.3999952103972503,"{'table_obstacle': {'pos': [0.3825981920028062, 0.37518922255766707, 0.1646257963690813], 'size': [0.049837904948193595, 0.0813235869879147, 0.05243307039854257]}, 'pillar_obstacle': {'pos': [0.39994824830915515, -0.3824307480766307, 0.23470116647765446], 'size': [0.033663755439403885, 0.20172185302840845, 0.0]}, 'small_block': {'pos': [0.6140097595303955, -0.3535133918987863, 0.1097032402875184], 'size': [0.04461973939918376, 0.0849493067344041, 0.09534921802665242]}}"
5.262000000000092,0.5639986138019426,0.0,0.4,0.5586666975274451,2.654418839319307e-07,0.3999950701945514,"{'table_obstacle': {'pos': [0.3825981920028062, 0.37518922255766707, 0.1646257963690813], 'size': [0.049837904948193595, 0.0813235869879147, 0.05243307039854257]}, 'pillar_obstacle': {'pos': [0.39994824830915515, -0.3824307480766307, 0.23470116647765446], 'size': [0.033663755439403885, 0.20172185302840845, 0.0]}, 'small_block': {'pos': [0.6140097595303955, -0.3535133918987863, 0.1097032402875184], 'size': [0.04461973939918376, 0.0849493067344041, 0.09534921802665242]}}"
5.263000000000092,0.5639986138019426,0.0,0.4,0.5587380611924847,2.8612816015953906e-07,0.3999949520019263,"{'table_obstacle': {'pos': [0.3825981920028062, 0.37518922255766707, 0.1646257963690813], 'size': [0.049837904948193595, 0.0813235869879147, 0.05243307039854257]}, 'pillar_obstacle': {'pos': [0.39994824830915515, -0.3824307480766307, 0.23470116647765446], 'size': [0.033663755439403885, 0.20172185302840845, 0.0]}, 'small_block': {'pos': [0.6140097595303955, -0.3535133918987863, 0.1097032402875184], 'size': [0.04461973939918376, 0.0849493067344041, 0.09534921802665242]}}"
5.264000000000093,0.5639986138019426,0.0,0.4,0.5588092825273522,3.0141425659900087e-07,0.3999948543197454,"{'table_obstacle': {'pos': [0.3825981920028062, 0.37518922255766707, 0.1646257963690813], 'size': [0.049837904948193595, 0.0813235869879147, 0.05243307039854257]}, 'pillar_obstacle': {'pos': [0.39994824830915515, -0.3824307480766307, 0.23470116647765446], 'size': [0.033663755439403885, 0.20172185302840845, 0.0]}, 'small_block': {'pos': [0.6140097595303955, -0.3535133918987863, 0.1097032402875184], 'size': [0.04461973939918376, 0.0849493067344041, 0.09534921802665242]}}"
5.265000000000093,0.5639986138019426,0.0,0.4,0.5588801986890308,3.118582970835588e-07,0.39999477544250855,"{'table_obstacle': {'pos': [0.3825981920028062, 0.37518922255766707, 0.1646257963690813], 'size': [0.049837904948193595, 0.0813235869879147, 0.05243307039854257]}, 'pillar_obstacle': {'pos': [0.39994824830915515, -0.3824307480766307, 0.23470116647765446], 'size': [0.033663755439403885, 0.20172185302840845, 0.0]}, 'small_block': {'pos': [0.6140097595303955, -0.3535133918987863, 0.1097032402875184], 'size': [0.04461973939918376, 0.0849493067344041, 0.09534921802665242]}}"
5.266000000000093,0.5639986138019426,0.0,0.4,0.5589506802762433,3.1802032421935786e-07,0.3999947135894367,"{'table_obstacle': {'pos': [0.3825981920028062, 0.37518922255766707, 0.1646257963690813], 'size': [0.049837904948193595, 0.0813235869879147, 0.05243307039854257]}, 'pillar_obstacle': {'pos': [0.39994824830915515, -0.3824307480766307, 0.23470116647765446], 'size': [0.033663755439403885, 0.20172185302840845, 0.0]}, 'small_block': {'pos': [0.6140097595303955, -0.3535133918987863, 0.1097032402875184], 'size': [0.04461973939918376, 0.0849493067344041, 0.09534921802665242]}}"
5.267000000000094,0.5639986138019426,0.0,0.4,0.5590206249757035,3.204409330630838e-07,0.39999466699284375,"{'table_obstacle': {'pos': [0.3825981920028062, 0.37518922255766707, 0.1646257963690813], 'size': [0.049837904948193595, 0.0813235869879147, 0.05243307039854257]}, 'pillar_obstacle': {'pos': [0.39994824830915515, -0.3824307480766307, 0.23470116647765446], 'size': [0.033663755439403885, 0.20172185302840845, 0.0]}, 'small_block': {'pos': [0.6140097595303955, -0.3535133918987863, 0.1097032402875184], 'size': [0.04461973939918376, 0.0849493067344041, 0.09534921802665242]}}"
5.268000000000094,0.5639986138019426,0.0,0.4,0.5590899524088891,3.19627986570506e-07,0.3999946339556777,"{'table_obstacle': {'pos': [0.3825981920028062, 0.37518922255766707, 0.1646257963690813], 'size': [0.049837904948193595, 0.0813235869879147, 0.05243307039854257]}, 'pillar_obstacle': {'pos': [0.39994824830915515, -0.3824307480766307, 0.23470116647765446], 'size': [0.033663755439403885, 0.20172185302840845, 0.0]}, 'small_block': {'pos': [0.6140097595303955, -0.3535133918987863, 0.1097032402875184], 'size': [0.04461973939918376, 0.0849493067344041, 0.09534921802665242]}}"
5.269000000000094,0.5639986138019426,0.0,0.4,0.5591585999526459,3.160491043890627e-07,0.39999461288678884,"{'table_obstacle': {'pos': [0.3825981920028062, 0.37518922255766707, 0.1646257963690813], 'size': [0.049837904948193595, 0.0813235869879147, 0.05243307039854257]}, 'pillar_obstacle': {'pos': [0.39994824830915515, -0.3824307480766307, 0.23470116647765446], 'size': [0.033663755439403885, 0.20172185302840845, 0.0]}, 'small_block': {'pos': [0.6140097595303955, -0.3535133918987863, 0.1097032402875184], 'size': [0.04461973939918376, 0.0849493067344041, 0.09534921802665242]}}"
5.270000000000095,0.5639986138019426,0.0,0.4,0.5592265193497151,3.1012820991498844e-07,0.3999946023203339,"{'table_obstacle': {'pos': [0.3825981920028062, 0.37518922255766707, 0.1646257963690813], 'size': [0.049837904948193595, 0.0813235869879147, 0.05243307039854257]}, 'pillar_obstacle': {'pos': [0.39994824830915515, -0.3824307480766307, 0.23470116647765446], 'size': [0.033663755439403885, 0.20172185302840845, 0.0]}, 'small_block': {'pos': [0.6140097595303955, -0.3535133918987863, 0.1097032402875184], 'size': [0.04461973939918376, 0.0849493067344041, 0.09534921802665242]}}"
5.271000000000095,0.5639986138019426,0.0,0.4,0.5592936739599808,3.022448603046427e-07,0.3999946009240707,"{'table_obstacle': {'pos': [0.3825981920028062, 0.37518922255766707, 0.1646257963690813], 'size': [0.049837904948193595, 0.0813235869879147, 0.05243307039854257]}, 'pillar_obstacle': {'pos': [0.39994824830915515, -0.3824307480766307, 0.23470116647765446], 'size': [0.033663755439403885, 0.20172185302840845, 0.0]}, 'small_block': {'pos': [0.6140097595303955, -0.3535133918987863, 0.1097032402875184], 'size': [0.04461973939918376, 0.0849493067344041, 0.09534921802665242]}}"
5.272000000000095,0.5639986138019426,0.0,0.4,0.559360036531401,2.927354240636982e-07,0.3999946075000657,"{'table_obstacle': {'pos': [0.3825981920028062, 0.37518922255766707, 0.1646257963690813], 'size': [0.049837904948193595, 0.0813235869879147, 0.05243307039854257]}, 'pillar_obstacle': {'pos': [0.39994824830915515, -0.3824307480766307, 0.23470116647765446], 'size': [0.033663755439403885, 0.20172185302840845, 0.0]}, 'small_block': {'pos': [0.6140097595303955, -0.3535133918987863, 0.1097032402875184], 'size': [0.04461973939918376, 0.0849493067344041, 0.09534921802665242]}}"
5.273000000000096,0.5639986138019426,0.0,0.4,0.5594255873924523,2.8189542837235514e-07,0.3999946209803966,"{'table_obstacle': {'pos': [0.3825981920028062, 0.37518922255766707, 0.1646257963690813], 'size': [0.049837904948193595, 0.0813235869879147, 0.05243307039854257]}, 'pillar_obstacle': {'pos': [0.39994824830915515, -0.3824307480766307, 0.23470116647765446], 'size': [0.033663755439403885, 0.20172185302840845, 0.0]}, 'small_block': {'pos': [0.6140097595303955, -0.3535133918987863, 0.1097032402875184], 'size': [0.04461973939918376, 0.0849493067344041, 0.09534921802665242]}}"
5.274000000000096,0.5639986138019426,0.0,0.4,0.5594903129864496,2.6998258397889055e-07,0.3999946404197191,"{'table_obstacle': {'pos': [0.3825981920028062, 0.37518922255766707, 0.1646257963690813], 'size': [0.049837904948193595, 0.0813235869879147, 0.05243307039854257]}, 'pillar_obstacle': {'pos': [0.39994824830915515, -0.3824307480766307, 0.23470116647765446], 'size': [0.033663755439403885, 0.20172185302840845, 0.0]}, 'small_block': {'pos': [0.6140097595303955, -0.3535133918987863, 0.1097032402875184], 'size': [0.04461973939918376, 0.0849493067344041, 0.09534921802665242]}}"
5.275000000000096,0.5639986138019426,0.0,0.4,0.5595542046831574,2.5722014865485486e-07,0.39999466498603736,"{'table_obstacle': {'pos': [0.3825981920028062, 0.37518922255766707, 0.1646257963690813], 'size': [0.049837904948193595, 0.0813235869879147, 0.05243307039854257]}, 'pillar_obstacle': {'pos': [0.39994824830915515, -0.3824307480766307, 0.23470116647765446], 'size': [0.033663755439403885, 0.20172185302840845, 0.0]}, 'small_block': {'pos': [0.6140097595303955, -0.3535133918987863, 0.1097032402875184], 'size': [0.04461973939918376, 0.0849493067344041, 0.09534921802665242]}}"
5.276000000000097,0.5639986138019426,0.0,0.4,0.5596172578153008,2.4380038560224293e-07,0.39999469395063025,"{'table_obstacle': {'pos': [0.3825981920028062, 0.37518922255766707, 0.1646257963690813], 'size': [0.049837904948193595, 0.0813235869879147, 0.05243307039854257]}, 'pillar_obstacle': {'pos': [0.39994824830915515, -0.3824307480766307, 0.23470116647765446], 'size': [0.033663755439403885, 0.20172185302840845, 0.0]}, 'small_block': {'pos': [0.6140097595303955, -0.3535133918987863, 0.1097032402875184], 'size': [0.04461973939918376, 0.0849493067344041, 0.09534921802665242]}}"
5.277000000000097,0.5639986138019426,0.0,0.4,0.5596794708974877,2.2988796196463311e-07,0.3999947266777717,"{'table_obstacle': {'pos': [0.3825981920028062, 0.37518922255766707, 0.1646257963690813], 'size': [0.049837904948193595, 0.0813235869879147, 0.05243307039854257]}, 'pillar_obstacle': {'pos': [0.39994824830915515, -0.3824307480766307, 0.23470116647765446], 'size': [0.033663755439403885, 0.20172185302840845, 0.0]}, 'small_block': {'pos': [0.6140097595303955, -0.3535133918987863, 0.1097032402875184], 'size': [0.04461973939918376, 0.0849493067344041, 0.09534921802665242]}}"
5.278000000000097,0.5639986138019426,0.0,0.4,0.5597408449930814,2.1562318274101835e-07,0.39999476261469324,"{'table_obstacle': {'pos': [0.3825981920028062, 0.37518922255766707, 0.1646257963690813], 'size': [0.049837904948193595, 0.0813235869879147, 0.05243307039854257]}, 'pillar_obstacle': {'pos': [0.39994824830915515, -0.3824307480766307, 0.23470116647765446], 'size': [0.033663755439403885, 0.20172185302840845, 0.0]}, 'small_block': {'pos': [0.6140097595303955, -0.3535133918987863, 0.1097032402875184], 'size': [0.04461973939918376, 0.0849493067344041, 0.09534921802665242]}}"
5.279000000000098,0.5639986138019426,0.0,0.4,0.5598013832010714,2.0112500024289776e-07,0.3999948012820541,"{'table_obstacle': {'pos': [0.3825981920028062, 0.37518922255766707, 0.1646257963690813], 'size': [0.049837904948193595, 0.0813235869879147, 0.05243307039854257]}, 'pillar_obstacle': {'pos': [0.39994824830915515, -0.3824307480766307, 0.23470116647765446], 'size': [0.033663755439403885, 0.20172185302840845, 0.0]}, 'small_block': {'pos': [0.6140097595303955, -0.3535133918987863, 0.1097032402875184], 'size': [0.04461973939918376, 0.0849493067344041, 0.09534921802665242]}}"
5.280000000000098,0.5639986138019426,0.0,0.4,0.55986109024027,1.8649376616977796e-07,0.39999484226509224,"{'table_obstacle': {'pos': [0.3825981920028062, 0.37518922255766707, 0.1646257963690813], 'size': [0.049837904948193595, 0.0813235869879147, 0.05243307039854257]}, 'pillar_obstacle': {'pos': [0.39994824830915515, -0.3824307480766307, 0.23470116647765446], 'size': [0.033663755439403885, 0.20172185302840845, 0.0]}, 'small_block': {'pos': [0.6140097595303955, -0.3535133918987863, 0.1097032402875184], 'size': [0.04461973939918376, 0.0849493067344041, 0.09534921802665242]}}"
5.281000000000098,0.5639986138019426,0.0,0.4,0.559919972112452,1.718137153141214e-07,0.39999488520553117,"{'table_obstacle': {'pos': [0.3825981920028062, 0.37518922255766707, 0.1646257963690813], 'size': [0.049837904948193595, 0.0813235869879147, 0.05243307039854257]}, 'pillar_obstacle': {'pos': [0.39994824830915515, -0.3824307480766307, 0.23470116647765446], 'size': [0.033663755439403885, 0.20172185302840845, 0.0]}, 'small_block': {'pos': [0.6140097595303955, -0.3535133918987863, 0.1097032402875184], 'size': [0.04461973939918376, 0.0849493067344041, 0.09534921802665242]}}"
5.282000000000099,0.5639986138019426,0.0,0.4,0.5599780358295205,1.5715518457741583e-07,0.3999949297942785,"{'table_obstacle': {'pos': [0.3825981920028062, 0.37518922255766707, 0.1646257963690813], 'size': [0.049837904948193595, 0.0813235869879147, 0.05243307039854257]}, 'pillar_obstacle': {'pos': [0.39994824830915515, -0.3824307480766307, 0.23470116647765446], 'size': [0.033663755439403885, 0.20172185302840845, 0.0]}, 'small_block': {'pos': [0.6140097595303955, -0.3535133918987863, 0.1097032402875184], 'size': [0.04461973939918376, 0.0849493067344041, 0.09534921802665242]}}"
5.283000000000099,0.5639986138019426,0.0,0.4,0.5600352891926014,1.4257657541445983e-07,0.3999949757648993,"{'table_obstacle': {'pos': [0.3825981920028062, 0.37518922255766707, 0.1646257963690813], 'size': [0.049837904948193595, 0.0813235869879147, 0.05243307039854257]}, 'pillar_obstacle': {'pos': [0.39994824830915515, -0.3824307480766307, 0.23470116647765446], 'size': [0.033663755439403885, 0.20172185302840845, 0.0]}, 'small_block': {'pos': [0.6140097595303955, -0.3535133918987863, 0.1097032402875184], 'size': [0.04461973939918376, 0.0849493067344041, 0.09534921802665242]}}"
5.284000000000099,0.5639986138019426,0.0,0.4,0.560091740613259,1.281260780594229e-07,0.39999502288783373,"{'table_obstacle': {'pos': [0.3825981920028062, 0.37518922255766707, 0.1646257963690813], 'size': [0.049837904948193595, 0.0813235869879147, 0.05243307039854257]}, 'pillar_obstacle': {'pos': [0.39994824830915515, -0.3824307480766307, 0.23470116647765446], 'size': [0.033663755439403885, 0.20172185302840845, 0.0]}, 'small_block': {'pos': [0.6140097595303955, -0.3535133918987863, 0.1097032402875184], 'size': [0.04461973939918376, 0.0849493067344041, 0.09534921802665242]}}"
5.2850000000001,0.5639986138019426,0.0,0.4,0.5601473989688732,1.1384317842583576e-07,0.3999950709653113,"{'table_obstacle': {'pos': [0.3825981920028062, 0.37518922255766707, 0.1646257963690813], 'size': [0.049837904948193595, 0.0813235869879147, 0.05243307039854257]}, 'pillar_obstacle': {'pos': [0.39994824830915515, -0.3824307480766307, 0.23470116647765446], 'size': [0.033663755439403885, 0.20172185302840845, 0.0]}, 'small_block': {'pos': [0.6140097595303955, -0.3535133918987863, 0.1097032402875184], 'size': [0.04461973939918376, 0.0849493067344041, 0.09534921802665242]}}"
5.2860000000001,0.5639986138019426,0.0,0.4,0.5602022734857199,9.975996431338704e-08,0.39999511982689856,"{'table_obstacle': {'pos': [0.3825981920028062, 0.37518922255766707, 0.1646257963690813], 'size': [0.049837904948193595, 0.0813235869879147, 0.05243307039854257]}, 'pillar_obstacle': {'pos': [0.39994824830915515, -0.3824307480766307, 0.23470116647765446], 'size': [0.033663755439403885, 0.20172185302840845, 0.0]}, 'small_block': {'pos': [0.6140097595303955, -0.3535133918987863, 0.1097032402875184], 'size': [0.04461973939918376, 0.0849493067344041, 0.09534921802665242]}}"
5.2870000000001,0.5639986138019426,0.0,0.4,0.560256373644524,8.590225628875406e-08,0.3999951693256286,"{'table_obstacle': {'pos': [0.3825981920028062, 0.37518922255766707, 0.1646257963690813], 'size': [0.049837904948193595, 0.0813235869879147, 0.05243307039854257]}, 'pillar_obstacle': {'pos': [0.39994824830915515, -0.3824307480766307, 0.23470116647765446], 'size': [0.033663755439403885, 0.20172185302840845, 0.0]}, 'small_block': {'pos': [0.6140097595303955, -0.3535133918987863, 0.1097032402875184], 'size': [0.04461973939918376, 0.0849493067344041, 0.09534921802665242]}}"
5.288000000000101,0.5639986138019426,0.0,0.4,0.560309709104234,7.229057945726398e-08,0.39999521933464266,"{'table_obstacle': {'pos': [0.3825981920028062, 0.37518922255766707, 0.1646257963690813], 'size': [0.049837904948193595, 0.0813235869879147, 0.05243307039854257]}, 'pillar_obstacle': {'pos': [0.39994824830915515, -0.3824307480766307, 0.23470116647765446], 'size': [0.033663755439403885, 0.20172185302840845, 0.0]}, 'small_block': {'pos': [0.6140097595303955, -0.3535133918987863, 0.1097032402875184], 'size': [0.04461973939918376, 0.0849493067344041, 0.09534921802665242]}}"
5.289000000000101,0.5639986138019426,0.0,0.4,0.5603622896405758,5.8940998442115495e-08,0.3999952697442942,"{'table_obstacle': {'pos': [0.3825981920028062, 0.37518922255766707, 0.1646257963690813], 'size': [0.049837904948193595, 0.0813235869879147, 0.05243307039854257]}, 'pillar_obstacle': {'pos': [0.39994824830915515, -0.3824307480766307, 0.23470116647765446], 'size': [0.033663755439403885, 0.20172185302840845, 0.0]}, 'small_block': {'pos': [0.6140097595303955, -0.3535133918987863, 0.1097032402875184], 'size': [0.04461973939918376, 0.0849493067344041, 0.09534921802665242]}}"
5.290000000000101,0.5639986138019426,0.0,0.4,0.5604141250965878,4.586583030800063e-08,0.39999532045965575,"{'table_obstacle': {'pos': [0.3825981920028062, 0.37518922255766707, 0.1646257963690813], 'size': [0.049837904948193595, 0.0813235869879147, 0.05243307039854257]}, 'pillar_obstacle': {'pos': [0.39994824830915515, -0.3824307480766307, 0.23470116647765446], 'size': [0.033663755439403885, 0.20172185302840845, 0.0]}, 'small_block': {'pos': [0.6140097595303955, -0.3535133918987863, 0.1097032402875184], 'size': [0.04461973939918376, 0.0849493067344041, 0.09534921802665242]}}"
5.291000000000102,0.5639986138019426,0.0,0.4,0.5604652253428749,3.3074251266784316e-08,0.3999953713983798,"{'table_obstacle': {'pos': [0.3825981920028062, 0.37518922255766707, 0.1646257963690813], 'size': [0.049837904948193595, 0.0813235869879147, 0.05243307039854257]}, 'pillar_obstacle': {'pos': [0.39994824830915515, -0.3824307480766307, 0.23470116647765446], 'size': [0.033663755439403885, 0.20172185302840845, 0.0]}, 'small_block': {'pos': [0.6140097595303955, -0.3535133918987863, 0.1097032402875184], 'size': [0.04461973939918376, 0.0849493067344041, 0.09534921802665242]}}"
5.292000000000102,0.5639986138019426,0.0,0.4,0.5605156002457388,2.057281488289821e-08,0.39999542248886905,"{'table_obstacle': {'pos': [0.3825981920028062, 0.37518922255766707, 0.1646257963690813], 'size': [0.049837904948193595, 0.0813235869879147, 0.05243307039854257]}, 'pillar_obstacle': {'pos': [0.39994824830915515, -0.3824307480766307, 0.23470116647765446], 'size': [0.033663755439403885, 0.20172185302840845, 0.0]}, 'small_block': {'pos': [0.6140097595303955, -0.3535133918987863, 0.1097032402875184], 'size': [0.04461973939918376, 0.0849493067344041, 0.09534921802665242]}}"
5.293000000000102,0.5639986138019426,0.0,0.4,0.5605652596416943,8.36588777315361e-09,0.3999954736687121,"{'table_obstacle': {'pos': [0.3825981920028062, 0.37518922255766707, 0.1646257963690813], 'size': [0.049837904948193595, 0.0813235869879147, 0.05243307039854257]}, 'pillar_obstacle': {'pos': [0.39994824830915515, -0.3824307480766307, 0.23470116647765446], 'size': [0.033663755439403885, 0.20172185302840845, 0.0]}, 'small_block': {'pos': [0.6140097595303955, -0.3535133918987863, 0.1097032402875184], 'size': [0.04461973939918376, 0.0849493067344041, 0.09534921802665242]}}"
5.294000000000103,0.5639986138019426,0.0,0.4,0.5606142133171623,-3.5439773902682213e-09,0.3999955248833518,"{'table_obstacle': {'pos': [0.3825981920028062, 0.37518922255766707, 0.1646257963690813], 'size': [0.049837904948193595, 0.0813235869879147, 0.05243307039854257]}, 'pillar_obstacle': {'pos': [0.39994824830915515, -0.3824307480766307, 0.23470116647765446], 'size': [0.033663755439403885, 0.20172185302840845, 0.0]}, 'small_block': {'pos': [0.6140097595303955, -0.3535133918987863, 0.1097032402875184], 'size': [0.04461973939918376, 0.0849493067344041, 0.09534921802665242]}}"
5.295000000000103,0.5639986138019426,0.0,0.4,0.5606624709923567,-1.5155730998423348e-08,0.3999955760849511,"{'table_obstacle': {'pos': [0.3825981920028062, 0.37518922255766707, 0.1646257963690813], 'size': [0.049837904948193595, 0.0813235869879147, 0.05243307039854257]}, 'pillar_obstacle': {'pos': [0.39994824830915515, -0.3824307480766307, 0.23470116647765446], 'size': [0.033663755439403885, 0.20172185302840845, 0.0]}, 'small_block': {'pos': [0.6140097595303955, -0.3535133918987863, 0.1097032402875184], 'size': [0.04461973939918376, 0.0849493067344041, 0.09534921802665242]}}"
5.296000000000103,0.5639986138019426,0.0,0.4,0.5607100423085685,-2.6469562383631506e-08,0.3999956272314294,"{'table_obstacle': {'pos': [0.3825981920028062, 0.37518922255766707, 0.1646257963690813], 'size': [0.049837904948193595, 0.0813235869879147, 0.05243307039854257]}, 'pillar_obstacle': {'pos': [0.39994824830915515, -0.3824307480766307, 0.23470116647765446], 'size': [0.033663755439403885, 0.20172185302840845, 0.0]}, 'small_block': {'pos': [0.6140097595303955, -0.3535133918987863, 0.1097032402875184], 'size': [0.04461973939918376, 0.0849493067344041, 0.09534921802665242]}}"
5.297000000000104,0.5639986138019426,0.0,0.4,0.5607569368182034,-3.748667740240232e-08,0.39999567828564486,"{'table_obstacle': {'pos': [0.3825981920028062, 0.37518922255766707, 0.1646257963690813], 'size': [0.049837904948193595, 0.0813235869879147, 0.05243307039854257]}, 'pillar_obstacle': {'pos': [0.39994824830915515, -0.3824307480766307, 0.23470116647765446], 'size': [0.033663755439403885, 0.20172185302840845, 0.0]}, 'small_block': {'pos': [0.6140097595303955, -0.3535133918987863, 0.1097032402875184], 'size': [0.04461973939918376, 0.0849493067344041, 0.09534921802665242]}}"
5.298000000000104,0.5639986138019426,0.0,0.4,0.5608031639770472,-4.8209113759931144e-08,0.39999572921470034,"{'table_obstacle': {'pos': [0.3825981920028062, 0.37518922255766707, 0.1646257963690813], 'size': [0.049837904948193595, 0.0813235869879147, 0.05243307039854257]}, 'pillar_obstacle': {'pos': [0.39994824830915515, -0.3824307480766307, 0.23470116647765446], 'size': [0.033663755439403885, 0.20172185302840845, 0.0]}, 'small_block': {'pos': [0.6140097595303955, -0.3535133918987863, 0.1097032402875184], 'size': [0.04461973939918376, 0.0849493067344041, 0.09534921802665242]}}"
5.299000000000104,0.5639986138019426,0.0,0.4,0.5608487331383337,-5.8639583651976794e-08,0.3999957799893552,"{'table_obstacle': {'pos': [0.3825981920028062, 0.37518922255766707, 0.1646257963690813], 'size': [0.049837904948193595, 0.0813235869879147, 0.05243307039854257]}, 'pillar_obstacle': {'pos': [0.39994824830915515, -0.3824307480766307, 0.23470116647765446], 'size': [0.033663755439403885, 0.20172185302840845, 0.0]}, 'small_block': {'pos': [0.6140097595303955, -0.3535133918987863, 0.1097032402875184], 'size': [0.04461973939918376, 0.0849493067344041, 0.09534921802665242]}}"
5.300000000000105,0.5639986138019426,0.0,0.4,0.5608936535482701,-6.878134452927864e-08,0.399995830583528,"{'table_obstacle': {'pos': [0.3825981920028062, 0.37518922255766707, 0.1646257963690813], 'size': [0.049837904948193595, 0.0813235869879147, 0.05243307039854257]}, 'pillar_obstacle': {'pos': [0.39994824830915515, -0.3824307480766307, 0.23470116647765446], 'size': [0.033663755439403885, 0.20172185302840845, 0.0]}, 'small_block': {'pos': [0.6140097595303955, -0.3535133918987863, 0.1097032402875184], 'size': [0.04461973939918376, 0.0849493067344041, 0.09534921802665242]}}"
5.301000000000105,0.5639986138019426,0.0,0.4,0.5609379343427434,-7.8638088992813e-08,0.3999958809738731,"{'table_obstacle': {'pos': [0.3825981920028062, 0.37518922255766707, 0.1646257963690813], 'size': [0.049837904948193595, 0.0813235869879147, 0.05243307039854257]}, 'pillar_obstacle': {'pos': [0.39994824830915515, -0.3824307480766307, 0.23470116647765446], 'size': [0.033663755439403885, 0.20172185302840845, 0.0]}, 'small_block': {'pos': [0.6140097595303955, -0.3535133918987863, 0.1097032402875184], 'size': [0.04461973939918376, 0.0849493067344041, 0.09534921802665242]}}"
5.302000000000105,0.5639986138019426,0.0,0.4,0.5609815845449755,-8.821385507659649e-08,0.3999959311394248,"{'table_obstacle': {'pos': [0.3825981920028062, 0.37518922255766707, 0.1646257963690813], 'size': [0.049837904948193595, 0.0813235869879147, 0.05243307039854257]}, 'pillar_obstacle': {'pos': [0.39994824830915515, -0.3824307480766307, 0.23470116647765446], 'size': [0.033663755439403885, 0.20172185302840845, 0.0]}, 'small_block': {'pos': [0.6140097595303955, -0.3535133918987863, 0.1097032402875184], 'size': [0.04461973939918376, 0.0849493067344041, 0.09534921802665242]}}"
5.303000000000106,0.5639986138019426,0.0,0.4,0.5610246130639472,-9.751294947308055e-08,0.39999598106129314,"{'table_obstacle': {'pos': [0.3825981920028062, 0.37518922255766707, 0.1646257963690813], 'size': [0.049837904948193595, 0.0813235869879147, 0.05243307039854257]}, 'pillar_obstacle': {'pos': [0.39994824830915515, -0.3824307480766307, 0.23470116647765446], 'size': [0.033663755439403885, 0.20172185302840845, 0.0]}, 'small_block': {'pos': [0.6140097595303955, -0.3535133918987863, 0.1097032402875184], 'size': [0.04461973939918376, 0.0849493067344041, 0.09534921802665242]}}"
5.304000000000106,0.5639986138019426,0.0,0.4,0.5610670286934415,-1.0653988538869869e-07,0.3999960307224076,"{'table_obstacle': {'pos': [0.3825981920028062, 0.37518922255766707, 0.1646257963690813], 'size': [0.049837904948193595, 0.0813235869879147, 0.05243307039854257]}, 'pillar_obstacle': {'pos': [0.39994824830915515, -0.3824307480766307, 0.23470116647765446], 'size': [0.033663755439403885, 0.20172185302840845, 0.0]}, 'small_block': {'pos': [0.6140097595303955, -0.3535133918987863, 0.1097032402875184], 'size': [0.04461973939918376, 0.0849493067344041, 0.09534921802665242]}}"
5.305000000000106,0.5639986138019426,0.0,0.4,0.5611088401115832,-1.152993300672696e-07,0.3999960801072985,"{'table_obstacle': {'pos': [0.3825981920028062, 0.37518922255766707, 0.1646257963690813], 'size': [0.049837904948193595, 0.0813235869879147, 0.05243307039854257]}, 'pillar_obstacle': {'pos': [0.39994824830915515, -0.3824307480766307, 0.23470116647765446], 'size': [0.033663755439403885, 0.20172185302840845, 0.0]}, 'small_block': {'pos': [0.6140097595303955, -0.3535133918987863, 0.1097032402875184], 'size': [0.04461973939918376, 0.0849493067344041, 0.09534921802665242]}}"
5.306000000000107,0.5639986138019426,0.0,0.4,0.5611500558807755,-1.237960614542959e-07,0.3999961292019132,"{'table_obstacle': {'pos': [0.3825981920028062, 0.37518922255766707, 0.1646257963690813], 'size': [0.049837904948193595, 0.0813235869879147, 0.05243307039854257]}, 'pillar_obstacle': {'pos': [0.39994824830915515, -0.3824307480766307, 0.23470116647765446], 'size': [0.033663755439403885, 0.20172185302840845, 0.0]}, 'small_block': {'pos': [0.6140097595303955, -0.3535133918987863, 0.1097032402875184], 'size': [0.04461973939918376, 0.0849493067344041, 0.09534921802665242]}}"
5.307000000000107,0.5639986138019426,0.0,0.4,0.5611906844479613,-1.3203493291990411e-07,0.399996177993456,"{'table_obstacle': {'pos': [0.3825981920028062, 0.37518922255766707, 0.1646257963690813], 'size': [0.049837904948193595, 0.0813235869879147, 0.05243307039854257]}, 'pillar_obstacle': {'pos': [0.39994824830915515, -0.3824307480766307, 0.23470116647765446], 'size': [0.033663755439403885, 0.20172185302840845, 0.0]}, 'small_block': {'pos': [0.6140097595303955, -0.3535133918987863, 0.1097032402875184], 'size': [0.04461973939918376, 0.0849493067344041, 0.09534921802665242]}}"
5.308000000000107,0.5639986138019426,0.0,0.4,0.5612307341451346,-1.4002084372206323e-07,0.3999962264702555,"{'table_obstacle': {'pos': [0.3825981920028062, 0.37518922255766707, 0.1646257963690813], 'size': [0.049837904948193595, 0.0813235869879147, 0.05243307039854257]}, 'pillar_obstacle': {'pos': [0.39994824830915515, -0.3824307480766307, 0.23470116647765446], 'size': [0.033663755439403885, 0.20172185302840845, 0.0]}, 'small_block': {'pos': [0.6140097595303955, -0.3535133918987863, 0.1097032402875184], 'size': [0.04461973939918376, 0.0849493067344041, 0.09534921802665242]}}"
5.309000000000108,0.5639986138019426,0.0,0.4,0.5612702131900573,-1.4775871423062776e-07,0.39999627462164855,"{'table_obstacle': {'pos': [0.3825981920028062, 0.37518922255766707, 0.1646257963690813], 'size': [0.049837904948193595, 0.0813235869879147, 0.05243307039854257]}, 'pillar_obstacle': {'pos': [0.39994824830915515, -0.3824307480766307, 0.23470116647765446], 'size': [0.033663755439403885, 0.20172185302840845, 0.0]}, 'small_block': {'pos': [0.6140097595303955, -0.3535133918987863, 0.1097032402875184], 'size': [0.04461973939918376, 0.0849493067344041, 0.09534921802665242]}}"
5.310000000000108,0.5639986138019426,0.0,0.4,0.5613091296871351,-1.552534671899487e-07,0.39999632243788286,"{'table_obstacle': {'pos': [0.3825981920028062, 0.37518922255766707, 0.1646257963690813], 'size': [0.049837904948193595, 0.0813235869879147, 0.05243307039854257]}, 'pillar_obstacle': {'pos': [0.39994824830915515, -0.3824307480766307, 0.23470116647765446], 'size': [0.033663755439403885, 0.20172185302840845, 0.0]}, 'small_block': {'pos': [0.6140097595303955, -0.3535133918987863, 0.1097032402875184], 'size': [0.04461973939918376, 0.0849493067344041, 0.09534921802665242]}}"
5.311000000000108,0.5639986138019426,0.0,0.4,0.5613474916284206,-1.625100106107524e-07,0.3999963699100305,"{'table_obstacle': {'pos': [0.3825981920028062, 0.37518922255766707, 0.1646257963690813], 'size': [0.049837904948193595, 0.0813235869879147, 0.05243307039854257]}, 'pillar_obstacle': {'pos': [0.39994824830915515, -0.3824307480766307, 0.23470116647765446], 'size': [0.033663755439403885, 0.20172185302840845, 0.0]}, 'small_block': {'pos': [0.6140097595303955, -0.3535133918987863, 0.1097032402875184], 'size': [0.04461973939918376, 0.0849493067344041, 0.09534921802665242]}}"
5.312000000000109,0.5639986138019426,0.0,0.4,0.5613853068947137,-1.695332250995039e-07,0.39999641702991634,"{'table_obstacle': {'pos': [0.3825981920028062, 0.37518922255766707, 0.1646257963690813], 'size': [0.049837904948193595, 0.0813235869879147, 0.05243307039854257]}, 'pillar_obstacle': {'pos': [0.39994824830915515, -0.3824307480766307, 0.23470116647765446], 'size': [0.033663755439403885, 0.20172185302840845, 0.0]}, 'small_block': {'pos': [0.6140097595303955, -0.3535133918987863, 0.1097032402875184], 'size': [0.04461973939918376, 0.0849493067344041, 0.09534921802665242]}}"
5.313000000000109,0.5639986138019426,0.0,0.4,0.5614225832567374,-1.7632795314938083e-07,0.3999964637900542,"{'table_obstacle': {'pos': [0.3825981920028062, 0.37518922255766707, 0.1646257963690813], 'size': [0.049837904948193595, 0.0813235869879147, 0.05243307039854257]}, 'pillar_obstacle': {'pos': [0.39994824830915515, -0.3824307480766307, 0.23470116647765446], 'size': [0.033663755439403885, 0.20172185302840845, 0.0]}, 'small_block': {'pos': [0.6140097595303955, -0.3535133918987863, 0.1097032402875184], 'size': [0.04461973939918376, 0.0849493067344041, 0.09534921802665242]}}"
5.314000000000109,0.5639986138019426,0.0,0.4,0.5614593283763721,-1.8289899030475345e-07,0.39999651018359056,"{'table_obstacle': {'pos': [0.3825981920028062, 0.37518922255766707, 0.1646257963690813], 'size': [0.049837904948193595, 0.0813235869879147, 0.05243307039854257]}, 'pillar_obstacle': {'pos': [0.39994824830915515, -0.3824307480766307, 0.23470116647765446], 'size': [0.033663755439403885, 0.20172185302840845, 0.0]}, 'small_block': {'pos': [0.6140097595303955, -0.3535133918987863, 0.1097032402875184], 'size': [0.04461973939918376, 0.0849493067344041, 0.09534921802665242]}}"
5.31500000000011,0.5639986138019426,0.0,0.4,0.561495549807932,-1.8925107801627656e-07,0.3999965562042583,"{'table_obstacle': {'pos': [0.3825981920028062, 0.37518922255766707, 0.1646257963690813], 'size': [0.049837904948193595, 0.0813235869879147, 0.05243307039854257]}, 'pillar_obstacle': {'pos': [0.39994824830915515, -0.3824307480766307, 0.23470116647765446], 'size': [0.033663755439403885, 0.20172185302840845, 0.0]}, 'small_block': {'pos': [0.6140097595303955, -0.3535133918987863, 0.1097032402875184], 'size': [0.04461973939918376, 0.0849493067344041, 0.09534921802665242]}}"
5.31600000000011,0.5639986138019426,0.0,0.4,0.561531254999473,-1.9538889957543533e-07,0.39999660184633307,"{'table_obstacle': {'pos': [0.3825981920028062, 0.37518922255766707, 0.1646257963690813], 'size': [0.049837904948193595, 0.0813235869879147, 0.05243307039854257]}, 'pillar_obstacle': {'pos': [0.39994824830915515, -0.3824307480766307, 0.23470116647765446], 'size': [0.033663755439403885, 0.20172185302840845, 0.0]}, 'small_block': {'pos': [0.6140097595303955, -0.3535133918987863, 0.1097032402875184], 'size': [0.04461973939918376, 0.0849493067344041, 0.09534921802665242]}}"
5.31700000000011,0.5639986138019426,0.0,0.4,0.5615664512941203,-2.013170742844867e-07,0.399996647104596,"{'table_obstacle': {'pos': [0.3825981920028062, 0.37518922255766707, 0.1646257963690813], 'size': [0.049837904948193595, 0.0813235869879147, 0.05243307039854257]}, 'pillar_obstacle': {'pos': [0.39994824830915515, -0.3824307480766307, 0.23470116647765446], 'size': [0.033663755439403885, 0.20172185302840845, 0.0]}, 'small_block': {'pos': [0.6140097595303955, -0.3535133918987863, 0.1097032402875184], 'size': [0.04461973939918376, 0.0849493067344041, 0.09534921802665242]}}"
5.318000000000111,0.5639986138019426,0.0,0.4,0.561601145931411,-2.0704015540257722e-07,0.39999669197430093,"{'table_obstacle': {'pos': [0.3825981920028062, 0.37518922255766707, 0.1646257963690813], 'size': [0.049837904948193595, 0.0813235869879147, 0.05243307039854257]}, 'pillar_obstacle': {'pos': [0.39994824830915515, -0.3824307480766307, 0.23470116647765446], 'size': [0.033663755439403885, 0.20172185302840845, 0.0]}, 'small_block': {'pos': [0.6140097595303955, -0.3535133918987863, 0.1097032402875184], 'size': [0.04461973939918376, 0.0849493067344041, 0.09534921802665242]}}"
5.319000000000111,0.5639986138019426,0.0,0.4,0.5616353460486446,-2.1256262682505947e-07,0.39999673645114464,"{'table_obstacle': {'pos': [0.3825981920028062, 0.37518922255766707, 0.1646257963690813], 'size': [0.049837904948193595, 0.0813235869879147, 0.05243307039854257]}, 'pillar_obstacle': {'pos': [0.39994824830915515, -0.3824307480766307, 0.23470116647765446], 'size': [0.033663755439403885, 0.20172185302840845, 0.0]}, 'small_block': {'pos': [0.6140097595303955, -0.3535133918987863, 0.1097032402875184], 'size': [0.04461973939918376, 0.0849493067344041, 0.09534921802665242]}}"
5.320000000000111,0.5639986138019426,0.0,0.4,0.5616690586822329,-2.1788890144141818e-07,0.39999678053123966,"{'table_obstacle': {'pos': [0.3825981920028062, 0.37518922255766707, 0.1646257963690813], 'size': [0.049837904948193595, 0.0813235869879147, 0.05243307039854257]}, 'pillar_obstacle': {'pos': [0.39994824830915515, -0.3824307480766307, 0.23470116647765446], 'size': [0.033663755439403885, 0.20172185302840845, 0.0]}, 'small_block': {'pos': [0.6140097595303955, -0.3535133918987863, 0.1097032402875184], 'size': [0.04461973939918376, 0.0849493067344041, 0.09534921802665242]}}"
5.321000000000112,0.5639986138019426,0.0,0.4,0.5617022907690511,-2.230233209867581e-07,0.3999968242110905,"{'table_obstacle': {'pos': [0.3825981920028062, 0.37518922255766707, 0.1646257963690813], 'size': [0.049837904948193595, 0.0813235869879147, 0.05243307039854257]}, 'pillar_obstacle': {'pos': [0.39994824830915515, -0.3824307480766307, 0.23470116647765446], 'size': [0.033663755439403885, 0.20172185302840845, 0.0]}, 'small_block': {'pos': [0.6140097595303955, -0.3535133918987863, 0.1097032402875184], 'size': [0.04461973939918376, 0.0849493067344041, 0.09534921802665242]}}"
5.322000000000112,0.5639986138019426,0.0,0.4,0.5617350491477836,-2.279701535446643e-07,0.39999686748757196,"{'table_obstacle': {'pos': [0.3825981920028062, 0.37518922255766707, 0.1646257963690813], 'size': [0.049837904948193595, 0.0813235869879147, 0.05243307039854257]}, 'pillar_obstacle': {'pos': [0.39994824830915515, -0.3824307480766307, 0.23470116647765446], 'size': [0.033663755439403885, 0.20172185302840845, 0.0]}, 'small_block': {'pos': [0.6140097595303955, -0.3535133918987863, 0.1097032402875184], 'size': [0.04461973939918376, 0.0849493067344041, 0.09534921802665242]}}"
5.323000000000112,0.5639986138019426,0.0,0.4,0.5617673405602581,-2.3273359433426303e-07,0.39999691035790913,"{'table_obstacle': {'pos': [0.3825981920028062, 0.37518922255766707, 0.1646257963690813], 'size': [0.049837904948193595, 0.0813235869879147, 0.05243307039854257]}, 'pillar_obstacle': {'pos': [0.39994824830915515, -0.3824307480766307, 0.23470116647765446], 'size': [0.033663755439403885, 0.20172185302840845, 0.0]}, 'small_block': {'pos': [0.6140097595303955, -0.3535133918987863, 0.1097032402875184], 'size': [0.04461973939918376, 0.0849493067344041, 0.09534921802665242]}}"
5.324000000000113,0.5639986138019426,0.0,0.4,0.5617991716527789,-2.3731776516355195e-07,0.39999695281965786,"{'table_obstacle': {'pos': [0.3825981920028062, 0.37518922255766707, 0.1646257963690813], 'size': [0.049837904948193595, 0.0813235869879147, 0.05243307039854257]}, 'pillar_obstacle': {'pos': [0.39994824830915515, -0.3824307480766307, 0.23470116647765446], 'size': [0.033663755439403885, 0.20172185302840845, 0.0]}, 'small_block': {'pos': [0.6140097595303955, -0.3535133918987863, 0.1097032402875184], 'size': [0.04461973939918376, 0.0849493067344041, 0.09534921802665242]}}"
5.325000000000113,0.5639986138019426,0.0,0.4,0.5618305489774383,-2.4172671447666723e-07,0.39999699487068974,"{'table_obstacle': {'pos': [0.3825981920028062, 0.37518922255766707, 0.1646257963690813], 'size': [0.049837904948193595, 0.0813235869879147, 0.05243307039854257]}, 'pillar_obstacle': {'pos': [0.39994824830915515, -0.3824307480766307, 0.23470116647765446], 'size': [0.033663755439403885, 0.20172185302840845, 0.0]}, 'small_block': {'pos': [0.6140097595303955, -0.3535133918987863, 0.1097032402875184], 'size': [0.04461973939918376, 0.0849493067344041, 0.09534921802665242]}}"
5.326000000000113,0.5639986138019426,0.0,0.4,0.5618614789934254,-2.459644180487373e-07,0.3999970365091746,"{'table_obstacle': {'pos': [0.3825981920028062, 0.37518922255766707, 0.1646257963690813], 'size': [0.049837904948193595, 0.0813235869879147, 0.05243307039854257]}, 'pillar_obstacle': {'pos': [0.39994824830915515, -0.3824307480766307, 0.23470116647765446], 'size': [0.033663755439403885, 0.20172185302840845, 0.0]}, 'small_block': {'pos': [0.6140097595303955, -0.3535133918987863, 0.1097032402875184], 'size': [0.04461973939918376, 0.0849493067344041, 0.09534921802665242]}}"
5.327000000000114,0.5639986138019426,0.0,0.4,0.5618919680683143,-2.500347790199001e-07,0.3999970777335669,"{'table_obstacle': {'pos': [0.3825981920028062, 0.37518922255766707, 0.1646257963690813], 'size': [0.049837904948193595, 0.0813235869879147, 0.05243307039854257]}, 'pillar_obstacle': {'pos': [0.39994824830915515, -0.3824307480766307, 0.23470116647765446], 'size': [0.033663755439403885, 0.20172185302840845, 0.0]}, 'small_block': {'pos': [0.6140097595303955, -0.3535133918987863, 0.1097032402875184], 'size': [0.04461973939918376, 0.0849493067344041, 0.09534921802665242]}}"
5.328000000000114,0.5639986138019426,0.0,0.4,0.5619220224793429,-2.5394162891560877e-07,0.39999711854259135,"{'table_obstacle': {'pos': [0.3825981920028062, 0.37518922255766707, 0.1646257963690813], 'size': [0.049837904948193595, 0.0813235869879147, 0.05243307039854257]}, 'pillar_obstacle': {'pos': [0.39994824830915515, -0.3824307480766307, 0.23470116647765446], 'size': [0.033663755439403885, 0.20172185302840845, 0.0]}, 'small_block': {'pos': [0.6140097595303955, -0.3535133918987863, 0.1097032402875184], 'size': [0.04461973939918376, 0.0849493067344041, 0.09534921802665242]}}"
5.329000000000114,0.5639986138019426,0.0,0.4,0.5619516484146734,-2.5768872781256026e-07,0.39999715893522975,"{'table_obstacle': {'pos': [0.3825981920028062, 0.37518922255766707, 0.1646257963690813], 'size': [0.049837904948193595, 0.0813235869879147, 0.05243307039854257]}, 'pillar_obstacle': {'pos': [0.39994824830915515, -0.3824307480766307, 0.23470116647765446], 'size': [0.033663755439403885, 0.20172185302840845, 0.0]}, 'small_block': {'pos': [0.6140097595303955, -0.3535133918987863, 0.1097032402875184], 'size': [0.04461973939918376, 0.0849493067344041, 0.09534921802665242]}}"
5.330000000000115,0.5639986138019426,0.0,0.4,0.5619808519746431,-2.612797657247378e-07,0.39999719891070973,"{'table_obstacle': {'pos': [0.3825981920028062, 0.37518922255766707, 0.1646257963690813], 'size': [0.049837904948193595, 0.0813235869879147, 0.05243307039854257]}, 'pillar_obstacle': {'pos': [0.39994824830915515, -0.3824307480766307, 0.23470116647765446], 'size': [0.033663755439403885, 0.20172185302840845, 0.0]}, 'small_block': {'pos': [0.6140097595303955, -0.3535133918987863, 0.1097032402875184], 'size': [0.04461973939918376, 0.0849493067344041, 0.09534921802665242]}}"
5.331000000000115,0.5679985672916052,0.0,0.4,0.5620096391729918,-2.6471836334005095e-07,0.3999972384684928,"{'table_obstacle': {'pos': [0.3825981920028062, 0.37518922255766707, 0.1646257963690813], 'size': [0.049837904948193595, 0.0813235869879147, 0.05243307039854257]}, 'pillar_obstacle': {'pos': [0.39994824830915515, -0.3824307480766307, 0.23470116647765446], 'size': [0.033663755439403885, 0.20172185302840845, 0.0]}, 'small_block': {'pos': [0.6140097595303955, -0.3535133918987863, 0.1097032402875184], 'size': [0.04461973939918376, 0.0849493067344041, 0.09534921802665242]}}"
5.332000000000115,0.5679985672916052,0.0,0.4,0.5620487592365075,-2.3414106764670498e-07,0.39999713527652014,"{'table_obstacle': {'pos': [0.3825981920028062, 0.37518922255766707, 0.1646257963690813], 'size': [0.049837904948193595, 0.0813235869879147, 0.05243307039854257]}, 'pillar_obstacle': {'pos': [0.39994824830915515, -0.3824307480766307, 0.23470116647765446], 'size': [0.033663755439403885, 0.20172185302840845, 0.0]}, 'small_block': {'pos': [0.6140097595303955, -0.3535133918987863, 0.1097032402875184], 'size': [0.04461973939918376, 0.0849493067344041, 0.09534921802665242]}}"
5.333000000000116,0.5679985672916052,0.0,0.4,0.562096039525579,-1.834136141949924e-07,0.3999969442563449,"{'table_obstacle': {'pos': [0.3825981920028062, 0.37518922255766707, 0.1646257963690813], 'size': [0.049837904948193595, 0.0813235869879147, 0.05243307039854257]}, 'pillar_obstacle': {'pos': [0.39994824830915515, -0.3824307480766307, 0.23470116647765446], 'size': [0.033663755439403885, 0.20172185302840845, 0.0]}, 'small_block': {'pos': [0.6140097595303955, -0.3535133918987863, 0.1097032402875184], 'size': [0.04461973939918376, 0.0849493067344041, 0.09534921802665242]}}"
5.334000000000116,0.5679985672916052,0.0,0.4,0.5621497198640947,-1.2232585969972166e-07,0.3999967044250993,"{'table_obstacle': {'pos': [0.3825981920028062, 0.37518922255766707, 0.1646257963690813], 'size': [0.049837904948193595, 0.0813235869879147, 0.05243307039854257]}, 'pillar_obstacle': {'pos': [0.39994824830915515, -0.3824307480766307, 0.23470116647765446], 'size': [0.033663755439403885, 0.20172185302840845, 0.0]}, 'small_block': {'pos': [0.6140097595303955, -0.3535133918987863, 0.1097032402875184], 'size': [0.04461973939918376, 0.0849493067344041, 0.09534921802665242]}}"
5.335000000000116,0.5679985672916052,0.0,0.4,0.5622083749647634,-5.764368301844001e-08,0.3999964430418513,"{'table_obstacle': {'pos': [0.3825981920028062, 0.37518922255766707, 0.1646257963690813], 'size': [0.049837904948193595, 0.0813235869879147, 0.05243307039854257]}, 'pillar_obstacle': {'pos': [0.39994824830915515, -0.3824307480766307, 0.23470116647765446], 'size': [0.033663755439403885, 0.20172185302840845, 0.0]}, 'small_block': {'pos': [0.6140097595303955, -0.3535133918987863, 0.1097032402875184], 'size': [0.04461973939918376, 0.0849493067344041, 0.09534921802665242]}}"
5.336000000000117,0.5679985672916052,0.0,0.4,0.5622708513727757,6.09274683210431e-09,0.39999617872018534,"{'table_obstacle': {'pos': [0.3825981920028062, 0.37518922255766707, 0.1646257963690813], 'size': [0.049837904948193595, 0.0813235869879147, 0.05243307039854257]}, 'pillar_obstacle': {'pos': [0.39994824830915515, -0.3824307480766307, 0.23470116647765446], 'size': [0.033663755439403885, 0.20172185302840845, 0.0]}, 'small_block': {'pos': [0.6140097595303955, -0.3535133918987863, 0.1097032402875184], 'size': [0.04461973939918376, 0.0849493067344041, 0.09534921802665242]}}"
5.337000000000117,0.5679985672916052,0.0,0.4,0.5623362162336886,6.596555433212848e-08,0.3999959237617736,"{'table_obstacle': {'pos': [0.3825981920028062, 0.37518922255766707, 0.1646257963690813], 'size': [0.049837904948193595, 0.0813235869879147, 0.05243307039854257]}, 'pillar_obstacle': {'pos': [0.39994824830915515, -0.3824307480766307, 0.23470116647765446], 'size': [0.033663755439403885, 0.20172185302840845, 0.0]}, 'small_block': {'pos': [0.6140097595303955, -0.3535133918987863, 0.1097032402875184], 'size': [0.04461973939918376, 0.0849493067344041, 0.09534921802665242]}}"
5.338000000000117,0.5679985672916052,0.0,0.4,0.5624037156832438,1.202251322410859e-07,0.399995685902113,"{'table_obstacle': {'pos': [0.3825981920028062, 0.37518922255766707, 0.1646257963690813], 'size': [0.049837904948193595, 0.0813235869879147, 0.05243307039854257]}, 'pillar_obstacle': {'pos': [0.39994824830915515, -0.3824307480766307, 0.23470116647765446], 'size': [0.033663755439403885, 0.20172185302840845, 0.0]}, 'small_block': {'pos': [0.6140097595303955, -0.3535133918987863, 0.1097032402875184], 'size': [0.04461973939918376, 0.0849493067344041, 0.09534921802665242]}}"
5.339000000000118,0.5679985672916052,0.0,0.4,0.5624727410617368,1.6795037329137663e-07,0.39999546961241167,"{'table_obstacle': {'pos': [0.3825981920028062, 0.37518922255766707, 0.1646257963690813], 'size': [0.049837904948193595, 0.0813235869879147, 0.05243307039854257]}, 'pillar_obstacle': {'pos': [0.39994824830915515, -0.3824307480766307, 0.23470116647765446], 'size': [0.033663755439403885, 0.20172185302840845, 0.0]}, 'small_block': {'pos': [0.6140097595303955, -0.3535133918987863, 0.1097032402875184], 'size': [0.04461973939918376, 0.0849493067344041, 0.09534921802665242]}}"
5.340000000000118,0.5679985672916052,0.0,0.4,0.5625428014878754,2.0879603809792563e-07,0.39999527706638927,"{'table_obstacle': {'pos': [0.3825981920028062, 0.37518922255766707, 0.1646257963690813], 'size': [0.049837904948193595, 0.0813235869879147, 0.05243307039854257]}, 'pillar_obstacle': {'pos': [0.39994824830915515, -0.3824307480766307, 0.23470116647765446], 'size': [0.033663755439403885, 0.20172185302840845, 0.0]}, 'small_block': {'pos': [0.6140097595303955, -0.3535133918987863, 0.1097032402875184], 'size': [0.04461973939918376, 0.0849493067344041, 0.09534921802665242]}}"
5.341000000000118,0.5679985672916052,0.0,0.4,0.5626135015991487,2.428063542076906e-07,0.3999951088543169,"{'table_obstacle': {'pos': [0.3825981920028062, 0.37518922255766707, 0.1646257963690813], 'size': [0.049837904948193595, 0.0813235869879147, 0.05243307039854257]}, 'pillar_obstacle': {'pos': [0.39994824830915515, -0.3824307480766307, 0.23470116647765446], 'size': [0.033663755439403885, 0.20172185302840845, 0.0]}, 'small_block': {'pos': [0.6140097595303955, -0.3535133918987863, 0.1097032402875184], 'size': [0.04461973939918376, 0.0849493067344041, 0.09534921802665242]}}"
5.342000000000119,0.5679985672916052,0.0,0.4,0.5626845234880865,2.7027876002423e-07,0.3999949645067189,"{'table_obstacle': {'pos': [0.3825981920028062, 0.37518922255766707, 0.1646257963690813], 'size': [0.049837904948193595, 0.0813235869879147, 0.05243307039854257]}, 'pillar_obstacle': {'pos': [0.39994824830915515, -0.3824307480766307, 0.23470116647765446], 'size': [0.033663755439403885, 0.20172185302840845, 0.0]}, 'small_block': {'pos': [0.6140097595303955, -0.3535133918987863, 0.1097032402875184], 'size': [0.04461973939918376, 0.0849493067344041, 0.09534921802665242]}}"
5.343000000000119,0.5679985672916052,0.0,0.4,0.5627556120451842,2.916654397915326e-07,0.39999484287509013,"{'table_obstacle': {'pos': [0.3825981920028062, 0.37518922255766707, 0.1646257963690813], 'size': [0.049837904948193595, 0.0813235869879147, 0.05243307039854257]}, 'pillar_obstacle': {'pos': [0.39994824830915515, -0.3824307480766307, 0.23470116647765446], 'size': [0.033663755439403885, 0.20172185302840845, 0.0]}, 'small_block': {'pos': [0.6140097595303955, -0.3535133918987863, 0.1097032402875184], 'size': [0.04461973939918376, 0.0849493067344041, 0.09534921802665242]}}"
5.344000000000119,0.5679985672916052,0.0,0.4,0.5628265630671327,3.0750319397641226e-07,0.3999947424055592,"{'table_obstacle': {'pos': [0.3825981920028062, 0.37518922255766707, 0.1646257963690813], 'size': [0.049837904948193595, 0.0813235869879147, 0.05243307039854257]}, 'pillar_obstacle': {'pos': [0.39994824830915515, -0.3824307480766307, 0.23470116647765446], 'size': [0.033663755439403885, 0.20172185302840845, 0.0]}, 'small_block': {'pos': [0.6140097595303955, -0.3535133918987863, 0.1097032402875184], 'size': [0.04461973939918376, 0.0849493067344041, 0.09534921802665242]}}"
5.34500000000012,0.5679985672916052,0.0,0.4,0.5628972136093408,3.1836441690528174e-07,0.3999946613327447,"{'table_obstacle': {'pos': [0.3825981920028062, 0.37518922255766707, 0.1646257963690813], 'size': [0.049837904948193595, 0.0813235869879147, 0.05243307039854257]}, 'pillar_obstacle': {'pos': [0.39994824830915515, -0.3824307480766307, 0.23470116647765446], 'size': [0.033663755439403885, 0.20172185302840845, 0.0]}, 'small_block': {'pos': [0.6140097595303955, -0.3535133918987863, 0.1097032402875184], 'size': [0.04461973939918376, 0.0849493067344041, 0.09534921802665242]}}"
5.34600000000012,0.5679985672916052,0.0,0.4,0.5629674341596648,3.2482368623429863e-07,0.39999459781444213,"{'table_obstacle': {'pos': [0.3825981920028062, 0.37518922255766707, 0.1646257963690813], 'size': [0.049837904948193595, 0.0813235869879147, 0.05243307039854257]}, 'pillar_obstacle': {'pos': [0.39994824830915515, -0.3824307480766307, 0.23470116647765446], 'size': [0.033663755439403885, 0.20172185302840845, 0.0]}, 'small_block': {'pos': [0.6140097595303955, -0.3535133918987863, 0.1097032402875184], 'size': [0.04461973939918376, 0.0849493067344041, 0.09534921802665242]}}"
5.34700000000012,0.5679985672916052,0.0,0.4,0.5630371222898518,3.274357932086638e-07,0.399994550022736,"{'table_obstacle': {'pos': [0.3825981920028062, 0.37518922255766707, 0.1646257963690813], 'size': [0.049837904948193595, 0.0813235869879147, 0.05243307039854257]}, 'pillar_obstacle': {'pos': [0.39994824830915515, -0.3824307480766307, 0.23470116647765446], 'size': [0.033663755439403885, 0.20172185302840845, 0.0]}, 'small_block': {'pos': [0.6140097595303955, -0.3535133918987863, 0.1097032402875184], 'size': [0.04461973939918376, 0.0849493067344041, 0.09534921802665242]}}"
5.348000000000121,0.5679985672916052,0.0,0.4,0.5631061975059054,3.2672206937596795e-07,0.3999945162033021,"{'table_obstacle': {'pos': [0.3825981920028062, 0.37518922255766707, 0.1646257963690813], 'size': [0.049837904948193595, 0.0813235869879147, 0.05243307039854257]}, 'pillar_obstacle': {'pos': [0.39994824830915515, -0.3824307480766307, 0.23470116647765446], 'size': [0.033663755439403885, 0.20172185302840845, 0.0]}, 'small_block': {'pos': [0.6140097595303955, -0.3535133918987863, 0.1097032402875184], 'size': [0.04461973939918376, 0.0849493067344041, 0.09534921802665242]}}"
5.349000000000121,0.5679985672916052,0.0,0.4,0.563174597071103,3.231626448287331e-07,0.3999944947117232,"{'table_obstacle': {'pos': [0.3825981920028062, 0.37518922255766707, 0.1646257963690813], 'size': [0.049837904948193595, 0.0813235869879147, 0.05243307039854257]}, 'pillar_obstacle': {'pos': [0.39994824830915515, -0.3824307480766307, 0.23470116647765446], 'size': [0.033663755439403885, 0.20172185302840845, 0.0]}, 'small_block': {'pos': [0.6140097595303955, -0.3535133918987863, 0.1097032402875184], 'size': [0.04461973939918376, 0.0849493067344041, 0.09534921802665242]}}"
5.350000000000121,0.5679985672916052,0.0,0.4,0.5632422726180777,3.1719287532367744e-07,0.39999448403344134,"{'table_obstacle': {'pos': [0.3825981920028062, 0.37518922255766707, 0.1646257963690813], 'size': [0.049837904948193595, 0.0813235869879147, 0.05243307039854257]}, 'pillar_obstacle': {'pos': [0.39994824830915515, -0.3824307480766307, 0.23470116647765446], 'size': [0.033663755439403885, 0.20172185302840845, 0.0]}, 'small_block': {'pos': [0.6140097595303955, -0.3535133918987863, 0.1097032402875184], 'size': [0.04461973939918376, 0.0849493067344041, 0.09534921802665242]}}"
5.351000000000122,0.5679985672916052,0.0,0.4,0.5633091874009958,3.092026307318427e-07,0.399994482792244,"{'table_obstacle': {'pos': [0.3825981920028062, 0.37518922255766707, 0.1646257963690813], 'size': [0.049837904948193595, 0.0813235869879147, 0.05243307039854257]}, 'pillar_obstacle': {'pos': [0.39994824830915515, -0.3824307480766307, 0.23470116647765446], 'size': [0.033663755439403885, 0.20172185302840845, 0.0]}, 'small_block': {'pos': [0.6140097595303955, -0.3535133918987863, 0.1097032402875184], 'size': [0.04461973939918376, 0.0849493067344041, 0.09534921802665242]}}"
5.352000000000122,0.5679985672916052,0.0,0.4,0.5633753140669765,2.995374860398514e-07,0.3999944897509334,"{'table_obstacle': {'pos': [0.3825981920028062, 0.37518922255766707, 0.1646257963690813], 'size': [0.049837904948193595, 0.0813235869879147, 0.05243307039854257]}, 'pillar_obstacle': {'pos': [0.39994824830915515, -0.3824307480766307, 0.23470116647765446], 'size': [0.033663755439403885, 0.20172185302840845, 0.0]}, 'small_block': {'pos': [0.6140097595303955, -0.3535133918987863, 0.1097032402875184], 'size': [0.04461973939918376, 0.0849493067344041, 0.09534921802665242]}}"
5.353000000000122,0.5679985672916052,0.0,0.4,0.5634406328487168,2.885011131960164e-07,0.3999945038068318,"{'table_obstacle': {'pos': [0.3825981920028062, 0.37518922255766707, 0.1646257963690813], 'size': [0.049837904948193595, 0.0813235869879147, 0.05243307039854257]}, 'pillar_obstacle': {'pos': [0.39994824830915515, -0.3824307480766307, 0.23470116647765446], 'size': [0.033663755439403885, 0.20172185302840845, 0.0]}, 'small_block': {'pos': [0.6140097595303955, -0.3535133918987863, 0.1097032402875184], 'size': [0.04461973939918376, 0.0849493067344041, 0.09534921802665242]}}"
5.354000000000123,0.5679985672916052,0.0,0.4,0.5635051300987798,2.7635837594159597e-07,0.39999452398405616,"{'table_obstacle': {'pos': [0.3825981920028062, 0.37518922255766707, 0.1646257963690813], 'size': [0.049837904948193595, 0.0813235869879147, 0.05243307039854257]}, 'pillar_obstacle': {'pos': [0.39994824830915515, -0.3824307480766307, 0.23470116647765446], 'size': [0.033663755439403885, 0.20172185302840845, 0.0]}, 'small_block': {'pos': [0.6140097595303955, -0.3535133918987863, 0.1097032402875184], 'size': [0.04461973939918376, 0.0849493067344041, 0.09534921802665242]}}"
5.355000000000123,0.5679985672916052,0.0,0.4,0.5635687971010338,2.6333877085675446e-07,0.3999945494239504,"{'table_obstacle': {'pos': [0.3825981920028062, 0.37518922255766707, 0.1646257963690813], 'size': [0.049837904948193595, 0.0813235869879147, 0.05243307039854257]}, 'pillar_obstacle': {'pos': [0.39994824830915515, -0.3824307480766307, 0.23470116647765446], 'size': [0.033663755439403885, 0.20172185302840845, 0.0]}, 'small_block': {'pos': [0.6140097595303955, -0.3535133918987863, 0.1097032402875184], 'size': [0.04461973939918376, 0.0849493067344041, 0.09534921802665242]}}"
5.356000000000123,0.5679985672916052,0.0,0.4,0.5636316291069091,2.4963997279986905e-07,0.3999945793746438,"{'table_obstacle': {'pos': [0.3825981920028062, 0.37518922255766707, 0.1646257963690813], 'size': [0.049837904948193595, 0.0813235869879147, 0.05243307039854257]}, 'pillar_obstacle': {'pos': [0.39994824830915515, -0.3824307480766307, 0.23470116647765446], 'size': [0.033663755439403885, 0.20172185302840845, 0.0]}, 'small_block': {'pos': [0.6140097595303955, -0.3535133918987863, 0.1097032402875184], 'size': [0.04461973939918376, 0.0849493067344041, 0.09534921802665242]}}"
5.357000000000124,0.5679985672916052,0.0,0.4,0.5636936245540163,2.3543131652973705e-07,0.39999461318040935,"{'table_obstacle': {'pos': [0.3825981920028062, 0.37518922255766707, 0.1646257963690813], 'size': [0.049837904948193595, 0.0813235869879147, 0.05243307039854257]}, 'pillar_obstacle': {'pos': [0.39994824830915515, -0.3824307480766307, 0.23470116647765446], 'size': [0.033663755439403885, 0.20172185302840845, 0.0]}, 'small_block': {'pos': [0.6140097595303955, -0.3535133918987863, 0.1097032402875184], 'size': [0.04461973939918376, 0.0849493067344041, 0.09534921802665242]}}"
5.358000000000124,0.5679985672916052,0.0,0.4,0.5637547844326914,2.2085711459203238e-07,0.39999465027127235,"{'table_obstacle': {'pos': [0.3825981920028062, 0.37518922255766707, 0.1646257963690813], 'size': [0.049837904948193595, 0.0813235869879147, 0.05243307039854257]}, 'pillar_obstacle': {'pos': [0.39994824830915515, -0.3824307480766307, 0.23470116647765446], 'size': [0.033663755439403885, 0.20172185302840845, 0.0]}, 'small_block': {'pos': [0.6140097595303955, -0.3535133918987863, 0.1097032402875184], 'size': [0.04461973939918376, 0.0849493067344041, 0.09534921802665242]}}"
5.359000000000124,0.5679985672916052,0.0,0.4,0.5638151117725378,2.060397425179126e-07,0.3999946901531494,"{'table_obstacle': {'pos': [0.3825981920028062, 0.37518922255766707, 0.1646257963690813], 'size': [0.049837904948193595, 0.0813235869879147, 0.05243307039854257]}, 'pillar_obstacle': {'pos': [0.39994824830915515, -0.3824307480766307, 0.23470116647765446], 'size': [0.033663755439403885, 0.20172185302840845, 0.0]}, 'small_block': {'pos': [0.6140097595303955, -0.3535133918987863, 0.1097032402875184], 'size': [0.04461973939918376, 0.0849493067344041, 0.09534921802665242]}}"
5.360000000000125,0.5679985672916052,0.0,0.4,0.5638746112263023,1.91082464592461e-07,0.3999947323986916,"{'table_obstacle': {'pos': [0.3825981920028062, 0.37518922255766707, 0.1646257963690813], 'size': [0.049837904948193595, 0.0813235869879147, 0.05243307039854257]}, 'pillar_obstacle': {'pos': [0.39994824830915515, -0.3824307480766307, 0.23470116647765446], 'size': [0.033663755439403885, 0.20172185302840845, 0.0]}, 'small_block': {'pos': [0.6140097595303955, -0.3535133918987863, 0.1097032402875184], 'size': [0.04461973939918376, 0.0849493067344041, 0.09534921802665242]}}"
5.361000000000125,0.5679985672916052,0.0,0.4,0.5639332887327109,1.7607198177842338e-07,0.3999947766389143,"{'table_obstacle': {'pos': [0.3825981920028062, 0.37518922255766707, 0.1646257963690813], 'size': [0.049837904948193595, 0.0813235869879147, 0.05243307039854257]}, 'pillar_obstacle': {'pos': [0.39994824830915515, -0.3824307480766307, 0.23470116647765446], 'size': [0.033663755439403885, 0.20172185302840845, 0.0]}, 'small_block': {'pos': [0.6140097595303955, -0.3535133918987863, 0.1097032402875184], 'size': [0.04461973939918376, 0.0849493067344041, 0.09534921802665242]}}"
5.362000000000125,0.5679985672916052,0.0,0.4,0.5639911512433514,1.6108071096996227e-07,0.3999948225556436,"{'table_obstacle': {'pos': [0.3825981920028062, 0.37518922255766707, 0.1646257963690813], 'size': [0.049837904948193595, 0.0813235869879147, 0.05243307039854257]}, 'pillar_obstacle': {'pos': [0.39994824830915515, -0.3824307480766307, 0.23470116647765446], 'size': [0.033663755439403885, 0.20172185302840845, 0.0]}, 'small_block': {'pos': [0.6140097595303955, -0.3535133918987863, 0.1097032402875184], 'size': [0.04461973939918376, 0.0849493067344041, 0.09534921802665242]}}"
5.363000000000126,0.5679985672916052,0.0,0.4,0.564048206501509,1.4616879769206376e-07,0.3999948698747675,"{'table_obstacle': {'pos': [0.3825981920028062, 0.37518922255766707, 0.1646257963690813], 'size': [0.049837904948193595, 0.0813235869879147, 0.05243307039854257]}, 'pillar_obstacle': {'pos': [0.39994824830915515, -0.3824307480766307, 0.23470116647765446], 'size': [0.033663755439403885, 0.20172185302840845, 0.0]}, 'small_block': {'pos': [0.6140097595303955, -0.3535133918987863, 0.1097032402875184], 'size': [0.04461973939918376, 0.0849493067344041, 0.09534921802665242]}}"
5.364000000000126,0.5679985672916052,0.0,0.4,0.5641044628631464,1.313858901991385e-07,0.39999491836025747,"{'table_obstacle': {'pos': [0.3825981920028062, 0.37518922255766707, 0.1646257963690813], 'size': [0.049837904948193595, 0.0813235869879147, 0.05243307039854257]}, 'pillar_obstacle': {'pos': [0.39994824830915515, -0.3824307480766307, 0.23470116647765446], 'size': [0.033663755439403885, 0.20172185302840845, 0.0]}, 'small_block': {'pos': [0.6140097595303955, -0.3535133918987863, 0.1097032402875184], 'size': [0.04461973939918376, 0.0849493067344041, 0.09534921802665242]}}"
5.365000000000126,0.5679985672916052,0.0,0.4,0.5641599291520697,1.1677268432441635e-07,0.39999496780890675,"{'table_obstacle': {'pos': [0.3825981920028062, 0.37518922255766707, 0.1646257963690813], 'size': [0.049837904948193595, 0.0813235869879147, 0.05243307039854257]}, 'pillar_obstacle': {'pos': [0.39994824830915515, -0.3824307480766307, 0.23470116647765446], 'size': [0.033663755439403885, 0.20172185302840845, 0.0]}, 'small_block': {'pos': [0.6140097595303955, -0.3535133918987863, 0.1097032402875184], 'size': [0.04461973939918376, 0.0849493067344041, 0.09534921802665242]}}"
5.366000000000127,0.5679985672916052,0.0,0.4,0.5642146145428201,1.0236226715832052e-07,0.39999501804573123,"{'table_obstacle': {'pos': [0.3825981920028062, 0.37518922255766707, 0.1646257963690813], 'size': [0.049837904948193595, 0.0813235869879147, 0.05243307039854257]}, 'pillar_obstacle': {'pos': [0.39994824830915515, -0.3824307480766307, 0.23470116647765446], 'size': [0.033663755439403885, 0.20172185302840845, 0.0]}, 'small_block': {'pos': [0.6140097595303955, -0.3535133918987863, 0.1097032402875184], 'size': [0.04461973939918376, 0.0849493067344041, 0.09534921802665242]}}"
5.367000000000127,0.5679985672916052,0.0,0.4,0.5642685284660588,8.818127866602605e-08,0.3999950689199638,"{'table_obstacle': {'pos': [0.3825981920028062, 0.37518922255766707, 0.1646257963690813], 'size': [0.049837904948193595, 0.0813235869879147, 0.05243307039854257]}, 'pillar_obstacle': {'pos': [0.39994824830915515, -0.3824307480766307, 0.23470116647765446], 'size': [0.033663755439403885, 0.20172185302840845, 0.0]}, 'small_block': {'pos': [0.6140097595303955, -0.3535133918987863, 0.1097032402875184], 'size': [0.04461973939918376, 0.0849493067344041, 0.09534921802665242]}}"
5.368000000000127,0.5679985672916052,0.0,0.4,0.5643216805321958,7.425091091289902e-08,0.3999951203015876,"{'table_obstacle': {'pos': [0.3825981920028062, 0.37518922255766707, 0.1646257963690813], 'size': [0.049837904948193595, 0.0813235869879147, 0.05243307039854257]}, 'pillar_obstacle': {'pos': [0.39994824830915515, -0.3824307480766307, 0.23470116647765446], 'size': [0.033663755439403885, 0.20172185302840845, 0.0]}, 'small_block': {'pos': [0.6140097595303955, -0.3535133918987863, 0.1097032402875184], 'size': [0.04461973939918376, 0.0849493067344041, 0.09534921802665242]}}"
5.369000000000128,0.5679985672916052,0.0,0.4,0.5643740804698103,6.058776529498439e-08,0.3999951720783393,"{'table_obstacle': {'pos': [0.3825981920028062, 0.37518922255766707, 0.1646257963690813], 'size': [0.049837904948193595, 0.0813235869879147, 0.05243307039854257]}, 'pillar_obstacle': {'pos': [0.39994824830915515, -0.3824307480766307, 0.23470116647765446], 'size': [0.033663755439403885, 0.20172185302840845, 0.0]}, 'small_block': {'pos': [0.6140097595303955, -0.3535133918987863, 0.1097032402875184], 'size': [0.04461973939918376, 0.0849493067344041, 0.09534921802665242]}}"
5.370000000000128,0.5679985672916052,0.0,0.4,0.564425738076075,4.7204585565861434e-08,0.3999952241531327,"{'table_obstacle': {'pos': [0.3825981920028062, 0.37518922255766707, 0.1646257963690813], 'size': [0.049837904948193595, 0.0813235869879147, 0.05243307039854257]}, 'pillar_obstacle': {'pos': [0.39994824830915515, -0.3824307480766307, 0.23470116647765446], 'size': [0.033663755439403885, 0.20172185302840845, 0.0]}, 'small_block': {'pos': [0.6140097595303955, -0.3535133918987863, 0.1097032402875184], 'size': [0.04461973939918376, 0.0849493067344041, 0.09534921802665242]}}"
5.371000000000128,0.5679985672916052,0.0,0.4,0.5644766631769083,3.411088339256603e-08,0.39999527644185084,"{'table_obstacle': {'pos': [0.3825981920028062, 0.37518922255766707, 0.1646257963690813], 'size': [0.049837904948193595, 0.0813235869879147, 0.05243307039854257]}, 'pillar_obstacle': {'pos': [0.39994824830915515, -0.3824307480766307, 0.23470116647765446], 'size': [0.033663755439403885, 0.20172185302840845, 0.0]}, 'small_block': {'pos': [0.6140097595303955, -0.3535133918987863, 0.1097032402875184], 'size': [0.04461973939918376, 0.0849493067344041, 0.09534921802665242]}}"
5.372000000000129,0.5679985672916052,0.0,0.4,0.5645268655950159,2.1313468362352632e-08,0.3999953288714513,"{'table_obstacle': {'pos': [0.3825981920028062, 0.37518922255766707, 0.1646257963690813], 'size': [0.049837904948193595, 0.0813235869879147, 0.05243307039854257]}, 'pillar_obstacle': {'pos': [0.39994824830915515, -0.3824307480766307, 0.23470116647765446], 'size': [0.033663755439403885, 0.20172185302840845, 0.0]}, 'small_block': {'pos': [0.6140097595303955, -0.3535133918987863, 0.1097032402875184], 'size': [0.04461973939918376, 0.0849493067344041, 0.09534921802665242]}}"
5.373000000000129,0.5679985672916052,0.0,0.4,0.564576355124334,8.816899576569563e-09,0.3999953813783539,"{'table_obstacle': {'pos': [0.3825981920028062, 0.37518922255766707, 0.1646257963690813], 'size': [0.049837904948193595, 0.0813235869879147, 0.05243307039854257]}, 'pillar_obstacle': {'pos': [0.39994824830915515, -0.3824307480766307, 0.23470116647765446], 'size': [0.033663755439403885, 0.20172185302840845, 0.0]}, 'small_block': {'pos': [0.6140097595303955, -0.3535133918987863, 0.1097032402875184], 'size': [0.04461973939918376, 0.0849493067344041, 0.09534921802665242]}}"
5.374000000000129,0.5679985672916052,0.0,0.4,0.5646251415096524,-3.376133877297538e-09,0.39999543390706205,"{'table_obstacle': {'pos': [0.3825981920028062, 0.37518922255766707, 0.1646257963690813], 'size': [0.049837904948193595, 0.0813235869879147, 0.05243307039854257]}, 'pillar_obstacle': {'pos': [0.39994824830915515, -0.3824307480766307, 0.23470116647765446], 'size': [0.033663755439403885, 0.20172185302840845, 0.0]}, 'small_block': {'pos': [0.6140097595303955, -0.3535133918987863, 0.1097032402875184], 'size': [0.04461973939918376, 0.0849493067344041, 0.09534921802665242]}}"
5.37500000000013,0.5679985672916052,0.0,0.4,0.5646732344304433,-1.5264491306675013e-08,0.39999548640899324,"{'table_obstacle': {'pos': [0.3825981920028062, 0.37518922255766707, 0.1646257963690813], 'size': [0.049837904948193595, 0.0813235869879147, 0.05243307039854257]}, 'pillar_obstacle': {'pos': [0.39994824830915515, -0.3824307480766307, 0.23470116647765446], 'size': [0.033663755439403885, 0.20172185302840845, 0.0]}, 'small_block': {'pos': [0.6140097595303955, -0.3535133918987863, 0.1097032402875184], 'size': [0.04461973939918376, 0.0849493067344041, 0.09534921802665242]}}"
5.37600000000013,0.5679985672916052,0.0,0.4,0.5647206434880961,-2.684830843550927e-08,0.3999955388414827,"{'table_obstacle': {'pos': [0.3825981920028062, 0.37518922255766707, 0.1646257963690813], 'size': [0.049837904948193595, 0.0813235869879147, 0.05243307039854257]}, 'pillar_obstacle': {'pos': [0.39994824830915515, -0.3824307480766307, 0.23470116647765446], 'size': [0.033663755439403885, 0.20172185302840845, 0.0]}, 'small_block': {'pos': [0.6140097595303955, -0.3535133918987863, 0.1097032402875184], 'size': [0.04461973939918376, 0.0849493067344041, 0.09534921802665242]}}"
5.37700000000013,0.5679985672916052,0.0,0.4,0.5647673781959092,-3.812877000305519e-08,0.39999559116693917,"{'table_obstacle': {'pos': [0.3825981920028062, 0.37518922255766707, 0.1646257963690813], 'size': [0.049837904948193595, 0.0813235869879147, 0.05243307039854257]}, 'pillar_obstacle': {'pos': [0.39994824830915515, -0.3824307480766307, 0.23470116647765446], 'size': [0.033663755439403885, 0.20172185302840845, 0.0]}, 'small_block': {'pos': [0.6140097595303955, -0.3535133918987863, 0.1097032402875184], 'size': [0.04461973939918376, 0.0849493067344041, 0.09534921802665242]}}"
5.378000000000131,0.5679985672916052,0.0,0.4,0.5648134479713148,-4.91079177880028e-08,0.39999564335212956,"{'table_obstacle': {'pos': [0.3825981920028062, 0.37518922255766707, 0.1646257963690813], 'size': [0.049837904948193595, 0.0813235869879147, 0.05243307039854257]}, 'pillar_obstacle': {'pos': [0.39994824830915515, -0.3824307480766307, 0.23470116647765446], 'size': [0.033663755439403885, 0.20172185302840845, 0.0]}, 'small_block': {'pos': [0.6140097595303955, -0.3535133918987863, 0.1097032402875184], 'size': [0.04461973939918376, 0.0849493067344041, 0.09534921802665242]}}"
5.379000000000131,0.5679985672916052,0.0,0.4,0.5648588621299133,-5.978849034020362e-08,0.39999569536756996,"{'table_obstacle': {'pos': [0.3825981920028062, 0.37518922255766707, 0.1646257963690813], 'size': [0.049837904948193595, 0.0813235869879147, 0.05243307039854257]}, 'pillar_obstacle': {'pos': [0.39994824830915515, -0.3824307480766307, 0.23470116647765446], 'size': [0.033663755439403885, 0.20172185302840845, 0.0]}, 'small_block': {'pos': [0.6140097595303955, -0.3535133918987863, 0.1097032402875184], 'size': [0.04461973939918376, 0.0849493067344041, 0.09534921802665242]}}"
5.380000000000131,0.5679985672916052,0.0,0.4,0.5649036298809689,-7.017378870727578e-08,0.3999957471870141,"{'table_obstacle': {'pos': [0.3825981920028062, 0.37518922255766707, 0.1646257963690813], 'size': [0.049837904948193595, 0.0813235869879147, 0.05243307039854257]}, 'pillar_obstacle': {'pos': [0.39994824830915515, -0.3824307480766307, 0.23470116647765446], 'size': [0.033663755439403885, 0.20172185302840845, 0.0]}, 'small_block': {'pos': [0.6140097595303955, -0.3535133918987863, 0.1097032402875184], 'size': [0.04461973939918376, 0.0849493067344041, 0.09534921802665242]}}"
5.381000000000132,0.5679985672916052,0.0,0.4,0.5649477603240857,-8.026756361912143e-08,0.3999957987870159,"{'table_obstacle': {'pos': [0.3825981920028062, 0.37518922255766707, 0.1646257963690813], 'size': [0.049837904948193595, 0.0813235869879147, 0.05243307039854257]}, 'pillar_obstacle': {'pos': [0.39994824830915515, -0.3824307480766307, 0.23470116647765446], 'size': [0.033663755439403885, 0.20172185302840845, 0.0]}, 'small_block': {'pos': [0.6140097595303955, -0.3535133918987863, 0.1097032402875184], 'size': [0.04461973939918376, 0.0849493067344041, 0.09534921802665242]}}"
5.382000000000132,0.5679985672916052,0.0,0.4,0.564991262446842,-9.007392240687799e-08,0.3999958501465623,"{'table_obstacle': {'pos': [0.3825981920028062, 0.37518922255766707, 0.1646257963690813], 'size': [0.049837904948193595, 0.0813235869879147, 0.05243307039854257]}, 'pillar_obstacle': {'pos': [0.39994824830915515, -0.3824307480766307, 0.23470116647765446], 'size': [0.033663755439403885, 0.20172185302840845, 0.0]}, 'small_block': {'pos': [0.6140097595303955, -0.3535133918987863, 0.1097032402875184], 'size': [0.04461973939918376, 0.0849493067344041, 0.09534921802665242]}}"
5.383000000000132,0.5679985672916052,0.0,0.4,0.5650341451231904,-9.959725125078299e-08,0.3999959012467602,"{'table_obstacle': {'pos': [0.3825981920028062, 0.37518922255766707, 0.1646257963690813], 'size': [0.049837904948193595, 0.0813235869879147, 0.05243307039854257]}, 'pillar_obstacle': {'pos': [0.39994824830915515, -0.3824307480766307, 0.23470116647765446], 'size': [0.033663755439403885, 0.20172185302840845, 0.0]}, 'small_block': {'pos': [0.6140097595303955, -0.3535133918987863, 0.1097032402875184], 'size': [0.04461973939918376, 0.0849493067344041, 0.09534921802665242]}}"
5.384000000000133,0.5679985672916052,0.0,0.4,0.5650764171124825,-1.0884214980115948e-07,0.39999595207057187,"{'table_obstacle': {'pos': [0.3825981920028062, 0.37518922255766707, 0.1646257963690813], 'size': [0.049837904948193595, 0.0813235869879147, 0.05243307039854257]}, 'pillar_obstacle': {'pos': [0.39994824830915515, -0.3824307480766307, 0.23470116647765446], 'size': [0.033663755439403885, 0.20172185302840845, 0.0]}, 'small_block': {'pos': [0.6140097595303955, -0.3535133918987863, 0.1097032402875184], 'size': [0.04461973939918376, 0.0849493067344041, 0.09534921802665242]}}"
5.385000000000133,0.5679985672916052,0.0,0.4,0.5651180870589892,-1.1781337778394796e-07,0.3999960026025904,"{'table_obstacle': {'pos': [0.3825981920028062, 0.37518922255766707, 0.1646257963690813], 'size': [0.049837904948193595, 0.0813235869879147, 0.05243307039854257]}, 'pillar_obstacle': {'pos': [0.39994824830915515, -0.3824307480766307, 0.23470116647765446], 'size': [0.033663755439403885, 0.20172185302840845, 0.0]}, 'small_block': {'pos': [0.6140097595303955, -0.3535133918987863, 0.1097032402875184], 'size': [0.04461973939918376, 0.0849493067344041, 0.09534921802665242]}}"
5.386000000000133,0.5679985672916052,0.0,0.4,0.5651591634918245,-1.2651580984367445e-07,0.3999960528288493,"{'table_obstacle': {'pos': [0.3825981920028062, 0.37518922255766707, 0.1646257963690813], 'size': [0.049837904948193595, 0.0813235869879147, 0.05243307039854257]}, 'pillar_obstacle': {'pos': [0.39994824830915515, -0.3824307480766307, 0.23470116647765446], 'size': [0.033663755439403885, 0.20172185302840845, 0.0]}, 'small_block': {'pos': [0.6140097595303955, -0.3535133918987863, 0.1097032402875184], 'size': [0.04461973939918376, 0.0849493067344041, 0.09534921802665242]}}"
5.387000000000134,0.5679985672916052,0.0,0.4,0.5651996548251876,-1.3495440015529484e-07,0.39999610273665964,"{'table_obstacle': {'pos': [0.3825981920028062, 0.37518922255766707, 0.1646257963690813], 'size': [0.049837904948193595, 0.0813235869879147, 0.05243307039854257]}, 'pillar_obstacle': {'pos': [0.39994824830915515, -0.3824307480766307, 0.23470116647765446], 'size': [0.033663755439403885, 0.20172185302840845, 0.0]}, 'small_block': {'pos': [0.6140097595303955, -0.3535133918987863, 0.1097032402875184], 'size': [0.04461973939918376, 0.0849493067344041, 0.09534921802665242]}}"
5.388000000000134,0.5679985672916052,0.0,0.4,0.5652395693588647,-1.4313415077154763e-07,0.39999615231447183,"{'table_obstacle': {'pos': [0.3825981920028062, 0.37518922255766707, 0.1646257963690813], 'size': [0.049837904948193595, 0.0813235869879147, 0.05243307039854257]}, 'pillar_obstacle': {'pos': [0.39994824830915515, -0.3824307480766307, 0.23470116647765446], 'size': [0.033663755439403885, 0.20172185302840845, 0.0]}, 'small_block': {'pos': [0.6140097595303955, -0.3535133918987863, 0.1097032402875184], 'size': [0.04461973939918376, 0.0849493067344041, 0.09534921802665242]}}"
5.389000000000134,0.5679985672916052,0.0,0.4,0.5652789152789301,-1.5106008700073486e-07,0.39999620155175797,"{'table_obstacle': {'pos': [0.3825981920028062, 0.37518922255766707, 0.1646257963690813], 'size': [0.049837904948193595, 0.0813235869879147, 0.05243307039854257]}, 'pillar_obstacle': {'pos': [0.39994824830915515, -0.3824307480766307, 0.23470116647765446], 'size': [0.033663755439403885, 0.20172185302840845, 0.0]}, 'small_block': {'pos': [0.6140097595303955, -0.3535133918987863, 0.1097032402875184], 'size': [0.04461973939918376, 0.0849493067344041, 0.09534921802665242]}}"
5.390000000000135,0.5679985672916052,0.0,0.4,0.5653177006586135,-1.5873723713697355e-07,0.3999962504389103,"{'table_obstacle': {'pos': [0.3825981920028062, 0.37518922255766707, 0.1646257963690813], 'size': [0.049837904948193595, 0.0813235869879147, 0.05243307039854257]}, 'pillar_obstacle': {'pos': [0.39994824830915515, -0.3824307480766307, 0.23470116647765446], 'size': [0.033663755439403885, 0.20172185302840845, 0.0]}, 'small_block': {'pos': [0.6140097595303955, -0.3535133918987863, 0.1097032402875184], 'size': [0.04461973939918376, 0.0849493067344041, 0.09534921802665242]}}"
5.391000000000135,0.5679985672916052,0.0,0.4,0.565355933459289,-1.661706156280251e-07,0.39999629896715405,"{'table_obstacle': {'pos': [0.3825981920028062, 0.37518922255766707, 0.1646257963690813], 'size': [0.049837904948193595, 0.0813235869879147, 0.05243307039854257]}, 'pillar_obstacle': {'pos': [0.39994824830915515, -0.3824307480766307, 0.23470116647765446], 'size': [0.033663755439403885, 0.20172185302840845, 0.0]}, 'small_block': {'pos': [0.6140097595303955, -0.3535133918987863, 0.1097032402875184], 'size': [0.04461973939918376, 0.0849493067344041, 0.09534921802665242]}}"
5.392000000000135,0.5679985672916052,0.0,0.4,0.5653936215315668,-1.7336521001984861e-07,0.3999963471284732,"{'table_obstacle': {'pos': [0.3825981920028062, 0.37518922255766707, 0.1646257963690813], 'size': [0.049837904948193595, 0.0813235869879147, 0.05243307039854257]}, 'pillar_obstacle': {'pos': [0.39994824830915515, -0.3824307480766307, 0.23470116647765446], 'size': [0.033663755439403885, 0.20172185302840845, 0.0]}, 'small_block': {'pos': [0.6140097595303955, -0.3535133918987863, 0.1097032402875184], 'size': [0.04461973939918376, 0.0849493067344041, 0.09534921802665242]}}"
5.393000000000136,0.5679985672916052,0.0,0.4,0.5654307726164595,-1.8032596871190373e-07,0.399996394915545,"{'table_obstacle': {'pos': [0.3825981920028062, 0.37518922255766707, 0.1646257963690813], 'size': [0.049837904948193595, 0.0813235869879147, 0.05243307039854257]}, 'pillar_obstacle': {'pos': [0.39994824830915515, -0.3824307480766307, 0.23470116647765446], 'size': [0.033663755439403885, 0.20172185302840845, 0.0]}, 'small_block': {'pos': [0.6140097595303955, -0.3535133918987863, 0.1097032402875184], 'size': [0.04461973939918376, 0.0849493067344041, 0.09534921802665242]}}"
5.394000000000136,0.5679985672916052,0.0,0.4,0.565467394346606,-1.8705779359928327e-07,0.3999964423216834,"{'table_obstacle': {'pos': [0.3825981920028062, 0.37518922255766707, 0.1646257963690813], 'size': [0.049837904948193595, 0.0813235869879147, 0.05243307039854257]}, 'pillar_obstacle': {'pos': [0.39994824830915515, -0.3824307480766307, 0.23470116647765446], 'size': [0.033663755439403885, 0.20172185302840845, 0.0]}, 'small_block': {'pos': [0.6140097595303955, -0.3535133918987863, 0.1097032402875184], 'size': [0.04461973939918376, 0.0849493067344041, 0.09534921802665242]}}"
5.395000000000136,0.5679985672916052,0.0,0.4,0.5655034942475402,-1.935655313752905e-07,0.39999648934079113,"{'table_obstacle': {'pos': [0.3825981920028062, 0.37518922255766707, 0.1646257963690813], 'size': [0.049837904948193595, 0.0813235869879147, 0.05243307039854257]}, 'pillar_obstacle': {'pos': [0.39994824830915515, -0.3824307480766307, 0.23470116647765446], 'size': [0.033663755439403885, 0.20172185302840845, 0.0]}, 'small_block': {'pos': [0.6140097595303955, -0.3535133918987863, 0.1097032402875184], 'size': [0.04461973939918376, 0.0849493067344041, 0.09534921802665242]}}"
5.396000000000137,0.5679985672916052,0.0,0.4,0.5655390797389889,-1.998539693645398e-07,0.39999653596731455,"{'table_obstacle': {'pos': [0.3825981920028062, 0.37518922255766707, 0.1646257963690813], 'size': [0.049837904948193595, 0.0813235869879147, 0.05243307039854257]}, 'pillar_obstacle': {'pos': [0.39994824830915515, -0.3824307480766307, 0.23470116647765446], 'size': [0.033663755439403885, 0.20172185302840845, 0.0]}, 'small_block': {'pos': [0.6140097595303955, -0.3535133918987863, 0.1097032402875184], 'size': [0.04461973939918376, 0.0849493067344041, 0.09534921802665242]}}"
5.397000000000137,0.5679985672916052,0.0,0.4,0.5655741581361929,-2.0592783061199637e-07,0.3999965821962079,"{'table_obstacle': {'pos': [0.3825981920028062, 0.37518922255766707, 0.1646257963690813], 'size': [0.049837904948193595, 0.0813235869879147, 0.05243307039854257]}, 'pillar_obstacle': {'pos': [0.39994824830915515, -0.3824307480766307, 0.23470116647765446], 'size': [0.033663755439403885, 0.20172185302840845, 0.0]}, 'small_block': {'pos': [0.6140097595303955, -0.3535133918987863, 0.1097032402875184], 'size': [0.04461973939918376, 0.0849493067344041, 0.09534921802665242]}}"
5.398000000000137,0.5679985672916052,0.0,0.4,0.5656087366512416,-2.1179177004451532e-07,0.39999662802289665,"{'table_obstacle': {'pos': [0.3825981920028062, 0.37518922255766707, 0.1646257963690813], 'size': [0.049837904948193595, 0.0813235869879147, 0.05243307039854257]}, 'pillar_obstacle': {'pos': [0.39994824830915515, -0.3824307480766307, 0.23470116647765446], 'size': [0.033663755439403885, 0.20172185302840845, 0.0]}, 'small_block': {'pos': [0.6140097595303955, -0.3535133918987863, 0.1097032402875184], 'size': [0.04461973939918376, 0.0849493067344041, 0.09534921802665242]}}"
5.399000000000138,0.5679985672916052,0.0,0.4,0.5656428223944134,-2.1745037277104181e-07,0.39999667344325024,"{'table_obstacle': {'pos': [0.3825981920028062, 0.37518922255766707, 0.1646257963690813], 'size': [0.049837904948193595, 0.0813235869879147, 0.05243307039854257]}, 'pillar_obstacle': {'pos': [0.39994824830915515, -0.3824307480766307, 0.23470116647765446], 'size': [0.033663755439403885, 0.20172185302840845, 0.0]}, 'small_block': {'pos': [0.6140097595303955, -0.3535133918987863, 0.1097032402875184], 'size': [0.04461973939918376, 0.0849493067344041, 0.09534921802665242]}}"
5.400000000000138,0.5679985672916052,0.0,0.4,0.5656764223755217,-2.2290815143836374e-07,0.39999671845355356,"{'table_obstacle': {'pos': [0.3825981920028062, 0.37518922255766707, 0.1646257963690813], 'size': [0.049837904948193595, 0.0813235869879147, 0.05243307039854257]}, 'pillar_obstacle': {'pos': [0.39994824830915515, -0.3824307480766307, 0.23470116647765446], 'size': [0.033663755439403885, 0.20172185302840845, 0.0]}, 'small_block': {'pos': [0.6140097595303955, -0.3535133918987863, 0.1097032402875184], 'size': [0.04461973939918376, 0.0849493067344041, 0.09534921802665242]}}"
5.401000000000138,0.5679985672916052,0.0,0.4,0.565709543505257,-2.281695452669137e-07,0.3999967630504824,"{'table_obstacle': {'pos': [0.3825981920028062, 0.37518922255766707, 0.1646257963690813], 'size': [0.049837904948193595, 0.0813235869879147, 0.05243307039854257]}, 'pillar_obstacle': {'pos': [0.39994824830915515, -0.3824307480766307, 0.23470116647765446], 'size': [0.033663755439403885, 0.20172185302840845, 0.0]}, 'small_block': {'pos': [0.6140097595303955, -0.3535133918987863, 0.1097032402875184], 'size': [0.04461973939918376, 0.0849493067344041, 0.09534921802665242]}}"
5.402000000000139,0.5679985672916052,0.0,0.4,0.5657421925965248,-2.3323891932210602e-07,0.3999968072310812,"{'table_obstacle': {'pos': [0.3825981920028062, 0.37518922255766707, 0.1646257963690813], 'size': [0.049837904948193595, 0.0813235869879147, 0.05243307039854257]}, 'pillar_obstacle': {'pos': [0.39994824830915515, -0.3824307480766307, 0.23470116647765446], 'size': [0.033663755439403885, 0.20172185302840845, 0.0]}, 'small_block': {'pos': [0.6140097595303955, -0.3535133918987863, 0.1097032402875184], 'size': [0.04461973939918376, 0.0849493067344041, 0.09534921802665242]}}"
5.403000000000139,0.5679985672916052,0.0,0.4,0.5657743763657762,-2.3812056407033227e-07,0.3999968509927447,"{'table_obstacle': {'pos': [0.3825981920028062, 0.37518922255766707, 0.1646257963690813], 'size': [0.049837904948193595, 0.0813235869879147, 0.05243307039854257]}, 'pillar_obstacle': {'pos': [0.39994824830915515, -0.3824307480766307, 0.23470116647765446], 'size': [0.033663755439403885, 0.20172185302840845, 0.0]}, 'small_block': {'pos': [0.6140097595303955, -0.3535133918987863, 0.1097032402875184], 'size': [0.04461973939918376, 0.0849493067344041, 0.09534921802665242]}}"
5.404000000000139,0.5679985672916052,0.0,0.4,0.5658061014343303,-2.4281869483341914e-07,0.3999968943331961,"{'table_obstacle': {'pos': [0.3825981920028062, 0.37518922255766707, 0.1646257963690813], 'size': [0.049837904948193595, 0.0813235869879147, 0.05243307039854257]}, 'pillar_obstacle': {'pos': [0.39994824830915515, -0.3824307480766307, 0.23470116647765446], 'size': [0.033663755439403885, 0.20172185302840845, 0.0]}, 'small_block': {'pos': [0.6140097595303955, -0.3535133918987863, 0.1097032402875184], 'size': [0.04461973939918376, 0.0849493067344041, 0.09534921802665242]}}"
5.40500000000014,0.5679985672916052,0.0,0.4,0.565837374329683,-2.473374525304955e-07,0.39999693725047364,"{'table_obstacle': {'pos': [0.3825981920028062, 0.37518922255766707, 0.1646257963690813], 'size': [0.049837904948193595, 0.0813235869879147, 0.05243307039854257]}, 'pillar_obstacle': {'pos': [0.39994824830915515, -0.3824307480766307, 0.23470116647765446], 'size': [0.033663755439403885, 0.20172185302840845, 0.0]}, 'small_block': {'pos': [0.6140097595303955, -0.3535133918987863, 0.1097032402875184], 'size': [0.04461973939918376, 0.0849493067344041, 0.09534921802665242]}}"
5.40600000000014,0.5679985672916052,0.0,0.4,0.5658682014868066,-2.5168090322021425e-07,0.3999969797429114,"{'table_obstacle': {'pos': [0.3825981920028062, 0.37518922255766707, 0.1646257963690813], 'size': [0.049837904948193595, 0.0813235869879147, 0.05243307039854257]}, 'pillar_obstacle': {'pos': [0.39994824830915515, -0.3824307480766307, 0.23470116647765446], 'size': [0.033663755439403885, 0.20172185302840845, 0.0]}, 'small_block': {'pos': [0.6140097595303955, -0.3535133918987863, 0.1097032402875184], 'size': [0.04461973939918376, 0.0849493067344041, 0.09534921802665242]}}"
5.40700000000014,0.5679985672916052,0.0,0.4,0.565898589249434,-2.558530393918372e-07,0.3999970218091268,"{'table_obstacle': {'pos': [0.3825981920028062, 0.37518922255766707, 0.1646257963690813], 'size': [0.049837904948193595, 0.0813235869879147, 0.05243307039854257]}, 'pillar_obstacle': {'pos': [0.39994824830915515, -0.3824307480766307, 0.23470116647765446], 'size': [0.033663755439403885, 0.20172185302840845, 0.0]}, 'small_block': {'pos': [0.6140097595303955, -0.3535133918987863, 0.1097032402875184], 'size': [0.04461973939918376, 0.0849493067344041, 0.09534921802665242]}}"
5.408000000000141,0.5679985672916052,0.0,0.4,0.5659285438713297,-2.5985778016044143e-07,0.3999970634480057,"{'table_obstacle': {'pos': [0.3825981920028062, 0.37518922255766707, 0.1646257963690813], 'size': [0.049837904948193595, 0.0813235869879147, 0.05243307039854257]}, 'pillar_obstacle': {'pos': [0.39994824830915515, -0.3824307480766307, 0.23470116647765446], 'size': [0.033663755439403885, 0.20172185302840845, 0.0]}, 'small_block': {'pos': [0.6140097595303955, -0.3535133918987863, 0.1097032402875184], 'size': [0.04461973939918376, 0.0849493067344041, 0.09534921802665242]}}"
5.409000000000141,0.5679985672916052,0.0,0.4,0.5659580715175457,-2.6369897144702676e-07,0.3999971046586898,"{'table_obstacle': {'pos': [0.3825981920028062, 0.37518922255766707, 0.1646257963690813], 'size': [0.049837904948193595, 0.0813235869879147, 0.05243307039854257]}, 'pillar_obstacle': {'pos': [0.39994824830915515, -0.3824307480766307, 0.23470116647765446], 'size': [0.033663755439403885, 0.20172185302840845, 0.0]}, 'small_block': {'pos': [0.6140097595303955, -0.3535133918987863, 0.1097032402875184], 'size': [0.04461973939918376, 0.0849493067344041, 0.09534921802665242]}}"
5.410000000000141,0.5679985672916052,0.0,0.4,0.5659871782656646,-2.673803881073807e-07,0.39999714544056464,"{'table_obstacle': {'pos': [0.3825981920028062, 0.37518922255766707, 0.1646257963690813], 'size': [0.049837904948193595, 0.0813235869879147, 0.05243307039854257]}, 'pillar_obstacle': {'pos': [0.39994824830915515, -0.3824307480766307, 0.23470116647765446], 'size': [0.033663755439403885, 0.20172185302840845, 0.0]}, 'small_block': {'pos': [0.6140097595303955, -0.3535133918987863, 0.1097032402875184], 'size': [0.04461973939918376, 0.0849493067344041, 0.09534921802665242]}}"
5.411000000000142,0.5719985185125646,0.0,0.4,0.5660158701070247,-2.7090573403768377e-07,0.3999971857932467,"{'table_obstacle': {'pos': [0.3825981920028062, 0.37518922255766707, 0.1646257963690813], 'size': [0.049837904948193595, 0.0813235869879147, 0.05243307039854257]}, 'pillar_obstacle': {'pos': [0.39994824830915515, -0.3824307480766307, 0.23470116647765446], 'size': [0.033663755439403885, 0.20172185302840845, 0.0]}, 'small_block': {'pos': [0.6140097595303955, -0.3535133918987863, 0.1097032402875184], 'size': [0.04461973939918376, 0.0849493067344041, 0.09534921802665242]}}"
5.412000000000142,0.5719985185125646,0.0,0.4,0.5660548876724705,-2.3950305701348743e-07,0.39999707897716374,"{'table_obstacle': {'pos': [0.3825981920028062, 0.37518922255766707, 0.1646257963690813], 'size': [0.049837904948193595, 0.0813235869879147, 0.05243307039854257]}, 'pillar_obstacle': {'pos': [0.39994824830915515, -0.3824307480766307, 0.23470116647765446], 'size': [0.033663755439403885, 0.20172185302840845, 0.0]}, 'small_block': {'pos': [0.6140097595303955, -0.3535133918987863, 0.1097032402875184], 'size': [0.04461973939918376, 0.0849493067344041, 0.09534921802665242]}}"
5.413000000000142,0.5719985185125646,0.0,0.4,0.5661020612448067,-1.874020348822637e-07,0.3999968816346452,"{'table_obstacle': {'pos': [0.3825981920028062, 0.37518922255766707, 0.1646257963690813], 'size': [0.049837904948193595, 0.0813235869879147, 0.05243307039854257]}, 'pillar_obstacle': {'pos': [0.39994824830915515, -0.3824307480766307, 0.23470116647765446], 'size': [0.033663755439403885, 0.20172185302840845, 0.0]}, 'small_block': {'pos': [0.6140097595303955, -0.3535133918987863, 0.1097032402875184], 'size': [0.04461973939918376, 0.0849493067344041, 0.09534921802665242]}}"
5.414000000000143,0.5719985185125646,0.0,0.4,0.5661556327597626,-1.2465176967608884e-07,0.3999966340079934,"{'table_obstacle': {'pos': [0.3825981920028062, 0.37518922255766707, 0.1646257963690813], 'size': [0.049837904948193595, 0.0813235869879147, 0.05243307039854257]}, 'pillar_obstacle': {'pos': [0.39994824830915515, -0.3824307480766307, 0.23470116647765446], 'size': [0.033663755439403885, 0.20172185302840845, 0.0]}, 'small_block': {'pos': [0.6140097595303955, -0.3535133918987863, 0.1097032402875184], 'size': [0.04461973939918376, 0.0849493067344041, 0.09534921802665242]}}"
5.415000000000143,0.5719985185125646,0.0,0.4,0.5662141784393743,-5.819913801765775e-08,0.39999636421251894,"{'table_obstacle': {'pos': [0.3825981920028062, 0.37518922255766707, 0.1646257963690813], 'size': [0.049837904948193595, 0.0813235869879147, 0.05243307039854257]}, 'pillar_obstacle': {'pos': [0.39994824830915515, -0.3824307480766307, 0.23470116647765446], 'size': [0.033663755439403885, 0.20172185302840845, 0.0]}, 'small_block': {'pos': [0.6140097595303955, -0.3535133918987863, 0.1097032402875184], 'size': [0.04461973939918376, 0.0849493067344041, 0.09534921802665242]}}"
5.416000000000143,0.5719985185125646,0.0,0.4,0.5662765458914325,7.29273972757255e-09,0.3999960914453535,"{'table_obstacle': {'pos': [0.3825981920028062, 0.37518922255766707, 0.1646257963690813], 'size': [0.049837904948193595, 0.0813235869879147, 0.05243307039854257]}, 'pillar_obstacle': {'pos': [0.39994824830915515, -0.3824307480766307, 0.23470116647765446], 'size': [0.033663755439403885, 0.20172185302840845, 0.0]}, 'small_block': {'pos': [0.6140097595303955, -0.3535133918987863, 0.1097032402875184], 'size': [0.04461973939918376, 0.0849493067344041, 0.09534921802665242]}}"
5.417000000000144,0.5719985185125646,0.0,0.4,0.5663418029941277,6.882570866313607e-08,0.3999958283918754,"{'table_obstacle': {'pos': [0.3825981920028062, 0.37518922255766707, 0.1646257963690813], 'size': [0.049837904948193595, 0.0813235869879147, 0.05243307039854257]}, 'pillar_obstacle': {'pos': [0.39994824830915515, -0.3824307480766307, 0.23470116647765446], 'size': [0.033663755439403885, 0.20172185302840845, 0.0]}, 'small_block': {'pos': [0.6140097595303955, -0.3535133918987863, 0.1097032402875184], 'size': [0.04461973939918376, 0.0849493067344041, 0.09534921802665242]}}"
5.418000000000144,0.5719985185125646,0.0,0.4,0.5664091963733837,1.2460090055976773e-07,0.39999558302638355,"{'table_obstacle': {'pos': [0.3825981920028062, 0.37518922255766707, 0.1646257963690813], 'size': [0.049837904948193595, 0.0813235869879147, 0.05243307039854257]}, 'pillar_obstacle': {'pos': [0.39994824830915515, -0.3824307480766307, 0.23470116647765446], 'size': [0.033663755439403885, 0.20172185302840845, 0.0]}, 'small_block': {'pos': [0.6140097595303955, -0.3535133918987863, 0.1097032402875184], 'size': [0.04461973939918376, 0.0849493067344041, 0.09534921802665242]}}"
5.419000000000144,0.5719985185125646,0.0,0.4,0.5664781176827766,1.73670179199528e-07,0.3999953599552113,"{'table_obstacle': {'pos': [0.3825981920028062, 0.37518922255766707, 0.1646257963690813], 'size': [0.049837904948193595, 0.0813235869879147, 0.05243307039854257]}, 'pillar_obstacle': {'pos': [0.39994824830915515, -0.3824307480766307, 0.23470116647765446], 'size': [0.033663755439403885, 0.20172185302840845, 0.0]}, 'small_block': {'pos': [0.6140097595303955, -0.3535133918987863, 0.1097032402875184], 'size': [0.04461973939918376, 0.0849493067344041, 0.09534921802665242]}}"
5.420000000000145,0.5719985185125646,0.0,0.4,0.5665480762264019,2.1567691900997623e-07,0.3999951614142895,"{'table_obstacle': {'pos': [0.3825981920028062, 0.37518922255766707, 0.1646257963690813], 'size': [0.049837904948193595, 0.0813235869879147, 0.05243307039854257]}, 'pillar_obstacle': {'pos': [0.39994824830915515, -0.3824307480766307, 0.23470116647765446], 'size': [0.033663755439403885, 0.20172185302840845, 0.0]}, 'small_block': {'pos': [0.6140097595303955, -0.3535133918987863, 0.1097032402875184], 'size': [0.04461973939918376, 0.0849493067344041, 0.09534921802665242]}}"
5.421000000000145,0.5719985185125646,0.0,0.4,0.5666186767357991,2.506647027716475e-07,0.399994988005992,"{'table_obstacle': {'pos': [0.3825981920028062, 0.37518922255766707, 0.1646257963690813], 'size': [0.049837904948193595, 0.0813235869879147, 0.05243307039854257]}, 'pillar_obstacle': {'pos': [0.39994824830915515, -0.3824307480766307, 0.23470116647765446], 'size': [0.033663755439403885, 0.20172185302840845, 0.0]}, 'small_block': {'pos': [0.6140097595303955, -0.3535133918987863, 0.1097032402875184], 'size': [0.04461973939918376, 0.0849493067344041, 0.09534921802665242]}}"
5.422000000000145,0.5719985185125646,0.0,0.4,0.5666896013333598,2.789374443013622e-07,0.3999948392396004,"{'table_obstacle': {'pos': [0.3825981920028062, 0.37518922255766707, 0.1646257963690813], 'size': [0.049837904948193595, 0.0813235869879147, 0.05243307039854257]}, 'pillar_obstacle': {'pos': [0.39994824830915515, -0.3824307480766307, 0.23470116647765446], 'size': [0.033663755439403885, 0.20172185302840845, 0.0]}, 'small_block': {'pos': [0.6140097595303955, -0.3535133918987863, 0.1097032402875184], 'size': [0.04461973939918376, 0.0849493067344041, 0.09534921802665242]}}"
5.423000000000146,0.5719985185125646,0.0,0.4,0.5667605948953248,3.009582822498419e-07,0.39999471392422203,"{'table_obstacle': {'pos': [0.3825981920028062, 0.37518922255766707, 0.1646257963690813], 'size': [0.049837904948193595, 0.0813235869879147, 0.05243307039854257]}, 'pillar_obstacle': {'pos': [0.39994824830915515, -0.3824307480766307, 0.23470116647765446], 'size': [0.033663755439403885, 0.20172185302840845, 0.0]}, 'small_block': {'pos': [0.6140097595303955, -0.3535133918987863, 0.1097032402875184], 'size': [0.04461973939918376, 0.0849493067344041, 0.09534921802665242]}}"
5.424000000000146,0.5719985185125646,0.0,0.4,0.5668314531747514,3.1727754505909334e-07,0.39999461045122203,"{'table_obstacle': {'pos': [0.3825981920028062, 0.37518922255766707, 0.1646257963690813], 'size': [0.049837904948193595, 0.0813235869879147, 0.05243307039854257]}, 'pillar_obstacle': {'pos': [0.39994824830915515, -0.3824307480766307, 0.23470116647765446], 'size': [0.033663755439403885, 0.20172185302840845, 0.0]}, 'small_block': {'pos': [0.6140097595303955, -0.3535133918987863, 0.1097032402875184], 'size': [0.04461973939918376, 0.0849493067344041, 0.09534921802665242]}}"
5.425000000000146,0.5719985185125646,0.0,0.4,0.5669020131647644,3.2848237784776386e-07,0.3999945269942848,"{'table_obstacle': {'pos': [0.3825981920028062, 0.37518922255766707, 0.1646257963690813], 'size': [0.049837904948193595, 0.0813235869879147, 0.05243307039854257]}, 'pillar_obstacle': {'pos': [0.39994824830915515, -0.3824307480766307, 0.23470116647765446], 'size': [0.033663755439403885, 0.20172185302840845, 0.0]}, 'small_block': {'pos': [0.6140097595303955, -0.3535133918987863, 0.1097032402875184], 'size': [0.04461973939918376, 0.0849493067344041, 0.09534921802665242]}}"
5.426000000000147,0.5719985185125646,0.0,0.4,0.5669721452800108,3.3516239610040353e-07,0.39999446164839375,"{'table_obstacle': {'pos': [0.3825981920028062, 0.37518922255766707, 0.1646257963690813], 'size': [0.049837904948193595, 0.0813235869879147, 0.05243307039854257]}, 'pillar_obstacle': {'pos': [0.39994824830915515, -0.3824307480766307, 0.23470116647765446], 'size': [0.033663755439403885, 0.20172185302840845, 0.0]}, 'small_block': {'pos': [0.6140097595303955, -0.3535133918987863, 0.1097032402875184], 'size': [0.04461973939918376, 0.0849493067344041, 0.09534921802665242]}}"
5.427000000000147,0.5719985185125646,0.0,0.4,0.5670417470135867,3.37887085998115e-07,0.3999944125238369,"{'table_obstacle': {'pos': [0.3825981920028062, 0.37518922255766707, 0.1646257963690813], 'size': [0.049837904948193595, 0.0813235869879147, 0.05243307039854257]}, 'pillar_obstacle': {'pos': [0.39994824830915515, -0.3824307480766307, 0.23470116647765446], 'size': [0.033663755439403885, 0.20172185302840845, 0.0]}, 'small_block': {'pos': [0.6140097595303955, -0.3535133918987863, 0.1097032402875184], 'size': [0.04461973939918376, 0.0849493067344041, 0.09534921802665242]}}"
5.428000000000147,0.5719985185125646,0.0,0.4,0.5671107377912199,3.371917263751617e-07,0.39999437780736785,"{'table_obstacle': {'pos': [0.3825981920028062, 0.37518922255766707, 0.1646257963690813], 'size': [0.049837904948193595, 0.0813235869879147, 0.05243307039854257]}, 'pillar_obstacle': {'pos': [0.39994824830915515, -0.3824307480766307, 0.23470116647765446], 'size': [0.033663755439403885, 0.20172185302840845, 0.0]}, 'small_block': {'pos': [0.6140097595303955, -0.3535133918987863, 0.1097032402875184], 'size': [0.04461973939918376, 0.0849493067344041, 0.09534921802665242]}}"
5.429000000000148,0.5719985185125646,0.0,0.4,0.5671790547968755,3.335694058178561e-07,0.39999435579964787,"{'table_obstacle': {'pos': [0.3825981920028062, 0.37518922255766707, 0.1646257963690813], 'size': [0.049837904948193595, 0.0813235869879147, 0.05243307039854257]}, 'pillar_obstacle': {'pos': [0.39994824830915515, -0.3824307480766307, 0.23470116647765446], 'size': [0.033663755439403885, 0.20172185302840845, 0.0]}, 'small_block': {'pos': [0.6140097595303955, -0.3535133918987863, 0.1097032402875184], 'size': [0.04461973939918376, 0.0849493067344041, 0.09534921802665242]}}"
5.430000000000148,0.5719985185125646,0.0,0.4,0.5672466495865248,3.2746732391507646e-07,0.3999943449357864,"{'table_obstacle': {'pos': [0.3825981920028062, 0.37518922255766707, 0.1646257963690813], 'size': [0.049837904948193595, 0.0813235869879147, 0.05243307039854257]}, 'pillar_obstacle': {'pos': [0.39994824830915515, -0.3824307480766307, 0.23470116647765446], 'size': [0.033663755439403885, 0.20172185302840845, 0.0]}, 'small_block': {'pos': [0.6140097595303955, -0.3535133918987863, 0.1097032402875184], 'size': [0.04461973939918376, 0.0849493067344041, 0.09534921802665242]}}"
5.431000000000148,0.5719985185125646,0.0,0.4,0.5673134853413604,3.1928603628730634e-07,0.39999434379406,"{'table_obstacle': {'pos': [0.3825981920028062, 0.37518922255766707, 0.1646257963690813], 'size': [0.049837904948193595, 0.0813235869879147, 0.05243307039854257]}, 'pillar_obstacle': {'pos': [0.39994824830915515, -0.3824307480766307, 0.23470116647765446], 'size': [0.033663755439403885, 0.20172185302840845, 0.0]}, 'small_block': {'pos': [0.6140097595303955, -0.3535133918987863, 0.1097032402875184], 'size': [0.04461973939918376, 0.0849493067344041, 0.09534921802665242]}}"
5.432000000000149,0.5719985185125646,0.0,0.4,0.5673795346397835,3.09380656077183e-07,0.3999943510965537,"{'table_obstacle': {'pos': [0.3825981920028062, 0.37518922255766707, 0.1646257963690813], 'size': [0.049837904948193595, 0.0813235869879147, 0.05243307039854257]}, 'pillar_obstacle': {'pos': [0.39994824830915515, -0.3824307480766307, 0.23470116647765446], 'size': [0.033663755439403885, 0.20172185302840845, 0.0]}, 'small_block': {'pos': [0.6140097595303955, -0.3535133918987863, 0.1097032402875184], 'size': [0.04461973939918376, 0.0849493067344041, 0.09534921802665242]}}"
5.433000000000149,0.5719985185125646,0.0,0.4,0.5674447776502692,2.9806329401055916e-07,0.3999943657044825,"{'table_obstacle': {'pos': [0.3825981920028062, 0.37518922255766707, 0.1646257963690813], 'size': [0.049837904948193595, 0.0813235869879147, 0.05243307039854257]}, 'pillar_obstacle': {'pos': [0.39994824830915515, -0.3824307480766307, 0.23470116647765446], 'size': [0.033663755439403885, 0.20172185302840845, 0.0]}, 'small_block': {'pos': [0.6140097595303955, -0.3535133918987863, 0.1097032402875184], 'size': [0.04461973939918376, 0.0849493067344041, 0.09534921802665242]}}"
5.434000000000149,0.5719985185125646,0.0,0.4,0.5675092006656717,2.856062229898814e-07,0.39999438661017883,"{'table_obstacle': {'pos': [0.3825981920028062, 0.37518922255766707, 0.1646257963690813], 'size': [0.049837904948193595, 0.0813235869879147, 0.05243307039854257]}, 'pillar_obstacle': {'pos': [0.39994824830915515, -0.3824307480766307, 0.23470116647765446], 'size': [0.033663755439403885, 0.20172185302840845, 0.0]}, 'small_block': {'pos': [0.6140097595303955, -0.3535133918987863, 0.1097032402875184], 'size': [0.04461973939918376, 0.0849493067344041, 0.09534921802665242]}}"
5.43500000000015,0.5719985185125646,0.0,0.4,0.5675727949145304,2.7224540191597377e-07,0.39999441292718035,"{'table_obstacle': {'pos': [0.3825981920028062, 0.37518922255766707, 0.1646257963690813], 'size': [0.049837904948193595, 0.0813235869879147, 0.05243307039854257]}, 'pillar_obstacle': {'pos': [0.39994824830915515, -0.3824307480766307, 0.23470116647765446], 'size': [0.033663755439403885, 0.20172185302840845, 0.0]}, 'small_block': {'pos': [0.6140097595303955, -0.3535133918987863, 0.1097032402875184], 'size': [0.04461973939918376, 0.0849493067344041, 0.09534921802665242]}}"
5.43600000000015,0.5719985185125646,0.0,0.4,0.5676355555970973,2.5818410741656347e-07,0.3999944438794221,"{'table_obstacle': {'pos': [0.3825981920028062, 0.37518922255766707, 0.1646257963690813], 'size': [0.049837904948193595, 0.0813235869879147, 0.05243307039854257]}, 'pillar_obstacle': {'pos': [0.39994824830915515, -0.3824307480766307, 0.23470116647765446], 'size': [0.033663755439403885, 0.20172185302840845, 0.0]}, 'small_block': {'pos': [0.6140097595303955, -0.3535133918987863, 0.1097032402875184], 'size': [0.04461973939918376, 0.0849493067344041, 0.09534921802665242]}}"
5.43700000000015,0.5719985185125646,0.0,0.4,0.5676974811036739,2.4359650568182045e-07,0.3999944787902239,"{'table_obstacle': {'pos': [0.3825981920028062, 0.37518922255766707, 0.1646257963690813], 'size': [0.049837904948193595, 0.0813235869879147, 0.05243307039854257]}, 'pillar_obstacle': {'pos': [0.39994824830915515, -0.3824307480766307, 0.23470116647765446], 'size': [0.033663755439403885, 0.20172185302840845, 0.0]}, 'small_block': {'pos': [0.6140097595303955, -0.3535133918987863, 0.1097032402875184], 'size': [0.04461973939918376, 0.0849493067344041, 0.09534921802665242]}}"
5.438000000000151,0.5719985185125646,0.0,0.4,0.5677585723808458,2.2863105327920126e-07,0.3999945170715397,"{'table_obstacle': {'pos': [0.3825981920028062, 0.37518922255766707, 0.1646257963690813], 'size': [0.049837904948193595, 0.0813235869879147, 0.05243307039854257]}, 'pillar_obstacle': {'pos': [0.39994824830915515, -0.3824307480766307, 0.23470116647765446], 'size': [0.033663755439403885, 0.20172185302840845, 0.0]}, 'small_block': {'pos': [0.6140097595303955, -0.3535133918987863, 0.1097032402875184], 'size': [0.04461973939918376, 0.0849493067344041, 0.09534921802665242]}}"
5.439000000000151,0.5719985185125646,0.0,0.4,0.567818832417709,2.134136641668058e-07,0.39999455821375746,"{'table_obstacle': {'pos': [0.3825981920028062, 0.37518922255766707, 0.1646257963690813], 'size': [0.049837904948193595, 0.0813235869879147, 0.05243307039854257]}, 'pillar_obstacle': {'pos': [0.39994824830915515, -0.3824307480766307, 0.23470116647765446], 'size': [0.033663755439403885, 0.20172185302840845, 0.0]}, 'small_block': {'pos': [0.6140097595303955, -0.3535133918987863, 0.1097032402875184], 'size': [0.04461973939918376, 0.0849493067344041, 0.09534921802665242]}}"
5.440000000000151,0.5719985185125646,0.0,0.4,0.5678782658294355,1.9805061015179653e-07,0.3999946017762286,"{'table_obstacle': {'pos': [0.3825981920028062, 0.37518922255766707, 0.1646257963690813], 'size': [0.049837904948193595, 0.0813235869879147, 0.05243307039854257]}, 'pillar_obstacle': {'pos': [0.39994824830915515, -0.3824307480766307, 0.23470116647765446], 'size': [0.033663755439403885, 0.20172185302840845, 0.0]}, 'small_block': {'pos': [0.6140097595303955, -0.3535133918987863, 0.1097032402875184], 'size': [0.04461973939918376, 0.0849493067344041, 0.09534921802665242]}}"
5.441000000000152,0.5719985185125646,0.0,0.4,0.5679368785198133,1.826311367292599e-07,0.39999464737861223,"{'table_obstacle': {'pos': [0.3825981920028062, 0.37518922255766707, 0.1646257963690813], 'size': [0.049837904948193595, 0.0813235869879147, 0.05243307039854257]}, 'pillar_obstacle': {'pos': [0.39994824830915515, -0.3824307480766307, 0.23470116647765446], 'size': [0.033663755439403885, 0.20172185302840845, 0.0]}, 'small_block': {'pos': [0.6140097595303955, -0.3535133918987863, 0.1097032402875184], 'size': [0.04461973939918376, 0.0849493067344041, 0.09534921802665242]}}"
5.442000000000152,0.5719985185125646,0.0,0.4,0.5679946774078525,1.6722980106185417e-07,0.39999469469306514,"{'table_obstacle': {'pos': [0.3825981920028062, 0.37518922255766707, 0.1646257963690813], 'size': [0.049837904948193595, 0.0813235869879147, 0.05243307039854257]}, 'pillar_obstacle': {'pos': [0.39994824830915515, -0.3824307480766307, 0.23470116647765446], 'size': [0.033663755439403885, 0.20172185302840845, 0.0]}, 'small_block': {'pos': [0.6140097595303955, -0.3535133918987863, 0.1097032402875184], 'size': [0.04461973939918376, 0.0849493067344041, 0.09534921802665242]}}"
5.443000000000152,0.5719985185125646,0.0,0.4,0.5680516702063669,1.519085446744647e-07,0.39999474343726144,"{'table_obstacle': {'pos': [0.3825981920028062, 0.37518922255766707, 0.1646257963690813], 'size': [0.049837904948193595, 0.0813235869879147, 0.05243307039854257]}, 'pillar_obstacle': {'pos': [0.39994824830915515, -0.3824307480766307, 0.23470116647765446], 'size': [0.033663755439403885, 0.20172185302840845, 0.0]}, 'small_block': {'pos': [0.6140097595303955, -0.3535133918987863, 0.1097032402875184], 'size': [0.04461973939918376, 0.0849493067344041, 0.09534921802665242]}}"
5.444000000000153,0.5719985185125646,0.0,0.4,0.5681078652427254,1.3671850999383116e-07,0.3999947933682136,"{'table_obstacle': {'pos': [0.3825981920028062, 0.37518922255766707, 0.1646257963690813], 'size': [0.049837904948193595, 0.0813235869879147, 0.05243307039854257]}, 'pillar_obstacle': {'pos': [0.39994824830915515, -0.3824307480766307, 0.23470116647765446], 'size': [0.033663755439403885, 0.20172185302840845, 0.0]}, 'small_block': {'pos': [0.6140097595303955, -0.3535133918987863, 0.1097032402875184], 'size': [0.04461973939918376, 0.0849493067344041, 0.09534921802665242]}}"
5.445000000000153,0.5719985185125646,0.0,0.4,0.5681632713138085,1.2170163152871193e-07,0.39999484427683285,"{'table_obstacle': {'pos': [0.3825981920028062, 0.37518922255766707, 0.1646257963690813], 'size': [0.049837904948193595, 0.0813235869879147, 0.05243307039854257]}, 'pillar_obstacle': {'pos': [0.39994824830915515, -0.3824307480766307, 0.23470116647765446], 'size': [0.033663755439403885, 0.20172185302840845, 0.0]}, 'small_block': {'pos': [0.6140097595303955, -0.3535133918987863, 0.1097032402875184], 'size': [0.04461973939918376, 0.0849493067344041, 0.09534921802665242]}}"
5.446000000000153,0.5719985185125646,0.0,0.4,0.5682178975687164,1.068920160827762e-07,0.399994895983173,"{'table_obstacle': {'pos': [0.3825981920028062, 0.37518922255766707, 0.1646257963690813], 'size': [0.049837904948193595, 0.0813235869879147, 0.05243307039854257]}, 'pillar_obstacle': {'pos': [0.39994824830915515, -0.3824307480766307, 0.23470116647765446], 'size': [0.033663755439403885, 0.20172185302840845, 0.0]}, 'small_block': {'pos': [0.6140097595303955, -0.3535133918987863, 0.1097032402875184], 'size': [0.04461973939918376, 0.0849493067344041, 0.09534921802665242]}}"
5.447000000000154,0.5719985185125646,0.0,0.4,0.5682717534139909,9.231713525293439e-08,0.39999494833229177,"{'table_obstacle': {'pos': [0.3825981920028062, 0.37518922255766707, 0.1646257963690813], 'size': [0.049837904948193595, 0.0813235869879147, 0.05243307039854257]}, 'pillar_obstacle': {'pos': [0.39994824830915515, -0.3824307480766307, 0.23470116647765446], 'size': [0.033663755439403885, 0.20172185302840845, 0.0]}, 'small_block': {'pos': [0.6140097595303955, -0.3535133918987863, 0.1097032402875184], 'size': [0.04461973939918376, 0.0849493067344041, 0.09534921802665242]}}"
5.448000000000154,0.5719985185125646,0.0,0.4,0.5683248484370989,7.799885462516948e-08,0.39999500119066483,"{'table_obstacle': {'pos': [0.3825981920028062, 0.37518922255766707, 0.1646257963690813], 'size': [0.049837904948193595, 0.0813235869879147, 0.05243307039854257]}, 'pillar_obstacle': {'pos': [0.39994824830915515, -0.3824307480766307, 0.23470116647765446], 'size': [0.033663755439403885, 0.20172185302840845, 0.0]}, 'small_block': {'pos': [0.6140097595303955, -0.3535133918987863, 0.1097032402875184], 'size': [0.04461973939918376, 0.0849493067344041, 0.09534921802665242]}}"
5.449000000000154,0.5719985185125646,0.0,0.4,0.5683771923447268,6.395431392721694e-08,0.3999950544430907,"{'table_obstacle': {'pos': [0.3825981920028062, 0.37518922255766707, 0.1646257963690813], 'size': [0.049837904948193595, 0.0813235869879147, 0.05243307039854257]}, 'pillar_obstacle': {'pos': [0.39994824830915515, -0.3824307480766307, 0.23470116647765446], 'size': [0.033663755439403885, 0.20172185302840845, 0.0]}, 'small_block': {'pos': [0.6140097595303955, -0.3535133918987863, 0.1097032402875184], 'size': [0.04461973939918376, 0.0849493067344041, 0.09534921802665242]}}"
5.450000000000155,0.5719985185125646,0.0,0.4,0.5684287949130938,5.0196682523138256e-08,0.39999510799002796,"{'table_obstacle': {'pos': [0.3825981920028062, 0.37518922255766707, 0.1646257963690813], 'size': [0.049837904948193595, 0.0813235869879147, 0.05243307039854257]}, 'pillar_obstacle': {'pos': [0.39994824830915515, -0.3824307480766307, 0.23470116647765446], 'size': [0.033663755439403885, 0.20172185302840845, 0.0]}, 'small_block': {'pos': [0.6140097595303955, -0.3535133918987863, 0.1097032402875184], 'size': [0.04461973939918376, 0.0849493067344041, 0.09534921802665242]}}"
5.451000000000155,0.5719985185125646,0.0,0.4,0.568479665948007,3.673579989361406e-08,0.3999951617453112,"{'table_obstacle': {'pos': [0.3825981920028062, 0.37518922255766707, 0.1646257963690813], 'size': [0.049837904948193595, 0.0813235869879147, 0.05243307039854257]}, 'pillar_obstacle': {'pos': [0.39994824830915515, -0.3824307480766307, 0.23470116647765446], 'size': [0.033663755439403885, 0.20172185302840845, 0.0]}, 'small_block': {'pos': [0.6140097595303955, -0.3535133918987863, 0.1097032402875184], 'size': [0.04461973939918376, 0.0849493067344041, 0.09534921802665242]}}"
5.452000000000155,0.5719985185125646,0.0,0.4,0.5685298152528215,2.357872403234846e-08,0.3999952156341956,"{'table_obstacle': {'pos': [0.3825981920028062, 0.37518922255766707, 0.1646257963690813], 'size': [0.049837904948193595, 0.0813235869879147, 0.05243307039854257]}, 'pillar_obstacle': {'pos': [0.39994824830915515, -0.3824307480766307, 0.23470116647765446], 'size': [0.033663755439403885, 0.20172185302840845, 0.0]}, 'small_block': {'pos': [0.6140097595303955, -0.3535133918987863, 0.1097032402875184], 'size': [0.04461973939918376, 0.0849493067344041, 0.09534921802665242]}}"
5.453000000000156,0.5719985185125646,0.0,0.4,0.568579252602807,1.0730193843266611e-08,0.3999952695916888,"{'table_obstacle': {'pos': [0.3825981920028062, 0.37518922255766707, 0.1646257963690813], 'size': [0.049837904948193595, 0.0813235869879147, 0.05243307039854257]}, 'pillar_obstacle': {'pos': [0.39994824830915515, -0.3824307480766307, 0.23470116647765446], 'size': [0.033663755439403885, 0.20172185302840845, 0.0]}, 'small_block': {'pos': [0.6140097595303955, -0.3535133918987863, 0.1097032402875184], 'size': [0.04461973939918376, 0.0849493067344041, 0.09534921802665242]}}"
5.454000000000156,0.5719985185125646,0.0,0.4,0.56862798772471,-1.8069784820813967e-09,0.3999953235611288,"{'table_obstacle': {'pos': [0.3825981920028062, 0.37518922255766707, 0.1646257963690813], 'size': [0.049837904948193595, 0.0813235869879147, 0.05243307039854257]}, 'pillar_obstacle': {'pos': [0.39994824830915515, -0.3824307480766307, 0.23470116647765446], 'size': [0.033663755439403885, 0.20172185302840845, 0.0]}, 'small_block': {'pos': [0.6140097595303955, -0.3535133918987863, 0.1097032402875184], 'size': [0.04461973939918376, 0.0849493067344041, 0.09534921802665242]}}"
5.455000000000156,0.5719985185125646,0.0,0.4,0.5686760302805286,-1.4031575836748064e-08,0.3999953774929736,"{'table_obstacle': {'pos': [0.3825981920028062, 0.37518922255766707, 0.1646257963690813], 'size': [0.049837904948193595, 0.0813235869879147, 0.05243307039854257]}, 'pillar_obstacle': {'pos': [0.39994824830915515, -0.3824307480766307, 0.23470116647765446], 'size': [0.033663755439403885, 0.20172185302840845, 0.0]}, 'small_block': {'pos': [0.6140097595303955, -0.3535133918987863, 0.1097032402875184], 'size': [0.04461973939918376, 0.0849493067344041, 0.09534921802665242]}}"
5.456000000000157,0.5719985185125646,0.0,0.4,0.5687233898546973,-2.594369770975516e-08,0.39999543134377324,"{'table_obstacle': {'pos': [0.3825981920028062, 0.37518922255766707, 0.1646257963690813], 'size': [0.049837904948193595, 0.0813235869879147, 0.05243307039854257]}, 'pillar_obstacle': {'pos': [0.39994824830915515, -0.3824307480766307, 0.23470116647765446], 'size': [0.033663755439403885, 0.20172185302840845, 0.0]}, 'small_block': {'pos': [0.6140097595303955, -0.3535133918987863, 0.1097032402875184], 'size': [0.04461973939918376, 0.0849493067344041, 0.09534921802665242]}}"
5.457000000000157,0.5719985185125646,0.0,0.4,0.5687700759440394,-3.754452451453608e-08,0.3999954850752974,"{'table_obstacle': {'pos': [0.3825981920028062, 0.37518922255766707, 0.1646257963690813], 'size': [0.049837904948193595, 0.0813235869879147, 0.05243307039854257]}, 'pillar_obstacle': {'pos': [0.39994824830915515, -0.3824307480766307, 0.23470116647765446], 'size': [0.033663755439403885, 0.20172185302840845, 0.0]}, 'small_block': {'pos': [0.6140097595303955, -0.3535133918987863, 0.1097032402875184], 'size': [0.04461973939918376, 0.0849493067344041, 0.09534921802665242]}}"
5.458000000000157,0.5719985185125646,0.0,0.4,0.5688160979499558,-4.883612086837238e-08,0.39999553865379595,"{'table_obstacle': {'pos': [0.3825981920028062, 0.37518922255766707, 0.1646257963690813], 'size': [0.049837904948193595, 0.0813235869879147, 0.05243307039854257]}, 'pillar_obstacle': {'pos': [0.39994824830915515, -0.3824307480766307, 0.23470116647765446], 'size': [0.033663755439403885, 0.20172185302840845, 0.0]}, 'small_block': {'pos': [0.6140097595303955, -0.3535133918987863, 0.1097032402875184], 'size': [0.04461973939918376, 0.0849493067344041, 0.09534921802665242]}}"
5.459000000000158,0.5719985185125646,0.0,0.4,0.5688614651724293,-5.982127082382232e-08,0.39999559204937224,"{'table_obstacle': {'pos': [0.3825981920028062, 0.37518922255766707, 0.1646257963690813], 'size': [0.049837904948193595, 0.0813235869879147, 0.05243307039854257]}, 'pillar_obstacle': {'pos': [0.39994824830915515, -0.3824307480766307, 0.23470116647765446], 'size': [0.033663755439403885, 0.20172185302840845, 0.0]}, 'small_block': {'pos': [0.6140097595303955, -0.3535133918987863, 0.1097032402875184], 'size': [0.04461973939918376, 0.0849493067344041, 0.09534921802665242]}}"
5.460000000000158,0.5719985185125646,0.0,0.4,0.5689061868054901,-7.050333832703451e-08,0.3999956452354525,"{'table_obstacle': {'pos': [0.3825981920028062, 0.37518922255766707, 0.1646257963690813], 'size': [0.049837904948193595, 0.0813235869879147, 0.05243307039854257]}, 'pillar_obstacle': {'pos': [0.39994824830915515, -0.3824307480766307, 0.23470116647765446], 'size': [0.033663755439403885, 0.20172185302840845, 0.0]}, 'small_block': {'pos': [0.6140097595303955, -0.3535133918987863, 0.1097032402875184], 'size': [0.04461973939918376, 0.0849493067344041, 0.09534921802665242]}}"
5.461000000000158,0.5719985185125646,0.0,0.4,0.5689502719338732,-8.08861521299084e-08,0.39999569818833625,"{'table_obstacle': {'pos': [0.3825981920028062, 0.37518922255766707, 0.1646257963690813], 'size': [0.049837904948193595, 0.0813235869879147, 0.05243307039854257]}, 'pillar_obstacle': {'pos': [0.39994824830915515, -0.3824307480766307, 0.23470116647765446], 'size': [0.033663755439403885, 0.20172185302840845, 0.0]}, 'small_block': {'pos': [0.6140097595303955, -0.3535133918987863, 0.1097032402875184], 'size': [0.04461973939918376, 0.0849493067344041, 0.09534921802665242]}}"
5.462000000000159,0.5719985185125646,0.0,0.4,0.568993729530628,-9.097390985031914e-08,0.39999575088681605,"{'table_obstacle': {'pos': [0.3825981920028062, 0.37518922255766707, 0.1646257963690813], 'size': [0.049837904948193595, 0.0813235869879147, 0.05243307039854257]}, 'pillar_obstacle': {'pos': [0.39994824830915515, -0.3824307480766307, 0.23470116647765446], 'size': [0.033663755439403885, 0.20172185302840845, 0.0]}, 'small_block': {'pos': [0.6140097595303955, -0.3535133918987863, 0.1097032402875184], 'size': [0.04461973939918376, 0.0849493067344041, 0.09534921802665242]}}"
5.463000000000159,0.5719985185125646,0.0,0.4,0.569036568455503,-1.007710964034438e-07,0.3999958033118558,"{'table_obstacle': {'pos': [0.3825981920028062, 0.37518922255766707, 0.1646257963690813], 'size': [0.049837904948193595, 0.0813235869879147, 0.05243307039854257]}, 'pillar_obstacle': {'pos': [0.39994824830915515, -0.3824307480766307, 0.23470116647765446], 'size': [0.033663755439403885, 0.20172185302840845, 0.0]}, 'small_block': {'pos': [0.6140097595303955, -0.3535133918987863, 0.1097032402875184], 'size': [0.04461973939918376, 0.0849493067344041, 0.09534921802665242]}}"
5.464000000000159,0.5719985185125646,0.0,0.4,0.5690787974539531,-1.1028241871718474e-07,0.3999958554463169,"{'table_obstacle': {'pos': [0.3825981920028062, 0.37518922255766707, 0.1646257963690813], 'size': [0.049837904948193595, 0.0813235869879147, 0.05243307039854257]}, 'pillar_obstacle': {'pos': [0.39994824830915515, -0.3824307480766307, 0.23470116647765446], 'size': [0.033663755439403885, 0.20172185302840845, 0.0]}, 'small_block': {'pos': [0.6140097595303955, -0.3535133918987863, 0.1097032402875184], 'size': [0.04461973939918376, 0.0849493067344041, 0.09534921802665242]}}"
5.46500000000016,0.5719985185125646,0.0,0.4,0.5691204251566471,-1.1951274917387732e-07,0.39999590727472756,"{'table_obstacle': {'pos': [0.3825981920028062, 0.37518922255766707, 0.1646257963690813], 'size': [0.049837904948193595, 0.0813235869879147, 0.05243307039854257]}, 'pillar_obstacle': {'pos': [0.39994824830915515, -0.3824307480766307, 0.23470116647765446], 'size': [0.033663755439403885, 0.20172185302840845, 0.0]}, 'small_block': {'pos': [0.6140097595303955, -0.3535133918987863, 0.1097032402875184], 'size': [0.04461973939918376, 0.0849493067344041, 0.09534921802665242]}}"
5.46600000000016,0.5719985185125646,0.0,0.4,0.5691614600793777,-1.2846708018162888e-07,0.3999959587830857,"{'table_obstacle': {'pos': [0.3825981920028062, 0.37518922255766707, 0.1646257963690813], 'size': [0.049837904948193595, 0.0813235869879147, 0.05243307039854257]}, 'pillar_obstacle': {'pos': [0.39994824830915515, -0.3824307480766307, 0.23470116647765446], 'size': [0.033663755439403885, 0.20172185302840845, 0.0]}, 'small_block': {'pos': [0.6140097595303955, -0.3535133918987863, 0.1097032402875184], 'size': [0.04461973939918376, 0.0849493067344041, 0.09534921802665242]}}"
5.46700000000016,0.5719985185125646,0.0,0.4,0.5692019106232952,-1.371504860318274e-07,0.39999600995869194,"{'table_obstacle': {'pos': [0.3825981920028062, 0.37518922255766707, 0.1646257963690813], 'size': [0.049837904948193595, 0.0813235869879147, 0.05243307039854257]}, 'pillar_obstacle': {'pos': [0.39994824830915515, -0.3824307480766307, 0.23470116647765446], 'size': [0.033663755439403885, 0.20172185302840845, 0.0]}, 'small_block': {'pos': [0.6140097595303955, -0.3535133918987863, 0.1097032402875184], 'size': [0.04461973939918376, 0.0849493067344041, 0.09534921802665242]}}"
5.468000000000161,0.5719985185125646,0.0,0.4,0.5692417850753958,-1.4556809193835266e-07,0.3999960607900077,"{'table_obstacle': {'pos': [0.3825981920028062, 0.37518922255766707, 0.1646257963690813], 'size': [0.049837904948193595, 0.0813235869879147, 0.05243307039854257]}, 'pillar_obstacle': {'pos': [0.39994824830915515, -0.3824307480766307, 0.23470116647765446], 'size': [0.033663755439403885, 0.20172185302840845, 0.0]}, 'small_block': {'pos': [0.6140097595303955, -0.3535133918987863, 0.1097032402875184], 'size': [0.04461973939918376, 0.0849493067344041, 0.09534921802665242]}}"
5.469000000000161,0.5719985185125646,0.0,0.4,0.5692810916092164,-1.5372504766828466e-07,0.3999961112665326,"{'table_obstacle': {'pos': [0.3825981920028062, 0.37518922255766707, 0.1646257963690813], 'size': [0.049837904948193595, 0.0813235869879147, 0.05243307039854257]}, 'pillar_obstacle': {'pos': [0.39994824830915515, -0.3824307480766307, 0.23470116647765446], 'size': [0.033663755439403885, 0.20172185302840845, 0.0]}, 'small_block': {'pos': [0.6140097595303955, -0.3535133918987863, 0.1097032402875184], 'size': [0.04461973939918376, 0.0849493067344041, 0.09534921802665242]}}"
5.470000000000161,0.5719985185125646,0.0,0.4,0.5693198382856922,-1.616265073695573e-07,0.3999961613787016,"{'table_obstacle': {'pos': [0.3825981920028062, 0.37518922255766707, 0.1646257963690813], 'size': [0.049837904948193595, 0.0813235869879147, 0.05243307039854257]}, 'pillar_obstacle': {'pos': [0.39994824830915515, -0.3824307480766307, 0.23470116647765446], 'size': [0.033663755439403885, 0.20172185302840845, 0.0]}, 'small_block': {'pos': [0.6140097595303955, -0.3535133918987863, 0.1097032402875184], 'size': [0.04461973939918376, 0.0849493067344041, 0.09534921802665242]}}"
5.471000000000162,0.5719985185125646,0.0,0.4,0.5693580330541401,-1.6927761127981083e-07,0.3999962111177954,"{'table_obstacle': {'pos': [0.3825981920028062, 0.37518922255766707, 0.1646257963690813], 'size': [0.049837904948193595, 0.0813235869879147, 0.05243307039854257]}, 'pillar_obstacle': {'pos': [0.39994824830915515, -0.3824307480766307, 0.23470116647765446], 'size': [0.033663755439403885, 0.20172185302840845, 0.0]}, 'small_block': {'pos': [0.6140097595303955, -0.3535133918987863, 0.1097032402875184], 'size': [0.04461973939918376, 0.0849493067344041, 0.09534921802665242]}}"
5.472000000000162,0.5719985185125646,0.0,0.4,0.5693956837533422,-1.7668347238207212e-07,0.39999626047586256,"{'table_obstacle': {'pos': [0.3825981920028062, 0.37518922255766707, 0.1646257963690813], 'size': [0.049837904948193595, 0.0813235869879147, 0.05243307039854257]}, 'pillar_obstacle': {'pos': [0.39994824830915515, -0.3824307480766307, 0.23470116647765446], 'size': [0.033663755439403885, 0.20172185302840845, 0.0]}, 'small_block': {'pos': [0.6140097595303955, -0.3535133918987863, 0.1097032402875184], 'size': [0.04461973939918376, 0.0849493067344041, 0.09534921802665242]}}"
5.473000000000162,0.5719985185125646,0.0,0.4,0.5694327981127046,-1.8384916532707869e-07,0.3999963094456544,"{'table_obstacle': {'pos': [0.3825981920028062, 0.37518922255766707, 0.1646257963690813], 'size': [0.049837904948193595, 0.0813235869879147, 0.05243307039854257]}, 'pillar_obstacle': {'pos': [0.39994824830915515, -0.3824307480766307, 0.23470116647765446], 'size': [0.033663755439403885, 0.20172185302840845, 0.0]}, 'small_block': {'pos': [0.6140097595303955, -0.3535133918987863, 0.1097032402875184], 'size': [0.04461973939918376, 0.0849493067344041, 0.09534921802665242]}}"
5.474000000000163,0.5719985185125646,0.0,0.4,0.5694693837534792,-1.9077971567774319e-07,0.3999963580205658,"{'table_obstacle': {'pos': [0.3825981920028062, 0.37518922255766707, 0.1646257963690813], 'size': [0.049837904948193595, 0.0813235869879147, 0.05243307039854257]}, 'pillar_obstacle': {'pos': [0.39994824830915515, -0.3824307480766307, 0.23470116647765446], 'size': [0.033663755439403885, 0.20172185302840845, 0.0]}, 'small_block': {'pos': [0.6140097595303955, -0.3535133918987863, 0.1097032402875184], 'size': [0.04461973939918376, 0.0849493067344041, 0.09534921802665242]}}"
5.475000000000163,0.5719985185125646,0.0,0.4,0.5695054481900231,-1.974800946362941e-07,0.39999640619458676,"{'table_obstacle': {'pos': [0.3825981920028062, 0.37518922255766707, 0.1646257963690813], 'size': [0.049837904948193595, 0.0813235869879147, 0.05243307039854257]}, 'pillar_obstacle': {'pos': [0.39994824830915515, -0.3824307480766307, 0.23470116647765446], 'size': [0.033663755439403885, 0.20172185302840845, 0.0]}, 'small_block': {'pos': [0.6140097595303955, -0.3535133918987863, 0.1097032402875184], 'size': [0.04461973939918376, 0.0849493067344041, 0.09534921802665242]}}"
5.476000000000163,0.5719985185125646,0.0,0.4,0.569540998831094,-2.0395521211787165e-07,0.3999964539622562,"{'table_obstacle': {'pos': [0.3825981920028062, 0.37518922255766707, 0.1646257963690813], 'size': [0.049837904948193595, 0.0813235869879147, 0.05243307039854257]}, 'pillar_obstacle': {'pos': [0.39994824830915515, -0.3824307480766307, 0.23470116647765446], 'size': [0.033663755439403885, 0.20172185302840845, 0.0]}, 'small_block': {'pos': [0.6140097595303955, -0.3535133918987863, 0.1097032402875184], 'size': [0.04461973939918376, 0.0849493067344041, 0.09534921802665242]}}"
5.477000000000164,0.5719985185125646,0.0,0.4,0.5695760429811649,-2.1020991192882083e-07,0.3999965013186238,"{'table_obstacle': {'pos': [0.3825981920028062, 0.37518922255766707, 0.1646257963690813], 'size': [0.049837904948193595, 0.0813235869879147, 0.05243307039854257]}, 'pillar_obstacle': {'pos': [0.39994824830915515, -0.3824307480766307, 0.23470116647765446], 'size': [0.033663755439403885, 0.20172185302840845, 0.0]}, 'small_block': {'pos': [0.6140097595303955, -0.3535133918987863, 0.1097032402875184], 'size': [0.04461973939918376, 0.0849493067344041, 0.09534921802665242]}}"
5.478000000000164,0.5719985185125646,0.0,0.4,0.5696105878417551,-2.162489693912682e-07,0.39999654825921666,"{'table_obstacle': {'pos': [0.3825981920028062, 0.37518922255766707, 0.1646257963690813], 'size': [0.049837904948193595, 0.0813235869879147, 0.05243307039854257]}, 'pillar_obstacle': {'pos': [0.39994824830915515, -0.3824307480766307, 0.23470116647765446], 'size': [0.033663755439403885, 0.20172185302840845, 0.0]}, 'small_block': {'pos': [0.6140097595303955, -0.3535133918987863, 0.1097032402875184], 'size': [0.04461973939918376, 0.0849493067344041, 0.09534921802665242]}}"
5.479000000000164,0.5719985185125646,0.0,0.4,0.5696446405127653,-2.2207708743072407e-07,0.3999965947800066,"{'table_obstacle': {'pos': [0.3825981920028062, 0.37518922255766707, 0.1646257963690813], 'size': [0.049837904948193595, 0.0813235869879147, 0.05243307039854257]}, 'pillar_obstacle': {'pos': [0.39994824830915515, -0.3824307480766307, 0.23470116647765446], 'size': [0.033663755439403885, 0.20172185302840845, 0.0]}, 'small_block': {'pos': [0.6140097595303955, -0.3535133918987863, 0.1097032402875184], 'size': [0.04461973939918376, 0.0849493067344041, 0.09534921802665242]}}"
5.480000000000165,0.5719985185125646,0.0,0.4,0.569678207993821,-2.276988954972852e-07,0.399996640877384,"{'table_obstacle': {'pos': [0.3825981920028062, 0.37518922255766707, 0.1646257963690813], 'size': [0.049837904948193595, 0.0813235869879147, 0.05243307039854257]}, 'pillar_obstacle': {'pos': [0.39994824830915515, -0.3824307480766307, 0.23470116647765446], 'size': [0.033663755439403885, 0.20172185302840845, 0.0]}, 'small_block': {'pos': [0.6140097595303955, -0.3535133918987863, 0.1097032402875184], 'size': [0.04461973939918376, 0.0849493067344041, 0.09534921802665242]}}"
5.481000000000165,0.5719985185125646,0.0,0.4,0.569711297185609,-2.3311894772725926e-07,0.39999668654813214,"{'table_obstacle': {'pos': [0.3825981920028062, 0.37518922255766707, 0.1646257963690813], 'size': [0.049837904948193595, 0.0813235869879147, 0.05243307039854257]}, 'pillar_obstacle': {'pos': [0.39994824830915515, -0.3824307480766307, 0.23470116647765446], 'size': [0.033663755439403885, 0.20172185302840845, 0.0]}, 'small_block': {'pos': [0.6140097595303955, -0.3535133918987863, 0.1097032402875184], 'size': [0.04461973939918376, 0.0849493067344041, 0.09534921802665242]}}"
5.482000000000165,0.5719985185125646,0.0,0.4,0.5697439148912119,-2.383417226323993e-07,0.399996731789406,"{'table_obstacle': {'pos': [0.3825981920028062, 0.37518922255766707, 0.1646257963690813], 'size': [0.049837904948193595, 0.0813235869879147, 0.05243307039854257]}, 'pillar_obstacle': {'pos': [0.39994824830915515, -0.3824307480766307, 0.23470116647765446], 'size': [0.033663755439403885, 0.20172185302840845, 0.0]}, 'small_block': {'pos': [0.6140097595303955, -0.3535133918987863, 0.1097032402875184], 'size': [0.04461973939918376, 0.0849493067344041, 0.09534921802665242]}}"
5.483000000000166,0.5719985185125646,0.0,0.4,0.5697760678174361,-2.433716219408388e-07,0.3999967765987103,"{'table_obstacle': {'pos': [0.3825981920028062, 0.37518922255766707, 0.1646257963690813], 'size': [0.049837904948193595, 0.0813235869879147, 0.05243307039854257]}, 'pillar_obstacle': {'pos': [0.39994824830915515, -0.3824307480766307, 0.23470116647765446], 'size': [0.033663755439403885, 0.20172185302840845, 0.0]}, 'small_block': {'pos': [0.6140097595303955, -0.3535133918987863, 0.1097032402875184], 'size': [0.04461973939918376, 0.0849493067344041, 0.09534921802665242]}}"
5.484000000000166,0.5719985185125646,0.0,0.4,0.569807762576129,-2.482129711284578e-07,0.3999968209738813,"{'table_obstacle': {'pos': [0.3825981920028062, 0.37518922255766707, 0.1646257963690813], 'size': [0.049837904948193595, 0.0813235869879147, 0.05243307039854257]}, 'pillar_obstacle': {'pos': [0.39994824830915515, -0.3824307480766307, 0.23470116647765446], 'size': [0.033663755439403885, 0.20172185302840845, 0.0]}, 'small_block': {'pos': [0.6140097595303955, -0.3535133918987863, 0.1097032402875184], 'size': [0.04461973939918376, 0.0849493067344041, 0.09534921802665242]}}"
5.485000000000166,0.5719985185125646,0.0,0.4,0.5698390056854857,-2.52870018487821e-07,0.3999968649130695,"{'table_obstacle': {'pos': [0.3825981920028062, 0.37518922255766707, 0.1646257963690813], 'size': [0.049837904948193595, 0.0813235869879147, 0.05243307039854257]}, 'pillar_obstacle': {'pos': [0.39994824830915515, -0.3824307480766307, 0.23470116647765446], 'size': [0.033663755439403885, 0.20172185302840845, 0.0]}, 'small_block': {'pos': [0.6140097595303955, -0.3535133918987863, 0.1097032402875184], 'size': [0.04461973939918376, 0.0849493067344041, 0.09534921802665242]}}"
5.486000000000167,0.5719985185125646,0.0,0.4,0.5698698035713445,-2.573469367096805e-07,0.39999690841472413,"{'table_obstacle': {'pos': [0.3825981920028062, 0.37518922255766707, 0.1646257963690813], 'size': [0.049837904948193595, 0.0813235869879147, 0.05243307039854257]}, 'pillar_obstacle': {'pos': [0.39994824830915515, -0.3824307480766307, 0.23470116647765446], 'size': [0.033663755439403885, 0.20172185302840845, 0.0]}, 'small_block': {'pos': [0.6140097595303955, -0.3535133918987863, 0.1097032402875184], 'size': [0.04461973939918376, 0.0849493067344041, 0.09534921802665242]}}"
5.487000000000167,0.5719985185125646,0.0,0.4,0.5699001625684679,-2.6164782241654423e-07,0.39999695147757625,"{'table_obstacle': {'pos': [0.3825981920028062, 0.37518922255766707, 0.1646257963690813], 'size': [0.049837904948193595, 0.0813235869879147, 0.05243307039854257]}, 'pillar_obstacle': {'pos': [0.39994824830915515, -0.3824307480766307, 0.23470116647765446], 'size': [0.033663755439403885, 0.20172185302840845, 0.0]}, 'small_block': {'pos': [0.6140097595303955, -0.3535133918987863, 0.1097032402875184], 'size': [0.04461973939918376, 0.0849493067344041, 0.09534921802665242]}}"
5.488000000000167,0.5719985185125646,0.0,0.4,0.5699300889218106,-2.657766973055923e-07,0.39999699410062817,"{'table_obstacle': {'pos': [0.3825981920028062, 0.37518922255766707, 0.1646257963690813], 'size': [0.049837904948193595, 0.0813235869879147, 0.05243307039854257]}, 'pillar_obstacle': {'pos': [0.39994824830915515, -0.3824307480766307, 0.23470116647765446], 'size': [0.033663755439403885, 0.20172185302840845, 0.0]}, 'small_block': {'pos': [0.6140097595303955, -0.3535133918987863, 0.1097032402875184], 'size': [0.04461973939918376, 0.0849493067344041, 0.09534921802665242]}}"
5.489000000000168,0.5719985185125646,0.0,0.4,0.5699595887877732,-2.6973750847333254e-07,0.3999970362831362,"{'table_obstacle': {'pos': [0.3825981920028062, 0.37518922255766707, 0.1646257963690813], 'size': [0.049837904948193595, 0.0813235869879147, 0.05243307039854257]}, 'pillar_obstacle': {'pos': [0.39994824830915515, -0.3824307480766307, 0.23470116647765446], 'size': [0.033663755439403885, 0.20172185302840845, 0.0]}, 'small_block': {'pos': [0.6140097595303955, -0.3535133918987863, 0.1097032402875184], 'size': [0.04461973939918376, 0.0849493067344041, 0.09534921802665242]}}"
5.490000000000168,0.5759984672321448,0.0,0.4,0.5699886682354406,-2.73534129568649e-07,0.3999970780246019,"{'table_obstacle': {'pos': [0.3825981920028062, 0.37518922255766707, 0.1646257963690813], 'size': [0.049837904948193595, 0.0813235869879147, 0.05243307039854257]}, 'pillar_obstacle': {'pos': [0.39994824830915515, -0.3824307480766307, 0.23470116647765446], 'size': [0.033663755439403885, 0.20172185302840845, 0.0]}, 'small_block': {'pos': [0.6140097595303955, -0.3535133918987863, 0.1097032402875184], 'size': [0.04461973939918376, 0.0849493067344041, 0.09534921802665242]}}"
5.491000000000168,0.5759984672321448,0.0,0.4,0.5700280589545883,-2.414547958184594e-07,0.3999969679550258,"{'table_obstacle': {'pos': [0.3825981920028062, 0.37518922255766707, 0.1646257963690813], 'size': [0.049837904948193595, 0.0813235869879147, 0.05243307039854257]}, 'pillar_obstacle': {'pos': [0.39994824830915515, -0.3824307480766307, 0.23470116647765446], 'size': [0.033663755439403885, 0.20172185302840845, 0.0]}, 'small_block': {'pos': [0.6140097595303955, -0.3535133918987863, 0.1097032402875184], 'size': [0.04461973939918376, 0.0849493067344041, 0.09534921802665242]}}"
5.492000000000169,0.5759984672321448,0.0,0.4,0.5700755943415463,-1.8810525642950818e-07,0.39999676450026084,"{'table_obstacle': {'pos': [0.3825981920028062, 0.37518922255766707, 0.1646257963690813], 'size': [0.049837904948193595, 0.0813235869879147, 0.05243307039854257]}, 'pillar_obstacle': {'pos': [0.39994824830915515, -0.3824307480766307, 0.23470116647765446], 'size': [0.033663755439403885, 0.20172185302840845, 0.0]}, 'small_block': {'pos': [0.6140097595303955, -0.3535133918987863, 0.1097032402875184], 'size': [0.04461973939918376, 0.0849493067344041, 0.09534921802665242]}}"
5.493000000000169,0.5759984672321448,0.0,0.4,0.5701295186164909,-1.2380265103765262e-07,0.39999650917575785,"{'table_obstacle': {'pos': [0.3825981920028062, 0.37518922255766707, 0.1646257963690813], 'size': [0.049837904948193595, 0.0813235869879147, 0.05243307039854257]}, 'pillar_obstacle': {'pos': [0.39994824830915515, -0.3824307480766307, 0.23470116647765446], 'size': [0.033663755439403885, 0.20172185302840845, 0.0]}, 'small_block': {'pos': [0.6140097595303955, -0.3535133918987863, 0.1097032402875184], 'size': [0.04461973939918376, 0.0849493067344041, 0.09534921802665242]}}"
5.494000000000169,0.5759984672321448,0.0,0.4,0.570188409668224,-5.5681122334633905e-08,0.3999962309896022,"{'table_obstacle': {'pos': [0.3825981920028062, 0.37518922255766707, 0.1646257963690813], 'size': [0.049837904948193595, 0.0813235869879147, 0.05243307039854257]}, 'pillar_obstacle': {'pos': [0.39994824830915515, -0.3824307480766307, 0.23470116647765446], 'size': [0.033663755439403885, 0.20172185302840845, 0.0]}, 'small_block': {'pos': [0.6140097595303955, -0.3535133918987863, 0.1097032402875184], 'size': [0.04461973939918376, 0.0849493067344041, 0.09534921802665242]}}"
5.49500000000017,0.5759984672321448,0.0,0.4,0.570251116311986,1.1468886202666998e-08,0.3999959497501308,"{'table_obstacle': {'pos': [0.3825981920028062, 0.37518922255766707, 0.1646257963690813], 'size': [0.049837904948193595, 0.0813235869879147, 0.05243307039854257]}, 'pillar_obstacle': {'pos': [0.39994824830915515, -0.3824307480766307, 0.23470116647765446], 'size': [0.033663755439403885, 0.20172185302840845, 0.0]}, 'small_block': {'pos': [0.6140097595303955, -0.3535133918987863, 0.1097032402875184], 'size': [0.04461973939918376, 0.0849493067344041, 0.09534921802665242]}}"
5.49600000000017,0.5759984672321448,0.0,0.4,0.5703167072928853,7.456598309436695e-08,0.39999567854721524,"{'table_obstacle': {'pos': [0.3825981920028062, 0.37518922255766707, 0.1646257963690813], 'size': [0.049837904948193595, 0.0813235869879147, 0.05243307039854257]}, 'pillar_obstacle': {'pos': [0.39994824830915515, -0.3824307480766307, 0.23470116647765446], 'size': [0.033663755439403885, 0.20172185302840845, 0.0]}, 'small_block': {'pos': [0.6140097595303955, -0.3535133918987863, 0.1097032402875184], 'size': [0.04461973939918376, 0.0849493067344041, 0.09534921802665242]}}"
5.49700000000017,0.5759984672321448,0.0,0.4,0.5703844298523734,1.317601268686491e-07,0.39999542560942997,"{'table_obstacle': {'pos': [0.3825981920028062, 0.37518922255766707, 0.1646257963690813], 'size': [0.049837904948193595, 0.0813235869879147, 0.05243307039854257]}, 'pillar_obstacle': {'pos': [0.39994824830915515, -0.3824307480766307, 0.23470116647765446], 'size': [0.033663755439403885, 0.20172185302840845, 0.0]}, 'small_block': {'pos': [0.6140097595303955, -0.3535133918987863, 0.1097032402875184], 'size': [0.04461973939918376, 0.0849493067344041, 0.09534921802665242]}}"
5.498000000000171,0.5759984672321448,0.0,0.4,0.5704536760750387,1.820750002774571e-07,0.3999951956896081,"{'table_obstacle': {'pos': [0.3825981920028062, 0.37518922255766707, 0.1646257963690813], 'size': [0.049837904948193595, 0.0813235869879147, 0.05243307039854257]}, 'pillar_obstacle': {'pos': [0.39994824830915515, -0.3824307480766307, 0.23470116647765446], 'size': [0.033663755439403885, 0.20172185302840845, 0.0]}, 'small_block': {'pos': [0.6140097595303955, -0.3535133918987863, 0.1097032402875184], 'size': [0.04461973939918376, 0.0849493067344041, 0.09534921802665242]}}"
5.499000000000171,0.5759984672321448,0.0,0.4,0.5705239555615765,2.251419889048533e-07,0.3999949910941175,"{'table_obstacle': {'pos': [0.3825981920028062, 0.37518922255766707, 0.1646257963690813], 'size': [0.049837904948193595, 0.0813235869879147, 0.05243307039854257]}, 'pillar_obstacle': {'pos': [0.39994824830915515, -0.3824307480766307, 0.23470116647765446], 'size': [0.033663755439403885, 0.20172185302840845, 0.0]}, 'small_block': {'pos': [0.6140097595303955, -0.3535133918987863, 0.1097032402875184], 'size': [0.04461973939918376, 0.0849493067344041, 0.09534921802665242]}}"
5.500000000000171,0.5759984672321448,0.0,0.4,0.5705948732431714,2.610038108184235e-07,0.3999948124432476,"{'table_obstacle': {'pos': [0.3825981920028062, 0.37518922255766707, 0.1646257963690813], 'size': [0.049837904948193595, 0.0813235869879147, 0.05243307039854257]}, 'pillar_obstacle': {'pos': [0.39994824830915515, -0.3824307480766307, 0.23470116647765446], 'size': [0.033663755439403885, 0.20172185302840845, 0.0]}, 'small_block': {'pos': [0.6140097595303955, -0.3535133918987863, 0.1097032402875184], 'size': [0.04461973939918376, 0.0849493067344041, 0.09534921802665242]}}"
5.501000000000172,0.5759984672321448,0.0,0.4,0.5706661113728134,2.899709011175526e-07,0.39999465922901234,"{'table_obstacle': {'pos': [0.3825981920028062, 0.37518922255766707, 0.1646257963690813], 'size': [0.049837904948193595, 0.0813235869879147, 0.05243307039854257]}, 'pillar_obstacle': {'pos': [0.39994824830915515, -0.3824307480766307, 0.23470116647765446], 'size': [0.033663755439403885, 0.20172185302840845, 0.0]}, 'small_block': {'pos': [0.6140097595303955, -0.3535133918987863, 0.1097032402875184], 'size': [0.04461973939918376, 0.0849493067344041, 0.09534921802665242]}}"
5.502000000000172,0.5759984672321448,0.0,0.4,0.5707374149090053,3.125175712070805e-07,0.3999945302207163,"{'table_obstacle': {'pos': [0.3825981920028062, 0.37518922255766707, 0.1646257963690813], 'size': [0.049837904948193595, 0.0813235869879147, 0.05243307039854257]}, 'pillar_obstacle': {'pos': [0.39994824830915515, -0.3824307480766307, 0.23470116647765446], 'size': [0.033663755439403885, 0.20172185302840845, 0.0]}, 'small_block': {'pos': [0.6140097595303955, -0.3535133918987863, 0.1097032402875184], 'size': [0.04461973939918376, 0.0849493067344041, 0.09534921802665242]}}"
5.503000000000172,0.5759984672321448,0.0,0.4,0.570808579654,3.29208003087378e-07,0.3999944237565031,"{'table_obstacle': {'pos': [0.3825981920028062, 0.37518922255766707, 0.1646257963690813], 'size': [0.049837904948193595, 0.0813235869879147, 0.05243307039854257]}, 'pillar_obstacle': {'pos': [0.39994824830915515, -0.3824307480766307, 0.23470116647765446], 'size': [0.033663755439403885, 0.20172185302840845, 0.0]}, 'small_block': {'pos': [0.6140097595303955, -0.3535133918987863, 0.1097032402875184], 'size': [0.04461973939918376, 0.0849493067344041, 0.09534921802665242]}}"
5.504000000000173,0.5759984672321448,0.0,0.4,0.5708794426282315,3.406444780188945e-07,0.399994337949887,"{'table_obstacle': {'pos': [0.3825981920028062, 0.37518922255766707, 0.1646257963690813], 'size': [0.049837904948193595, 0.0813235869879147, 0.05243307039854257]}, 'pillar_obstacle': {'pos': [0.39994824830915515, -0.3824307480766307, 0.23470116647765446], 'size': [0.033663755439403885, 0.20172185302840845, 0.0]}, 'small_block': {'pos': [0.6140097595303955, -0.3535133918987863, 0.1097032402875184], 'size': [0.04461973939918376, 0.0849493067344041, 0.09534921802665242]}}"
5.505000000000173,0.5759984672321448,0.0,0.4,0.5709498742598734,3.4743205912328304e-07,0.39999427083323613,"{'table_obstacle': {'pos': [0.3825981920028062, 0.37518922255766707, 0.1646257963690813], 'size': [0.049837904948193595, 0.0813235869879147, 0.05243307039854257]}, 'pillar_obstacle': {'pos': [0.39994824830915515, -0.3824307480766307, 0.23470116647765446], 'size': [0.033663755439403885, 0.20172185302840845, 0.0]}, 'small_block': {'pos': [0.6140097595303955, -0.3535133918987863, 0.1097032402875184], 'size': [0.04461973939918376, 0.0849493067344041, 0.09534921802665242]}}"
5.506000000000173,0.5759984672321448,0.0,0.4,0.57101977204757,3.50155339687451e-07,0.3999942204548256,"{'table_obstacle': {'pos': [0.3825981920028062, 0.37518922255766707, 0.1646257963690813], 'size': [0.049837904948193595, 0.0813235869879147, 0.05243307039854257]}, 'pillar_obstacle': {'pos': [0.39994824830915515, -0.3824307480766307, 0.23470116647765446], 'size': [0.033663755439403885, 0.20172185302840845, 0.0]}, 'small_block': {'pos': [0.6140097595303955, -0.3535133918987863, 0.1097032402875184], 'size': [0.04461973939918376, 0.0849493067344041, 0.09534921802665242]}}"
5.507000000000174,0.5759984672321448,0.0,0.4,0.5710890554187025,3.493639437034144e-07,0.39999418494198175,"{'table_obstacle': {'pos': [0.3825981920028062, 0.37518922255766707, 0.1646257963690813], 'size': [0.049837904948193595, 0.0813235869879147, 0.05243307039854257]}, 'pillar_obstacle': {'pos': [0.39994824830915515, -0.3824307480766307, 0.23470116647765446], 'size': [0.033663755439403885, 0.20172185302840845, 0.0]}, 'small_block': {'pos': [0.6140097595303955, -0.3535133918987863, 0.1097032402875184], 'size': [0.04461973939918376, 0.0849493067344041, 0.09534921802665242]}}"
5.508000000000174,0.5759984672321448,0.0,0.4,0.5711576615578133,3.455642907720783e-07,0.39999416253973796,"{'table_obstacle': {'pos': [0.3825981920028062, 0.37518922255766707, 0.1646257963690813], 'size': [0.049837904948193595, 0.0813235869879147, 0.05243307039854257]}, 'pillar_obstacle': {'pos': [0.39994824830915515, -0.3824307480766307, 0.23470116647765446], 'size': [0.033663755439403885, 0.20172185302840845, 0.0]}, 'small_block': {'pos': [0.6140097595303955, -0.3535133918987863, 0.1097032402875184], 'size': [0.04461973939918376, 0.0849493067344041, 0.09534921802665242]}}"
5.509000000000174,0.5759984672321448,0.0,0.4,0.5712255420222491,3.3921576693474367e-07,0.39999415163203833,"{'table_obstacle': {'pos': [0.3825981920028062, 0.37518922255766707, 0.1646257963690813], 'size': [0.049837904948193595, 0.0813235869879147, 0.05243307039854257]}, 'pillar_obstacle': {'pos': [0.39994824830915515, -0.3824307480766307, 0.23470116647765446], 'size': [0.033663755439403885, 0.20172185302840845, 0.0]}, 'small_block': {'pos': [0.6140097595303955, -0.3535133918987863, 0.1097032402875184], 'size': [0.04461973939918376, 0.0849493067344041, 0.09534921802665242]}}"
5.510000000000175,0.5759984672321448,0.0,0.4,0.5712926599965732,3.3072992151475593e-07,0.39999415075073375,"{'table_obstacle': {'pos': [0.3825981920028062, 0.37518922255766707, 0.1646257963690813], 'size': [0.049837904948193595, 0.0813235869879147, 0.05243307039854257]}, 'pillar_obstacle': {'pos': [0.39994824830915515, -0.3824307480766307, 0.23470116647765446], 'size': [0.033663755439403885, 0.20172185302840845, 0.0]}, 'small_block': {'pos': [0.6140097595303955, -0.3535133918987863, 0.1097032402875184], 'size': [0.04461973939918376, 0.0849493067344041, 0.09534921802665242]}}"
5.511000000000175,0.5759984672321448,0.0,0.4,0.5713589880652571,3.204716806543519e-07,0.39999415857623966,"{'table_obstacle': {'pos': [0.3825981920028062, 0.37518922255766707, 0.1646257963690813], 'size': [0.049837904948193595, 0.0813235869879147, 0.05243307039854257]}, 'pillar_obstacle': {'pos': [0.39994824830915515, -0.3824307480766307, 0.23470116647765446], 'size': [0.033663755439403885, 0.20172185302840845, 0.0]}, 'small_block': {'pos': [0.6140097595303955, -0.3535133918987863, 0.1097032402875184], 'size': [0.04461973939918376, 0.0849493067344041, 0.09534921802665242]}}"
5.512000000000175,0.5759984672321448,0.0,0.4,0.5714245064059004,3.087618339656434e-07,0.3999941739326966,"{'table_obstacle': {'pos': [0.3825981920028062, 0.37518922255766707, 0.1646257963690813], 'size': [0.049837904948193595, 0.0813235869879147, 0.05243307039854257]}, 'pillar_obstacle': {'pos': [0.39994824830915515, -0.3824307480766307, 0.23470116647765446], 'size': [0.033663755439403885, 0.20172185302840845, 0.0]}, 'small_block': {'pos': [0.6140097595303955, -0.3535133918987863, 0.1097032402875184], 'size': [0.04461973939918376, 0.0849493067344041, 0.09534921802665242]}}"
5.513000000000176,0.5759984672321448,0.0,0.4,0.5714892013236473,2.958802717614339e-07,0.39999419577969136,"{'table_obstacle': {'pos': [0.3825981920028062, 0.37518922255766707, 0.1646257963690813], 'size': [0.049837904948193595, 0.0813235869879147, 0.05243307039854257]}, 'pillar_obstacle': {'pos': [0.39994824830915515, -0.3824307480766307, 0.23470116647765446], 'size': [0.033663755439403885, 0.20172185302840845, 0.0]}, 'small_block': {'pos': [0.6140097595303955, -0.3535133918987863, 0.1097032402875184], 'size': [0.04461973939918376, 0.0849493067344041, 0.09534921802665242]}}"
5.514000000000176,0.5759984672321448,0.0,0.4,0.5715530640624396,2.8206959316401236e-07,0.39999422320201583,"{'table_obstacle': {'pos': [0.3825981920028062, 0.37518922255766707, 0.1646257963690813], 'size': [0.049837904948193595, 0.0813235869879147, 0.05243307039854257]}, 'pillar_obstacle': {'pos': [0.39994824830915515, -0.3824307480766307, 0.23470116647765446], 'size': [0.033663755439403885, 0.20172185302840845, 0.0]}, 'small_block': {'pos': [0.6140097595303955, -0.3535133918987863, 0.1097032402875184], 'size': [0.04461973939918376, 0.0849493067344041, 0.09534921802665242]}}"
5.515000000000176,0.5759984672321448,0.0,0.4,0.5716160898408865,2.6753882719792916e-07,0.3999942553984992,"{'table_obstacle': {'pos': [0.3825981920028062, 0.37518922255766707, 0.1646257963690813], 'size': [0.049837904948193595, 0.0813235869879147, 0.05243307039854257]}, 'pillar_obstacle': {'pos': [0.39994824830915515, -0.3824307480766307, 0.23470116647765446], 'size': [0.033663755439403885, 0.20172185302840845, 0.0]}, 'small_block': {'pos': [0.6140097595303955, -0.3535133918987863, 0.1097032402875184], 'size': [0.04461973939918376, 0.0849493067344041, 0.09534921802665242]}}"
5.516000000000177,0.5759984672321448,0.0,0.4,0.5716782770703738,2.524670956065742e-07,0.39999429167063216,"{'table_obstacle': {'pos': [0.3825981920028062, 0.37518922255766707, 0.1646257963690813], 'size': [0.049837904948193595, 0.0813235869879147, 0.05243307039854257]}, 'pillar_obstacle': {'pos': [0.39994824830915515, -0.3824307480766307, 0.23470116647765446], 'size': [0.033663755439403885, 0.20172185302840845, 0.0]}, 'small_block': {'pos': [0.6140097595303955, -0.3535133918987863, 0.1097032402875184], 'size': [0.04461973939918376, 0.0849493067344041, 0.09534921802665242]}}"
5.517000000000177,0.5759984672321448,0.0,0.4,0.5717396267210416,2.3700710212515603e-07,0.39999433141145857,"{'table_obstacle': {'pos': [0.3825981920028062, 0.37518922255766707, 0.1646257963690813], 'size': [0.049837904948193595, 0.0813235869879147, 0.05243307039854257]}, 'pillar_obstacle': {'pos': [0.39994824830915515, -0.3824307480766307, 0.23470116647765446], 'size': [0.033663755439403885, 0.20172185302840845, 0.0]}, 'small_block': {'pos': [0.6140097595303955, -0.3535133918987863, 0.1097032402875184], 'size': [0.04461973939918376, 0.0849493067344041, 0.09534921802665242]}}"
5.518000000000177,0.5759984672321448,0.0,0.4,0.5718001418077356,2.2128838221830747e-07,0.3999943740950388,"{'table_obstacle': {'pos': [0.3825981920028062, 0.37518922255766707, 0.1646257963690813], 'size': [0.049837904948193595, 0.0813235869879147, 0.05243307039854257]}, 'pillar_obstacle': {'pos': [0.39994824830915515, -0.3824307480766307, 0.23470116647765446], 'size': [0.033663755439403885, 0.20172185302840845, 0.0]}, 'small_block': {'pos': [0.6140097595303955, -0.3535133918987863, 0.1097032402875184], 'size': [0.04461973939918376, 0.0849493067344041, 0.09534921802665242]}}"
5.519000000000178,0.5759984672321448,0.0,0.4,0.5718598269733007,2.0542027940726932e-07,0.399994419266666,"{'table_obstacle': {'pos': [0.3825981920028062, 0.37518922255766707, 0.1646257963690813], 'size': [0.049837904948193595, 0.0813235869879147, 0.05243307039854257]}, 'pillar_obstacle': {'pos': [0.39994824830915515, -0.3824307480766307, 0.23470116647765446], 'size': [0.033663755439403885, 0.20172185302840845, 0.0]}, 'small_block': {'pos': [0.6140097595303955, -0.3535133918987863, 0.1097032402875184], 'size': [0.04461973939918376, 0.0849493067344041, 0.09534921802665242]}}"
5.520000000000178,0.5759984672321448,0.0,0.4,0.5719186881508542,1.894946323141358e-07,0.3999944665339243,"{'table_obstacle': {'pos': [0.3825981920028062, 0.37518922255766707, 0.1646257963690813], 'size': [0.049837904948193595, 0.0813235869879147, 0.05243307039854257]}, 'pillar_obstacle': {'pos': [0.39994824830915515, -0.3824307480766307, 0.23470116647765446], 'size': [0.033663755439403885, 0.20172185302840845, 0.0]}, 'small_block': {'pos': [0.6140097595303955, -0.3535133918987863, 0.1097032402875184], 'size': [0.04461973939918376, 0.0849493067344041, 0.09534921802665242]}}"
5.521000000000178,0.5759984672321448,0.0,0.4,0.5719767322901467,1.7358817680718233e-07,0.3999945155586169,"{'table_obstacle': {'pos': [0.3825981920028062, 0.37518922255766707, 0.1646257963690813], 'size': [0.049837904948193595, 0.0813235869879147, 0.05243307039854257]}, 'pillar_obstacle': {'pos': [0.39994824830915515, -0.3824307480766307, 0.23470116647765446], 'size': [0.033663755439403885, 0.20172185302840845, 0.0]}, 'small_block': {'pos': [0.6140097595303955, -0.3535133918987863, 0.1097032402875184], 'size': [0.04461973939918376, 0.0849493067344041, 0.09534921802665242]}}"
5.522000000000179,0.5759984672321448,0.0,0.4,0.5720339671359144,1.5776467179633393e-07,0.3999945660495604,"{'table_obstacle': {'pos': [0.3825981920028062, 0.37518922255766707, 0.1646257963690813], 'size': [0.049837904948193595, 0.0813235869879147, 0.05243307039854257]}, 'pillar_obstacle': {'pos': [0.39994824830915515, -0.3824307480766307, 0.23470116647765446], 'size': [0.033663755439403885, 0.20172185302840845, 0.0]}, 'small_block': {'pos': [0.6140097595303955, -0.3535133918987863, 0.1097032402875184], 'size': [0.04461973939918376, 0.0849493067344041, 0.09534921802665242]}}"
5.523000000000179,0.5759984672321448,0.0,0.4,0.5720904010484208,1.4207676947005066e-07,0.39999461775619694,"{'table_obstacle': {'pos': [0.3825981920028062, 0.37518922255766707, 0.1646257963690813], 'size': [0.049837904948193595, 0.0813235869879147, 0.05243307039854257]}, 'pillar_obstacle': {'pos': [0.39994824830915515, -0.3824307480766307, 0.23470116647765446], 'size': [0.033663755439403885, 0.20172185302840845, 0.0]}, 'small_block': {'pos': [0.6140097595303955, -0.3535133918987863, 0.1097032402875184], 'size': [0.04461973939918376, 0.0849493067344041, 0.09534921802665242]}}"
5.524000000000179,0.5759984672321448,0.0,0.4,0.5721460428582267,1.2656764887146494e-07,0.39999467046297654,"{'table_obstacle': {'pos': [0.3825981920028062, 0.37518922255766707, 0.1646257963690813], 'size': [0.049837904948193595, 0.0813235869879147, 0.05243307039854257]}, 'pillar_obstacle': {'pos': [0.39994824830915515, -0.3824307480766307, 0.23470116647765446], 'size': [0.033663755439403885, 0.20172185302840845, 0.0]}, 'small_block': {'pos': [0.6140097595303955, -0.3535133918987863, 0.1097032402875184], 'size': [0.04461973939918376, 0.0849493067344041, 0.09534921802665242]}}"
5.52500000000018,0.5759984672321448,0.0,0.4,0.5722009017487335,1.1127243420822769e-07,0.39999472398444247,"{'table_obstacle': {'pos': [0.3825981920028062, 0.37518922255766707, 0.1646257963690813], 'size': [0.049837904948193595, 0.0813235869879147, 0.05243307039854257]}, 'pillar_obstacle': {'pos': [0.39994824830915515, -0.3824307480766307, 0.23470116647765446], 'size': [0.033663755439403885, 0.20172185302840845, 0.0]}, 'small_block': {'pos': [0.6140097595303955, -0.3535133918987863, 0.1097032402875184], 'size': [0.04461973939918376, 0.0849493067344041, 0.09534921802665242]}}"
5.52600000000018,0.5759984672321448,0.0,0.4,0.572254987161256,9.621942184790453e-08,0.39999477816095735,"{'table_obstacle': {'pos': [0.3825981920028062, 0.37518922255766707, 0.1646257963690813], 'size': [0.049837904948193595, 0.0813235869879147, 0.05243307039854257]}, 'pillar_obstacle': {'pos': [0.39994824830915515, -0.3824307480766307, 0.23470116647765446], 'size': [0.033663755439403885, 0.20172185302840845, 0.0]}, 'small_block': {'pos': [0.6140097595303955, -0.3535133918987863, 0.1097032402875184], 'size': [0.04461973939918376, 0.0849493067344041, 0.09534921802665242]}}"
5.52700000000018,0.5759984672321448,0.0,0.4,0.5723083087183769,8.143113753850694e-08,0.39999483285499704,"{'table_obstacle': {'pos': [0.3825981920028062, 0.37518922255766707, 0.1646257963690813], 'size': [0.049837904948193595, 0.0813235869879147, 0.05243307039854257]}, 'pillar_obstacle': {'pos': [0.39994824830915515, -0.3824307480766307, 0.23470116647765446], 'size': [0.033663755439403885, 0.20172185302840845, 0.0]}, 'small_block': {'pos': [0.6140097595303955, -0.3535133918987863, 0.1097032402875184], 'size': [0.04461973939918376, 0.0849493067344041, 0.09534921802665242]}}"
5.528000000000181,0.5759984672321448,0.0,0.4,0.5723608761621316,6.692524242836933e-08,0.39999488794795385,"{'table_obstacle': {'pos': [0.3825981920028062, 0.37518922255766707, 0.1646257963690813], 'size': [0.049837904948193595, 0.0813235869879147, 0.05243307039854257]}, 'pillar_obstacle': {'pos': [0.39994824830915515, -0.3824307480766307, 0.23470116647765446], 'size': [0.033663755439403885, 0.20172185302840845, 0.0]}, 'small_block': {'pos': [0.6140097595303955, -0.3535133918987863, 0.1097032402875184], 'size': [0.04461973939918376, 0.0849493067344041, 0.09534921802665242]}}"
5.529000000000181,0.5759984672321448,0.0,0.4,0.5724126993042216,5.271530936093825e-08,0.3999949433373856,"{'table_obstacle': {'pos': [0.3825981920028062, 0.37518922255766707, 0.1646257963690813], 'size': [0.049837904948193595, 0.0813235869879147, 0.05243307039854257]}, 'pillar_obstacle': {'pos': [0.39994824830915515, -0.3824307480766307, 0.23470116647765446], 'size': [0.033663755439403885, 0.20172185302840845, 0.0]}, 'small_block': {'pos': [0.6140097595303955, -0.3535133918987863, 0.1097032402875184], 'size': [0.04461973939918376, 0.0849493067344041, 0.09534921802665242]}}"
5.530000000000181,0.5759984672321448,0.0,0.4,0.5724637879859877,3.881148306560376e-08,0.39999499893465623,"{'table_obstacle': {'pos': [0.3825981920028062, 0.37518922255766707, 0.1646257963690813], 'size': [0.049837904948193595, 0.0813235869879147, 0.05243307039854257]}, 'pillar_obstacle': {'pos': [0.39994824830915515, -0.3824307480766307, 0.23470116647765446], 'size': [0.033663755439403885, 0.20172185302840845, 0.0]}, 'small_block': {'pos': [0.6140097595303955, -0.3535133918987863, 0.1097032402875184], 'size': [0.04461973939918376, 0.0849493067344041, 0.09534921802665242]}}"
5.531000000000182,0.5759984672321448,0.0,0.4,0.5725141520462976,2.5221042273075774e-08,0.39999505466291585,"{'table_obstacle': {'pos': [0.3825981920028062, 0.37518922255766707, 0.1646257963690813], 'size': [0.049837904948193595, 0.0813235869879147, 0.05243307039854257]}, 'pillar_obstacle': {'pos': [0.39994824830915515, -0.3824307480766307, 0.23470116647765446], 'size': [0.033663755439403885, 0.20172185302840845, 0.0]}, 'small_block': {'pos': [0.6140097595303955, -0.3535133918987863, 0.1097032402875184], 'size': [0.04461973939918376, 0.0849493067344041, 0.09534921802665242]}}"
5.532000000000182,0.5759984672321448,0.0,0.4,0.5725638012958516,1.1948878211719486e-08,0.3999951104553772,"{'table_obstacle': {'pos': [0.3825981920028062, 0.37518922255766707, 0.1646257963690813], 'size': [0.049837904948193595, 0.0813235869879147, 0.05243307039854257]}, 'pillar_obstacle': {'pos': [0.39994824830915515, -0.3824307480766307, 0.23470116647765446], 'size': [0.033663755439403885, 0.20172185302840845, 0.0]}, 'small_block': {'pos': [0.6140097595303955, -0.3535133918987863, 0.1097032402875184], 'size': [0.04461973939918376, 0.0849493067344041, 0.09534921802665242]}}"
5.533000000000182,0.5759984672321448,0.0,0.4,0.5726127454966935,-1.0021035074999907e-09,0.3999951662538465,"{'table_obstacle': {'pos': [0.3825981920028062, 0.37518922255766707, 0.1646257963690813], 'size': [0.049837904948193595, 0.0813235869879147, 0.05243307039854257]}, 'pillar_obstacle': {'pos': [0.39994824830915515, -0.3824307480766307, 0.23470116647765446], 'size': [0.033663755439403885, 0.20172185302840845, 0.0]}, 'small_block': {'pos': [0.6140097595303955, -0.3535133918987863, 0.1097032402875184], 'size': [0.04461973939918376, 0.0849493067344041, 0.09534921802665242]}}"
5.534000000000183,0.5759984672321448,0.0,0.4,0.5726609943459413,-1.3630641121886024e-08,0.3999952220074744,"{'table_obstacle': {'pos': [0.3825981920028062, 0.37518922255766707, 0.1646257963690813], 'size': [0.049837904948193595, 0.0813235869879147, 0.05243307039854257]}, 'pillar_obstacle': {'pos': [0.39994824830915515, -0.3824307480766307, 0.23470116647765446], 'size': [0.033663755439403885, 0.20172185302840845, 0.0]}, 'small_block': {'pos': [0.6140097595303955, -0.3535133918987863, 0.1097032402875184], 'size': [0.04461973939918376, 0.0849493067344041, 0.09534921802665242]}}"
5.535000000000183,0.5759984672321448,0.0,0.4,0.5727085574629355,-2.5936829429532715e-08,0.3999952776716926,"{'table_obstacle': {'pos': [0.3825981920028062, 0.37518922255766707, 0.1646257963690813], 'size': [0.049837904948193595, 0.0813235869879147, 0.05243307039854257]}, 'pillar_obstacle': {'pos': [0.39994824830915515, -0.3824307480766307, 0.23470116647765446], 'size': [0.033663755439403885, 0.20172185302840845, 0.0]}, 'small_block': {'pos': [0.6140097595303955, -0.3535133918987863, 0.1097032402875184], 'size': [0.04461973939918376, 0.0849493067344041, 0.09534921802665242]}}"
5.536000000000183,0.5759984672321448,0.0,0.4,0.5727554443791595,-3.792187746699627e-08,0.39999533320731395,"{'table_obstacle': {'pos': [0.3825981920028062, 0.37518922255766707, 0.1646257963690813], 'size': [0.049837904948193595, 0.0813235869879147, 0.05243307039854257]}, 'pillar_obstacle': {'pos': [0.39994824830915515, -0.3824307480766307, 0.23470116647765446], 'size': [0.033663755439403885, 0.20172185302840845, 0.0]}, 'small_block': {'pos': [0.6140097595303955, -0.3535133918987863, 0.1097032402875184], 'size': [0.04461973939918376, 0.0849493067344041, 0.09534921802665242]}}"
5.537000000000184,0.5759984672321448,0.0,0.4,0.5728016645304056,-4.958790656313572e-08,0.3999953885797689,"{'table_obstacle': {'pos': [0.3825981920028062, 0.37518922255766707, 0.1646257963690813], 'size': [0.049837904948193595, 0.0813235869879147, 0.05243307039854257]}, 'pillar_obstacle': {'pos': [0.39994824830915515, -0.3824307480766307, 0.23470116647765446], 'size': [0.033663755439403885, 0.20172185302840845, 0.0]}, 'small_block': {'pos': [0.6140097595303955, -0.3535133918987863, 0.1097032402875184], 'size': [0.04461973939918376, 0.0849493067344041, 0.09534921802665242]}}"
5.538000000000184,0.5759984672321448,0.0,0.4,0.5728472272507553,-6.093777891867641e-08,0.3999954437584566,"{'table_obstacle': {'pos': [0.3825981920028062, 0.37518922255766707, 0.1646257963690813], 'size': [0.049837904948193595, 0.0813235869879147, 0.05243307039854257]}, 'pillar_obstacle': {'pos': [0.39994824830915515, -0.3824307480766307, 0.23470116647765446], 'size': [0.033663755439403885, 0.20172185302840845, 0.0]}, 'small_block': {'pos': [0.6140097595303955, -0.3535133918987863, 0.1097032402875184], 'size': [0.04461973939918376, 0.0849493067344041, 0.09534921802665242]}}"
5.539000000000184,0.5759984672321448,0.0,0.4,0.5728921417680308,-7.197495555607262e-08,0.3999954987161991,"{'table_obstacle': {'pos': [0.3825981920028062, 0.37518922255766707, 0.1646257963690813], 'size': [0.049837904948193595, 0.0813235869879147, 0.05243307039854257]}, 'pillar_obstacle': {'pos': [0.39994824830915515, -0.3824307480766307, 0.23470116647765446], 'size': [0.033663755439403885, 0.20172185302840845, 0.0]}, 'small_block': {'pos': [0.6140097595303955, -0.3535133918987863, 0.1097032402875184], 'size': [0.04461973939918376, 0.0849493067344041, 0.09534921802665242]}}"
5.540000000000185,0.5759984672321448,0.0,0.4,0.5729364172004361,-8.27033775136151e-08,0.39999555342877613,"{'table_obstacle': {'pos': [0.3825981920028062, 0.37518922255766707, 0.1646257963690813], 'size': [0.049837904948193595, 0.0813235869879147, 0.05243307039854257]}, 'pillar_obstacle': {'pos': [0.39994824830915515, -0.3824307480766307, 0.23470116647765446], 'size': [0.033663755439403885, 0.20172185302840845, 0.0]}, 'small_block': {'pos': [0.6140097595303955, -0.3535133918987863, 0.1097032402875184], 'size': [0.04461973939918376, 0.0849493067344041, 0.09534921802665242]}}"
5.541000000000185,0.5759984672321448,0.0,0.4,0.5729800625541561,-9.312736553124536e-08,0.39999560787453226,"{'table_obstacle': {'pos': [0.3825981920028062, 0.37518922255766707, 0.1646257963690813], 'size': [0.049837904948193595, 0.0813235869879147, 0.05243307039854257]}, 'pillar_obstacle': {'pos': [0.39994824830915515, -0.3824307480766307, 0.23470116647765446], 'size': [0.033663755439403885, 0.20172185302840845, 0.0]}, 'small_block': {'pos': [0.6140097595303955, -0.3535133918987863, 0.1097032402875184], 'size': [0.04461973939918376, 0.0849493067344041, 0.09534921802665242]}}"
5.5420000000001854,0.5759984672321448,0.0,0.4,0.5730230867217345,-1.0325153781123925e-07,0.39999566203404546,"{'table_obstacle': {'pos': [0.3825981920028062, 0.37518922255766707, 0.1646257963690813], 'size': [0.049837904948193595, 0.0813235869879147, 0.05243307039854257]}, 'pillar_obstacle': {'pos': [0.39994824830915515, -0.3824307480766307, 0.23470116647765446], 'size': [0.033663755439403885, 0.20172185302840845, 0.0]}, 'small_block': {'pos': [0.6140097595303955, -0.3535133918987863, 0.1097032402875184], 'size': [0.04461973939918376, 0.0849493067344041, 0.09534921802665242]}}"
5.543000000000186,0.5759984672321448,0.0,0.4,0.5730654984810724,-1.1308074156853761e-07,0.39999571588984384,"{'table_obstacle': {'pos': [0.3825981920028062, 0.37518922255766707, 0.1646257963690813], 'size': [0.049837904948193595, 0.0813235869879147, 0.05243307039854257]}, 'pillar_obstacle': {'pos': [0.39994824830915515, -0.3824307480766307, 0.23470116647765446], 'size': [0.033663755439403885, 0.20172185302840845, 0.0]}, 'small_block': {'pos': [0.6140097595303955, -0.3535133918987863, 0.1097032402875184], 'size': [0.04461973939918376, 0.0849493067344041, 0.09534921802665242]}}"
5.544000000000186,0.5759984672321448,0.0,0.4,0.5731073064949302,-1.2261999521247605e-07,0.3999957694261683,"{'table_obstacle': {'pos': [0.3825981920028062, 0.37518922255766707, 0.1646257963690813], 'size': [0.049837904948193595, 0.0813235869879147, 0.05243307039854257]}, 'pillar_obstacle': {'pos': [0.39994824830915515, -0.3824307480766307, 0.23470116647765446], 'size': [0.033663755439403885, 0.20172185302840845, 0.0]}, 'small_block': {'pos': [0.6140097595303955, -0.3535133918987863, 0.1097032402875184], 'size': [0.04461973939918376, 0.0849493067344041, 0.09534921802665242]}}"
5.5450000000001864,0.5759984672321448,0.0,0.4,0.5731485193108379,-1.3187444111203942e-07,0.39999582262876904,"{'table_obstacle': {'pos': [0.3825981920028062, 0.37518922255766707, 0.1646257963690813], 'size': [0.049837904948193595, 0.0813235869879147, 0.05243307039854257]}, 'pillar_obstacle': {'pos': [0.39994824830915515, -0.3824307480766307, 0.23470116647765446], 'size': [0.033663755439403885, 0.20172185302840845, 0.0]}, 'small_block': {'pos': [0.6140097595303955, -0.3535133918987863, 0.1097032402875184], 'size': [0.04461973939918376, 0.0849493067344041, 0.09534921802665242]}}"
5.546000000000187,0.5759984672321448,0.0,0.4,0.5731891453613219,-1.408493069892764e-07,0.39999587548473237,"{'table_obstacle': {'pos': [0.3825981920028062, 0.37518922255766707, 0.1646257963690813], 'size': [0.049837904948193595, 0.0813235869879147, 0.05243307039854257]}, 'pillar_obstacle': {'pos': [0.39994824830915515, -0.3824307480766307, 0.23470116647765446], 'size': [0.033663755439403885, 0.20172185302840845, 0.0]}, 'small_block': {'pos': [0.6140097595303955, -0.3535133918987863, 0.1097032402875184], 'size': [0.04461973939918376, 0.0849493067344041, 0.09534921802665242]}}"
5.547000000000187,0.5759984672321448,0.0,0.4,0.5732291929643953,-1.4954987296937836e-07,0.39999592798233585,"{'table_obstacle': {'pos': [0.3825981920028062, 0.37518922255766707, 0.1646257963690813], 'size': [0.049837904948193595, 0.0813235869879147, 0.05243307039854257]}, 'pillar_obstacle': {'pos': [0.39994824830915515, -0.3824307480766307, 0.23470116647765446], 'size': [0.033663755439403885, 0.20172185302840845, 0.0]}, 'small_block': {'pos': [0.6140097595303955, -0.3535133918987863, 0.1097032402875184], 'size': [0.04461973939918376, 0.0849493067344041, 0.09534921802665242]}}"
5.5480000000001874,0.5759984672321448,0.0,0.4,0.5732686703242514,-1.5798144501452361e-07,0.39999598011092086,"{'table_obstacle': {'pos': [0.3825981920028062, 0.37518922255766707, 0.1646257963690813], 'size': [0.049837904948193595, 0.0813235869879147, 0.05243307039854257]}, 'pillar_obstacle': {'pos': [0.39994824830915515, -0.3824307480766307, 0.23470116647765446], 'size': [0.033663755439403885, 0.20172185302840845, 0.0]}, 'small_block': {'pos': [0.6140097595303955, -0.3535133918987863, 0.1097032402875184], 'size': [0.04461973939918376, 0.0849493067344041, 0.09534921802665242]}}"
5.549000000000188,0.5759984672321448,0.0,0.4,0.5733075855321209,-1.6614933454165778e-07,0.39999603186078664,"{'table_obstacle': {'pos': [0.3825981920028062, 0.37518922255766707, 0.1646257963690813], 'size': [0.049837904948193595, 0.0813235869879147, 0.05243307039854257]}, 'pillar_obstacle': {'pos': [0.39994824830915515, -0.3824307480766307, 0.23470116647765446], 'size': [0.033663755439403885, 0.20172185302840845, 0.0]}, 'small_block': {'pos': [0.6140097595303955, -0.3535133918987863, 0.1097032402875184], 'size': [0.04461973939918376, 0.0849493067344041, 0.09534921802665242]}}"
5.550000000000188,0.5759984672321448,0.0,0.4,0.5733459465672563,-1.7405883837064246e-07,0.3999960832230986,"{'table_obstacle': {'pos': [0.3825981920028062, 0.37518922255766707, 0.1646257963690813], 'size': [0.049837904948193595, 0.0813235869879147, 0.05243307039854257]}, 'pillar_obstacle': {'pos': [0.39994824830915515, -0.3824307480766307, 0.23470116647765446], 'size': [0.033663755439403885, 0.20172185302840845, 0.0]}, 'small_block': {'pos': [0.6140097595303955, -0.3535133918987863, 0.1097032402875184], 'size': [0.04461973939918376, 0.0849493067344041, 0.09534921802665242]}}"
5.5510000000001885,0.5759984672321448,0.0,0.4,0.5733837612980176,-1.8171522588611508e-07,0.3999961341898084,"{'table_obstacle': {'pos': [0.3825981920028062, 0.37518922255766707, 0.1646257963690813], 'size': [0.049837904948193595, 0.0813235869879147, 0.05243307039854257]}, 'pillar_obstacle': {'pos': [0.39994824830915515, -0.3824307480766307, 0.23470116647765446], 'size': [0.033663755439403885, 0.20172185302840845, 0.0]}, 'small_block': {'pos': [0.6140097595303955, -0.3535133918987863, 0.1097032402875184], 'size': [0.04461973939918376, 0.0849493067344041, 0.09534921802665242]}}"
5.552000000000189,0.5759984672321448,0.0,0.4,0.573421037483034,-1.8912372670371884e-07,0.399996184753585,"{'table_obstacle': {'pos': [0.3825981920028062, 0.37518922255766707, 0.1646257963690813], 'size': [0.049837904948193595, 0.0813235869879147, 0.05243307039854257]}, 'pillar_obstacle': {'pos': [0.39994824830915515, -0.3824307480766307, 0.23470116647765446], 'size': [0.033663755439403885, 0.20172185302840845, 0.0]}, 'small_block': {'pos': [0.6140097595303955, -0.3535133918987863, 0.1097032402875184], 'size': [0.04461973939918376, 0.0849493067344041, 0.09534921802665242]}}"
5.553000000000189,0.5759984672321448,0.0,0.4,0.5734577827724237,-1.962895211635935e-07,0.39999623490775627,"{'table_obstacle': {'pos': [0.3825981920028062, 0.37518922255766707, 0.1646257963690813], 'size': [0.049837904948193595, 0.0813235869879147, 0.05243307039854257]}, 'pillar_obstacle': {'pos': [0.39994824830915515, -0.3824307480766307, 0.23470116647765446], 'size': [0.033663755439403885, 0.20172185302840845, 0.0]}, 'small_block': {'pos': [0.6140097595303955, -0.3535133918987863, 0.1097032402875184], 'size': [0.04461973939918376, 0.0849493067344041, 0.09534921802665242]}}"
5.5540000000001895,0.5759984672321448,0.0,0.4,0.5734940047090605,-2.0321773286777358e-07,0.39999628464625747,"{'table_obstacle': {'pos': [0.3825981920028062, 0.37518922255766707, 0.1646257963690813], 'size': [0.049837904948193595, 0.0813235869879147, 0.05243307039854257]}, 'pillar_obstacle': {'pos': [0.39994824830915515, -0.3824307480766307, 0.23470116647765446], 'size': [0.033663755439403885, 0.20172185302840845, 0.0]}, 'small_block': {'pos': [0.6140097595303955, -0.3535133918987863, 0.1097032402875184], 'size': [0.04461973939918376, 0.0849493067344041, 0.09534921802665242]}}"
5.55500000000019,0.5759984672321448,0.0,0.4,0.5735297107298689,-2.0991342312433018e-07,0.3999963339635842,"{'table_obstacle': {'pos': [0.3825981920028062, 0.37518922255766707, 0.1646257963690813], 'size': [0.049837904948193595, 0.0813235869879147, 0.05243307039854257]}, 'pillar_obstacle': {'pos': [0.39994824830915515, -0.3824307480766307, 0.23470116647765446], 'size': [0.033663755439403885, 0.20172185302840845, 0.0]}, 'small_block': {'pos': [0.6140097595303955, -0.3535133918987863, 0.1097032402875184], 'size': [0.04461973939918376, 0.0849493067344041, 0.09534921802665242]}}"
5.55600000000019,0.5759984672321448,0.0,0.4,0.5735649081671433,-2.1638158498142964e-07,0.3999963828547541,"{'table_obstacle': {'pos': [0.3825981920028062, 0.37518922255766707, 0.1646257963690813], 'size': [0.049837904948193595, 0.0813235869879147, 0.05243307039854257]}, 'pillar_obstacle': {'pos': [0.39994824830915515, -0.3824307480766307, 0.23470116647765446], 'size': [0.033663755439403885, 0.20172185302840845, 0.0]}, 'small_block': {'pos': [0.6140097595303955, -0.3535133918987863, 0.1097032402875184], 'size': [0.04461973939918376, 0.0849493067344041, 0.09534921802665242]}}"
5.5570000000001905,0.5759984672321448,0.0,0.4,0.5735996042498799,-2.2262714117727426e-07,0.3999964313152709,"{'table_obstacle': {'pos': [0.3825981920028062, 0.37518922255766707, 0.1646257963690813], 'size': [0.049837904948193595, 0.0813235869879147, 0.05243307039854257]}, 'pillar_obstacle': {'pos': [0.39994824830915515, -0.3824307480766307, 0.23470116647765446], 'size': [0.033663755439403885, 0.20172185302840845, 0.0]}, 'small_block': {'pos': [0.6140097595303955, -0.3535133918987863, 0.1097032402875184], 'size': [0.04461973939918376, 0.0849493067344041, 0.09534921802665242]}}"
5.558000000000191,0.5759984672321448,0.0,0.4,0.5736338061051178,-2.2865494012074216e-07,0.39999647934109267,"{'table_obstacle': {'pos': [0.3825981920028062, 0.37518922255766707, 0.1646257963690813], 'size': [0.049837904948193595, 0.0813235869879147, 0.05243307039854257]}, 'pillar_obstacle': {'pos': [0.39994824830915515, -0.3824307480766307, 0.23470116647765446], 'size': [0.033663755439403885, 0.20172185302840845, 0.0]}, 'small_block': {'pos': [0.6140097595303955, -0.3535133918987863, 0.1097032402875184], 'size': [0.04461973939918376, 0.0849493067344041, 0.09534921802665242]}}"
5.559000000000191,0.5759984672321448,0.0,0.4,0.5736675207592833,-2.3446975469244556e-07,0.3999965269286039,"{'table_obstacle': {'pos': [0.3825981920028062, 0.37518922255766707, 0.1646257963690813], 'size': [0.049837904948193595, 0.0813235869879147, 0.05243307039854257]}, 'pillar_obstacle': {'pos': [0.39994824830915515, -0.3824307480766307, 0.23470116647765446], 'size': [0.033663755439403885, 0.20172185302840845, 0.0]}, 'small_block': {'pos': [0.6140097595303955, -0.3535133918987863, 0.1097032402875184], 'size': [0.04461973939918376, 0.0849493067344041, 0.09534921802665242]}}"
5.5600000000001915,0.5759984672321448,0.0,0.4,0.57370075513953,-2.4007628031561006e-07,0.3999965740745892,"{'table_obstacle': {'pos': [0.3825981920028062, 0.37518922255766707, 0.1646257963690813], 'size': [0.049837904948193595, 0.0813235869879147, 0.05243307039854257]}, 'pillar_obstacle': {'pos': [0.39994824830915515, -0.3824307480766307, 0.23470116647765446], 'size': [0.033663755439403885, 0.20172185302840845, 0.0]}, 'small_block': {'pos': [0.6140097595303955, -0.3535133918987863, 0.1097032402875184], 'size': [0.04461973939918376, 0.0849493067344041, 0.09534921802665242]}}"
5.561000000000192,0.5759984672321448,0.0,0.4,0.5737335160750785,-2.454791342995764e-07,0.39999662077621234,"{'table_obstacle': {'pos': [0.3825981920028062, 0.37518922255766707, 0.1646257963690813], 'size': [0.049837904948193595, 0.0813235869879147, 0.05243307039854257]}, 'pillar_obstacle': {'pos': [0.39994824830915515, -0.3824307480766307, 0.23470116647765446], 'size': [0.033663755439403885, 0.20172185302840845, 0.0]}, 'small_block': {'pos': [0.6140097595303955, -0.3535133918987863, 0.1097032402875184], 'size': [0.04461973939918376, 0.0849493067344041, 0.09534921802665242]}}"
5.562000000000192,0.5759984672321448,0.0,0.4,0.5737658102985447,-2.5068285544719083e-07,0.39999666703099335,"{'table_obstacle': {'pos': [0.3825981920028062, 0.37518922255766707, 0.1646257963690813], 'size': [0.049837904948193595, 0.0813235869879147, 0.05243307039854257]}, 'pillar_obstacle': {'pos': [0.39994824830915515, -0.3824307480766307, 0.23470116647765446], 'size': [0.033663755439403885, 0.20172185302840845, 0.0]}, 'small_block': {'pos': [0.6140097595303955, -0.3535133918987863, 0.1097032402875184], 'size': [0.04461973939918376, 0.0849493067344041, 0.09534921802665242]}}"
5.5630000000001925,0.5759984672321448,0.0,0.4,0.573797644447264,-2.556919035347574e-07,0.39999671283678917,"{'table_obstacle': {'pos': [0.3825981920028062, 0.37518922255766707, 0.1646257963690813], 'size': [0.049837904948193595, 0.0813235869879147, 0.05243307039854257]}, 'pillar_obstacle': {'pos': [0.39994824830915515, -0.3824307480766307, 0.23470116647765446], 'size': [0.033663755439403885, 0.20172185302840845, 0.0]}, 'small_block': {'pos': [0.6140097595303955, -0.3535133918987863, 0.1097032402875184], 'size': [0.04461973939918376, 0.0849493067344041, 0.09534921802665242]}}"
5.564000000000193,0.5759984672321448,0.0,0.4,0.5738290250645982,-2.6051065960890525e-07,0.3999967581917775,"{'table_obstacle': {'pos': [0.3825981920028062, 0.37518922255766707, 0.1646257963690813], 'size': [0.049837904948193595, 0.0813235869879147, 0.05243307039854257]}, 'pillar_obstacle': {'pos': [0.39994824830915515, -0.3824307480766307, 0.23470116647765446], 'size': [0.033663755439403885, 0.20172185302840845, 0.0]}, 'small_block': {'pos': [0.6140097595303955, -0.3535133918987863, 0.1097032402875184], 'size': [0.04461973939918376, 0.0849493067344041, 0.09534921802665242]}}"
5.565000000000193,0.5759984672321448,0.0,0.4,0.5738599586012364,-2.6514342615124556e-07,0.3999968030944396,"{'table_obstacle': {'pos': [0.3825981920028062, 0.37518922255766707, 0.1646257963690813], 'size': [0.049837904948193595, 0.0813235869879147, 0.05243307039854257]}, 'pillar_obstacle': {'pos': [0.39994824830915515, -0.3824307480766307, 0.23470116647765446], 'size': [0.033663755439403885, 0.20172185302840845, 0.0]}, 'small_block': {'pos': [0.6140097595303955, -0.3535133918987863, 0.1097032402875184], 'size': [0.04461973939918376, 0.0849493067344041, 0.09534921802665242]}}"
5.5660000000001935,0.5759984672321448,0.0,0.4,0.5738904514164787,-2.695944283320138e-07,0.3999968475435441,"{'table_obstacle': {'pos': [0.3825981920028062, 0.37518922255766707, 0.1646257963690813], 'size': [0.049837904948193595, 0.0813235869879147, 0.05243307039854257]}, 'pillar_obstacle': {'pos': [0.39994824830915515, -0.3824307480766307, 0.23470116647765446], 'size': [0.033663755439403885, 0.20172185302840845, 0.0]}, 'small_block': {'pos': [0.6140097595303955, -0.3535133918987863, 0.1097032402875184], 'size': [0.04461973939918376, 0.0849493067344041, 0.09534921802665242]}}"
5.567000000000194,0.5759984672321448,0.0,0.4,0.5739205097795077,-2.738678129171324e-07,0.3999968915381346,"{'table_obstacle': {'pos': [0.3825981920028062, 0.37518922255766707, 0.1646257963690813], 'size': [0.049837904948193595, 0.0813235869879147, 0.05243307039854257]}, 'pillar_obstacle': {'pos': [0.39994824830915515, -0.3824307480766307, 0.23470116647765446], 'size': [0.033663755439403885, 0.20172185302840845, 0.0]}, 'small_block': {'pos': [0.6140097595303955, -0.3535133918987863, 0.1097032402875184], 'size': [0.04461973939918376, 0.0849493067344041, 0.09534921802665242]}}"
5.568000000000194,0.5759984672321448,0.0,0.4,0.5739501398706464,-2.7796765076831303e-07,0.399996935077515,"{'table_obstacle': {'pos': [0.3825981920028062, 0.37518922255766707, 0.1646257963690813], 'size': [0.049837904948193595, 0.0813235869879147, 0.05243307039854257]}, 'pillar_obstacle': {'pos': [0.39994824830915515, -0.3824307480766307, 0.23470116647765446], 'size': [0.033663755439403885, 0.20172185302840845, 0.0]}, 'small_block': {'pos': [0.6140097595303955, -0.3535133918987863, 0.1097032402875184], 'size': [0.04461973939918376, 0.0849493067344041, 0.09534921802665242]}}"
5.5690000000001945,0.5759984672321448,0.0,0.4,0.5739793477825983,-2.818979372586517e-07,0.3999969781612369,"{'table_obstacle': {'pos': [0.3825981920028062, 0.37518922255766707, 0.1646257963690813], 'size': [0.049837904948193595, 0.0813235869879147, 0.05243307039854257]}, 'pillar_obstacle': {'pos': [0.39994824830915515, -0.3824307480766307, 0.23470116647765446], 'size': [0.033663755439403885, 0.20172185302840845, 0.0]}, 'small_block': {'pos': [0.6140097595303955, -0.3535133918987863, 0.1097032402875184], 'size': [0.04461973939918376, 0.0849493067344041, 0.09534921802665242]}}"
5.570000000000195,0.5799984131799407,0.0,0.4,0.5740081395216761,-2.8566259181109557e-07,0.3999970207890883,"{'table_obstacle': {'pos': [0.3825981920028062, 0.37518922255766707, 0.1646257963690813], 'size': [0.049837904948193595, 0.0813235869879147, 0.05243307039854257]}, 'pillar_obstacle': {'pos': [0.39994824830915515, -0.3824307480766307, 0.23470116647765446], 'size': [0.033663755439403885, 0.20172185302840845, 0.0]}, 'small_block': {'pos': [0.6140097595303955, -0.3535133918987863, 0.1097032402875184], 'size': [0.04461973939918376, 0.0849493067344041, 0.09534921802665242]}}"
5.571000000000195,0.5799984131799407,0.0,0.4,0.5740472371316753,-2.5255685107935396e-07,0.39999690666436244,"{'table_obstacle': {'pos': [0.3825981920028062, 0.37518922255766707, 0.1646257963690813], 'size': [0.049837904948193595, 0.0813235869879147, 0.05243307039854257]}, 'pillar_obstacle': {'pos': [0.39994824830915515, -0.3824307480766307, 0.23470116647765446], 'size': [0.033663755439403885, 0.20172185302840845, 0.0]}, 'small_block': {'pos': [0.6140097595303955, -0.3535133918987863, 0.1097032402875184], 'size': [0.04461973939918376, 0.0849493067344041, 0.09534921802665242]}}"
5.5720000000001955,0.5799984131799407,0.0,0.4,0.574094477224615,-1.9758350545330846e-07,0.3999966961373046,"{'table_obstacle': {'pos': [0.3825981920028062, 0.37518922255766707, 0.1646257963690813], 'size': [0.049837904948193595, 0.0813235869879147, 0.05243307039854257]}, 'pillar_obstacle': {'pos': [0.39994824830915515, -0.3824307480766307, 0.23470116647765446], 'size': [0.033663755439403885, 0.20172185302840845, 0.0]}, 'small_block': {'pos': [0.6140097595303955, -0.3535133918987863, 0.1097032402875184], 'size': [0.04461973939918376, 0.0849493067344041, 0.09534921802665242]}}"
5.573000000000196,0.5799984131799407,0.0,0.4,0.5741481063360577,-1.31342689124119e-07,0.399996432093107,"{'table_obstacle': {'pos': [0.3825981920028062, 0.37518922255766707, 0.1646257963690813], 'size': [0.049837904948193595, 0.0813235869879147, 0.05243307039854257]}, 'pillar_obstacle': {'pos': [0.39994824830915515, -0.3824307480766307, 0.23470116647765446], 'size': [0.033663755439403885, 0.20172185302840845, 0.0]}, 'small_block': {'pos': [0.6140097595303955, -0.3535133918987863, 0.1097032402875184], 'size': [0.04461973939918376, 0.0849493067344041, 0.09534921802665242]}}"
5.574000000000196,0.5799984131799407,0.0,0.4,0.5742067040011871,-6.116626162301658e-08,0.3999961444969061,"{'table_obstacle': {'pos': [0.3825981920028062, 0.37518922255766707, 0.1646257963690813], 'size': [0.049837904948193595, 0.0813235869879147, 0.05243307039854257]}, 'pillar_obstacle': {'pos': [0.39994824830915515, -0.3824307480766307, 0.23470116647765446], 'size': [0.033663755439403885, 0.20172185302840845, 0.0]}, 'small_block': {'pos': [0.6140097595303955, -0.3535133918987863, 0.1097032402875184], 'size': [0.04461973939918376, 0.0849493067344041, 0.09534921802665242]}}"
5.5750000000001965,0.5799984131799407,0.0,0.4,0.5742691201857033,8.020914778472294e-09,0.3999958538091641,"{'table_obstacle': {'pos': [0.3825981920028062, 0.37518922255766707, 0.1646257963690813], 'size': [0.049837904948193595, 0.0813235869879147, 0.05243307039854257]}, 'pillar_obstacle': {'pos': [0.39994824830915515, -0.3824307480766307, 0.23470116647765446], 'size': [0.033663755439403885, 0.20172185302840845, 0.0]}, 'small_block': {'pos': [0.6140097595303955, -0.3535133918987863, 0.1097032402875184], 'size': [0.04461973939918376, 0.0849493067344041, 0.09534921802665242]}}"
5.576000000000197,0.5799984131799407,0.0,0.4,0.5743344244189095,7.304958911558759e-08,0.39999557354848686,"{'table_obstacle': {'pos': [0.3825981920028062, 0.37518922255766707, 0.1646257963690813], 'size': [0.049837904948193595, 0.0813235869879147, 0.05243307039854257]}, 'pillar_obstacle': {'pos': [0.39994824830915515, -0.3824307480766307, 0.23470116647765446], 'size': [0.033663755439403885, 0.20172185302840845, 0.0]}, 'small_block': {'pos': [0.6140097595303955, -0.3535133918987863, 0.1097032402875184], 'size': [0.04461973939918376, 0.0849493067344041, 0.09534921802665242]}}"
5.577000000000197,0.5799984131799407,0.0,0.4,0.5744018644573423,1.320157295215848e-07,0.3999953122102424,"{'table_obstacle': {'pos': [0.3825981920028062, 0.37518922255766707, 0.1646257963690813], 'size': [0.049837904948193595, 0.0813235869879147, 0.05243307039854257]}, 'pillar_obstacle': {'pos': [0.39994824830915515, -0.3824307480766307, 0.23470116647765446], 'size': [0.033663755439403885, 0.20172185302840845, 0.0]}, 'small_block': {'pos': [0.6140097595303955, -0.3535133918987863, 0.1097032402875184], 'size': [0.04461973939918376, 0.0849493067344041, 0.09534921802665242]}}"
5.5780000000001975,0.5799984131799407,0.0,0.4,0.5744708327043155,1.8391332115772679e-07,0.3999950746982144,"{'table_obstacle': {'pos': [0.3825981920028062, 0.37518922255766707, 0.1646257963690813], 'size': [0.049837904948193595, 0.0813235869879147, 0.05243307039854257]}, 'pillar_obstacle': {'pos': [0.39994824830915515, -0.3824307480766307, 0.23470116647765446], 'size': [0.033663755439403885, 0.20172185302840845, 0.0]}, 'small_block': {'pos': [0.6140097595303955, -0.3535133918987863, 0.1097032402875184], 'size': [0.04461973939918376, 0.0849493067344041, 0.09534921802665242]}}"
5.579000000000198,0.5799984131799407,0.0,0.4,0.5745408389372931,2.2836116188753197e-07,0.3999948633882673,"{'table_obstacle': {'pos': [0.3825981920028062, 0.37518922255766707, 0.1646257963690813], 'size': [0.049837904948193595, 0.0813235869879147, 0.05243307039854257]}, 'pillar_obstacle': {'pos': [0.39994824830915515, -0.3824307480766307, 0.23470116647765446], 'size': [0.033663755439403885, 0.20172185302840845, 0.0]}, 'small_block': {'pos': [0.6140097595303955, -0.3535133918987863, 0.1097032402875184], 'size': [0.04461973939918376, 0.0849493067344041, 0.09534921802665242]}}"
5.580000000000198,0.5799984131799407,0.0,0.4,0.5746114881628382,2.654011414791868e-07,0.3999946789142131,"{'table_obstacle': {'pos': [0.3825981920028062, 0.37518922255766707, 0.1646257963690813], 'size': [0.049837904948193595, 0.0813235869879147, 0.05243307039854257]}, 'pillar_obstacle': {'pos': [0.39994824830915515, -0.3824307480766307, 0.23470116647765446], 'size': [0.033663755439403885, 0.20172185302840845, 0.0]}, 'small_block': {'pos': [0.6140097595303955, -0.3535133918987863, 0.1097032402875184], 'size': [0.04461973939918376, 0.0849493067344041, 0.09534921802665242]}}"
5.5810000000001985,0.5799984131799407,0.0,0.4,0.5746824626380859,2.9535067538183935e-07,0.3999945207443438,"{'table_obstacle': {'pos': [0.3825981920028062, 0.37518922255766707, 0.1646257963690813], 'size': [0.049837904948193595, 0.0813235869879147, 0.05243307039854257]}, 'pillar_obstacle': {'pos': [0.39994824830915515, -0.3824307480766307, 0.23470116647765446], 'size': [0.033663755439403885, 0.20172185302840845, 0.0]}, 'small_block': {'pos': [0.6140097595303955, -0.3535133918987863, 0.1097032402875184], 'size': [0.04461973939918376, 0.0849493067344041, 0.09534921802665242]}}"
5.582000000000199,0.5799984131799407,0.0,0.4,0.5747535072767413,3.186959759927905e-07,0.399994387600626,"{'table_obstacle': {'pos': [0.3825981920028062, 0.37518922255766707, 0.1646257963690813], 'size': [0.049837904948193595, 0.0813235869879147, 0.05243307039854257]}, 'pillar_obstacle': {'pos': [0.39994824830915515, -0.3824307480766307, 0.23470116647765446], 'size': [0.033663755439403885, 0.20172185302840845, 0.0]}, 'small_block': {'pos': [0.6140097595303955, -0.3535133918987863, 0.1097032402875184], 'size': [0.04461973939918376, 0.0849493067344041, 0.09534921802665242]}}"
5.583000000000199,0.5799984131799407,0.0,0.4,0.5748244178037015,3.3601596343417753e-07,0.39999427776004576,"{'table_obstacle': {'pos': [0.3825981920028062, 0.37518922255766707, 0.1646257963690813], 'size': [0.049837904948193595, 0.0813235869879147, 0.05243307039854257]}, 'pillar_obstacle': {'pos': [0.39994824830915515, -0.3824307480766307, 0.23470116647765446], 'size': [0.033663755439403885, 0.20172185302840845, 0.0]}, 'small_block': {'pos': [0.6140097595303955, -0.3535133918987863, 0.1097032402875184], 'size': [0.04461973939918376, 0.0849493067344041, 0.09534921802665242]}}"
5.5840000000001995,0.5799984131799407,0.0,0.4,0.5748950311414209,3.4792901624040933e-07,0.39999418926806596,"{'table_obstacle': {'pos': [0.3825981920028062, 0.37518922255766707, 0.1646257963690813], 'size': [0.049837904948193595, 0.0813235869879147, 0.05243307039854257]}, 'pillar_obstacle': {'pos': [0.39994824830915515, -0.3824307480766307, 0.23470116647765446], 'size': [0.033663755439403885, 0.20172185302840845, 0.0]}, 'small_block': {'pos': [0.6140097595303955, -0.3535133918987863, 0.1097032402875184], 'size': [0.04461973939918376, 0.0849493067344041, 0.09534921802665242]}}"
5.5850000000002,0.5799984131799407,0.0,0.4,0.574965217608076,3.5505662748839734e-07,0.3999941200869106,"{'table_obstacle': {'pos': [0.3825981920028062, 0.37518922255766707, 0.1646257963690813], 'size': [0.049837904948193595, 0.0813235869879147, 0.05243307039854257]}, 'pillar_obstacle': {'pos': [0.39994824830915515, -0.3824307480766307, 0.23470116647765446], 'size': [0.033663755439403885, 0.20172185302840845, 0.0]}, 'small_block': {'pos': [0.6140097595303955, -0.3535133918987863, 0.1097032402875184], 'size': [0.04461973939918376, 0.0849493067344041, 0.09534921802665242]}}"
5.5860000000002,0.5799984131799407,0.0,0.4,0.5750348745864118,3.5799946063854574e-07,0.3999940681958417,"{'table_obstacle': {'pos': [0.3825981920028062, 0.37518922255766707, 0.1646257963690813], 'size': [0.049837904948193595, 0.0813235869879147, 0.05243307039854257]}, 'pillar_obstacle': {'pos': [0.39994824830915515, -0.3824307480766307, 0.23470116647765446], 'size': [0.033663755439403885, 0.20172185302840845, 0.0]}, 'small_block': {'pos': [0.6140097595303955, -0.3535133918987863, 0.1097032402875184], 'size': [0.04461973939918376, 0.0849493067344041, 0.09534921802665242]}}"
5.5870000000002005,0.5799984131799407,0.0,0.4,0.5751039213862724,3.5732240641989897e-07,0.3999940316563868,"{'table_obstacle': {'pos': [0.3825981920028062, 0.37518922255766707, 0.1646257963690813], 'size': [0.049837904948193595, 0.0813235869879147, 0.05243307039854257]}, 'pillar_obstacle': {'pos': [0.39994824830915515, -0.3824307480766307, 0.23470116647765446], 'size': [0.033663755439403885, 0.20172185302840845, 0.0]}, 'small_block': {'pos': [0.6140097595303955, -0.3535133918987863, 0.1097032402875184], 'size': [0.04461973939918376, 0.0849493067344041, 0.09534921802665242]}}"
5.588000000000201,0.5799984131799407,0.0,0.4,0.5751722950759263,3.5354608021546793e-07,0.39999400865224544,"{'table_obstacle': {'pos': [0.3825981920028062, 0.37518922255766707, 0.1646257963690813], 'size': [0.049837904948193595, 0.0813235869879147, 0.05243307039854257]}, 'pillar_obstacle': {'pos': [0.39994824830915515, -0.3824307480766307, 0.23470116647765446], 'size': [0.033663755439403885, 0.20172185302840845, 0.0]}, 'small_block': {'pos': [0.6140097595303955, -0.3535133918987863, 0.1097032402875184], 'size': [0.04461973939918376, 0.0849493067344041, 0.09534921802665242]}}"
5.589000000000201,0.5799984131799407,0.0,0.4,0.5752399470996089,3.4714285322747583e-07,0.3999939975111589,"{'table_obstacle': {'pos': [0.3825981920028062, 0.37518922255766707, 0.1646257963690813], 'size': [0.049837904948193595, 0.0813235869879147, 0.05243307039854257]}, 'pillar_obstacle': {'pos': [0.39994824830915515, -0.3824307480766307, 0.23470116647765446], 'size': [0.033663755439403885, 0.20172185302840845, 0.0]}, 'small_block': {'pos': [0.6140097595303955, -0.3535133918987863, 0.1097032402875184], 'size': [0.04461973939918376, 0.0849493067344041, 0.09534921802665242]}}"
5.5900000000002015,0.5799984131799407,0.0,0.4,0.5753068405331032,3.3853599931922147e-07,0.39999399671415764,"{'table_obstacle': {'pos': [0.3825981920028062, 0.37518922255766707, 0.1646257963690813], 'size': [0.049837904948193595, 0.0813235869879147, 0.05243307039854257]}, 'pillar_obstacle': {'pos': [0.39994824830915515, -0.3824307480766307, 0.23470116647765446], 'size': [0.033663755439403885, 0.20172185302840845, 0.0]}, 'small_block': {'pos': [0.6140097595303955, -0.3535133918987863, 0.1097032402875184], 'size': [0.04461973939918376, 0.0849493067344041, 0.09534921802665242]}}"
5.591000000000202,0.5799984131799407,0.0,0.4,0.5753729478570846,3.2810091887257525e-07,0.39999400489619447,"{'table_obstacle': {'pos': [0.3825981920028062, 0.37518922255766707, 0.1646257963690813], 'size': [0.049837904948193595, 0.0813235869879147, 0.05243307039854257]}, 'pillar_obstacle': {'pos': [0.39994824830915515, -0.3824307480766307, 0.23470116647765446], 'size': [0.033663755439403885, 0.20172185302840845, 0.0]}, 'small_block': {'pos': [0.6140097595303955, -0.3535133918987863, 0.1097032402875184], 'size': [0.04461973939918376, 0.0849493067344041, 0.09534921802665242]}}"
5.592000000000202,0.5799984131799407,0.0,0.4,0.5754382491506237,3.161676768362336e-07,0.3999940208410979,"{'table_obstacle': {'pos': [0.3825981920028062, 0.37518922255766707, 0.1646257963690813], 'size': [0.049837904948193595, 0.0813235869879147, 0.05243307039854257]}, 'pillar_obstacle': {'pos': [0.39994824830915515, -0.3824307480766307, 0.23470116647765446], 'size': [0.033663755439403885, 0.20172185302840845, 0.0]}, 'small_block': {'pos': [0.6140097595303955, -0.3535133918987863, 0.1097032402875184], 'size': [0.04461973939918376, 0.0849493067344041, 0.09534921802665242]}}"
5.5930000000002025,0.5799984131799407,0.0,0.4,0.5755027306256342,3.030243140094715e-07,0.3999940434729714,"{'table_obstacle': {'pos': [0.3825981920028062, 0.37518922255766707, 0.1646257963690813], 'size': [0.049837904948193595, 0.0813235869879147, 0.05243307039854257]}, 'pillar_obstacle': {'pos': [0.39994824830915515, -0.3824307480766307, 0.23470116647765446], 'size': [0.033663755439403885, 0.20172185302840845, 0.0]}, 'small_block': {'pos': [0.6140097595303955, -0.3535133918987863, 0.1097032402875184], 'size': [0.04461973939918376, 0.0849493067344041, 0.09534921802665242]}}"
5.594000000000203,0.5799984131799407,0.0,0.4,0.5755663834379894,2.8892054502178943e-07,0.3999940718455701,"{'table_obstacle': {'pos': [0.3825981920028062, 0.37518922255766707, 0.1646257963690813], 'size': [0.049837904948193595, 0.0813235869879147, 0.05243307039854257]}, 'pillar_obstacle': {'pos': [0.39994824830915515, -0.3824307480766307, 0.23470116647765446], 'size': [0.033663755439403885, 0.20172185302840845, 0.0]}, 'small_block': {'pos': [0.6140097595303955, -0.3535133918987863, 0.1097032402875184], 'size': [0.04461973939918376, 0.0849493067344041, 0.09534921802665242]}}"
5.595000000000203,0.5799984131799407,0.0,0.4,0.5756292027231472,2.740715747834964e-07,0.3999941051307218,"{'table_obstacle': {'pos': [0.3825981920028062, 0.37518922255766707, 0.1646257963690813], 'size': [0.049837904948193595, 0.0813235869879147, 0.05243307039854257]}, 'pillar_obstacle': {'pos': [0.39994824830915515, -0.3824307480766307, 0.23470116647765446], 'size': [0.033663755439403885, 0.20172185302840845, 0.0]}, 'small_block': {'pos': [0.6140097595303955, -0.3535133918987863, 0.1097032402875184], 'size': [0.04461973939918376, 0.0849493067344041, 0.09534921802665242]}}"
5.5960000000002035,0.5799984131799407,0.0,0.4,0.5756911868139536,2.586618563742862e-07,0.3999941426065382,"{'table_obstacle': {'pos': [0.3825981920028062, 0.37518922255766707, 0.1646257963690813], 'size': [0.049837904948193595, 0.0813235869879147, 0.05243307039854257]}, 'pillar_obstacle': {'pos': [0.39994824830915515, -0.3824307480766307, 0.23470116647765446], 'size': [0.033663755439403885, 0.20172185302840845, 0.0]}, 'small_block': {'pos': [0.6140097595303955, -0.3535133918987863, 0.1097032402875184], 'size': [0.04461973939918376, 0.0849493067344041, 0.09534921802665242]}}"
5.597000000000204,0.5799984131799407,0.0,0.4,0.5757523366062814,2.428486730032691e-07,0.39999418364590494,"{'table_obstacle': {'pos': [0.3825981920028062, 0.37518922255766707, 0.1646257963690813], 'size': [0.049837904948193595, 0.0813235869879147, 0.05243307039854257]}, 'pillar_obstacle': {'pos': [0.39994824830915515, -0.3824307480766307, 0.23470116647765446], 'size': [0.033663755439403885, 0.20172185302840845, 0.0]}, 'small_block': {'pos': [0.6140097595303955, -0.3535133918987863, 0.1097032402875184], 'size': [0.04461973939918376, 0.0849493067344041, 0.09534921802665242]}}"
5.598000000000204,0.5799984131799407,0.0,0.4,0.5758126550446344,2.2676547653295237e-07,0.39999422770556525,"{'table_obstacle': {'pos': [0.3825981920028062, 0.37518922255766707, 0.1646257963690813], 'size': [0.049837904948193595, 0.0813235869879147, 0.05243307039854257]}, 'pillar_obstacle': {'pos': [0.39994824830915515, -0.3824307480766307, 0.23470116647765446], 'size': [0.033663755439403885, 0.20172185302840845, 0.0]}, 'small_block': {'pos': [0.6140097595303955, -0.3535133918987863, 0.1097032402875184], 'size': [0.04461973939918376, 0.0849493067344041, 0.09534921802665242]}}"
5.5990000000002045,0.5799984131799407,0.0,0.4,0.5758721467050967,2.1052494347579807e-07,0.39999427431598744,"{'table_obstacle': {'pos': [0.3825981920028062, 0.37518922255766707, 0.1646257963690813], 'size': [0.049837904948193595, 0.0813235869879147, 0.05243307039854257]}, 'pillar_obstacle': {'pos': [0.39994824830915515, -0.3824307480766307, 0.23470116647765446], 'size': [0.033663755439403885, 0.20172185302840845, 0.0]}, 'small_block': {'pos': [0.6140097595303955, -0.3535133918987863, 0.1097032402875184], 'size': [0.04461973939918376, 0.0849493067344041, 0.09534921802665242]}}"
5.600000000000205,0.5799984131799407,0.0,0.4,0.5759308174572824,1.94221738289796e-07,0.3999943230721016,"{'table_obstacle': {'pos': [0.3825981920028062, 0.37518922255766707, 0.1646257963690813], 'size': [0.049837904948193595, 0.0813235869879147, 0.05243307039854257]}, 'pillar_obstacle': {'pos': [0.39994824830915515, -0.3824307480766307, 0.23470116647765446], 'size': [0.033663755439403885, 0.20172185302840845, 0.0]}, 'small_block': {'pos': [0.6140097595303955, -0.3535133918987863, 0.1097032402875184], 'size': [0.04461973939918376, 0.0849493067344041, 0.09534921802665242]}}"
5.601000000000205,0.5799984131799407,0.0,0.4,0.5759886741903865,1.7793498014109691e-07,0.39999437362494283,"{'table_obstacle': {'pos': [0.3825981920028062, 0.37518922255766707, 0.1646257963690813], 'size': [0.049837904948193595, 0.0813235869879147, 0.05243307039854257]}, 'pillar_obstacle': {'pos': [0.39994824830915515, -0.3824307480766307, 0.23470116647765446], 'size': [0.033663755439403885, 0.20172185302840845, 0.0]}, 'small_block': {'pos': [0.6140097595303955, -0.3535133918987863, 0.1097032402875184], 'size': [0.04461973939918376, 0.0849493067344041, 0.09534921802665242]}}"
5.6020000000002055,0.5799984131799407,0.0,0.4,0.5760457245912572,1.6173043043250532e-07,0.39999442567418697,"{'table_obstacle': {'pos': [0.3825981920028062, 0.37518922255766707, 0.1646257963690813], 'size': [0.049837904948193595, 0.0813235869879147, 0.05243307039854257]}, 'pillar_obstacle': {'pos': [0.39994824830915515, -0.3824307480766307, 0.23470116647765446], 'size': [0.033663755439403885, 0.20172185302840845, 0.0]}, 'small_block': {'pos': [0.6140097595303955, -0.3535133918987863, 0.1097032402875184], 'size': [0.04461973939918376, 0.0849493067344041, 0.09534921802665242]}}"
5.603000000000206,0.5799984131799407,0.0,0.4,0.5761019769646792,1.456624147738807e-07,0.3999944789615372,"{'table_obstacle': {'pos': [0.3825981920028062, 0.37518922255766707, 0.1646257963690813], 'size': [0.049837904948193595, 0.0813235869879147, 0.05243307039854257]}, 'pillar_obstacle': {'pos': [0.39994824830915515, -0.3824307480766307, 0.23470116647765446], 'size': [0.033663755439403885, 0.20172185302840845, 0.0]}, 'small_block': {'pos': [0.6140097595303955, -0.3535133918987863, 0.1097032402875184], 'size': [0.04461973939918376, 0.0849493067344041, 0.09534921802665242]}}"
5.604000000000206,0.5799984131799407,0.0,0.4,0.5761574400879128,1.297755034269774e-07,0.39999453326490686,"{'table_obstacle': {'pos': [0.3825981920028062, 0.37518922255766707, 0.1646257963690813], 'size': [0.049837904948193595, 0.0813235869879147, 0.05243307039854257]}, 'pillar_obstacle': {'pos': [0.39994824830915515, -0.3824307480766307, 0.23470116647765446], 'size': [0.033663755439403885, 0.20172185302840845, 0.0]}, 'small_block': {'pos': [0.6140097595303955, -0.3535133918987863, 0.1097032402875184], 'size': [0.04461973939918376, 0.0849493067344041, 0.09534921802665242]}}"
5.6050000000002065,0.5799984131799407,0.0,0.4,0.5762121230930286,1.1410597028685099e-07,0.3999945883933328,"{'table_obstacle': {'pos': [0.3825981920028062, 0.37518922255766707, 0.1646257963690813], 'size': [0.049837904948193595, 0.0813235869879147, 0.05243307039854257]}, 'pillar_obstacle': {'pos': [0.39994824830915515, -0.3824307480766307, 0.23470116647765446], 'size': [0.033663755439403885, 0.20172185302840845, 0.0]}, 'small_block': {'pos': [0.6140097595303955, -0.3535133918987863, 0.1097032402875184], 'size': [0.04461973939918376, 0.0849493067344041, 0.09534921802665242]}}"
5.606000000000207,0.5799984131799407,0.0,0.4,0.5762660353717974,9.868305596012487e-08,0.39999464418254776,"{'table_obstacle': {'pos': [0.3825981920028062, 0.37518922255766707, 0.1646257963690813], 'size': [0.049837904948193595, 0.0813235869879147, 0.05243307039854257]}, 'pillar_obstacle': {'pos': [0.39994824830915515, -0.3824307480766307, 0.23470116647765446], 'size': [0.033663755439403885, 0.20172185302840845, 0.0]}, 'small_block': {'pos': [0.6140097595303955, -0.3535133918987863, 0.1097032402875184], 'size': [0.04461973939918376, 0.0849493067344041, 0.09534921802665242]}}"
5.607000000000207,0.5799984131799407,0.0,0.4,0.5763191864988799,8.353005474115667e-08,0.3999947004911458,"{'table_obstacle': {'pos': [0.3825981920028062, 0.37518922255766707, 0.1646257963690813], 'size': [0.049837904948193595, 0.0813235869879147, 0.05243307039854257]}, 'pillar_obstacle': {'pos': [0.39994824830915515, -0.3824307480766307, 0.23470116647765446], 'size': [0.033663755439403885, 0.20172185302840845, 0.0]}, 'small_block': {'pos': [0.6140097595303955, -0.3535133918987863, 0.1097032402875184], 'size': [0.04461973939918376, 0.0849493067344041, 0.09534921802665242]}}"
5.6080000000002075,0.5799984131799407,0.0,0.4,0.5763715861698689,6.866524845396896e-08,0.39999475719727184,"{'table_obstacle': {'pos': [0.3825981920028062, 0.37518922255766707, 0.1646257963690813], 'size': [0.049837904948193595, 0.0813235869879147, 0.05243307039854257]}, 'pillar_obstacle': {'pos': [0.39994824830915515, -0.3824307480766307, 0.23470116647765446], 'size': [0.033663755439403885, 0.20172185302840845, 0.0]}, 'small_block': {'pos': [0.6140097595303955, -0.3535133918987863, 0.1097032402875184], 'size': [0.04461973939918376, 0.0849493067344041, 0.09534921802665242]}}"
5.609000000000208,0.5799984131799407,0.0,0.4,0.5764232441513758,5.4102703906214675e-08,0.399994814195775,"{'table_obstacle': {'pos': [0.3825981920028062, 0.37518922255766707, 0.1646257963690813], 'size': [0.049837904948193595, 0.0813235869879147, 0.05243307039854257]}, 'pillar_obstacle': {'pos': [0.39994824830915515, -0.3824307480766307, 0.23470116647765446], 'size': [0.033663755439403885, 0.20172185302840845, 0.0]}, 'small_block': {'pos': [0.6140097595303955, -0.3535133918987863, 0.1097032402875184], 'size': [0.04461973939918376, 0.0849493067344041, 0.09534921802665242]}}"
5.610000000000208,0.5799984131799407,0.0,0.4,0.5764741702408931,3.9852954223042e-08,0.39999487139576495,"{'table_obstacle': {'pos': [0.3825981920028062, 0.37518922255766707, 0.1646257963690813], 'size': [0.049837904948193595, 0.0813235869879147, 0.05243307039854257]}, 'pillar_obstacle': {'pos': [0.39994824830915515, -0.3824307480766307, 0.23470116647765446], 'size': [0.033663755439403885, 0.20172185302840845, 0.0]}, 'small_block': {'pos': [0.6140097595303955, -0.3535133918987863, 0.1097032402875184], 'size': [0.04461973939918376, 0.0849493067344041, 0.09534921802665242]}}"
5.6110000000002085,0.5799984131799407,0.0,0.4,0.5765243742345845,2.5923577596550725e-08,0.3999949287185235,"{'table_obstacle': {'pos': [0.3825981920028062, 0.37518922255766707, 0.1646257963690813], 'size': [0.049837904948193595, 0.0813235869879147, 0.05243307039854257]}, 'pillar_obstacle': {'pos': [0.39994824830915515, -0.3824307480766307, 0.23470116647765446], 'size': [0.033663755439403885, 0.20172185302840845, 0.0]}, 'small_block': {'pos': [0.6140097595303955, -0.3535133918987863, 0.1097032402875184], 'size': [0.04461973939918376, 0.0849493067344041, 0.09534921802665242]}}"
5.612000000000209,0.5799984131799407,0.0,0.4,0.576573865901508,1.2319688360668552e-08,0.399994986095719,"{'table_obstacle': {'pos': [0.3825981920028062, 0.37518922255766707, 0.1646257963690813], 'size': [0.049837904948193595, 0.0813235869879147, 0.05243307039854257]}, 'pillar_obstacle': {'pos': [0.39994824830915515, -0.3824307480766307, 0.23470116647765446], 'size': [0.033663755439403885, 0.20172185302840845, 0.0]}, 'small_block': {'pos': [0.6140097595303955, -0.3535133918987863, 0.1097032402875184], 'size': [0.04461973939918376, 0.0849493067344041, 0.09534921802665242]}}"
5.613000000000209,0.5799984131799407,0.0,0.4,0.5766226549630499,-9.556468357644462e-10,0.3999950434678871,"{'table_obstacle': {'pos': [0.3825981920028062, 0.37518922255766707, 0.1646257963690813], 'size': [0.049837904948193595, 0.0813235869879147, 0.05243307039854257]}, 'pillar_obstacle': {'pos': [0.39994824830915515, -0.3824307480766307, 0.23470116647765446], 'size': [0.033663755439403885, 0.20172185302840845, 0.0]}, 'small_block': {'pos': [0.6140097595303955, -0.3535133918987863, 0.1097032402875184], 'size': [0.04461973939918376, 0.0849493067344041, 0.09534921802665242]}}"
5.6140000000002095,0.5799984131799407,0.0,0.4,0.5766707510765928,-1.3901057500595193e-08,0.39999510078313727,"{'table_obstacle': {'pos': [0.3825981920028062, 0.37518922255766707, 0.1646257963690813], 'size': [0.049837904948193595, 0.0813235869879147, 0.05243307039854257]}, 'pillar_obstacle': {'pos': [0.39994824830915515, -0.3824307480766307, 0.23470116647765446], 'size': [0.033663755439403885, 0.20172185302840845, 0.0]}, 'small_block': {'pos': [0.6140097595303955, -0.3535133918987863, 0.1097032402875184], 'size': [0.04461973939918376, 0.0849493067344041, 0.09534921802665242]}}"
5.61500000000021,0.5799984131799407,0.0,0.4,0.5767181638226063,-2.6516574426749276e-08,0.39999515799605384,"{'table_obstacle': {'pos': [0.3825981920028062, 0.37518922255766707, 0.1646257963690813], 'size': [0.049837904948193595, 0.0813235869879147, 0.05243307039854257]}, 'pillar_obstacle': {'pos': [0.39994824830915515, -0.3824307480766307, 0.23470116647765446], 'size': [0.033663755439403885, 0.20172185302840845, 0.0]}, 'small_block': {'pos': [0.6140097595303955, -0.3535133918987863, 0.1097032402875184], 'size': [0.04461973939918376, 0.0849493067344041, 0.09534921802665242]}}"
5.61600000000021,0.5799984131799407,0.0,0.4,0.5767649026945197,-3.880337849955191e-08,0.3999952150667653,"{'table_obstacle': {'pos': [0.3825981920028062, 0.37518922255766707, 0.1646257963690813], 'size': [0.049837904948193595, 0.0813235869879147, 0.05243307039854257]}, 'pillar_obstacle': {'pos': [0.39994824830915515, -0.3824307480766307, 0.23470116647765446], 'size': [0.033663755439403885, 0.20172185302840845, 0.0]}, 'small_block': {'pos': [0.6140097595303955, -0.3535133918987863, 0.1097032402875184], 'size': [0.04461973939918376, 0.0849493067344041, 0.09534921802665242]}}"
5.6170000000002105,0.5799984131799407,0.0,0.4,0.5768109770908416,-5.076359323650298e-08,0.39999527196015167,"{'table_obstacle': {'pos': [0.3825981920028062, 0.37518922255766707, 0.1646257963690813], 'size': [0.049837904948193595, 0.0813235869879147, 0.05243307039854257]}, 'pillar_obstacle': {'pos': [0.39994824830915515, -0.3824307480766307, 0.23470116647765446], 'size': [0.033663755439403885, 0.20172185302840845, 0.0]}, 'small_block': {'pos': [0.6140097595303955, -0.3535133918987863, 0.1097032402875184], 'size': [0.04461973939918376, 0.0849493067344041, 0.09534921802665242]}}"
5.618000000000211,0.5799984131799407,0.0,0.4,0.5768563963091043,-6.24001074276944e-08,0.399995328645178,"{'table_obstacle': {'pos': [0.3825981920028062, 0.37518922255766707, 0.1646257963690813], 'size': [0.049837904948193595, 0.0813235869879147, 0.05243307039854257]}, 'pillar_obstacle': {'pos': [0.39994824830915515, -0.3824307480766307, 0.23470116647765446], 'size': [0.033663755439403885, 0.20172185302840845, 0.0]}, 'small_block': {'pos': [0.6140097595303955, -0.3535133918987863, 0.1097032402875184], 'size': [0.04461973939918376, 0.0849493067344041, 0.09534921802665242]}}"
5.619000000000211,0.5799984131799407,0.0,0.4,0.5769011695412817,-7.371642998747971e-08,0.3999953850943262,"{'table_obstacle': {'pos': [0.3825981920028062, 0.37518922255766707, 0.1646257963690813], 'size': [0.049837904948193595, 0.0813235869879147, 0.05243307039854257]}, 'pillar_obstacle': {'pos': [0.39994824830915515, -0.3824307480766307, 0.23470116647765446], 'size': [0.033663755439403885, 0.20172185302840845, 0.0]}, 'small_block': {'pos': [0.6140097595303955, -0.3535133918987863, 0.1097032402875184], 'size': [0.04461973939918376, 0.0849493067344041, 0.09534921802665242]}}"
5.6200000000002115,0.5799984131799407,0.0,0.4,0.5769453058703987,-8.4716565380191e-08,0.39999544128311565,"{'table_obstacle': {'pos': [0.3825981920028062, 0.37518922255766707, 0.1646257963690813], 'size': [0.049837904948193595, 0.0813235869879147, 0.05243307039854257]}, 'pillar_obstacle': {'pos': [0.39994824830915515, -0.3824307480766307, 0.23470116647765446], 'size': [0.033663755439403885, 0.20172185302840845, 0.0]}, 'small_block': {'pos': [0.6140097595303955, -0.3535133918987863, 0.1097032402875184], 'size': [0.04461973939918376, 0.0849493067344041, 0.09534921802665242]}}"
5.621000000000212,0.5799984131799407,0.0,0.4,0.5769888142681061,-9.540491239199349e-08,0.39999549718969823,"{'table_obstacle': {'pos': [0.3825981920028062, 0.37518922255766707, 0.1646257963690813], 'size': [0.049837904948193595, 0.0813235869879147, 0.05243307039854257]}, 'pillar_obstacle': {'pos': [0.39994824830915515, -0.3824307480766307, 0.23470116647765446], 'size': [0.033663755439403885, 0.20172185302840845, 0.0]}, 'small_block': {'pos': [0.6140097595303955, -0.3535133918987863, 0.1097032402875184], 'size': [0.04461973939918376, 0.0849493067344041, 0.09534921802665242]}}"
5.622000000000212,0.5799984131799407,0.0,0.4,0.5770317035930326,-1.0578617789951519e-07,0.39999555279451376,"{'table_obstacle': {'pos': [0.3825981920028062, 0.37518922255766707, 0.1646257963690813], 'size': [0.049837904948193595, 0.0813235869879147, 0.05243307039854257]}, 'pillar_obstacle': {'pos': [0.39994824830915515, -0.3824307480766307, 0.23470116647765446], 'size': [0.033663755439403885, 0.20172185302840845, 0.0]}, 'small_block': {'pos': [0.6140097595303955, -0.3535133918987863, 0.1097032402875184], 'size': [0.04461973939918376, 0.0849493067344041, 0.09534921802665242]}}"
5.6230000000002125,0.5799984131799407,0.0,0.4,0.577073982589764,-1.1586530588443498e-07,0.3999956080799994,"{'table_obstacle': {'pos': [0.3825981920028062, 0.37518922255766707, 0.1646257963690813], 'size': [0.049837904948193595, 0.0813235869879147, 0.05243307039854257]}, 'pillar_obstacle': {'pos': [0.39994824830915515, -0.3824307480766307, 0.23470116647765446], 'size': [0.033663755439403885, 0.20172185302840845, 0.0]}, 'small_block': {'pos': [0.6140097595303955, -0.3535133918987863, 0.1097032402875184], 'size': [0.04461973939918376, 0.0849493067344041, 0.09534921802665242]}}"
5.624000000000213,0.5799984131799407,0.0,0.4,0.5771156598883261,-1.2564741913113163e-07,0.3999956630303435,"{'table_obstacle': {'pos': [0.3825981920028062, 0.37518922255766707, 0.1646257963690813], 'size': [0.049837904948193595, 0.0813235869879147, 0.05243307039854257]}, 'pillar_obstacle': {'pos': [0.39994824830915515, -0.3824307480766307, 0.23470116647765446], 'size': [0.033663755439403885, 0.20172185302840845, 0.0]}, 'small_block': {'pos': [0.6140097595303955, -0.3535133918987863, 0.1097032402875184], 'size': [0.04461973939918376, 0.0849493067344041, 0.09534921802665242]}}"
5.625000000000213,0.5799984131799407,0.0,0.4,0.5771567440040754,-1.3513776930356783e-07,0.3999957176312756,"{'table_obstacle': {'pos': [0.3825981920028062, 0.37518922255766707, 0.1646257963690813], 'size': [0.049837904948193595, 0.0813235869879147, 0.05243307039854257]}, 'pillar_obstacle': {'pos': [0.39994824830915515, -0.3824307480766307, 0.23470116647765446], 'size': [0.033663755439403885, 0.20172185302840845, 0.0]}, 'small_block': {'pos': [0.6140097595303955, -0.3535133918987863, 0.1097032402875184], 'size': [0.04461973939918376, 0.0849493067344041, 0.09534921802665242]}}"
5.6260000000002135,0.5799984131799407,0.0,0.4,0.5771972433379127,-1.4434169774623782e-07,0.3999957718698887,"{'table_obstacle': {'pos': [0.3825981920028062, 0.37518922255766707, 0.1646257963690813], 'size': [0.049837904948193595, 0.0813235869879147, 0.05243307039854257]}, 'pillar_obstacle': {'pos': [0.39994824830915515, -0.3824307480766307, 0.23470116647765446], 'size': [0.033663755439403885, 0.20172185302840845, 0.0]}, 'small_block': {'pos': [0.6140097595303955, -0.3535133918987863, 0.1097032402875184], 'size': [0.04461973939918376, 0.0849493067344041, 0.09534921802665242]}}"
5.627000000000214,0.5799984131799407,0.0,0.4,0.5772371661767576,-1.532646007942742e-07,0.39999582573448883,"{'table_obstacle': {'pos': [0.3825981920028062, 0.37518922255766707, 0.1646257963690813], 'size': [0.049837904948193595, 0.0813235869879147, 0.05243307039854257]}, 'pillar_obstacle': {'pos': [0.39994824830915515, -0.3824307480766307, 0.23470116647765446], 'size': [0.033663755439403885, 0.20172185302840845, 0.0]}, 'small_block': {'pos': [0.6140097595303955, -0.3535133918987863, 0.1097032402875184], 'size': [0.04461973939918376, 0.0849493067344041, 0.09534921802665242]}}"
5.628000000000214,0.5799984131799407,0.0,0.4,0.5772765206942291,-1.6191190375549248e-07,0.39999587921446517,"{'table_obstacle': {'pos': [0.3825981920028062, 0.37518922255766707, 0.1646257963690813], 'size': [0.049837904948193595, 0.0813235869879147, 0.05243307039854257]}, 'pillar_obstacle': {'pos': [0.39994824830915515, -0.3824307480766307, 0.23470116647765446], 'size': [0.033663755439403885, 0.20172185302840845, 0.0]}, 'small_block': {'pos': [0.6140097595303955, -0.3535133918987863, 0.1097032402875184], 'size': [0.04461973939918376, 0.0849493067344041, 0.09534921802665242]}}"
5.6290000000002145,0.5799984131799407,0.0,0.4,0.5773153149514897,-1.7028903704461542e-07,0.39999593230017944,"{'table_obstacle': {'pos': [0.3825981920028062, 0.37518922255766707, 0.1646257963690813], 'size': [0.049837904948193595, 0.0813235869879147, 0.05243307039854257]}, 'pillar_obstacle': {'pos': [0.39994824830915515, -0.3824307480766307, 0.23470116647765446], 'size': [0.033663755439403885, 0.20172185302840845, 0.0]}, 'small_block': {'pos': [0.6140097595303955, -0.3535133918987863, 0.1097032402875184], 'size': [0.04461973939918376, 0.0849493067344041, 0.09534921802665242]}}"
5.630000000000215,0.5799984131799407,0.0,0.4,0.5773535568982204,-1.7840141889572656e-07,0.39999598498287253,"{'table_obstacle': {'pos': [0.3825981920028062, 0.37518922255766707, 0.1646257963690813], 'size': [0.049837904948193595, 0.0813235869879147, 0.05243307039854257]}, 'pillar_obstacle': {'pos': [0.39994824830915515, -0.3824307480766307, 0.23470116647765446], 'size': [0.033663755439403885, 0.20172185302840845, 0.0]}, 'small_block': {'pos': [0.6140097595303955, -0.3535133918987863, 0.1097032402875184], 'size': [0.04461973939918376, 0.0849493067344041, 0.09534921802665242]}}"
5.631000000000215,0.5799984131799407,0.0,0.4,0.5773912543736918,-1.862544391272965e-07,0.39999603725458177,"{'table_obstacle': {'pos': [0.3825981920028062, 0.37518922255766707, 0.1646257963690813], 'size': [0.049837904948193595, 0.0813235869879147, 0.05243307039854257]}, 'pillar_obstacle': {'pos': [0.39994824830915515, -0.3824307480766307, 0.23470116647765446], 'size': [0.033663755439403885, 0.20172185302840845, 0.0]}, 'small_block': {'pos': [0.6140097595303955, -0.3535133918987863, 0.1097032402875184], 'size': [0.04461973939918376, 0.0849493067344041, 0.09534921802665242]}}"
5.6320000000002155,0.5799984131799407,0.0,0.4,0.5774284151079192,-1.9385344870776193e-07,0.39999608910807133,"{'table_obstacle': {'pos': [0.3825981920028062, 0.37518922255766707, 0.1646257963690813], 'size': [0.049837904948193595, 0.0813235869879147, 0.05243307039854257]}, 'pillar_obstacle': {'pos': [0.39994824830915515, -0.3824307480766307, 0.23470116647765446], 'size': [0.033663755439403885, 0.20172185302840845, 0.0]}, 'small_block': {'pos': [0.6140097595303955, -0.3535133918987863, 0.1097032402875184], 'size': [0.04461973939918376, 0.0849493067344041, 0.09534921802665242]}}"
5.633000000000216,0.5799984131799407,0.0,0.4,0.5774650467228716,-2.0120374810039531e-07,0.3999961405367712,"{'table_obstacle': {'pos': [0.3825981920028062, 0.37518922255766707, 0.1646257963690813], 'size': [0.049837904948193595, 0.0813235869879147, 0.05243307039854257]}, 'pillar_obstacle': {'pos': [0.39994824830915515, -0.3824307480766307, 0.23470116647765446], 'size': [0.033663755439403885, 0.20172185302840845, 0.0]}, 'small_block': {'pos': [0.6140097595303955, -0.3535133918987863, 0.1097032402875184], 'size': [0.04461973939918376, 0.0849493067344041, 0.09534921802665242]}}"
5.634000000000216,0.5799984131799407,0.0,0.4,0.5775011567337281,-2.0831058113785608e-07,0.3999961915347241,"{'table_obstacle': {'pos': [0.3825981920028062, 0.37518922255766707, 0.1646257963690813], 'size': [0.049837904948193595, 0.0813235869879147, 0.05243307039854257]}, 'pillar_obstacle': {'pos': [0.39994824830915515, -0.3824307480766307, 0.23470116647765446], 'size': [0.033663755439403885, 0.20172185302840845, 0.0]}, 'small_block': {'pos': [0.6140097595303955, -0.3535133918987863, 0.1097032402875184], 'size': [0.04461973939918376, 0.0849493067344041, 0.09534921802665242]}}"
5.6350000000002165,0.5799984131799407,0.0,0.4,0.5775367525501651,-2.1517912679257824e-07,0.39999624209653883,"{'table_obstacle': {'pos': [0.3825981920028062, 0.37518922255766707, 0.1646257963690813], 'size': [0.049837904948193595, 0.0813235869879147, 0.05243307039854257]}, 'pillar_obstacle': {'pos': [0.39994824830915515, -0.3824307480766307, 0.23470116647765446], 'size': [0.033663755439403885, 0.20172185302840845, 0.0]}, 'small_block': {'pos': [0.6140097595303955, -0.3535133918987863, 0.1097032402875184], 'size': [0.04461973939918376, 0.0849493067344041, 0.09534921802665242]}}"
5.636000000000217,0.5799984131799407,0.0,0.4,0.5775718414776675,-2.218144966113011e-07,0.3999962922173499,"{'table_obstacle': {'pos': [0.3825981920028062, 0.37518922255766707, 0.1646257963690813], 'size': [0.049837904948193595, 0.0813235869879147, 0.05243307039854257]}, 'pillar_obstacle': {'pos': [0.39994824830915515, -0.3824307480766307, 0.23470116647765446], 'size': [0.033663755439403885, 0.20172185302840845, 0.0]}, 'small_block': {'pos': [0.6140097595303955, -0.3535133918987863, 0.1097032402875184], 'size': [0.04461973939918376, 0.0849493067344041, 0.09534921802665242]}}"
5.637000000000217,0.5799984131799407,0.0,0.4,0.5776064307188515,-2.2822172908303884e-07,0.39999634189278055,"{'table_obstacle': {'pos': [0.3825981920028062, 0.37518922255766707, 0.1646257963690813], 'size': [0.049837904948193595, 0.0813235869879147, 0.05243307039854257]}, 'pillar_obstacle': {'pos': [0.39994824830915515, -0.3824307480766307, 0.23470116647765446], 'size': [0.033663755439403885, 0.20172185302840845, 0.0]}, 'small_block': {'pos': [0.6140097595303955, -0.3535133918987863, 0.1097032402875184], 'size': [0.04461973939918376, 0.0849493067344041, 0.09534921802665242]}}"
5.6380000000002175,0.5799984131799407,0.0,0.4,0.5776405273747994,-2.344057876449327e-07,0.3999963911189119,"{'table_obstacle': {'pos': [0.3825981920028062, 0.37518922255766707, 0.1646257963690813], 'size': [0.049837904948193595, 0.0813235869879147, 0.05243307039854257]}, 'pillar_obstacle': {'pos': [0.39994824830915515, -0.3824307480766307, 0.23470116647765446], 'size': [0.033663755439403885, 0.20172185302840845, 0.0]}, 'small_block': {'pos': [0.6140097595303955, -0.3535133918987863, 0.1097032402875184], 'size': [0.04461973939918376, 0.0849493067344041, 0.09534921802665242]}}"
5.639000000000218,0.5799984131799407,0.0,0.4,0.5776741384463939,-2.4037155828704005e-07,0.39999643989225325,"{'table_obstacle': {'pos': [0.3825981920028062, 0.37518922255766707, 0.1646257963690813], 'size': [0.049837904948193595, 0.0813235869879147, 0.05243307039854257]}, 'pillar_obstacle': {'pos': [0.39994824830915515, -0.3824307480766307, 0.23470116647765446], 'size': [0.033663755439403885, 0.20172185302840845, 0.0]}, 'small_block': {'pos': [0.6140097595303955, -0.3535133918987863, 0.1097032402875184], 'size': [0.04461973939918376, 0.0849493067344041, 0.09534921802665242]}}"
5.640000000000218,0.5799984131799407,0.0,0.4,0.5777072708356543,-2.461238487247831e-07,0.39999648820971645,"{'table_obstacle': {'pos': [0.3825981920028062, 0.37518922255766707, 0.1646257963690813], 'size': [0.049837904948193595, 0.0813235869879147, 0.05243307039854257]}, 'pillar_obstacle': {'pos': [0.39994824830915515, -0.3824307480766307, 0.23470116647765446], 'size': [0.033663755439403885, 0.20172185302840845, 0.0]}, 'small_block': {'pos': [0.6140097595303955, -0.3535133918987863, 0.1097032402875184], 'size': [0.04461973939918376, 0.0849493067344041, 0.09534921802665242]}}"
5.6410000000002185,0.5799984131799407,0.0,0.4,0.5777399313470659,-2.5166738584845095e-07,0.39999653606859215,"{'table_obstacle': {'pos': [0.3825981920028062, 0.37518922255766707, 0.1646257963690813], 'size': [0.049837904948193595, 0.0813235869879147, 0.05243307039854257]}, 'pillar_obstacle': {'pos': [0.39994824830915515, -0.3824307480766307, 0.23470116647765446], 'size': [0.033663755439403885, 0.20172185302840845, 0.0]}, 'small_block': {'pos': [0.6140097595303955, -0.3535133918987863, 0.1097032402875184], 'size': [0.04461973939918376, 0.0849493067344041, 0.09534921802665242]}}"
5.642000000000219,0.5799984131799407,0.0,0.4,0.5777721266889041,-2.5700681744221694e-07,0.39999658346652944,"{'table_obstacle': {'pos': [0.3825981920028062, 0.37518922255766707, 0.1646257963690813], 'size': [0.049837904948193595, 0.0813235869879147, 0.05243307039854257]}, 'pillar_obstacle': {'pos': [0.39994824830915515, -0.3824307480766307, 0.23470116647765446], 'size': [0.033663755439403885, 0.20172185302840845, 0.0]}, 'small_block': {'pos': [0.6140097595303955, -0.3535133918987863, 0.1097032402875184], 'size': [0.04461973939918376, 0.0849493067344041, 0.09534921802665242]}}"
5.643000000000219,0.5799984131799407,0.0,0.4,0.5778038634745482,-2.6214670950046987e-07,0.39999663040151545,"{'table_obstacle': {'pos': [0.3825981920028062, 0.37518922255766707, 0.1646257963690813], 'size': [0.049837904948193595, 0.0813235869879147, 0.05243307039854257]}, 'pillar_obstacle': {'pos': [0.39994824830915515, -0.3824307480766307, 0.23470116647765446], 'size': [0.033663755439403885, 0.20172185302840845, 0.0]}, 'small_block': {'pos': [0.6140097595303955, -0.3535133918987863, 0.1097032402875184], 'size': [0.04461973939918376, 0.0849493067344041, 0.09534921802665242]}}"
5.6440000000002195,0.5799984131799407,0.0,0.4,0.5778351482237868,-2.670915486359932e-07,0.3999966768718581,"{'table_obstacle': {'pos': [0.3825981920028062, 0.37518922255766707, 0.1646257963690813], 'size': [0.049837904948193595, 0.0813235869879147, 0.05243307039854257]}, 'pillar_obstacle': {'pos': [0.39994824830915515, -0.3824307480766307, 0.23470116647765446], 'size': [0.033663755439403885, 0.20172185302840845, 0.0]}, 'small_block': {'pos': [0.6140097595303955, -0.3535133918987863, 0.1097032402875184], 'size': [0.04461973939918376, 0.0849493067344041, 0.09534921802665242]}}"
5.64500000000022,0.5799984131799407,0.0,0.4,0.5778659873641073,-2.7184574086117754e-07,0.39999672287616833,"{'table_obstacle': {'pos': [0.3825981920028062, 0.37518922255766707, 0.1646257963690813], 'size': [0.049837904948193595, 0.0813235869879147, 0.05243307039854257]}, 'pillar_obstacle': {'pos': [0.39994824830915515, -0.3824307480766307, 0.23470116647765446], 'size': [0.033663755439403885, 0.20172185302840845, 0.0]}, 'small_block': {'pos': [0.6140097595303955, -0.3535133918987863, 0.1097032402875184], 'size': [0.04461973939918376, 0.0849493067344041, 0.09534921802665242]}}"
5.64600000000022,0.5799984131799407,0.0,0.4,0.5778963872319784,-2.764136123738748e-07,0.3999967684133471,"{'table_obstacle': {'pos': [0.3825981920028062, 0.37518922255766707, 0.1646257963690813], 'size': [0.049837904948193595, 0.0813235869879147, 0.05243307039854257]}, 'pillar_obstacle': {'pos': [0.39994824830915515, -0.3824307480766307, 0.23470116647765446], 'size': [0.033663755439403885, 0.20172185302840845, 0.0]}, 'small_block': {'pos': [0.6140097595303955, -0.3535133918987863, 0.1097032402875184], 'size': [0.04461973939918376, 0.0849493067344041, 0.09534921802665242]}}"
5.6470000000002205,0.5799984131799407,0.0,0.4,0.5779263540741099,-2.807994104486707e-07,0.3999968134825678,"{'table_obstacle': {'pos': [0.3825981920028062, 0.37518922255766707, 0.1646257963690813], 'size': [0.049837904948193595, 0.0813235869879147, 0.05243307039854257]}, 'pillar_obstacle': {'pos': [0.39994824830915515, -0.3824307480766307, 0.23470116647765446], 'size': [0.033663755439403885, 0.20172185302840845, 0.0]}, 'small_block': {'pos': [0.6140097595303955, -0.3535133918987863, 0.1097032402875184], 'size': [0.04461973939918376, 0.0849493067344041, 0.09534921802665242]}}"
5.648000000000221,0.5799984131799407,0.0,0.4,0.5779558940487094,-2.8500730413562877e-07,0.3999968580832659,"{'table_obstacle': {'pos': [0.3825981920028062, 0.37518922255766707, 0.1646257963690813], 'size': [0.049837904948193595, 0.0813235869879147, 0.05243307039854257]}, 'pillar_obstacle': {'pos': [0.39994824830915515, -0.3824307480766307, 0.23470116647765446], 'size': [0.033663755439403885, 0.20172185302840845, 0.0]}, 'small_block': {'pos': [0.6140097595303955, -0.3535133918987863, 0.1097032402875184], 'size': [0.04461973939918376, 0.0849493067344041, 0.09534921802665242]}}"
5.649000000000221,0.5839983560391951,0.0,0.4,0.5779850132267137,-2.890413848822439e-07,0.39999690221512335,"{'table_obstacle': {'pos': [0.3825981920028062, 0.37518922255766707, 0.1646257963690813], 'size': [0.049837904948193595, 0.0813235869879147, 0.05243307039854257]}, 'pillar_obstacle': {'pos': [0.39994824830915515, -0.3824307480766307, 0.23470116647765446], 'size': [0.033663755439403885, 0.20172185302840845, 0.0]}, 'small_block': {'pos': [0.6140097595303955, -0.3535133918987863, 0.1097032402875184], 'size': [0.04461973939918376, 0.0849493067344041, 0.09534921802665242]}}"
5.6500000000002215,0.5839983560391951,0.0,0.4,0.5780244236123709,-2.5517051866047156e-07,0.39999678438772523,"{'table_obstacle': {'pos': [0.3825981920028062, 0.37518922255766707, 0.1646257963690813], 'size': [0.049837904948193595, 0.0813235869879147, 0.05243307039854257]}, 'pillar_obstacle': {'pos': [0.39994824830915515, -0.3824307480766307, 0.23470116647765446], 'size': [0.033663755439403885, 0.20172185302840845, 0.0]}, 'small_block': {'pos': [0.6140097595303955, -0.3535133918987863, 0.1097032402875184], 'size': [0.04461973939918376, 0.0849493067344041, 0.09534921802665242]}}"
5.651000000000222,0.5839983560391951,0.0,0.4,0.5780719652547748,-1.988073727519584e-07,0.39999656694834956,"{'table_obstacle': {'pos': [0.3825981920028062, 0.37518922255766707, 0.1646257963690813], 'size': [0.049837904948193595, 0.0813235869879147, 0.05243307039854257]}, 'pillar_obstacle': {'pos': [0.39994824830915515, -0.3824307480766307, 0.23470116647765446], 'size': [0.033663755439403885, 0.20172185302840845, 0.0]}, 'small_block': {'pos': [0.6140097595303955, -0.3535133918987863, 0.1097032402875184], 'size': [0.04461973939918376, 0.0849493067344041, 0.09534921802665242]}}"
5.652000000000222,0.5839983560391951,0.0,0.4,0.5781258872095003,-1.3084441974251714e-07,0.39999629420792765,"{'table_obstacle': {'pos': [0.3825981920028062, 0.37518922255766707, 0.1646257963690813], 'size': [0.049837904948193595, 0.0813235869879147, 0.05243307039854257]}, 'pillar_obstacle': {'pos': [0.39994824830915515, -0.3824307480766307, 0.23470116647765446], 'size': [0.033663755439403885, 0.20172185302840845, 0.0]}, 'small_block': {'pos': [0.6140097595303955, -0.3535133918987863, 0.1097032402875184], 'size': [0.04461973939918376, 0.0849493067344041, 0.09534921802665242]}}"
5.6530000000002225,0.5839983560391951,0.0,0.4,0.5781847708484192,-5.8817931272001e-08,0.3999959971316641,"{'table_obstacle': {'pos': [0.3825981920028062, 0.37518922255766707, 0.1646257963690813], 'size': [0.049837904948193595, 0.0813235869879147, 0.05243307039854257]}, 'pillar_obstacle': {'pos': [0.39994824830915515, -0.3824307480766307, 0.23470116647765446], 'size': [0.033663755439403885, 0.20172185302840845, 0.0]}, 'small_block': {'pos': [0.6140097595303955, -0.3535133918987863, 0.1097032402875184], 'size': [0.04461973939918376, 0.0849493067344041, 0.09534921802665242]}}"
5.654000000000223,0.5839983560391951,0.0,0.4,0.5782474674655916,1.2208110267229552e-08,0.3999956968650332,"{'table_obstacle': {'pos': [0.3825981920028062, 0.37518922255766707, 0.1646257963690813], 'size': [0.049837904948193595, 0.0813235869879147, 0.05243307039854257]}, 'pillar_obstacle': {'pos': [0.39994824830915515, -0.3824307480766307, 0.23470116647765446], 'size': [0.033663755439403885, 0.20172185302840845, 0.0]}, 'small_block': {'pos': [0.6140097595303955, -0.3535133918987863, 0.1097032402875184], 'size': [0.04461973939918376, 0.0849493067344041, 0.09534921802665242]}}"
5.655000000000223,0.5839983560391951,0.0,0.4,0.5783130475415709,7.897338748550273e-08,0.3999954073803585,"{'table_obstacle': {'pos': [0.3825981920028062, 0.37518922255766707, 0.1646257963690813], 'size': [0.049837904948193595, 0.0813235869879147, 0.05243307039854257]}, 'pillar_obstacle': {'pos': [0.39994824830915515, -0.3824307480766307, 0.23470116647765446], 'size': [0.033663755439403885, 0.20172185302840845, 0.0]}, 'small_block': {'pos': [0.6140097595303955, -0.3535133918987863, 0.1097032402875184], 'size': [0.04461973939918376, 0.0849493067344041, 0.09534921802665242]}}"
5.6560000000002235,0.5839983560391951,0.0,0.4,0.578380759505496,1.395177763642994e-07,0.39999513745862764,"{'table_obstacle': {'pos': [0.3825981920028062, 0.37518922255766707, 0.1646257963690813], 'size': [0.049837904948193595, 0.0813235869879147, 0.05243307039854257]}, 'pillar_obstacle': {'pos': [0.39994824830915515, -0.3824307480766307, 0.23470116647765446], 'size': [0.033663755439403885, 0.20172185302840845, 0.0]}, 'small_block': {'pos': [0.6140097595303955, -0.3535133918987863, 0.1097032402875184], 'size': [0.04461973939918376, 0.0849493067344041, 0.09534921802665242]}}"
5.657000000000224,0.5839983560391951,0.0,0.4,0.5784499962285126,1.928042732502973e-07,0.39999489216861206,"{'table_obstacle': {'pos': [0.3825981920028062, 0.37518922255766707, 0.1646257963690813], 'size': [0.049837904948193595, 0.0813235869879147, 0.05243307039854257]}, 'pillar_obstacle': {'pos': [0.39994824830915515, -0.3824307480766307, 0.23470116647765446], 'size': [0.033663755439403885, 0.20172185302840845, 0.0]}, 'small_block': {'pos': [0.6140097595303955, -0.3535133918987863, 0.1097032402875184], 'size': [0.04461973939918376, 0.0849493067344041, 0.09534921802665242]}}"
5.658000000000224,0.5839983560391951,0.0,0.4,0.5785202678065157,2.384383812838509e-07,0.39999467396599275,"{'table_obstacle': {'pos': [0.3825981920028062, 0.37518922255766707, 0.1646257963690813], 'size': [0.049837904948193595, 0.0813235869879147, 0.05243307039854257]}, 'pillar_obstacle': {'pos': [0.39994824830915515, -0.3824307480766307, 0.23470116647765446], 'size': [0.033663755439403885, 0.20172185302840845, 0.0]}, 'small_block': {'pos': [0.6140097595303955, -0.3535133918987863, 0.1097032402875184], 'size': [0.04461973939918376, 0.0849493067344041, 0.09534921802665242]}}"
5.6590000000002245,0.5839983560391951,0.0,0.4,0.5785911794565262,2.7646086850828494e-07,0.3999944835055519,"{'table_obstacle': {'pos': [0.3825981920028062, 0.37518922255766707, 0.1646257963690813], 'size': [0.049837904948193595, 0.0813235869879147, 0.05243307039854257]}, 'pillar_obstacle': {'pos': [0.39994824830915515, -0.3824307480766307, 0.23470116647765446], 'size': [0.033663755439403885, 0.20172185302840845, 0.0]}, 'small_block': {'pos': [0.6140097595303955, -0.3535133918987863, 0.1097032402875184], 'size': [0.04461973939918376, 0.0849493067344041, 0.09534921802665242]}}"
5.660000000000225,0.5839983560391951,0.0,0.4,0.5786624135690552,3.0719612197576444e-07,0.39999432023709514,"{'table_obstacle': {'pos': [0.3825981920028062, 0.37518922255766707, 0.1646257963690813], 'size': [0.049837904948193595, 0.0813235869879147, 0.05243307039854257]}, 'pillar_obstacle': {'pos': [0.39994824830915515, -0.3824307480766307, 0.23470116647765446], 'size': [0.033663755439403885, 0.20172185302840845, 0.0]}, 'small_block': {'pos': [0.6140097595303955, -0.3535133918987863, 0.1097032402875184], 'size': [0.04461973939918376, 0.0849493067344041, 0.09534921802665242]}}"
5.661000000000225,0.5839983560391951,0.0,0.4,0.5787337151370572,3.3114243690561415e-07,0.39999418283879384,"{'table_obstacle': {'pos': [0.3825981920028062, 0.37518922255766707, 0.1646257963690813], 'size': [0.049837904948193595, 0.0813235869879147, 0.05243307039854257]}, 'pillar_obstacle': {'pos': [0.39994824830915515, -0.3824307480766307, 0.23470116647765446], 'size': [0.033663755439403885, 0.20172185302840845, 0.0]}, 'small_block': {'pos': [0.6140097595303955, -0.3535133918987863, 0.1097032402875184], 'size': [0.04461973939918376, 0.0849493067344041, 0.09534921802665242]}}"
5.6620000000002255,0.5839983560391951,0.0,0.4,0.5788048799275001,3.4889377070798514e-07,0.3999940695287281,"{'table_obstacle': {'pos': [0.3825981920028062, 0.37518922255766707, 0.1646257963690813], 'size': [0.049837904948193595, 0.0813235869879147, 0.05243307039854257]}, 'pillar_obstacle': {'pos': [0.39994824830915515, -0.3824307480766307, 0.23470116647765446], 'size': [0.033663755439403885, 0.20172185302840845, 0.0]}, 'small_block': {'pos': [0.6140097595303955, -0.3535133918987863, 0.1097032402875184], 'size': [0.04461973939918376, 0.0849493067344041, 0.09534921802665242]}}"
5.663000000000226,0.5839983560391951,0.0,0.4,0.5788757448801712,3.6108496648203466e-07,0.399993978285591,"{'table_obstacle': {'pos': [0.3825981920028062, 0.37518922255766707, 0.1646257963690813], 'size': [0.049837904948193595, 0.0813235869879147, 0.05243307039854257]}, 'pillar_obstacle': {'pos': [0.39994824830915515, -0.3824307480766307, 0.23470116647765446], 'size': [0.033663755439403885, 0.20172185302840845, 0.0]}, 'small_block': {'pos': [0.6140097595303955, -0.3535133918987863, 0.1097032402875184], 'size': [0.04461973939918376, 0.0849493067344041, 0.09534921802665242]}}"
5.664000000000226,0.5839983560391951,0.0,0.4,0.5789461803148781,3.683543442626133e-07,0.3999939070020129,"{'table_obstacle': {'pos': [0.3825981920028062, 0.37518922255766707, 0.1646257963690813], 'size': [0.049837904948193595, 0.0813235869879147, 0.05243307039854257]}, 'pillar_obstacle': {'pos': [0.39994824830915515, -0.3824307480766307, 0.23470116647765446], 'size': [0.033663755439403885, 0.20172185302840845, 0.0]}, 'small_block': {'pos': [0.6140097595303955, -0.3535133918987863, 0.1097032402875184], 'size': [0.04461973939918376, 0.0849493067344041, 0.09534921802665242]}}"
5.6650000000002265,0.5839983560391951,0.0,0.4,0.5790160836067867,3.7131904170415223e-07,0.3999938535882587,"{'table_obstacle': {'pos': [0.3825981920028062, 0.37518922255766707, 0.1646257963690813], 'size': [0.049837904948193595, 0.0813235869879147, 0.05243307039854257]}, 'pillar_obstacle': {'pos': [0.39994824830915515, -0.3824307480766307, 0.23470116647765446], 'size': [0.033663755439403885, 0.20172185302840845, 0.0]}, 'small_block': {'pos': [0.6140097595303955, -0.3535133918987863, 0.1097032402875184], 'size': [0.04461973939918376, 0.0849493067344041, 0.09534921802665242]}}"
5.666000000000227,0.5839983560391951,0.0,0.4,0.5790853740535461,3.705596066803032e-07,0.39999381603968176,"{'table_obstacle': {'pos': [0.3825981920028062, 0.37518922255766707, 0.1646257963690813], 'size': [0.049837904948193595, 0.0813235869879147, 0.05243307039854257]}, 'pillar_obstacle': {'pos': [0.39994824830915515, -0.3824307480766307, 0.23470116647765446], 'size': [0.033663755439403885, 0.20172185302840845, 0.0]}, 'small_block': {'pos': [0.6140097595303955, -0.3535133918987863, 0.1097032402875184], 'size': [0.04461973939918376, 0.0849493067344041, 0.09534921802665242]}}"
5.667000000000227,0.5839983560391951,0.0,0.4,0.579153988709791,3.666112171396279e-07,0.39999379247799705,"{'table_obstacle': {'pos': [0.3825981920028062, 0.37518922255766707, 0.1646257963690813], 'size': [0.049837904948193595, 0.0813235869879147, 0.05243307039854257]}, 'pillar_obstacle': {'pos': [0.39994824830915515, -0.3824307480766307, 0.23470116647765446], 'size': [0.033663755439403885, 0.20172185302840845, 0.0]}, 'small_block': {'pos': [0.6140097595303955, -0.3535133918987863, 0.1097032402875184], 'size': [0.04461973939918376, 0.0849493067344041, 0.09534921802665242]}}"
5.6680000000002275,0.5839983560391951,0.0,0.4,0.5792218790068233,3.5995956559809013e-07,0.39999378117389883,"{'table_obstacle': {'pos': [0.3825981920028062, 0.37518922255766707, 0.1646257963690813], 'size': [0.049837904948193595, 0.0813235869879147, 0.05243307039854257]}, 'pillar_obstacle': {'pos': [0.39994824830915515, -0.3824307480766307, 0.23470116647765446], 'size': [0.033663755439403885, 0.20172185302840845, 0.0]}, 'small_block': {'pos': [0.6140097595303955, -0.3535133918987863, 0.1097032402875184], 'size': [0.04461973939918376, 0.0849493067344041, 0.09534921802665242]}}"
5.669000000000228,0.5839983560391951,0.0,0.4,0.5792890080095728,3.51039953479943e-07,0.3999937805566291,"{'table_obstacle': {'pos': [0.3825981920028062, 0.37518922255766707, 0.1646257963690813], 'size': [0.049837904948193595, 0.0813235869879147, 0.05243307039854257]}, 'pillar_obstacle': {'pos': [0.39994824830915515, -0.3824307480766307, 0.23470116647765446], 'size': [0.033663755439403885, 0.20172185302840845, 0.0]}, 'small_block': {'pos': [0.6140097595303955, -0.3535133918987863, 0.1097032402875184], 'size': [0.04461973939918376, 0.0849493067344041, 0.09534921802665242]}}"
5.670000000000228,0.5839983560391951,0.0,0.4,0.5793553481907691,3.4023852292256226e-07,0.3999937892146332,"{'table_obstacle': {'pos': [0.3825981920028062, 0.37518922255766707, 0.1646257963690813], 'size': [0.049837904948193595, 0.0813235869879147, 0.05243307039854257]}, 'pillar_obstacle': {'pos': [0.39994824830915515, -0.3824307480766307, 0.23470116647765446], 'size': [0.033663755439403885, 0.20172185302840845, 0.0]}, 'small_block': {'pos': [0.6140097595303955, -0.3535133918987863, 0.1097032402875184], 'size': [0.04461973939918376, 0.0849493067344041, 0.09534921802665242]}}"
5.6710000000002285,0.5839983560391951,0.0,0.4,0.5794208796248788,3.2789484646161507e-07,0.39999380589034095,"{'table_obstacle': {'pos': [0.3825981920028062, 0.37518922255766707, 0.1646257963690813], 'size': [0.049837904948193595, 0.0813235869879147, 0.05243307039854257]}, 'pillar_obstacle': {'pos': [0.39994824830915515, -0.3824307480766307, 0.23470116647765446], 'size': [0.033663755439403885, 0.20172185302840845, 0.0]}, 'small_block': {'pos': [0.6140097595303955, -0.3535133918987863, 0.1097032402875184], 'size': [0.04461973939918376, 0.0849493067344041, 0.09534921802665242]}}"
5.672000000000229,0.5839983560391951,0.0,0.4,0.5794855885227163,3.1430531480124855e-07,0.39999382947127415,"{'table_obstacle': {'pos': [0.3825981920028062, 0.37518922255766707, 0.1646257963690813], 'size': [0.049837904948193595, 0.0813235869879147, 0.05243307039854257]}, 'pillar_obstacle': {'pos': [0.39994824830915515, -0.3824307480766307, 0.23470116647765446], 'size': [0.033663755439403885, 0.20172185302840845, 0.0]}, 'small_block': {'pos': [0.6140097595303955, -0.3535133918987863, 0.1097032402875184], 'size': [0.04461973939918376, 0.0849493067344041, 0.09534921802665242]}}"
5.673000000000229,0.5839983560391951,0.0,0.4,0.5795494660425329,2.997269267586567e-07,0.3999938589790571,"{'table_obstacle': {'pos': [0.3825981920028062, 0.37518922255766707, 0.1646257963690813], 'size': [0.049837904948193595, 0.0813235869879147, 0.05243307039854257]}, 'pillar_obstacle': {'pos': [0.39994824830915515, -0.3824307480766307, 0.23470116647765446], 'size': [0.033663755439403885, 0.20172185302840845, 0.0]}, 'small_block': {'pos': [0.6140097595303955, -0.3535133918987863, 0.1097032402875184], 'size': [0.04461973939918376, 0.0849493067344041, 0.09534921802665242]}}"
5.6740000000002295,0.5839983560391951,0.0,0.4,0.5796125073254949,2.8438120212586505e-07,0.39999389355744286,"{'table_obstacle': {'pos': [0.3825981920028062, 0.37518922255766707, 0.1646257963690813], 'size': [0.049837904948193595, 0.0813235869879147, 0.05243307039854257]}, 'pillar_obstacle': {'pos': [0.39994824830915515, -0.3824307480766307, 0.23470116647765446], 'size': [0.033663755439403885, 0.20172185302840845, 0.0]}, 'small_block': {'pos': [0.6140097595303955, -0.3535133918987863, 0.1097032402875184], 'size': [0.04461973939918376, 0.0849493067344041, 0.09534921802665242]}}"
5.67500000000023,0.5839983560391951,0.0,0.4,0.5796747107132578,2.68458038218349e-07,0.39999393246011894,"{'table_obstacle': {'pos': [0.3825981920028062, 0.37518922255766707, 0.1646257963690813], 'size': [0.049837904948193595, 0.0813235869879147, 0.05243307039854257]}, 'pillar_obstacle': {'pos': [0.39994824830915515, -0.3824307480766307, 0.23470116647765446], 'size': [0.033663755439403885, 0.20172185302840845, 0.0]}, 'small_block': {'pos': [0.6140097595303955, -0.3535133918987863, 0.1097032402875184], 'size': [0.04461973939918376, 0.0849493067344041, 0.09534921802665242]}}"
5.67600000000023,0.5839983560391951,0.0,0.4,0.5797360771133421,2.521193878677889e-07,0.39999397503880146,"{'table_obstacle': {'pos': [0.3825981920028062, 0.37518922255766707, 0.1646257963690813], 'size': [0.049837904948193595, 0.0813235869879147, 0.05243307039854257]}, 'pillar_obstacle': {'pos': [0.39994824830915515, -0.3824307480766307, 0.23470116647765446], 'size': [0.033663755439403885, 0.20172185302840845, 0.0]}, 'small_block': {'pos': [0.6140097595303955, -0.3535133918987863, 0.1097032402875184], 'size': [0.04461973939918376, 0.0849493067344041, 0.09534921802665242]}}"
5.6770000000002305,0.5839983560391951,0.0,0.4,0.5797966094844472,2.3550268775189489e-07,0.39999402073194545,"{'table_obstacle': {'pos': [0.3825981920028062, 0.37518922255766707, 0.1646257963690813], 'size': [0.049837904948193595, 0.0813235869879147, 0.05243307039854257]}, 'pillar_obstacle': {'pos': [0.39994824830915515, -0.3824307480766307, 0.23470116647765446], 'size': [0.033663755439403885, 0.20172185302840845, 0.0]}, 'small_block': {'pos': [0.6140097595303955, -0.3535133918987863, 0.1097032402875184], 'size': [0.04461973939918376, 0.0849493067344041, 0.09534921802665242]}}"
5.678000000000231,0.5839983560391951,0.0,0.4,0.5798563124191128,2.1872399877550616e-07,0.39999406905426116,"{'table_obstacle': {'pos': [0.3825981920028062, 0.37518922255766707, 0.1646257963690813], 'size': [0.049837904948193595, 0.0813235869879147, 0.05243307039854257]}, 'pillar_obstacle': {'pos': [0.39994824830915515, -0.3824307480766307, 0.23470116647765446], 'size': [0.033663755439403885, 0.20172185302840845, 0.0]}, 'small_block': {'pos': [0.6140097595303955, -0.3535133918987863, 0.1097032402875184], 'size': [0.04461973939918376, 0.0849493067344041, 0.09534921802665242]}}"
5.679000000000231,0.5839983560391951,0.0,0.4,0.5799151918053869,2.0188084424083108e-07,0.3999941195871336,"{'table_obstacle': {'pos': [0.3825981920028062, 0.37518922255766707, 0.1646257963690813], 'size': [0.049837904948193595, 0.0813235869879147, 0.05243307039854257]}, 'pillar_obstacle': {'pos': [0.39994824830915515, -0.3824307480766307, 0.23470116647765446], 'size': [0.033663755439403885, 0.20172185302840845, 0.0]}, 'small_block': {'pos': [0.6140097595303955, -0.3535133918987863, 0.1097032402875184], 'size': [0.04461973939918376, 0.0849493067344041, 0.09534921802665242]}}"
5.6800000000002315,0.5839983560391951,0.0,0.4,0.5799732545526104,1.8505474804602486e-07,0.3999941719699788,"{'table_obstacle': {'pos': [0.3825981920028062, 0.37518922255766707, 0.1646257963690813], 'size': [0.049837904948193595, 0.0813235869879147, 0.05243307039854257]}, 'pillar_obstacle': {'pos': [0.39994824830915515, -0.3824307480766307, 0.23470116647765446], 'size': [0.033663755439403885, 0.20172185302840845, 0.0]}, 'small_block': {'pos': [0.6140097595303955, -0.3535133918987863, 0.1097032402875184], 'size': [0.04461973939918376, 0.0849493067344041, 0.09534921802665242]}}"
5.681000000000232,0.5839983560391951,0.0,0.4,0.5800305083692433,1.6831348123812884e-07,0.39999422589252004,"{'table_obstacle': {'pos': [0.3825981920028062, 0.37518922255766707, 0.1646257963690813], 'size': [0.049837904948193595, 0.0813235869879147, 0.05243307039854257]}, 'pillar_obstacle': {'pos': [0.39994824830915515, -0.3824307480766307, 0.23470116647765446], 'size': [0.033663755439403885, 0.20172185302840845, 0.0]}, 'small_block': {'pos': [0.6140097595303955, -0.3535133918987863, 0.1097032402875184], 'size': [0.04461973939918376, 0.0849493067344041, 0.09534921802665242]}}"
5.682000000000232,0.5839983560391951,0.0,0.4,0.5800869615829224,1.5171304123423523e-07,0.3999942810879487,"{'table_obstacle': {'pos': [0.3825981920028062, 0.37518922255766707, 0.1646257963690813], 'size': [0.049837904948193595, 0.0813235869879147, 0.05243307039854257]}, 'pillar_obstacle': {'pos': [0.39994824830915515, -0.3824307480766307, 0.23470116647765446], 'size': [0.033663755439403885, 0.20172185302840845, 0.0]}, 'small_block': {'pos': [0.6140097595303955, -0.3535133918987863, 0.1097032402875184], 'size': [0.04461973939918376, 0.0849493067344041, 0.09534921802665242]}}"
5.6830000000002325,0.5839983560391951,0.0,0.4,0.5801426229947969,1.3529937833882138e-07,0.39999433732690504,"{'table_obstacle': {'pos': [0.3825981920028062, 0.37518922255766707, 0.1646257963690813], 'size': [0.049837904948193595, 0.0813235869879147, 0.05243307039854257]}, 'pillar_obstacle': {'pos': [0.39994824830915515, -0.3824307480766307, 0.23470116647765446], 'size': [0.033663755439403885, 0.20172185302840845, 0.0]}, 'small_block': {'pos': [0.6140097595303955, -0.3535133918987863, 0.1097032402875184], 'size': [0.04461973939918376, 0.0849493067344041, 0.09534921802665242]}}"
5.684000000000233,0.5839983560391951,0.0,0.4,0.5801975017616823,1.1910989725154836e-07,0.3999943944122164,"{'table_obstacle': {'pos': [0.3825981920028062, 0.37518922255766707, 0.1646257963690813], 'size': [0.049837904948193595, 0.0813235869879147, 0.05243307039854257]}, 'pillar_obstacle': {'pos': [0.39994824830915515, -0.3824307480766307, 0.23470116647765446], 'size': [0.033663755439403885, 0.20172185302840845, 0.0]}, 'small_block': {'pos': [0.6140097595303955, -0.3535133918987863, 0.1097032402875184], 'size': [0.04461973939918376, 0.0849493067344041, 0.09534921802665242]}}"
5.685000000000233,0.5839983560391951,0.0,0.4,0.5802516073007868,1.0317475793110927e-07,0.3999944521743171,"{'table_obstacle': {'pos': [0.3825981920028062, 0.37518922255766707, 0.1646257963690813], 'size': [0.049837904948193595, 0.0813235869879147, 0.05243307039854257]}, 'pillar_obstacle': {'pos': [0.39994824830915515, -0.3824307480766307, 0.23470116647765446], 'size': [0.033663755439403885, 0.20172185302840845, 0.0]}, 'small_block': {'pos': [0.6140097595303955, -0.3535133918987863, 0.1097032402875184], 'size': [0.04461973939918376, 0.0849493067344041, 0.09534921802665242]}}"
5.6860000000002335,0.5839983560391951,0.0,0.4,0.580304949212765,8.751799313969231e-08,0.3999945104672814,"{'table_obstacle': {'pos': [0.3825981920028062, 0.37518922255766707, 0.1646257963690813], 'size': [0.049837904948193595, 0.0813235869879147, 0.05243307039854257]}, 'pillar_obstacle': {'pos': [0.39994824830915515, -0.3824307480766307, 0.23470116647765446], 'size': [0.033663755439403885, 0.20172185302840845, 0.0]}, 'small_block': {'pos': [0.6140097595303955, -0.3535133918987863, 0.1097032402875184], 'size': [0.04461973939918376, 0.0849493067344041, 0.09534921802665242]}}"
5.687000000000234,0.5839983560391951,0.0,0.4,0.5803575372196298,7.215847012671854e-08,0.39999456916539905,"{'table_obstacle': {'pos': [0.3825981920028062, 0.37518922255766707, 0.1646257963690813], 'size': [0.049837904948193595, 0.0813235869879147, 0.05243307039854257]}, 'pillar_obstacle': {'pos': [0.39994824830915515, -0.3824307480766307, 0.23470116647765446], 'size': [0.033663755439403885, 0.20172185302840845, 0.0]}, 'small_block': {'pos': [0.6140097595303955, -0.3535133918987863, 0.1097032402875184], 'size': [0.04461973939918376, 0.0849493067344041, 0.09534921802665242]}}"
5.688000000000234,0.5839983560391951,0.0,0.4,0.5804093811147351,5.71107116691772e-08,0.399994628160229,"{'table_obstacle': {'pos': [0.3825981920028062, 0.37518922255766707, 0.1646257963690813], 'size': [0.049837904948193595, 0.0813235869879147, 0.05243307039854257]}, 'pillar_obstacle': {'pos': [0.39994824830915515, -0.3824307480766307, 0.23470116647765446], 'size': [0.033663755439403885, 0.20172185302840845, 0.0]}, 'small_block': {'pos': [0.6140097595303955, -0.3535133918987863, 0.1097032402875184], 'size': [0.04461973939918376, 0.0849493067344041, 0.09534921802665242]}}"
5.6890000000002345,0.5839983560391951,0.0,0.4,0.5804604907225449,4.2385598210702983e-08,0.399994687358074,"{'table_obstacle': {'pos': [0.3825981920028062, 0.37518922255766707, 0.1646257963690813], 'size': [0.049837904948193595, 0.0813235869879147, 0.05243307039854257]}, 'pillar_obstacle': {'pos': [0.39994824830915515, -0.3824307480766307, 0.23470116647765446], 'size': [0.033663755439403885, 0.20172185302840845, 0.0]}, 'small_block': {'pos': [0.6140097595303955, -0.3535133918987863, 0.1097032402875184], 'size': [0.04461973939918376, 0.0849493067344041, 0.09534921802665242]}}"
5.690000000000235,0.5839983560391951,0.0,0.4,0.5805108758663421,2.799096273887831e-08,0.39999474667781637,"{'table_obstacle': {'pos': [0.3825981920028062, 0.37518922255766707, 0.1646257963690813], 'size': [0.049837904948193595, 0.0813235869879147, 0.05243307039854257]}, 'pillar_obstacle': {'pos': [0.39994824830915515, -0.3824307480766307, 0.23470116647765446], 'size': [0.033663755439403885, 0.20172185302840845, 0.0]}, 'small_block': {'pos': [0.6140097595303955, -0.3535133918987863, 0.1097032402875184], 'size': [0.04461973939918376, 0.0849493067344041, 0.09534921802665242]}}"
5.691000000000235,0.5839983560391951,0.0,0.4,0.5805605463423836,1.3932097967751059e-08,0.39999480604907495,"{'table_obstacle': {'pos': [0.3825981920028062, 0.37518922255766707, 0.1646257963690813], 'size': [0.049837904948193595, 0.0813235869879147, 0.05243307039854257]}, 'pillar_obstacle': {'pos': [0.39994824830915515, -0.3824307480766307, 0.23470116647765446], 'size': [0.033663755439403885, 0.20172185302840845, 0.0]}, 'small_block': {'pos': [0.6140097595303955, -0.3535133918987863, 0.1097032402875184], 'size': [0.04461973939918376, 0.0849493067344041, 0.09534921802665242]}}"
5.6920000000002355,0.5839983560391951,0.0,0.4,0.5806095118992759,2.1218440114412866e-10,0.3999948654106305,"{'table_obstacle': {'pos': [0.3825981920028062, 0.37518922255766707, 0.1646257963690813], 'size': [0.049837904948193595, 0.0813235869879147, 0.05243307039854257]}, 'pillar_obstacle': {'pos': [0.39994824830915515, -0.3824307480766307, 0.23470116647765446], 'size': [0.033663755439403885, 0.20172185302840845, 0.0]}, 'small_block': {'pos': [0.6140097595303955, -0.3535133918987863, 0.1097032402875184], 'size': [0.04461973939918376, 0.0849493067344041, 0.09534921802665242]}}"
5.693000000000236,0.5839983560391951,0.0,0.4,0.5806577822215913,-1.316734759155059e-08,0.3999949247090882,"{'table_obstacle': {'pos': [0.3825981920028062, 0.37518922255766707, 0.1646257963690813], 'size': [0.049837904948193595, 0.0813235869879147, 0.05243307039854257]}, 'pillar_obstacle': {'pos': [0.39994824830915515, -0.3824307480766307, 0.23470116647765446], 'size': [0.033663755439403885, 0.20172185302840845, 0.0]}, 'small_block': {'pos': [0.6140097595303955, -0.3535133918987863, 0.1097032402875184], 'size': [0.04461973939918376, 0.0849493067344041, 0.09534921802665242]}}"
5.694000000000236,0.5839983560391951,0.0,0.4,0.5807053669169185,-2.620651298732491e-08,0.3999949838977422,"{'table_obstacle': {'pos': [0.3825981920028062, 0.37518922255766707, 0.1646257963690813], 'size': [0.049837904948193595, 0.0813235869879147, 0.05243307039854257]}, 'pillar_obstacle': {'pos': [0.39994824830915515, -0.3824307480766307, 0.23470116647765446], 'size': [0.033663755439403885, 0.20172185302840845, 0.0]}, 'small_block': {'pos': [0.6140097595303955, -0.3535133918987863, 0.1097032402875184], 'size': [0.04461973939918376, 0.0849493067344041, 0.09534921802665242]}}"
5.6950000000002365,0.5839983560391951,0.0,0.4,0.5807522755056984,-3.8906514427409665e-08,0.3999950429356102,"{'table_obstacle': {'pos': [0.3825981920028062, 0.37518922255766707, 0.1646257963690813], 'size': [0.049837904948193595, 0.0813235869879147, 0.05243307039854257]}, 'pillar_obstacle': {'pos': [0.39994824830915515, -0.3824307480766307, 0.23470116647765446], 'size': [0.033663755439403885, 0.20172185302840845, 0.0]}, 'small_block': {'pos': [0.6140097595303955, -0.3535133918987863, 0.1097032402875184], 'size': [0.04461973939918376, 0.0849493067344041, 0.09534921802665242]}}"
5.696000000000237,0.5839983560391951,0.0,0.4,0.5807985174133139,-5.1269527041748315e-08,0.3999951017866177,"{'table_obstacle': {'pos': [0.3825981920028062, 0.37518922255766707, 0.1646257963690813], 'size': [0.049837904948193595, 0.0813235869879147, 0.05243307039854257]}, 'pillar_obstacle': {'pos': [0.39994824830915515, -0.3824307480766307, 0.23470116647765446], 'size': [0.033663755439403885, 0.20172185302840845, 0.0]}, 'small_block': {'pos': [0.6140097595303955, -0.3535133918987863, 0.1097032402875184], 'size': [0.04461973939918376, 0.0849493067344041, 0.09534921802665242]}}"
5.697000000000237,0.5839983560391951,0.0,0.4,0.5808441019640092,-6.32985170932881e-08,0.3999951604189039,"{'table_obstacle': {'pos': [0.3825981920028062, 0.37518922255766707, 0.1646257963690813], 'size': [0.049837904948193595, 0.0813235869879147, 0.05243307039854257]}, 'pillar_obstacle': {'pos': [0.39994824830915515, -0.3824307480766307, 0.23470116647765446], 'size': [0.033663755439403885, 0.20172185302840845, 0.0]}, 'small_block': {'pos': [0.6140097595303955, -0.3535133918987863, 0.1097032402875184], 'size': [0.04461973939918376, 0.0849493067344041, 0.09534921802665242]}}"
5.6980000000002375,0.5839983560391951,0.0,0.4,0.5808890383762858,-7.499709029749367e-08,0.3999952188042376,"{'table_obstacle': {'pos': [0.3825981920028062, 0.37518922255766707, 0.1646257963690813], 'size': [0.049837904948193595, 0.0813235869879147, 0.05243307039854257]}, 'pillar_obstacle': {'pos': [0.39994824830915515, -0.3824307480766307, 0.23470116647765446], 'size': [0.033663755439403885, 0.20172185302840845, 0.0]}, 'small_block': {'pos': [0.6140097595303955, -0.3535133918987863, 0.1097032402875184], 'size': [0.04461973939918376, 0.0849493067344041, 0.09534921802665242]}}"
5.699000000000238,0.5839983560391951,0.0,0.4,0.5809333357594968,-8.636936527783243e-08,0.3999952769175206,"{'table_obstacle': {'pos': [0.3825981920028062, 0.37518922255766707, 0.1646257963690813], 'size': [0.049837904948193595, 0.0813235869879147, 0.05243307039854257]}, 'pillar_obstacle': {'pos': [0.39994824830915515, -0.3824307480766307, 0.23470116647765446], 'size': [0.033663755439403885, 0.20172185302840845, 0.0]}, 'small_block': {'pos': [0.6140097595303955, -0.3535133918987863, 0.1097032402875184], 'size': [0.04461973939918376, 0.0849493067344041, 0.09534921802665242]}}"
5.700000000000238,0.5839983560391951,0.0,0.4,0.5809770031114054,-9.741986794750832e-08,0.3999953347363675,"{'table_obstacle': {'pos': [0.3825981920028062, 0.37518922255766707, 0.1646257963690813], 'size': [0.049837904948193595, 0.0813235869879147, 0.05243307039854257]}, 'pillar_obstacle': {'pos': [0.39994824830915515, -0.3824307480766307, 0.23470116647765446], 'size': [0.033663755439403885, 0.20172185302840845, 0.0]}, 'small_block': {'pos': [0.6140097595303955, -0.3535133918987863, 0.1097032402875184], 'size': [0.04461973939918376, 0.0849493067344041, 0.09534921802665242]}}"
5.7010000000002385,0.5839983560391951,0.0,0.4,0.5810200493165258,-1.0815344271004282e-07,0.39999539224075137,"{'table_obstacle': {'pos': [0.3825981920028062, 0.37518922255766707, 0.1646257963690813], 'size': [0.049837904948193595, 0.0813235869879147, 0.05243307039854257]}, 'pillar_obstacle': {'pos': [0.39994824830915515, -0.3824307480766307, 0.23470116647765446], 'size': [0.033663755439403885, 0.20172185302840845, 0.0]}, 'small_block': {'pos': [0.6140097595303955, -0.3535133918987863, 0.1097032402875184], 'size': [0.04461973939918376, 0.0849493067344041, 0.09534921802665242]}}"
5.702000000000239,0.5839983560391951,0.0,0.4,0.5810624831450946,-1.1857517994914919e-07,0.39999544941270243,"{'table_obstacle': {'pos': [0.3825981920028062, 0.37518922255766707, 0.1646257963690813], 'size': [0.049837904948193595, 0.0813235869879147, 0.05243307039854257]}, 'pillar_obstacle': {'pos': [0.39994824830915515, -0.3824307480766307, 0.23470116647765446], 'size': [0.033663755439403885, 0.20172185302840845, 0.0]}, 'small_block': {'pos': [0.6140097595303955, -0.3535133918987863, 0.1097032402875184], 'size': [0.04461973939918376, 0.0849493067344041, 0.09534921802665242]}}"
5.703000000000239,0.5839983560391951,0.0,0.4,0.5811043132525434,-1.2869035444871193e-07,0.3999955062360533,"{'table_obstacle': {'pos': [0.3825981920028062, 0.37518922255766707, 0.1646257963690813], 'size': [0.049837904948193595, 0.0813235869879147, 0.05243307039854257]}, 'pillar_obstacle': {'pos': [0.39994824830915515, -0.3824307480766307, 0.23470116647765446], 'size': [0.033663755439403885, 0.20172185302840845, 0.0]}, 'small_block': {'pos': [0.6140097595303955, -0.3535133918987863, 0.1097032402875184], 'size': [0.04461973939918376, 0.0849493067344041, 0.09534921802665242]}}"
5.7040000000002395,0.5839983560391951,0.0,0.4,0.5811455481793861,-1.3850437539537845e-07,0.3999955626962229,"{'table_obstacle': {'pos': [0.3825981920028062, 0.37518922255766707, 0.1646257963690813], 'size': [0.049837904948193595, 0.0813235869879147, 0.05243307039854257]}, 'pillar_obstacle': {'pos': [0.39994824830915515, -0.3824307480766307, 0.23470116647765446], 'size': [0.033663755439403885, 0.20172185302840845, 0.0]}, 'small_block': {'pos': [0.6140097595303955, -0.3535133918987863, 0.1097032402875184], 'size': [0.04461973939918376, 0.0849493067344041, 0.09534921802665242]}}"
5.70500000000024,0.5839983560391951,0.0,0.4,0.5811861963514271,-1.4802274450116277e-07,0.39999561878003254,"{'table_obstacle': {'pos': [0.3825981920028062, 0.37518922255766707, 0.1646257963690813], 'size': [0.049837904948193595, 0.0813235869879147, 0.05243307039854257]}, 'pillar_obstacle': {'pos': [0.39994824830915515, -0.3824307480766307, 0.23470116647765446], 'size': [0.033663755439403885, 0.20172185302840845, 0.0]}, 'small_block': {'pos': [0.6140097595303955, -0.3535133918987863, 0.1097032402875184], 'size': [0.04461973939918376, 0.0849493067344041, 0.09534921802665242]}}"
5.70600000000024,0.5839983560391951,0.0,0.4,0.5812262660802314,-1.5725102160255984e-07,0.39999567447554973,"{'table_obstacle': {'pos': [0.3825981920028062, 0.37518922255766707, 0.1646257963690813], 'size': [0.049837904948193595, 0.0813235869879147, 0.05243307039854257]}, 'pillar_obstacle': {'pos': [0.39994824830915515, -0.3824307480766307, 0.23470116647765446], 'size': [0.033663755439403885, 0.20172185302840845, 0.0]}, 'small_block': {'pos': [0.6140097595303955, -0.3535133918987863, 0.1097032402875184], 'size': [0.04461973939918376, 0.0849493067344041, 0.09534921802665242]}}"
5.7070000000002405,0.5839983560391951,0.0,0.4,0.5812657655638047,-1.6619479634690458e-07,0.3999957297719545,"{'table_obstacle': {'pos': [0.3825981920028062, 0.37518922255766707, 0.1646257963690813], 'size': [0.049837904948193595, 0.0813235869879147, 0.05243307039854257]}, 'pillar_obstacle': {'pos': [0.39994824830915515, -0.3824307480766307, 0.23470116647765446], 'size': [0.033663755439403885, 0.20172185302840845, 0.0]}, 'small_block': {'pos': [0.6140097595303955, -0.3535133918987863, 0.1097032402875184], 'size': [0.04461973939918376, 0.0849493067344041, 0.09534921802665242]}}"
5.708000000000241,0.5839983560391951,0.0,0.4,0.581304702887434,-1.748596645397534e-07,0.39999578465942737,"{'table_obstacle': {'pos': [0.3825981920028062, 0.37518922255766707, 0.1646257963690813], 'size': [0.049837904948193595, 0.0813235869879147, 0.05243307039854257]}, 'pillar_obstacle': {'pos': [0.39994824830915515, -0.3824307480766307, 0.23470116647765446], 'size': [0.033663755439403885, 0.20172185302840845, 0.0]}, 'small_block': {'pos': [0.6140097595303955, -0.3535133918987863, 0.1097032402875184], 'size': [0.04461973939918376, 0.0849493067344041, 0.09534921802665242]}}"
5.709000000000241,0.5839983560391951,0.0,0.4,0.5813430860246631,-1.832512098400476e-07,0.39999583912904824,"{'table_obstacle': {'pos': [0.3825981920028062, 0.37518922255766707, 0.1646257963690813], 'size': [0.049837904948193595, 0.0813235869879147, 0.05243307039854257]}, 'pillar_obstacle': {'pos': [0.39994824830915515, -0.3824307480766307, 0.23470116647765446], 'size': [0.033663755439403885, 0.20172185302840845, 0.0]}, 'small_block': {'pos': [0.6140097595303955, -0.3535133918987863, 0.1097032402875184], 'size': [0.04461973939918376, 0.0849493067344041, 0.09534921802665242]}}"
5.7100000000002415,0.5839983560391951,0.0,0.4,0.5813809228383625,-1.9137498729468817e-07,0.39999589317271567,"{'table_obstacle': {'pos': [0.3825981920028062, 0.37518922255766707, 0.1646257963690813], 'size': [0.049837904948193595, 0.0813235869879147, 0.05243307039854257]}, 'pillar_obstacle': {'pos': [0.39994824830915515, -0.3824307480766307, 0.23470116647765446], 'size': [0.033663755439403885, 0.20172185302840845, 0.0]}, 'small_block': {'pos': [0.6140097595303955, -0.3535133918987863, 0.1097032402875184], 'size': [0.04461973939918376, 0.0849493067344041, 0.09534921802665242]}}"
5.711000000000242,0.5839983560391951,0.0,0.4,0.5814182210818845,-1.992365122227464e-07,0.3999959467830734,"{'table_obstacle': {'pos': [0.3825981920028062, 0.37518922255766707, 0.1646257963690813], 'size': [0.049837904948193595, 0.0813235869879147, 0.05243307039854257]}, 'pillar_obstacle': {'pos': [0.39994824830915515, -0.3824307480766307, 0.23470116647765446], 'size': [0.033663755439403885, 0.20172185302840845, 0.0]}, 'small_block': {'pos': [0.6140097595303955, -0.3535133918987863, 0.1097032402875184], 'size': [0.04461973939918376, 0.0849493067344041, 0.09534921802665242]}}"
5.712000000000242,0.5839983560391951,0.0,0.4,0.5814549884002742,-2.0684124779491301e-07,0.399995999953446,"{'table_obstacle': {'pos': [0.3825981920028062, 0.37518922255766707, 0.1646257963690813], 'size': [0.049837904948193595, 0.0813235869879147, 0.05243307039854257]}, 'pillar_obstacle': {'pos': [0.39994824830915515, -0.3824307480766307, 0.23470116647765446], 'size': [0.033663755439403885, 0.20172185302840845, 0.0]}, 'small_block': {'pos': [0.6140097595303955, -0.3535133918987863, 0.1097032402875184], 'size': [0.04461973939918376, 0.0849493067344041, 0.09534921802665242]}}"
5.7130000000002426,0.5839983560391951,0.0,0.4,0.5814912323315243,-2.1419459976722407e-07,0.3999960526777867,"{'table_obstacle': {'pos': [0.3825981920028062, 0.37518922255766707, 0.1646257963690813], 'size': [0.049837904948193595, 0.0813235869879147, 0.05243307039854257]}, 'pillar_obstacle': {'pos': [0.39994824830915515, -0.3824307480766307, 0.23470116647765446], 'size': [0.033663755439403885, 0.20172185302840845, 0.0]}, 'small_block': {'pos': [0.6140097595303955, -0.3535133918987863, 0.1097032402875184], 'size': [0.04461973939918376, 0.0849493067344041, 0.09534921802665242]}}"
5.714000000000243,0.5839983560391951,0.0,0.4,0.5815269603078659,-2.2130190741123252e-07,0.39999610495062854,"{'table_obstacle': {'pos': [0.3825981920028062, 0.37518922255766707, 0.1646257963690813], 'size': [0.049837904948193595, 0.0813235869879147, 0.05243307039854257]}, 'pillar_obstacle': {'pos': [0.39994824830915515, -0.3824307480766307, 0.23470116647765446], 'size': [0.033663755439403885, 0.20172185302840845, 0.0]}, 'small_block': {'pos': [0.6140097595303955, -0.3535133918987863, 0.1097032402875184], 'size': [0.04461973939918376, 0.0849493067344041, 0.09534921802665242]}}"
5.715000000000243,0.5839983560391951,0.0,0.4,0.5815621796570791,-2.2816844031406337e-07,0.3999961567670412,"{'table_obstacle': {'pos': [0.3825981920028062, 0.37518922255766707, 0.1646257963690813], 'size': [0.049837904948193595, 0.0813235869879147, 0.05243307039854257]}, 'pillar_obstacle': {'pos': [0.39994824830915515, -0.3824307480766307, 0.23470116647765446], 'size': [0.033663755439403885, 0.20172185302840845, 0.0]}, 'small_block': {'pos': [0.6140097595303955, -0.3535133918987863, 0.1097032402875184], 'size': [0.04461973939918376, 0.0849493067344041, 0.09534921802665242]}}"
5.7160000000002436,0.5839983560391951,0.0,0.4,0.5815968976038185,-2.3479939298058546e-07,0.3999962081225953,"{'table_obstacle': {'pos': [0.3825981920028062, 0.37518922255766707, 0.1646257963690813], 'size': [0.049837904948193595, 0.0813235869879147, 0.05243307039854257]}, 'pillar_obstacle': {'pos': [0.39994824830915515, -0.3824307480766307, 0.23470116647765446], 'size': [0.033663755439403885, 0.20172185302840845, 0.0]}, 'small_block': {'pos': [0.6140097595303955, -0.3535133918987863, 0.1097032402875184], 'size': [0.04461973939918376, 0.0849493067344041, 0.09534921802665242]}}"
5.717000000000244,0.5839983560391951,0.0,0.4,0.5816311212709487,-2.411998830864651e-07,0.3999962590133299,"{'table_obstacle': {'pos': [0.3825981920028062, 0.37518922255766707, 0.1646257963690813], 'size': [0.049837904948193595, 0.0813235869879147, 0.05243307039854257]}, 'pillar_obstacle': {'pos': [0.39994824830915515, -0.3824307480766307, 0.23470116647765446], 'size': [0.033663755439403885, 0.20172185302840845, 0.0]}, 'small_block': {'pos': [0.6140097595303955, -0.3535133918987863, 0.1097032402875184], 'size': [0.04461973939918376, 0.0849493067344041, 0.09534921802665242]}}"
5.718000000000244,0.5839983560391951,0.0,0.4,0.581664857680883,-2.473749491434549e-07,0.39999630943572034,"{'table_obstacle': {'pos': [0.3825981920028062, 0.37518922255766707, 0.1646257963690813], 'size': [0.049837904948193595, 0.0813235869879147, 0.05243307039854257]}, 'pillar_obstacle': {'pos': [0.39994824830915515, -0.3824307480766307, 0.23470116647765446], 'size': [0.033663755439403885, 0.20172185302840845, 0.0]}, 'small_block': {'pos': [0.6140097595303955, -0.3535133918987863, 0.1097032402875184], 'size': [0.04461973939918376, 0.0849493067344041, 0.09534921802665242]}}"
5.7190000000002446,0.5839983560391951,0.0,0.4,0.5816981137569173,-2.533295480946413e-07,0.3999963593866545,"{'table_obstacle': {'pos': [0.3825981920028062, 0.37518922255766707, 0.1646257963690813], 'size': [0.049837904948193595, 0.0813235869879147, 0.05243307039854257]}, 'pillar_obstacle': {'pos': [0.39994824830915515, -0.3824307480766307, 0.23470116647765446], 'size': [0.033663755439403885, 0.20172185302840845, 0.0]}, 'small_block': {'pos': [0.6140097595303955, -0.3535133918987863, 0.1097032402875184], 'size': [0.04461973939918376, 0.0849493067344041, 0.09534921802665242]}}"
5.720000000000245,0.5839983560391951,0.0,0.4,0.5817308963245649,-2.5906855502524704e-07,0.39999640886340765,"{'table_obstacle': {'pos': [0.3825981920028062, 0.37518922255766707, 0.1646257963690813], 'size': [0.049837904948193595, 0.0813235869879147, 0.05243307039854257]}, 'pillar_obstacle': {'pos': [0.39994824830915515, -0.3824307480766307, 0.23470116647765446], 'size': [0.033663755439403885, 0.20172185302840845, 0.0]}, 'small_block': {'pos': [0.6140097595303955, -0.3535133918987863, 0.1097032402875184], 'size': [0.04461973939918376, 0.0849493067344041, 0.09534921802665242]}}"
5.721000000000245,0.5839983560391951,0.0,0.4,0.5817632121128815,-2.645967620803806e-07,0.39999645786362054,"{'table_obstacle': {'pos': [0.3825981920028062, 0.37518922255766707, 0.1646257963690813], 'size': [0.049837904948193595, 0.0813235869879147, 0.05243307039854257]}, 'pillar_obstacle': {'pos': [0.39994824830915515, -0.3824307480766307, 0.23470116647765446], 'size': [0.033663755439403885, 0.20172185302840845, 0.0]}, 'small_block': {'pos': [0.6140097595303955, -0.3535133918987863, 0.1097032402875184], 'size': [0.04461973939918376, 0.0849493067344041, 0.09534921802665242]}}"
5.722000000000246,0.5839983560391951,0.0,0.4,0.581795067755782,-2.69918879116305e-07,0.39999650638527934,"{'table_obstacle': {'pos': [0.3825981920028062, 0.37518922255766707, 0.1646257963690813], 'size': [0.049837904948193595, 0.0813235869879147, 0.05243307039854257]}, 'pillar_obstacle': {'pos': [0.39994824830915515, -0.3824307480766307, 0.23470116647765446], 'size': [0.033663755439403885, 0.20172185302840845, 0.0]}, 'small_block': {'pos': [0.6140097595303955, -0.3535133918987863, 0.1097032402875184], 'size': [0.04461973939918376, 0.0849493067344041, 0.09534921802665242]}}"
5.723000000000246,0.5839983560391951,0.0,0.4,0.5818264697933463,-2.7503953279633776e-07,0.3999965544266971,"{'table_obstacle': {'pos': [0.3825981920028062, 0.37518922255766707, 0.1646257963690813], 'size': [0.049837904948193595, 0.0813235869879147, 0.05243307039854257]}, 'pillar_obstacle': {'pos': [0.39994824830915515, -0.3824307480766307, 0.23470116647765446], 'size': [0.033663755439403885, 0.20172185302840845, 0.0]}, 'small_block': {'pos': [0.6140097595303955, -0.3535133918987863, 0.1097032402875184], 'size': [0.04461973939918376, 0.0849493067344041, 0.09534921802665242]}}"
5.724000000000246,0.5839983560391951,0.0,0.4,0.5818574246731135,-2.7996326740511634e-07,0.3999966019864983,"{'table_obstacle': {'pos': [0.3825981920028062, 0.37518922255766707, 0.1646257963690813], 'size': [0.049837904948193595, 0.0813235869879147, 0.05243307039854257]}, 'pillar_obstacle': {'pos': [0.39994824830915515, -0.3824307480766307, 0.23470116647765446], 'size': [0.033663755439403885, 0.20172185302840845, 0.0]}, 'small_block': {'pos': [0.6140097595303955, -0.3535133918987863, 0.1097032402875184], 'size': [0.04461973939918376, 0.0849493067344041, 0.09534921802665242]}}"
5.725000000000247,0.5839983560391951,0.0,0.4,0.581887938751363,-2.846945452564807e-07,0.39999664906360083,"{'table_obstacle': {'pos': [0.3825981920028062, 0.37518922255766707, 0.1646257963690813], 'size': [0.049837904948193595, 0.0813235869879147, 0.05243307039854257]}, 'pillar_obstacle': {'pos': [0.39994824830915515, -0.3824307480766307, 0.23470116647765446], 'size': [0.033663755439403885, 0.20172185302840845, 0.0]}, 'small_block': {'pos': [0.6140097595303955, -0.3535133918987863, 0.1097032402875184], 'size': [0.04461973939918376, 0.0849493067344041, 0.09534921802665242]}}"
5.726000000000247,0.5839983560391951,0.0,0.4,0.5819180182943817,-2.8923774715557427e-07,0.3999966956572029,"{'table_obstacle': {'pos': [0.3825981920028062, 0.37518922255766707, 0.1646257963690813], 'size': [0.049837904948193595, 0.0813235869879147, 0.05243307039854257]}, 'pillar_obstacle': {'pos': [0.39994824830915515, -0.3824307480766307, 0.23470116647765446], 'size': [0.033663755439403885, 0.20172185302840845, 0.0]}, 'small_block': {'pos': [0.6140097595303955, -0.3535133918987863, 0.1097032402875184], 'size': [0.04461973939918376, 0.0849493067344041, 0.09534921802665242]}}"
5.727000000000247,0.5839983560391951,0.0,0.4,0.581947669479718,-2.9359717353350206e-07,0.3999967417667685,"{'table_obstacle': {'pos': [0.3825981920028062, 0.37518922255766707, 0.1646257963690813], 'size': [0.049837904948193595, 0.0813235869879147, 0.05243307039854257]}, 'pillar_obstacle': {'pos': [0.39994824830915515, -0.3824307480766307, 0.23470116647765446], 'size': [0.033663755439403885, 0.20172185302840845, 0.0]}, 'small_block': {'pos': [0.6140097595303955, -0.3535133918987863, 0.1097032402875184], 'size': [0.04461973939918376, 0.0849493067344041, 0.09534921802665242]}}"
5.728000000000248,0.5839983560391951,0.0,0.4,0.5819768983974184,-2.9777704449048865e-07,0.399996787392015,"{'table_obstacle': {'pos': [0.3825981920028062, 0.37518922255766707, 0.1646257963690813], 'size': [0.049837904948193595, 0.0813235869879147, 0.05243307039854257]}, 'pillar_obstacle': {'pos': [0.39994824830915515, -0.3824307480766307, 0.23470116647765446], 'size': [0.033663755439403885, 0.20172185302840845, 0.0]}, 'small_block': {'pos': [0.6140097595303955, -0.3535133918987863, 0.1097032402875184], 'size': [0.04461973939918376, 0.0849493067344041, 0.09534921802665242]}}"
5.729000000000248,0.5879982954355624,0.0,0.4,0.5820057110512532,-3.017815021664183e-07,0.3999968325329002,"{'table_obstacle': {'pos': [0.3825981920028062, 0.37518922255766707, 0.1646257963690813], 'size': [0.049837904948193595, 0.0813235869879147, 0.05243307039854257]}, 'pillar_obstacle': {'pos': [0.39994824830915515, -0.3824307480766307, 0.23470116647765446], 'size': [0.033663755439403885, 0.20172185302840845, 0.0]}, 'small_block': {'pos': [0.6140097595303955, -0.3535133918987863, 0.1097032402875184], 'size': [0.04461973939918376, 0.0849493067344041, 0.09534921802665242]}}"
5.730000000000248,0.5879982954355624,0.0,0.4,0.5820448086043432,-2.66794217047368e-07,0.3999967101430971,"{'table_obstacle': {'pos': [0.3825981920028062, 0.37518922255766707, 0.1646257963690813], 'size': [0.049837904948193595, 0.0813235869879147, 0.05243307039854257]}, 'pillar_obstacle': {'pos': [0.39994824830915515, -0.3824307480766307, 0.23470116647765446], 'size': [0.033663755439403885, 0.20172185302840845, 0.0]}, 'small_block': {'pos': [0.6140097595303955, -0.3535133918987863, 0.1097032402875184], 'size': [0.04461973939918376, 0.0849493067344041, 0.09534921802665242]}}"
5.731000000000249,0.5879982954355624,0.0,0.4,0.5820920346837162,-2.0866083624080303e-07,0.3999964847310386,"{'table_obstacle': {'pos': [0.3825981920028062, 0.37518922255766707, 0.1646257963690813], 'size': [0.049837904948193595, 0.0813235869879147, 0.05243307039854257]}, 'pillar_obstacle': {'pos': [0.39994824830915515, -0.3824307480766307, 0.23470116647765446], 'size': [0.033663755439403885, 0.20172185302840845, 0.0]}, 'small_block': {'pos': [0.6140097595303955, -0.3535133918987863, 0.1097032402875184], 'size': [0.04461973939918376, 0.0849493067344041, 0.09534921802665242]}}"
5.732000000000249,0.5879982954355624,0.0,0.4,0.5821456409267919,-1.3858268180246197e-07,0.39999620214686477,"{'table_obstacle': {'pos': [0.3825981920028062, 0.37518922255766707, 0.1646257963690813], 'size': [0.049837904948193595, 0.0813235869879147, 0.05243307039854257]}, 'pillar_obstacle': {'pos': [0.39994824830915515, -0.3824307480766307, 0.23470116647765446], 'size': [0.033663755439403885, 0.20172185302840845, 0.0]}, 'small_block': {'pos': [0.6140097595303955, -0.3535133918987863, 0.1097032402875184], 'size': [0.04461973939918376, 0.0849493067344041, 0.09534921802665242]}}"
5.733000000000249,0.5879982954355624,0.0,0.4,0.5822042105468026,-6.431200226835544e-08,0.3999958944322208,"{'table_obstacle': {'pos': [0.3825981920028062, 0.37518922255766707, 0.1646257963690813], 'size': [0.049837904948193595, 0.0813235869879147, 0.05243307039854257]}, 'pillar_obstacle': {'pos': [0.39994824830915515, -0.3824307480766307, 0.23470116647765446], 'size': [0.033663755439403885, 0.20172185302840845, 0.0]}, 'small_block': {'pos': [0.6140097595303955, -0.3535133918987863, 0.1097032402875184], 'size': [0.04461973939918376, 0.0849493067344041, 0.09534921802665242]}}"
5.73400000000025,0.5879982954355624,0.0,0.4,0.5822665961298418,8.94022434166331e-09,0.39999558346703684,"{'table_obstacle': {'pos': [0.3825981920028062, 0.37518922255766707, 0.1646257963690813], 'size': [0.049837904948193595, 0.0813235869879147, 0.05243307039854257]}, 'pillar_obstacle': {'pos': [0.39994824830915515, -0.3824307480766307, 0.23470116647765446], 'size': [0.033663755439403885, 0.20172185302840845, 0.0]}, 'small_block': {'pos': [0.6140097595303955, -0.3535133918987863, 0.1097032402875184], 'size': [0.04461973939918376, 0.0849493067344041, 0.09534921802665242]}}"
5.73500000000025,0.5879982954355624,0.0,0.4,0.5823318690423235,7.781746137134255e-08,0.39999528370746923,"{'table_obstacle': {'pos': [0.3825981920028062, 0.37518922255766707, 0.1646257963690813], 'size': [0.049837904948193595, 0.0813235869879147, 0.05243307039854257]}, 'pillar_obstacle': {'pos': [0.39994824830915515, -0.3824307480766307, 0.23470116647765446], 'size': [0.033663755439403885, 0.20172185302840845, 0.0]}, 'small_block': {'pos': [0.6140097595303955, -0.3535133918987863, 0.1097032402875184], 'size': [0.04461973939918376, 0.0849493067344041, 0.09534921802665242]}}"
5.73600000000025,0.5879982954355624,0.0,0.4,0.582399278300345,1.4030033359955482e-07,0.39999500423656054,"{'table_obstacle': {'pos': [0.3825981920028062, 0.37518922255766707, 0.1646257963690813], 'size': [0.049837904948193595, 0.0813235869879147, 0.05243307039854257]}, 'pillar_obstacle': {'pos': [0.39994824830915515, -0.3824307480766307, 0.23470116647765446], 'size': [0.033663755439403885, 0.20172185302840845, 0.0]}, 'small_block': {'pos': [0.6140097595303955, -0.3535133918987863, 0.1097032402875184], 'size': [0.04461973939918376, 0.0849493067344041, 0.09534921802665242]}}"
5.737000000000251,0.5879982954355624,0.0,0.4,0.5824682171434562,1.9531912533777179e-07,0.3999947502950085,"{'table_obstacle': {'pos': [0.3825981920028062, 0.37518922255766707, 0.1646257963690813], 'size': [0.049837904948193595, 0.0813235869879147, 0.05243307039854257]}, 'pillar_obstacle': {'pos': [0.39994824830915515, -0.3824307480766307, 0.23470116647765446], 'size': [0.033663755439403885, 0.20172185302840845, 0.0]}, 'small_block': {'pos': [0.6140097595303955, -0.3535133918987863, 0.1097032402875184], 'size': [0.04461973939918376, 0.0849493067344041, 0.09534921802665242]}}"
5.738000000000251,0.5879982954355624,0.0,0.4,0.5825381958775205,2.424653396674314e-07,0.399994524418825,"{'table_obstacle': {'pos': [0.3825981920028062, 0.37518922255766707, 0.1646257963690813], 'size': [0.049837904948193595, 0.0813235869879147, 0.05243307039854257]}, 'pillar_obstacle': {'pos': [0.39994824830915515, -0.3824307480766307, 0.23470116647765446], 'size': [0.033663755439403885, 0.20172185302840845, 0.0]}, 'small_block': {'pos': [0.6140097595303955, -0.3535133918987863, 0.1097032402875184], 'size': [0.04461973939918376, 0.0849493067344041, 0.09534921802665242]}}"
5.739000000000251,0.5879982954355624,0.0,0.4,0.5826088198159681,2.8177862463525863e-07,0.3999943272800875,"{'table_obstacle': {'pos': [0.3825981920028062, 0.37518922255766707, 0.1646257963690813], 'size': [0.049837904948193595, 0.0813235869879147, 0.05243307039854257]}, 'pillar_obstacle': {'pos': [0.39994824830915515, -0.3824307480766307, 0.23470116647765446], 'size': [0.033663755439403885, 0.20172185302840845, 0.0]}, 'small_block': {'pos': [0.6140097595303955, -0.3535133918987863, 0.1097032402875184], 'size': [0.04461973939918376, 0.0849493067344041, 0.09534921802665242]}}"
5.740000000000252,0.5879982954355624,0.0,0.4,0.5826797713655552,3.1359081237401923e-07,0.399994158303866,"{'table_obstacle': {'pos': [0.3825981920028062, 0.37518922255766707, 0.1646257963690813], 'size': [0.049837904948193595, 0.0813235869879147, 0.05243307039854257]}, 'pillar_obstacle': {'pos': [0.39994824830915515, -0.3824307480766307, 0.23470116647765446], 'size': [0.033663755439403885, 0.20172185302840845, 0.0]}, 'small_block': {'pos': [0.6140097595303955, -0.3535133918987863, 0.1097032402875184], 'size': [0.04461973939918376, 0.0849493067344041, 0.09534921802665242]}}"
5.741000000000252,0.5879982954355624,0.0,0.4,0.5827507954800486,3.3841305477610663e-07,0.3999940161168555,"{'table_obstacle': {'pos': [0.3825981920028062, 0.37518922255766707, 0.1646257963690813], 'size': [0.049837904948193595, 0.0813235869879147, 0.05243307039854257]}, 'pillar_obstacle': {'pos': [0.39994824830915515, -0.3824307480766307, 0.23470116647765446], 'size': [0.033663755439403885, 0.20172185302840845, 0.0]}, 'small_block': {'pos': [0.6140097595303955, -0.3535133918987863, 0.1097032402875184], 'size': [0.04461973939918376, 0.0849493067344041, 0.09534921802665242]}}"
5.742000000000252,0.5879982954355624,0.0,0.4,0.582821687850014,3.5685529976055133e-07,0.39999389886992026,"{'table_obstacle': {'pos': [0.3825981920028062, 0.37518922255766707, 0.1646257963690813], 'size': [0.049837904948193595, 0.0813235869879147, 0.05243307039854257]}, 'pillar_obstacle': {'pos': [0.39994824830915515, -0.3824307480766307, 0.23470116647765446], 'size': [0.033663755439403885, 0.20172185302840845, 0.0]}, 'small_block': {'pos': [0.6140097595303955, -0.3535133918987863, 0.1097032402875184], 'size': [0.04461973939918376, 0.0849493067344041, 0.09534921802665242]}}"
5.743000000000253,0.5879982954355624,0.0,0.4,0.5828922853149264,3.695698946505173e-07,0.39999380446658556,"{'table_obstacle': {'pos': [0.3825981920028062, 0.37518922255766707, 0.1646257963690813], 'size': [0.049837904948193595, 0.0813235869879147, 0.05243307039854257]}, 'pillar_obstacle': {'pos': [0.39994824830915515, -0.3824307480766307, 0.23470116647765446], 'size': [0.033663755439403885, 0.20172185302840845, 0.0]}, 'small_block': {'pos': [0.6140097595303955, -0.3535133918987863, 0.1097032402875184], 'size': [0.04461973939918376, 0.0849493067344041, 0.09534921802665242]}}"
5.744000000000253,0.5879982954355624,0.0,0.4,0.5829624580799971,3.772130534899564e-07,0.39999373072176564,"{'table_obstacle': {'pos': [0.3825981920028062, 0.37518922255766707, 0.1646257963690813], 'size': [0.049837904948193595, 0.0813235869879147, 0.05243307039854257]}, 'pillar_obstacle': {'pos': [0.39994824830915515, -0.3824307480766307, 0.23470116647765446], 'size': [0.033663755439403885, 0.20172185302840845, 0.0]}, 'small_block': {'pos': [0.6140097595303955, -0.3535133918987863, 0.1097032402875184], 'size': [0.04461973939918376, 0.0849493067344041, 0.09534921802665242]}}"
5.745000000000253,0.5879982954355624,0.0,0.4,0.5830321033983861,3.8041943719352165e-07,0.3999936754691008,"{'table_obstacle': {'pos': [0.3825981920028062, 0.37518922255766707, 0.1646257963690813], 'size': [0.049837904948193595, 0.0813235869879147, 0.05243307039854257]}, 'pillar_obstacle': {'pos': [0.39994824830915515, -0.3824307480766307, 0.23470116647765446], 'size': [0.033663755439403885, 0.20172185302840845, 0.0]}, 'small_block': {'pos': [0.6140097595303955, -0.3535133918987863, 0.1097032402875184], 'size': [0.04461973939918376, 0.0849493067344041, 0.09534921802665242]}}"
5.746000000000254,0.5879982954355624,0.0,0.4,0.5831011404431465,3.7978625597132265e-07,0.39999363663076803,"{'table_obstacle': {'pos': [0.3825981920028062, 0.37518922255766707, 0.1646257963690813], 'size': [0.049837904948193595, 0.0813235869879147, 0.05243307039854257]}, 'pillar_obstacle': {'pos': [0.39994824830915515, -0.3824307480766307, 0.23470116647765446], 'size': [0.033663755439403885, 0.20172185302840845, 0.0]}, 'small_block': {'pos': [0.6140097595303955, -0.3535133918987863, 0.1097032402875184], 'size': [0.04461973939918376, 0.0849493067344041, 0.09534921802665242]}}"
5.747000000000254,0.5879982954355624,0.0,0.4,0.5831695061450334,3.758641947138664e-07,0.3999936122601791,"{'table_obstacle': {'pos': [0.3825981920028062, 0.37518922255766707, 0.1646257963690813], 'size': [0.049837904948193595, 0.0813235869879147, 0.05243307039854257]}, 'pillar_obstacle': {'pos': [0.39994824830915515, -0.3824307480766307, 0.23470116647765446], 'size': [0.033663755439403885, 0.20172185302840845, 0.0]}, 'small_block': {'pos': [0.6140097595303955, -0.3535133918987863, 0.1097032402875184], 'size': [0.04461973939918376, 0.0849493067344041, 0.09534921802665242]}}"
5.748000000000254,0.5879982954355624,0.0,0.4,0.5832371518143737,3.691531406156294e-07,0.3999936005653624,"{'table_obstacle': {'pos': [0.3825981920028062, 0.37518922255766707, 0.1646257963690813], 'size': [0.049837904948193595, 0.0813235869879147, 0.05243307039854257]}, 'pillar_obstacle': {'pos': [0.39994824830915515, -0.3824307480766307, 0.23470116647765446], 'size': [0.033663755439403885, 0.20172185302840845, 0.0]}, 'small_block': {'pos': [0.6140097595303955, -0.3535133918987863, 0.1097032402875184], 'size': [0.04461973939918376, 0.0849493067344041, 0.09534921802665242]}}"
5.749000000000255,0.5879982954355624,0.0,0.4,0.5833040403994022,3.601012202587473e-07,0.39999359991883326,"{'table_obstacle': {'pos': [0.3825981920028062, 0.37518922255766707, 0.1646257963690813], 'size': [0.049837904948193595, 0.0813235869879147, 0.05243307039854257]}, 'pillar_obstacle': {'pos': [0.39994824830915515, -0.3824307480766307, 0.23470116647765446], 'size': [0.033663755439403885, 0.20172185302840845, 0.0]}, 'small_block': {'pos': [0.6140097595303955, -0.3535133918987863, 0.1097032402875184], 'size': [0.04461973939918376, 0.0849493067344041, 0.09534921802665242]}}"
5.750000000000255,0.5879982954355624,0.0,0.4,0.5833701442612267,3.4910604099841173e-07,0.3999936088582364,"{'table_obstacle': {'pos': [0.3825981920028062, 0.37518922255766707, 0.1646257963690813], 'size': [0.049837904948193595, 0.0813235869879147, 0.05243307039854257]}, 'pillar_obstacle': {'pos': [0.39994824830915515, -0.3824307480766307, 0.23470116647765446], 'size': [0.033663755439403885, 0.20172185302840845, 0.0]}, 'small_block': {'pos': [0.6140097595303955, -0.3535133918987863, 0.1097032402875184], 'size': [0.04461973939918376, 0.0849493067344041, 0.09534921802665242]}}"
5.751000000000255,0.5879982954355624,0.0,0.4,0.5834354433681415,3.3651733456429114e-07,0.399993626080908,"{'table_obstacle': {'pos': [0.3825981920028062, 0.37518922255766707, 0.1646257963690813], 'size': [0.049837904948193595, 0.0813235869879147, 0.05243307039854257]}, 'pillar_obstacle': {'pos': [0.39994824830915515, -0.3824307480766307, 0.23470116647765446], 'size': [0.033663755439403885, 0.20172185302840845, 0.0]}, 'small_block': {'pos': [0.6140097595303955, -0.3535133918987863, 0.1097032402875184], 'size': [0.04461973939918376, 0.0849493067344041, 0.09534921802665242]}}"
5.752000000000256,0.5879982954355624,0.0,0.4,0.5834999238303299,3.2264042440770685e-07,0.3999936504346357,"{'table_obstacle': {'pos': [0.3825981920028062, 0.37518922255766707, 0.1646257963690813], 'size': [0.049837904948193595, 0.0813235869879147, 0.05243307039854257]}, 'pillar_obstacle': {'pos': [0.39994824830915515, -0.3824307480766307, 0.23470116647765446], 'size': [0.033663755439403885, 0.20172185302840845, 0.0]}, 'small_block': {'pos': [0.6140097595303955, -0.3535133918987863, 0.1097032402875184], 'size': [0.04461973939918376, 0.0849493067344041, 0.09534921802665242]}}"
5.753000000000256,0.5879982954355624,0.0,0.4,0.5835635767108507,3.07740112167812e-07,0.39999368090624954,"{'table_obstacle': {'pos': [0.3825981920028062, 0.37518922255766707, 0.1646257963690813], 'size': [0.049837904948193595, 0.0813235869879147, 0.05243307039854257]}, 'pillar_obstacle': {'pos': [0.39994824830915515, -0.3824307480766307, 0.23470116647765446], 'size': [0.033663755439403885, 0.20172185302840845, 0.0]}, 'small_block': {'pos': [0.6140097595303955, -0.3535133918987863, 0.1097032402875184], 'size': [0.04461973939918376, 0.0849493067344041, 0.09534921802665242]}}"
5.754000000000256,0.5879982954355624,0.0,0.4,0.5836263970608851,2.9204469386549016e-07,0.39999371660919747,"{'table_obstacle': {'pos': [0.3825981920028062, 0.37518922255766707, 0.1646257963690813], 'size': [0.049837904948193595, 0.0813235869879147, 0.05243307039854257]}, 'pillar_obstacle': {'pos': [0.39994824830915515, -0.3824307480766307, 0.23470116647765446], 'size': [0.033663755439403885, 0.20172185302840845, 0.0]}, 'small_block': {'pos': [0.6140097595303955, -0.3535133918987863, 0.1097032402875184], 'size': [0.04461973939918376, 0.0849493067344041, 0.09534921802665242]}}"
5.755000000000257,0.5879982954355624,0.0,0.4,0.5836883831370125,2.7574991987338847e-07,0.3999937567708938,"{'table_obstacle': {'pos': [0.3825981920028062, 0.37518922255766707, 0.1646257963690813], 'size': [0.049837904948193595, 0.0813235869879147, 0.05243307039854257]}, 'pillar_obstacle': {'pos': [0.39994824830915515, -0.3824307480766307, 0.23470116647765446], 'size': [0.033663755439403885, 0.20172185302840845, 0.0]}, 'small_block': {'pos': [0.6140097595303955, -0.3535133918987863, 0.1097032402875184], 'size': [0.04461973939918376, 0.0849493067344041, 0.09534921802665242]}}"
5.756000000000257,0.5879982954355624,0.0,0.4,0.5837495357662382,2.5902277456673937e-07,0.3999938007203702,"{'table_obstacle': {'pos': [0.3825981920028062, 0.37518922255766707, 0.1646257963690813], 'size': [0.049837904948193595, 0.0813235869879147, 0.05243307039854257]}, 'pillar_obstacle': {'pos': [0.39994824830915515, -0.3824307480766307, 0.23470116647765446], 'size': [0.033663755439403885, 0.20172185302840845, 0.0]}, 'small_block': {'pos': [0.6140097595303955, -0.3535133918987863, 0.1097032402875184], 'size': [0.04461973939918376, 0.0849493067344041, 0.09534921802665242]}}"
5.757000000000257,0.5879982954355624,0.0,0.4,0.5838098578309503,2.4200499899194133e-07,0.3999938478765651,"{'table_obstacle': {'pos': [0.3825981920028062, 0.37518922255766707, 0.1646257963690813], 'size': [0.049837904948193595, 0.0813235869879147, 0.05243307039854257]}, 'pillar_obstacle': {'pos': [0.39994824830915515, -0.3824307480766307, 0.23470116647765446], 'size': [0.033663755439403885, 0.20172185302840845, 0.0]}, 'small_block': {'pos': [0.6140097595303955, -0.3535133918987863, 0.1097032402875184], 'size': [0.04461973939918376, 0.0849493067344041, 0.09534921802665242]}}"
5.758000000000258,0.5879982954355624,0.0,0.4,0.5838693538512254,2.24816320756271e-07,0.3999938977374536,"{'table_obstacle': {'pos': [0.3825981920028062, 0.37518922255766707, 0.1646257963690813], 'size': [0.049837904948193595, 0.0813235869879147, 0.05243307039854257]}, 'pillar_obstacle': {'pos': [0.39994824830915515, -0.3824307480766307, 0.23470116647765446], 'size': [0.033663755439403885, 0.20172185302840845, 0.0]}, 'small_block': {'pos': [0.6140097595303955, -0.3535133918987863, 0.1097032402875184], 'size': [0.04461973939918376, 0.0849493067344041, 0.09534921802665242]}}"
5.759000000000258,0.5879982954355624,0.0,0.4,0.583928029646152,2.0755737294175835e-07,0.3999939498701102,"{'table_obstacle': {'pos': [0.3825981920028062, 0.37518922255766707, 0.1646257963690813], 'size': [0.049837904948193595, 0.0813235869879147, 0.05243307039854257]}, 'pillar_obstacle': {'pos': [0.39994824830915515, -0.3824307480766307, 0.23470116647765446], 'size': [0.033663755439403885, 0.20172185302840845, 0.0]}, 'small_block': {'pos': [0.6140097595303955, -0.3535133918987863, 0.1097032402875184], 'size': [0.04461973939918376, 0.0849493067344041, 0.09534921802665242]}}"
5.760000000000258,0.5879982954355624,0.0,0.4,0.5839858920592923,1.9031230469416328e-07,0.39999400390174633,"{'table_obstacle': {'pos': [0.3825981920028062, 0.37518922255766707, 0.1646257963690813], 'size': [0.049837904948193595, 0.0813235869879147, 0.05243307039854257]}, 'pillar_obstacle': {'pos': [0.39994824830915515, -0.3824307480766307, 0.23470116647765446], 'size': [0.033663755439403885, 0.20172185302840845, 0.0]}, 'small_block': {'pos': [0.6140097595303955, -0.3535133918987863, 0.1097032402875184], 'size': [0.04461973939918376, 0.0849493067344041, 0.09534921802665242]}}"
5.761000000000259,0.5879982954355624,0.0,0.4,0.5840429487362081,1.7315109488464506e-07,0.399994059511703,"{'table_obstacle': {'pos': [0.3825981920028062, 0.37518922255766707, 0.1646257963690813], 'size': [0.049837904948193595, 0.0813235869879147, 0.05243307039854257]}, 'pillar_obstacle': {'pos': [0.39994824830915515, -0.3824307480766307, 0.23470116647765446], 'size': [0.033663755439403885, 0.20172185302840845, 0.0]}, 'small_block': {'pos': [0.6140097595303955, -0.3535133918987863, 0.1097032402875184], 'size': [0.04461973939918376, 0.0849493067344041, 0.09534921802665242]}}"
5.762000000000259,0.5879982954355624,0.0,0.4,0.584099207944246,1.561315864654132e-07,0.3999941164243564,"{'table_obstacle': {'pos': [0.3825981920028062, 0.37518922255766707, 0.1646257963690813], 'size': [0.049837904948193595, 0.0813235869879147, 0.05243307039854257]}, 'pillar_obstacle': {'pos': [0.39994824830915515, -0.3824307480766307, 0.23470116647765446], 'size': [0.033663755439403885, 0.20172185302840845, 0.0]}, 'small_block': {'pos': [0.6140097595303955, -0.3535133918987863, 0.1097032402875184], 'size': [0.04461973939918376, 0.0849493067344041, 0.09534921802665242]}}"
5.763000000000259,0.5879982954355624,0.0,0.4,0.5841546784266257,1.3930126578170057e-07,0.3999941744028804,"{'table_obstacle': {'pos': [0.3825981920028062, 0.37518922255766707, 0.1646257963690813], 'size': [0.049837904948193595, 0.0813235869879147, 0.05243307039854257]}, 'pillar_obstacle': {'pos': [0.39994824830915515, -0.3824307480766307, 0.23470116647765446], 'size': [0.033663755439403885, 0.20172185302840845, 0.0]}, 'small_block': {'pos': [0.6140097595303955, -0.3535133918987863, 0.1097032402875184], 'size': [0.04461973939918376, 0.0849493067344041, 0.09534921802665242]}}"
5.76400000000026,0.5879982954355624,0.0,0.4,0.5842093692843694,1.2269880928995153e-07,0.3999942332437887,"{'table_obstacle': {'pos': [0.3825981920028062, 0.37518922255766707, 0.1646257963690813], 'size': [0.049837904948193595, 0.0813235869879147, 0.05243307039854257]}, 'pillar_obstacle': {'pos': [0.39994824830915515, -0.3824307480766307, 0.23470116647765446], 'size': [0.033663755439403885, 0.20172185302840845, 0.0]}, 'small_block': {'pos': [0.6140097595303955, -0.3535133918987863, 0.1097032402875184], 'size': [0.04461973939918376, 0.0849493067344041, 0.09534921802665242]}}"
5.76500000000026,0.5879982954355624,0.0,0.4,0.5842632898808361,1.0635542110029132e-07,0.3999942927721872,"{'table_obstacle': {'pos': [0.3825981920028062, 0.37518922255766707, 0.1646257963690813], 'size': [0.049837904948193595, 0.0813235869879147, 0.05243307039854257]}, 'pillar_obstacle': {'pos': [0.39994824830915515, -0.3824307480766307, 0.23470116647765446], 'size': [0.033663755439403885, 0.20172185302840845, 0.0]}, 'small_block': {'pos': [0.6140097595303955, -0.3535133918987863, 0.1097032402875184], 'size': [0.04461973939918376, 0.0849493067344041, 0.09534921802665242]}}"
5.76600000000026,0.5879982954355624,0.0,0.4,0.5843164497645916,9.029598619603739e-08,0.39999435283766166,"{'table_obstacle': {'pos': [0.3825981920028062, 0.37518922255766707, 0.1646257963690813], 'size': [0.049837904948193595, 0.0813235869879147, 0.05243307039854257]}, 'pillar_obstacle': {'pos': [0.39994824830915515, -0.3824307480766307, 0.23470116647765446], 'size': [0.033663755439403885, 0.20172185302840845, 0.0]}, 'small_block': {'pos': [0.6140097595303955, -0.3535133918987863, 0.1097032402875184], 'size': [0.04461973939918376, 0.0849493067344041, 0.09534921802665242]}}"
5.767000000000261,0.5879982954355624,0.0,0.4,0.5843688586071725,7.454006015606062e-08,0.39999441331072644,"{'table_obstacle': {'pos': [0.3825981920028062, 0.37518922255766707, 0.1646257963690813], 'size': [0.049837904948193595, 0.0813235869879147, 0.05243307039854257]}, 'pillar_obstacle': {'pos': [0.39994824830915515, -0.3824307480766307, 0.23470116647765446], 'size': [0.033663755439403885, 0.20172185302840845, 0.0]}, 'small_block': {'pos': [0.6140097595303955, -0.3535133918987863, 0.1097032402875184], 'size': [0.04461973939918376, 0.0849493067344041, 0.09534921802665242]}}"
5.768000000000261,0.5879982954355624,0.0,0.4,0.5844205261529298,5.9102715873690154e-08,0.39999447407977234,"{'table_obstacle': {'pos': [0.3825981920028062, 0.37518922255766707, 0.1646257963690813], 'size': [0.049837904948193595, 0.0813235869879147, 0.05243307039854257]}, 'pillar_obstacle': {'pos': [0.39994824830915515, -0.3824307480766307, 0.23470116647765446], 'size': [0.033663755439403885, 0.20172185302840845, 0.0]}, 'small_block': {'pos': [0.6140097595303955, -0.3535133918987863, 0.1097032402875184], 'size': [0.04461973939918376, 0.0849493067344041, 0.09534921802665242]}}"
5.769000000000261,0.5879982954355624,0.0,0.4,0.5844714621786778,4.399526633116362e-08,0.39999453504844495,"{'table_obstacle': {'pos': [0.3825981920028062, 0.37518922255766707, 0.1646257963690813], 'size': [0.049837904948193595, 0.0813235869879147, 0.05243307039854257]}, 'pillar_obstacle': {'pos': [0.39994824830915515, -0.3824307480766307, 0.23470116647765446], 'size': [0.033663755439403885, 0.20172185302840845, 0.0]}, 'small_block': {'pos': [0.6140097595303955, -0.3535133918987863, 0.1097032402875184], 'size': [0.04461973939918376, 0.0849493067344041, 0.09534921802665242]}}"
5.770000000000262,0.5879982954355624,0.0,0.4,0.5845216764612995,2.922587947651664e-08,0.3999945961334069,"{'table_obstacle': {'pos': [0.3825981920028062, 0.37518922255766707, 0.1646257963690813], 'size': [0.049837904948193595, 0.0813235869879147, 0.05243307039854257]}, 'pillar_obstacle': {'pos': [0.39994824830915515, -0.3824307480766307, 0.23470116647765446], 'size': [0.033663755439403885, 0.20172185302840845, 0.0]}, 'small_block': {'pos': [0.6140097595303955, -0.3535133918987863, 0.1097032402875184], 'size': [0.04461973939918376, 0.0849493067344041, 0.09534921802665242]}}"
5.771000000000262,0.5879982954355624,0.0,0.4,0.5845711787518083,1.4800099496053406e-08,0.3999946572624214,"{'table_obstacle': {'pos': [0.3825981920028062, 0.37518922255766707, 0.1646257963690813], 'size': [0.049837904948193595, 0.0813235869879147, 0.05243307039854257]}, 'pillar_obstacle': {'pos': [0.39994824830915515, -0.3824307480766307, 0.23470116647765446], 'size': [0.033663755439403885, 0.20172185302840845, 0.0]}, 'small_block': {'pos': [0.6140097595303955, -0.3535133918987863, 0.1097032402875184], 'size': [0.04461973939918376, 0.0849493067344041, 0.09534921802665242]}}"
5.772000000000262,0.5879982954355624,0.0,0.4,0.5846199787546451,7.212888078407397e-10,0.3999947183727247,"{'table_obstacle': {'pos': [0.3825981920028062, 0.37518922255766707, 0.1646257963690813], 'size': [0.049837904948193595, 0.0813235869879147, 0.05243307039854257]}, 'pillar_obstacle': {'pos': [0.39994824830915515, -0.3824307480766307, 0.23470116647765446], 'size': [0.033663755439403885, 0.20172185302840845, 0.0]}, 'small_block': {'pos': [0.6140097595303955, -0.3535133918987863, 0.1097032402875184], 'size': [0.04461973939918376, 0.0849493067344041, 0.09534921802665242]}}"
5.773000000000263,0.5879982954355624,0.0,0.4,0.5846680861112228,-1.3008997993670237e-08,0.39999477940963896,"{'table_obstacle': {'pos': [0.3825981920028062, 0.37518922255766707, 0.1646257963690813], 'size': [0.049837904948193595, 0.0813235869879147, 0.05243307039854257]}, 'pillar_obstacle': {'pos': [0.39994824830915515, -0.3824307480766307, 0.23470116647765446], 'size': [0.033663755439403885, 0.20172185302840845, 0.0]}, 'small_block': {'pos': [0.6140097595303955, -0.3535133918987863, 0.1097032402875184], 'size': [0.04461973939918376, 0.0849493067344041, 0.09534921802665242]}}"
5.774000000000263,0.5879982954355624,0.0,0.4,0.5847155103869157,-2.6390700440469218e-08,0.3999948403253945,"{'table_obstacle': {'pos': [0.3825981920028062, 0.37518922255766707, 0.1646257963690813], 'size': [0.049837904948193595, 0.0813235869879147, 0.05243307039854257]}, 'pillar_obstacle': {'pos': [0.39994824830915515, -0.3824307480766307, 0.23470116647765446], 'size': [0.033663755439403885, 0.20172185302840845, 0.0]}, 'small_block': {'pos': [0.6140097595303955, -0.3535133918987863, 0.1097032402875184], 'size': [0.04461973939918376, 0.0849493067344041, 0.09534921802665242]}}"
5.775000000000263,0.5879982954355624,0.0,0.4,0.5847622610608422,-3.942498587097911e-08,0.3999949010781308,"{'table_obstacle': {'pos': [0.3825981920028062, 0.37518922255766707, 0.1646257963690813], 'size': [0.049837904948193595, 0.0813235869879147, 0.05243307039854257]}, 'pillar_obstacle': {'pos': [0.39994824830915515, -0.3824307480766307, 0.23470116647765446], 'size': [0.033663755439403885, 0.20172185302840845, 0.0]}, 'small_block': {'pos': [0.6140097595303955, -0.3535133918987863, 0.1097032402875184], 'size': [0.04461973939918376, 0.0849493067344041, 0.09534921802665242]}}"
5.776000000000264,0.5879982954355624,0.0,0.4,0.5848083475179056,-5.211402759105382e-08,0.39999496163105014,"{'table_obstacle': {'pos': [0.3825981920028062, 0.37518922255766707, 0.1646257963690813], 'size': [0.049837904948193595, 0.0813235869879147, 0.05243307039854257]}, 'pillar_obstacle': {'pos': [0.39994824830915515, -0.3824307480766307, 0.23470116647765446], 'size': [0.033663755439403885, 0.20172185302840845, 0.0]}, 'small_block': {'pos': [0.6140097595303955, -0.3535133918987863, 0.1097032402875184], 'size': [0.04461973939918376, 0.0849493067344041, 0.09534921802665242]}}"
5.777000000000264,0.5879982954355624,0.0,0.4,0.5848537790426734,-6.446081720241125e-08,0.3999950219516997,"{'table_obstacle': {'pos': [0.3825981920028062, 0.37518922255766707, 0.1646257963690813], 'size': [0.049837904948193595, 0.0813235869879147, 0.05243307039854257]}, 'pillar_obstacle': {'pos': [0.39994824830915515, -0.3824307480766307, 0.23470116647765446], 'size': [0.033663755439403885, 0.20172185302840845, 0.0]}, 'small_block': {'pos': [0.6140097595303955, -0.3535133918987863, 0.1097032402875184], 'size': [0.04461973939918376, 0.0849493067344041, 0.09534921802665242]}}"
5.778000000000264,0.5879982954355624,0.0,0.4,0.5848985648147367,-7.646900899495154e-08,0.3999950820113671,"{'table_obstacle': {'pos': [0.3825981920028062, 0.37518922255766707, 0.1646257963690813], 'size': [0.049837904948193595, 0.0813235869879147, 0.05243307039854257]}, 'pillar_obstacle': {'pos': [0.39994824830915515, -0.3824307480766307, 0.23470116647765446], 'size': [0.033663755439403885, 0.20172185302840845, 0.0]}, 'small_block': {'pos': [0.6140097595303955, -0.3535133918987863, 0.1097032402875184], 'size': [0.04461973939918376, 0.0849493067344041, 0.09534921802665242]}}"
5.779000000000265,0.5879982954355624,0.0,0.4,0.5849427139052689,-8.814278872348534e-08,0.3999951417845633,"{'table_obstacle': {'pos': [0.3825981920028062, 0.37518922255766707, 0.1646257963690813], 'size': [0.049837904948193595, 0.0813235869879147, 0.05243307039854257]}, 'pillar_obstacle': {'pos': [0.39994824830915515, -0.3824307480766307, 0.23470116647765446], 'size': [0.033663755439403885, 0.20172185302840845, 0.0]}, 'small_block': {'pos': [0.6140097595303955, -0.3535133918987863, 0.1097032402875184], 'size': [0.04461973939918376, 0.0849493067344041, 0.09534921802665242]}}"
5.780000000000265,0.5879982954355624,0.0,0.4,0.5849862352745598,-9.948676379723078e-08,0.3999952012485914,"{'table_obstacle': {'pos': [0.3825981920028062, 0.37518922255766707, 0.1646257963690813], 'size': [0.049837904948193595, 0.0813235869879147, 0.05243307039854257]}, 'pillar_obstacle': {'pos': [0.39994824830915515, -0.3824307480766307, 0.23470116647765446], 'size': [0.033663755439403885, 0.20172185302840845, 0.0]}, 'small_block': {'pos': [0.6140097595303955, -0.3535133918987863, 0.1097032402875184], 'size': [0.04461973939918376, 0.0849493067344041, 0.09534921802665242]}}"
5.781000000000265,0.5879982954355624,0.0,0.4,0.5850291377703278,-1.1050587284901339e-07,0.3999952603831776,"{'table_obstacle': {'pos': [0.3825981920028062, 0.37518922255766707, 0.1646257963690813], 'size': [0.049837904948193595, 0.0813235869879147, 0.05243307039854257]}, 'pillar_obstacle': {'pos': [0.39994824830915515, -0.3824307480766307, 0.23470116647765446], 'size': [0.033663755439403885, 0.20172185302840845, 0.0]}, 'small_block': {'pos': [0.6140097595303955, -0.3535133918987863, 0.1097032402875184], 'size': [0.04461973939918376, 0.0849493067344041, 0.09534921802665242]}}"
5.782000000000266,0.5879982954355624,0.0,0.4,0.5850714301266657,-1.212053100563457e-07,0.39999531917015974,"{'table_obstacle': {'pos': [0.3825981920028062, 0.37518922255766707, 0.1646257963690813], 'size': [0.049837904948193595, 0.0813235869879147, 0.05243307039854257]}, 'pillar_obstacle': {'pos': [0.39994824830915515, -0.3824307480766307, 0.23470116647765446], 'size': [0.033663755439403885, 0.20172185302840845, 0.0]}, 'small_block': {'pos': [0.6140097595303955, -0.3535133918987863, 0.1097032402875184], 'size': [0.04461973939918376, 0.0849493067344041, 0.09534921802665242]}}"
5.783000000000266,0.5879982954355624,0.0,0.4,0.5851131209635,-1.3159046197529367e-07,0.3999953775932246,"{'table_obstacle': {'pos': [0.3825981920028062, 0.37518922255766707, 0.1646257963690813], 'size': [0.049837904948193595, 0.0813235869879147, 0.05243307039854257]}, 'pillar_obstacle': {'pos': [0.39994824830915515, -0.3824307480766307, 0.23470116647765446], 'size': [0.033663755439403885, 0.20172185302840845, 0.0]}, 'small_block': {'pos': [0.6140097595303955, -0.3535133918987863, 0.1097032402875184], 'size': [0.04461973939918376, 0.0849493067344041, 0.09534921802665242]}}"
5.784000000000266,0.5879982954355624,0.0,0.4,0.5851542187864505,-1.4166685528785027e-07,0.3999954356376831,"{'table_obstacle': {'pos': [0.3825981920028062, 0.37518922255766707, 0.1646257963690813], 'size': [0.049837904948193595, 0.0813235869879147, 0.05243307039854257]}, 'pillar_obstacle': {'pos': [0.39994824830915515, -0.3824307480766307, 0.23470116647765446], 'size': [0.033663755439403885, 0.20172185302840845, 0.0]}, 'small_block': {'pos': [0.6140097595303955, -0.3535133918987863, 0.1097032402875184], 'size': [0.04461973939918376, 0.0849493067344041, 0.09534921802665242]}}"
5.785000000000267,0.5879982954355624,0.0,0.4,0.5851947319870271,-1.5144011374675473e-07,0.3999954932902819,"{'table_obstacle': {'pos': [0.3825981920028062, 0.37518922255766707, 0.1646257963690813], 'size': [0.049837904948193595, 0.0813235869879147, 0.05243307039854257]}, 'pillar_obstacle': {'pos': [0.39994824830915515, -0.3824307480766307, 0.23470116647765446], 'size': [0.033663755439403885, 0.20172185302840845, 0.0]}, 'small_block': {'pos': [0.6140097595303955, -0.3535133918987863, 0.1097032402875184], 'size': [0.04461973939918376, 0.0849493067344041, 0.09534921802665242]}}"
5.786000000000267,0.5879982954355624,0.0,0.4,0.5852346688430812,-1.6091592284038032e-07,0.39999555053904073,"{'table_obstacle': {'pos': [0.3825981920028062, 0.37518922255766707, 0.1646257963690813], 'size': [0.049837904948193595, 0.0813235869879147, 0.05243307039854257]}, 'pillar_obstacle': {'pos': [0.39994824830915515, -0.3824307480766307, 0.23470116647765446], 'size': [0.033663755439403885, 0.20172185302840845, 0.0]}, 'small_block': {'pos': [0.6140097595303955, -0.3535133918987863, 0.1097032402875184], 'size': [0.04461973939918376, 0.0849493067344041, 0.09534921802665242]}}"
5.787000000000267,0.5879982954355624,0.0,0.4,0.5852740375194725,-1.7009999990174637e-07,0.399995607373116,"{'table_obstacle': {'pos': [0.3825981920028062, 0.37518922255766707, 0.1646257963690813], 'size': [0.049837904948193595, 0.0813235869879147, 0.05243307039854257]}, 'pillar_obstacle': {'pos': [0.39994824830915515, -0.3824307480766307, 0.23470116647765446], 'size': [0.033663755439403885, 0.20172185302840845, 0.0]}, 'small_block': {'pos': [0.6140097595303955, -0.3535133918987863, 0.1097032402875184], 'size': [0.04461973939918376, 0.0849493067344041, 0.09534921802665242]}}"
5.788000000000268,0.5879982954355624,0.0,0.4,0.5853128460688957,-1.7899807074382475e-07,0.39999566378268203,"{'table_obstacle': {'pos': [0.3825981920028062, 0.37518922255766707, 0.1646257963690813], 'size': [0.049837904948193595, 0.0813235869879147, 0.05243307039854257]}, 'pillar_obstacle': {'pos': [0.39994824830915515, -0.3824307480766307, 0.23470116647765446], 'size': [0.033663755439403885, 0.20172185302840845, 0.0]}, 'small_block': {'pos': [0.6140097595303955, -0.3535133918987863, 0.1097032402875184], 'size': [0.04461973939918376, 0.0849493067344041, 0.09534921802665242]}}"
5.789000000000268,0.5879982954355624,0.0,0.4,0.5853511024328417,-1.8761584898063176e-07,0.39999571975883147,"{'table_obstacle': {'pos': [0.3825981920028062, 0.37518922255766707, 0.1646257963690813], 'size': [0.049837904948193595, 0.0813235869879147, 0.05243307039854257]}, 'pillar_obstacle': {'pos': [0.39994824830915515, -0.3824307480766307, 0.23470116647765446], 'size': [0.033663755439403885, 0.20172185302840845, 0.0]}, 'small_block': {'pos': [0.6140097595303955, -0.3535133918987863, 0.1097032402875184], 'size': [0.04461973939918376, 0.0849493067344041, 0.09534921802665242]}}"
5.790000000000268,0.5879982954355624,0.0,0.4,0.5853888144426593,-1.9595902147731846e-07,0.3999957752934881,"{'table_obstacle': {'pos': [0.3825981920028062, 0.37518922255766707, 0.1646257963690813], 'size': [0.049837904948193595, 0.0813235869879147, 0.05243307039854257]}, 'pillar_obstacle': {'pos': [0.39994824830915515, -0.3824307480766307, 0.23470116647765446], 'size': [0.033663755439403885, 0.20172185302840845, 0.0]}, 'small_block': {'pos': [0.6140097595303955, -0.3535133918987863, 0.1097032402875184], 'size': [0.04461973939918376, 0.0849493067344041, 0.09534921802665242]}}"
5.791000000000269,0.5879982954355624,0.0,0.4,0.5854259898206954,-2.0403323344455196e-07,0.39999583037933273,"{'table_obstacle': {'pos': [0.3825981920028062, 0.37518922255766707, 0.1646257963690813], 'size': [0.049837904948193595, 0.0813235869879147, 0.05243307039854257]}, 'pillar_obstacle': {'pos': [0.39994824830915515, -0.3824307480766307, 0.23470116647765446], 'size': [0.033663755439403885, 0.20172185302840845, 0.0]}, 'small_block': {'pos': [0.6140097595303955, -0.3535133918987863, 0.1097032402875184], 'size': [0.04461973939918376, 0.0849493067344041, 0.09534921802665242]}}"
5.792000000000269,0.5879982954355624,0.0,0.4,0.5854626361814967,-2.1184407948039788e-07,0.39999588500973854,"{'table_obstacle': {'pos': [0.3825981920028062, 0.37518922255766707, 0.1646257963690813], 'size': [0.049837904948193595, 0.0813235869879147, 0.05243307039854257]}, 'pillar_obstacle': {'pos': [0.39994824830915515, -0.3824307480766307, 0.23470116647765446], 'size': [0.033663755439403885, 0.20172185302840845, 0.0]}, 'small_block': {'pos': [0.6140097595303955, -0.3535133918987863, 0.1097032402875184], 'size': [0.04461973939918376, 0.0849493067344041, 0.09534921802665242]}}"
5.793000000000269,0.5879982954355624,0.0,0.4,0.5854987610330554,-2.1939709417601415e-07,0.39999593917871396,"{'table_obstacle': {'pos': [0.3825981920028062, 0.37518922255766707, 0.1646257963690813], 'size': [0.049837904948193595, 0.0813235869879147, 0.05243307039854257]}, 'pillar_obstacle': {'pos': [0.39994824830915515, -0.3824307480766307, 0.23470116647765446], 'size': [0.033663755439403885, 0.20172185302840845, 0.0]}, 'small_block': {'pos': [0.6140097595303955, -0.3535133918987863, 0.1097032402875184], 'size': [0.04461973939918376, 0.0849493067344041, 0.09534921802665242]}}"
5.79400000000027,0.5879982954355624,0.0,0.4,0.5855343717780891,-2.2669774580523381e-07,0.39999599288085563,"{'table_obstacle': {'pos': [0.3825981920028062, 0.37518922255766707, 0.1646257963690813], 'size': [0.049837904948193595, 0.0813235869879147, 0.05243307039854257]}, 'pillar_obstacle': {'pos': [0.39994824830915515, -0.3824307480766307, 0.23470116647765446], 'size': [0.033663755439403885, 0.20172185302840845, 0.0]}, 'small_block': {'pos': [0.6140097595303955, -0.3535133918987863, 0.1097032402875184], 'size': [0.04461973939918376, 0.0849493067344041, 0.09534921802665242]}}"
5.79500000000027,0.5879982954355624,0.0,0.4,0.5855694757153425,-2.3375143130512746e-07,0.3999960461113037,"{'table_obstacle': {'pos': [0.3825981920028062, 0.37518922255766707, 0.1646257963690813], 'size': [0.049837904948193595, 0.0813235869879147, 0.05243307039854257]}, 'pillar_obstacle': {'pos': [0.39994824830915515, -0.3824307480766307, 0.23470116647765446], 'size': [0.033663755439403885, 0.20172185302840845, 0.0]}, 'small_block': {'pos': [0.6140097595303955, -0.3535133918987863, 0.1097032402875184], 'size': [0.04461973939918376, 0.0849493067344041, 0.09534921802665242]}}"
5.79600000000027,0.5879982954355624,0.0,0.4,0.5856040800409046,-2.405634718838444e-07,0.39999609886570425,"{'table_obstacle': {'pos': [0.3825981920028062, 0.37518922255766707, 0.1646257963690813], 'size': [0.049837904948193595, 0.0813235869879147, 0.05243307039854257]}, 'pillar_obstacle': {'pos': [0.39994824830915515, -0.3824307480766307, 0.23470116647765446], 'size': [0.033663755439403885, 0.20172185302840845, 0.0]}, 'small_block': {'pos': [0.6140097595303955, -0.3535133918987863, 0.1097032402875184], 'size': [0.04461973939918376, 0.0849493067344041, 0.09534921802665242]}}"
5.797000000000271,0.5879982954355624,0.0,0.4,0.5856381918495361,-2.4713910942000015e-07,0.39999615114017545,"{'table_obstacle': {'pos': [0.3825981920028062, 0.37518922255766707, 0.1646257963690813], 'size': [0.049837904948193595, 0.0813235869879147, 0.05243307039854257]}, 'pillar_obstacle': {'pos': [0.39994824830915515, -0.3824307480766307, 0.23470116647765446], 'size': [0.033663755439403885, 0.20172185302840845, 0.0]}, 'small_block': {'pos': [0.6140097595303955, -0.3535133918987863, 0.1097032402875184], 'size': [0.04461973939918376, 0.0849493067344041, 0.09534921802665242]}}"
5.798000000000271,0.5879982954355624,0.0,0.4,0.5856718181359963,-2.5348350549697935e-07,0.39999620293127797,"{'table_obstacle': {'pos': [0.3825981920028062, 0.37518922255766707, 0.1646257963690813], 'size': [0.049837904948193595, 0.0813235869879147, 0.05243307039854257]}, 'pillar_obstacle': {'pos': [0.39994824830915515, -0.3824307480766307, 0.23470116647765446], 'size': [0.033663755439403885, 0.20172185302840845, 0.0]}, 'small_block': {'pos': [0.6140097595303955, -0.3535133918987863, 0.1097032402875184], 'size': [0.04461973939918376, 0.0849493067344041, 0.09534921802665242]}}"
5.799000000000271,0.5879982954355624,0.0,0.4,0.5857049657963738,-2.596017385749761e-07,0.3999962542359867,"{'table_obstacle': {'pos': [0.3825981920028062, 0.37518922255766707, 0.1646257963690813], 'size': [0.049837904948193595, 0.0813235869879147, 0.05243307039854257]}, 'pillar_obstacle': {'pos': [0.39994824830915515, -0.3824307480766307, 0.23470116647765446], 'size': [0.033663755439403885, 0.20172185302840845, 0.0]}, 'small_block': {'pos': [0.6140097595303955, -0.3535133918987863, 0.1097032402875184], 'size': [0.04461973939918376, 0.0849493067344041, 0.09534921802665242]}}"
5.800000000000272,0.5879982954355624,0.0,0.4,0.5857376416294112,-2.6549880312032494e-07,0.3999963050516679,"{'table_obstacle': {'pos': [0.3825981920028062, 0.37518922255766707, 0.1646257963690813], 'size': [0.049837904948193595, 0.0813235869879147, 0.05243307039854257]}, 'pillar_obstacle': {'pos': [0.39994824830915515, -0.3824307480766307, 0.23470116647765446], 'size': [0.033663755439403885, 0.20172185302840845, 0.0]}, 'small_block': {'pos': [0.6140097595303955, -0.3535133918987863, 0.1097032402875184], 'size': [0.04461973939918376, 0.0849493067344041, 0.09534921802665242]}}"
5.801000000000272,0.5879982954355624,0.0,0.4,0.5857698523378222,-2.711796096243459e-07,0.3999963553760557,"{'table_obstacle': {'pos': [0.3825981920028062, 0.37518922255766707, 0.1646257963690813], 'size': [0.049837904948193595, 0.0813235869879147, 0.05243307039854257]}, 'pillar_obstacle': {'pos': [0.39994824830915515, -0.3824307480766307, 0.23470116647765446], 'size': [0.033663755439403885, 0.20172185302840845, 0.0]}, 'small_block': {'pos': [0.6140097595303955, -0.3535133918987863, 0.1097032402875184], 'size': [0.04461973939918376, 0.0849493067344041, 0.09534921802665242]}}"
5.802000000000272,0.5879982954355624,0.0,0.4,0.5858016045296017,-2.7664898371642094e-07,0.3999964052072322,"{'table_obstacle': {'pos': [0.3825981920028062, 0.37518922255766707, 0.1646257963690813], 'size': [0.049837904948193595, 0.0813235869879147, 0.05243307039854257]}, 'pillar_obstacle': {'pos': [0.39994824830915515, -0.3824307480766307, 0.23470116647765446], 'size': [0.033663755439403885, 0.20172185302840845, 0.0]}, 'small_block': {'pos': [0.6140097595303955, -0.3535133918987863, 0.1097032402875184], 'size': [0.04461973939918376, 0.0849493067344041, 0.09534921802665242]}}"
5.803000000000273,0.5879982954355624,0.0,0.4,0.5858329047193241,-2.819116664771482e-07,0.399996454543609,"{'table_obstacle': {'pos': [0.3825981920028062, 0.37518922255766707, 0.1646257963690813], 'size': [0.049837904948193595, 0.0813235869879147, 0.05243307039854257]}, 'pillar_obstacle': {'pos': [0.39994824830915515, -0.3824307480766307, 0.23470116647765446], 'size': [0.033663755439403885, 0.20172185302840845, 0.0]}, 'small_block': {'pos': [0.6140097595303955, -0.3535133918987863, 0.1097032402875184], 'size': [0.04461973939918376, 0.0849493067344041, 0.09534921802665242]}}"
5.804000000000273,0.5879982954355624,0.0,0.4,0.5858637593294311,-2.869723145028695e-07,0.3999965033839097,"{'table_obstacle': {'pos': [0.3825981920028062, 0.37518922255766707, 0.1646257963690813], 'size': [0.049837904948193595, 0.0813235869879147, 0.05243307039854257]}, 'pillar_obstacle': {'pos': [0.39994824830915515, -0.3824307480766307, 0.23470116647765446], 'size': [0.033663755439403885, 0.20172185302840845, 0.0]}, 'small_block': {'pos': [0.6140097595303955, -0.3535133918987863, 0.1097032402875184], 'size': [0.04461973939918376, 0.0849493067344041, 0.09534921802665242]}}"
5.805000000000273,0.5879982954355624,0.0,0.4,0.585894174691505,-2.9183550073521934e-07,0.3999965517271543,"{'table_obstacle': {'pos': [0.3825981920028062, 0.37518922255766707, 0.1646257963690813], 'size': [0.049837904948193595, 0.0813235869879147, 0.05243307039854257]}, 'pillar_obstacle': {'pos': [0.39994824830915515, -0.3824307480766307, 0.23470116647765446], 'size': [0.033663755439403885, 0.20172185302840845, 0.0]}, 'small_block': {'pos': [0.6140097595303955, -0.3535133918987863, 0.1097032402875184], 'size': [0.04461973939918376, 0.0849493067344041, 0.09534921802665242]}}"
5.806000000000274,0.5879982954355624,0.0,0.4,0.58592415704753,-2.9650571469683465e-07,0.3999965995726442,"{'table_obstacle': {'pos': [0.3825981920028062, 0.37518922255766707, 0.1646257963690813], 'size': [0.049837904948193595, 0.0813235869879147, 0.05243307039854257]}, 'pillar_obstacle': {'pos': [0.39994824830915515, -0.3824307480766307, 0.23470116647765446], 'size': [0.033663755439403885, 0.20172185302840845, 0.0]}, 'small_block': {'pos': [0.6140097595303955, -0.3535133918987863, 0.1097032402875184], 'size': [0.04461973939918376, 0.0849493067344041, 0.09534921802665242]}}"
5.807000000000274,0.5879982954355624,0.0,0.4,0.5859537125511387,-3.009873635512812e-07,0.399996646919947,"{'table_obstacle': {'pos': [0.3825981920028062, 0.37518922255766707, 0.1646257963690813], 'size': [0.049837904948193595, 0.0813235869879147, 0.05243307039854257]}, 'pillar_obstacle': {'pos': [0.39994824830915515, -0.3824307480766307, 0.23470116647765446], 'size': [0.033663755439403885, 0.20172185302840845, 0.0]}, 'small_block': {'pos': [0.6140097595303955, -0.3535133918987863, 0.1097032402875184], 'size': [0.04461973939918376, 0.0849493067344041, 0.09534921802665242]}}"
5.808000000000274,0.5919982309222476,0.0,0.4,0.5859828472688441,-3.052847729340727e-07,0.3999966937688859,"{'table_obstacle': {'pos': [0.3825981920028062, 0.37518922255766707, 0.1646257963690813], 'size': [0.049837904948193595, 0.0813235869879147, 0.05243307039854257]}, 'pillar_obstacle': {'pos': [0.39994824830915515, -0.3824307480766307, 0.23470116647765446], 'size': [0.033663755439403885, 0.20172185302840845, 0.0]}, 'small_block': {'pos': [0.6140097595303955, -0.3535133918987863, 0.1097032402875184], 'size': [0.04461973939918376, 0.0849493067344041, 0.09534921802665242]}}"
5.809000000000275,0.5919982309222476,0.0,0.4,0.5860222510252547,-2.694587021539464e-07,0.39999656718654303,"{'table_obstacle': {'pos': [0.3825981920028062, 0.37518922255766707, 0.1646257963690813], 'size': [0.049837904948193595, 0.0813235869879147, 0.05243307039854257]}, 'pillar_obstacle': {'pos': [0.39994824830915515, -0.3824307480766307, 0.23470116647765446], 'size': [0.033663755439403885, 0.20172185302840845, 0.0]}, 'small_block': {'pos': [0.6140097595303955, -0.3535133918987863, 0.1097032402875184], 'size': [0.04461973939918376, 0.0849493067344041, 0.09534921802665242]}}"
5.810000000000275,0.5919982309222476,0.0,0.4,0.5860697712693188,-2.0980219455542127e-07,0.39999633393706246,"{'table_obstacle': {'pos': [0.3825981920028062, 0.37518922255766707, 0.1646257963690813], 'size': [0.049837904948193595, 0.0813235869879147, 0.05243307039854257]}, 'pillar_obstacle': {'pos': [0.39994824830915515, -0.3824307480766307, 0.23470116647765446], 'size': [0.033663755439403885, 0.20172185302840845, 0.0]}, 'small_block': {'pos': [0.6140097595303955, -0.3535133918987863, 0.1097032402875184], 'size': [0.04461973939918376, 0.0849493067344041, 0.09534921802665242]}}"
5.811000000000275,0.5919982309222476,0.0,0.4,0.586123662444048,-1.3783593246942236e-07,0.3999960414817423,"{'table_obstacle': {'pos': [0.3825981920028062, 0.37518922255766707, 0.1646257963690813], 'size': [0.049837904948193595, 0.0813235869879147, 0.05243307039854257]}, 'pillar_obstacle': {'pos': [0.39994824830915515, -0.3824307480766307, 0.23470116647765446], 'size': [0.033663755439403885, 0.20172185302840845, 0.0]}, 'small_block': {'pos': [0.6140097595303955, -0.3535133918987863, 0.1097032402875184], 'size': [0.04461973939918376, 0.0849493067344041, 0.09534921802665242]}}"
5.812000000000276,0.5919982309222476,0.0,0.4,0.5861825098106864,-6.153568459663493e-08,0.39999572299316405,"{'table_obstacle': {'pos': [0.3825981920028062, 0.37518922255766707, 0.1646257963690813], 'size': [0.049837904948193595, 0.0813235869879147, 0.05243307039854257]}, 'pillar_obstacle': {'pos': [0.39994824830915515, -0.3824307480766307, 0.23470116647765446], 'size': [0.033663755439403885, 0.20172185302840845, 0.0]}, 'small_block': {'pos': [0.6140097595303955, -0.3535133918987863, 0.1097032402875184], 'size': [0.04461973939918376, 0.0849493067344041, 0.09534921802665242]}}"
5.813000000000276,0.5919982309222476,0.0,0.4,0.5862451674393396,1.3735268819864957e-08,0.3999954011267368,"{'table_obstacle': {'pos': [0.3825981920028062, 0.37518922255766707, 0.1646257963690813], 'size': [0.049837904948193595, 0.0813235869879147, 0.05243307039854257]}, 'pillar_obstacle': {'pos': [0.39994824830915515, -0.3824307480766307, 0.23470116647765446], 'size': [0.033663755439403885, 0.20172185302840845, 0.0]}, 'small_block': {'pos': [0.6140097595303955, -0.3535133918987863, 0.1097032402875184], 'size': [0.04461973939918376, 0.0849493067344041, 0.09534921802665242]}}"
5.814000000000276,0.5919982309222476,0.0,0.4,0.5863107077615342,8.452054373568883e-08,0.39999509085308643,"{'table_obstacle': {'pos': [0.3825981920028062, 0.37518922255766707, 0.1646257963690813], 'size': [0.049837904948193595, 0.0813235869879147, 0.05243307039854257]}, 'pillar_obstacle': {'pos': [0.39994824830915515, -0.3824307480766307, 0.23470116647765446], 'size': [0.033663755439403885, 0.20172185302840845, 0.0]}, 'small_block': {'pos': [0.6140097595303955, -0.3535133918987863, 0.1097032402875184], 'size': [0.04461973939918376, 0.0849493067344041, 0.09534921802665242]}}"
5.815000000000277,0.5919982309222476,0.0,0.4,0.5863783805484518,1.4873912868595934e-07,0.3999948015799589,"{'table_obstacle': {'pos': [0.3825981920028062, 0.37518922255766707, 0.1646257963690813], 'size': [0.049837904948193595, 0.0813235869879147, 0.05243307039854257]}, 'pillar_obstacle': {'pos': [0.39994824830915515, -0.3824307480766307, 0.23470116647765446], 'size': [0.033663755439403885, 0.20172185302840845, 0.0]}, 'small_block': {'pos': [0.6140097595303955, -0.3535133918987863, 0.1097032402875184], 'size': [0.04461973939918376, 0.0849493067344041, 0.09534921802665242]}}"
5.816000000000277,0.5919982309222476,0.0,0.4,0.5864475795664125,2.0528712406904404e-07,0.3999945387364934,"{'table_obstacle': {'pos': [0.3825981920028062, 0.37518922255766707, 0.1646257963690813], 'size': [0.049837904948193595, 0.0813235869879147, 0.05243307039854257]}, 'pillar_obstacle': {'pos': [0.39994824830915515, -0.3824307480766307, 0.23470116647765446], 'size': [0.033663755439403885, 0.20172185302840845, 0.0]}, 'small_block': {'pos': [0.6140097595303955, -0.3535133918987863, 0.1097032402875184], 'size': [0.04461973939918376, 0.0849493067344041, 0.09534921802665242]}}"
5.817000000000277,0.5919982309222476,0.0,0.4,0.5865178154810173,2.537412227027099e-07,0.3999943049508574,"{'table_obstacle': {'pos': [0.3825981920028062, 0.37518922255766707, 0.1646257963690813], 'size': [0.049837904948193595, 0.0813235869879147, 0.05243307039854257]}, 'pillar_obstacle': {'pos': [0.39994824830915515, -0.3824307480766307, 0.23470116647765446], 'size': [0.033663755439403885, 0.20172185302840845, 0.0]}, 'small_block': {'pos': [0.6140097595303955, -0.3535133918987863, 0.1097032402875184], 'size': [0.04461973939918376, 0.0849493067344041, 0.09534921802665242]}}"
5.818000000000278,0.5919982309222476,0.0,0.4,0.5865886938442987,2.941396078790487e-07,0.3999941009206815,"{'table_obstacle': {'pos': [0.3825981920028062, 0.37518922255766707, 0.1646257963690813], 'size': [0.049837904948193595, 0.0813235869879147, 0.05243307039854257]}, 'pillar_obstacle': {'pos': [0.39994824830915515, -0.3824307480766307, 0.23470116647765446], 'size': [0.033663755439403885, 0.20172185302840845, 0.0]}, 'small_block': {'pos': [0.6140097595303955, -0.3535133918987863, 0.1097032402875184], 'size': [0.04461973939918376, 0.0849493067344041, 0.09534921802665242]}}"
5.819000000000278,0.5919982309222476,0.0,0.4,0.5866598972147542,3.268215376268586e-07,0.3999939260518538,"{'table_obstacle': {'pos': [0.3825981920028062, 0.37518922255766707, 0.1646257963690813], 'size': [0.049837904948193595, 0.0813235869879147, 0.05243307039854257]}, 'pillar_obstacle': {'pos': [0.39994824830915515, -0.3824307480766307, 0.23470116647765446], 'size': [0.033663755439403885, 0.20172185302840845, 0.0]}, 'small_block': {'pos': [0.6140097595303955, -0.3535133918987863, 0.1097032402875184], 'size': [0.04461973939918376, 0.0849493067344041, 0.09534921802665242]}}"
5.820000000000278,0.5919982309222476,0.0,0.4,0.5867311706365447,3.5231121683805374e-07,0.3999937789231171,"{'table_obstacle': {'pos': [0.3825981920028062, 0.37518922255766707, 0.1646257963690813], 'size': [0.049837904948193595, 0.0813235869879147, 0.05243307039854257]}, 'pillar_obstacle': {'pos': [0.39994824830915515, -0.3824307480766307, 0.23470116647765446], 'size': [0.033663755439403885, 0.20172185302840845, 0.0]}, 'small_block': {'pos': [0.6140097595303955, -0.3535133918987863, 0.1097032402875184], 'size': [0.04461973939918376, 0.0849493067344041, 0.09534921802665242]}}"
5.821000000000279,0.5919982309222476,0.0,0.4,0.5868023098481697,3.712349162052802e-07,0.39999365762013056,"{'table_obstacle': {'pos': [0.3825981920028062, 0.37518922255766707, 0.1646257963690813], 'size': [0.049837904948193595, 0.0813235869879147, 0.05243307039854257]}, 'pillar_obstacle': {'pos': [0.39994824830915515, -0.3824307480766307, 0.23470116647765446], 'size': [0.033663755439403885, 0.20172185302840845, 0.0]}, 'small_block': {'pos': [0.6140097595303955, -0.3535133918987863, 0.1097032402875184], 'size': [0.04461973939918376, 0.0849493067344041, 0.09534921802665242]}}"
5.822000000000279,0.5919982309222476,0.0,0.4,0.5868731517084748,3.842628978567446e-07,0.39999355997214797,"{'table_obstacle': {'pos': [0.3825981920028062, 0.37518922255766707, 0.1646257963690813], 'size': [0.049837904948193595, 0.0813235869879147, 0.05243307039854257]}, 'pillar_obstacle': {'pos': [0.39994824830915515, -0.3824307480766307, 0.23470116647765446], 'size': [0.033663755439403885, 0.20172185302840845, 0.0]}, 'small_block': {'pos': [0.6140097595303955, -0.3535133918987863, 0.1097032402875184], 'size': [0.04461973939918376, 0.0849493067344041, 0.09534921802665242]}}"
5.823000000000279,0.5919982309222476,0.0,0.4,0.5869435664236154,3.920697170091378e-07,0.3999934837164521,"{'table_obstacle': {'pos': [0.3825981920028062, 0.37518922255766707, 0.1646257963690813], 'size': [0.049837904948193595, 0.0813235869879147, 0.05243307039854257]}, 'pillar_obstacle': {'pos': [0.39994824830915515, -0.3824307480766307, 0.23470116647765446], 'size': [0.033663755439403885, 0.20172185302840845, 0.0]}, 'small_block': {'pos': [0.6140097595303955, -0.3535133918987863, 0.1097032402875184], 'size': [0.04461973939918376, 0.0849493067344041, 0.09534921802665242]}}"
5.82400000000028,0.5919982309222476,0.0,0.4,0.5870134512365868,3.953080118842199e-07,0.39999342660956855,"{'table_obstacle': {'pos': [0.3825981920028062, 0.37518922255766707, 0.1646257963690813], 'size': [0.049837904948193595, 0.0813235869879147, 0.05243307039854257]}, 'pillar_obstacle': {'pos': [0.39994824830915515, -0.3824307480766307, 0.23470116647765446], 'size': [0.033663755439403885, 0.20172185302840845, 0.0]}, 'small_block': {'pos': [0.6140097595303955, -0.3535133918987863, 0.1097032402875184], 'size': [0.04461973939918376, 0.0849493067344041, 0.09534921802665242]}}"
5.82500000000028,0.5919982309222476,0.0,0.4,0.5870827253043738,3.9459209783419523e-07,0.39999338649960503,"{'table_obstacle': {'pos': [0.3825981920028062, 0.37518922255766707, 0.1646257963690813], 'size': [0.049837904948193595, 0.0813235869879147, 0.05243307039854257]}, 'pillar_obstacle': {'pos': [0.39994824830915515, -0.3824307480766307, 0.23470116647765446], 'size': [0.033663755439403885, 0.20172185302840845, 0.0]}, 'small_block': {'pos': [0.6140097595303955, -0.3535133918987863, 0.1097032402875184], 'size': [0.04461973939918376, 0.0849493067344041, 0.09534921802665242]}}"
5.82600000000028,0.5919982309222476,0.0,0.4,0.5871513255393919,3.9048858123465437e-07,0.3999933613705083,"{'table_obstacle': {'pos': [0.3825981920028062, 0.37518922255766707, 0.1646257963690813], 'size': [0.049837904948193595, 0.0813235869879147, 0.05243307039854257]}, 'pillar_obstacle': {'pos': [0.39994824830915515, -0.3824307480766307, 0.23470116647765446], 'size': [0.033663755439403885, 0.20172185302840845, 0.0]}, 'small_block': {'pos': [0.6140097595303955, -0.3535133918987863, 0.1097032402875184], 'size': [0.04461973939918376, 0.0849493067344041, 0.09534921802665242]}}"
5.827000000000281,0.5919982309222476,0.0,0.4,0.587219203233831,3.8351192766291586e-07,0.3999933493663105,"{'table_obstacle': {'pos': [0.3825981920028062, 0.37518922255766707, 0.1646257963690813], 'size': [0.049837904948193595, 0.0813235869879147, 0.05243307039854257]}, 'pillar_obstacle': {'pos': [0.39994824830915515, -0.3824307480766307, 0.23470116647765446], 'size': [0.033663755439403885, 0.20172185302840845, 0.0]}, 'small_block': {'pos': [0.6140097595303955, -0.3535133918987863, 0.1097032402875184], 'size': [0.04461973939918376, 0.0849493067344041, 0.09534921802665242]}}"
5.828000000000281,0.5919982309222476,0.0,0.4,0.5872863213196119,3.7412343429717927e-07,0.3999933488013727,"{'table_obstacle': {'pos': [0.3825981920028062, 0.37518922255766707, 0.1646257963690813], 'size': [0.049837904948193595, 0.0813235869879147, 0.05243307039854257]}, 'pillar_obstacle': {'pos': [0.39994824830915515, -0.3824307480766307, 0.23470116647765446], 'size': [0.033663755439403885, 0.20172185302840845, 0.0]}, 'small_block': {'pos': [0.6140097595303955, -0.3535133918987863, 0.1097032402875184], 'size': [0.04461973939918376, 0.0849493067344041, 0.09534921802665242]}}"
5.829000000000281,0.5919982309222476,0.0,0.4,0.5873526521443472,3.6273248003333643e-07,0.39999335816106907,"{'table_obstacle': {'pos': [0.3825981920028062, 0.37518922255766707, 0.1646257963690813], 'size': [0.049837904948193595, 0.0813235869879147, 0.05243307039854257]}, 'pillar_obstacle': {'pos': [0.39994824830915515, -0.3824307480766307, 0.23470116647765446], 'size': [0.033663755439403885, 0.20172185302840845, 0.0]}, 'small_block': {'pos': [0.6140097595303955, -0.3535133918987863, 0.1097032402875184], 'size': [0.04461973939918376, 0.0849493067344041, 0.09534921802665242]}}"
5.830000000000282,0.5919982309222476,0.0,0.4,0.5874181756662155,3.496992224584303e-07,0.39999337609616603,"{'table_obstacle': {'pos': [0.3825981920028062, 0.37518922255766707, 0.1646257963690813], 'size': [0.049837904948193595, 0.0813235869879147, 0.05243307039854257]}, 'pillar_obstacle': {'pos': [0.39994824830915515, -0.3824307480766307, 0.23470116647765446], 'size': [0.033663755439403885, 0.20172185302840845, 0.0]}, 'small_block': {'pos': [0.6140097595303955, -0.3535133918987863, 0.1097032402875184], 'size': [0.04461973939918376, 0.0849493067344041, 0.09534921802665242]}}"
5.831000000000282,0.5919982309222476,0.0,0.4,0.5874828779889029,3.353381485468054e-07,0.3999934014132625,"{'table_obstacle': {'pos': [0.3825981920028062, 0.37518922255766707, 0.1646257963690813], 'size': [0.049837904948193595, 0.0813235869879147, 0.05243307039854257]}, 'pillar_obstacle': {'pos': [0.39994824830915515, -0.3824307480766307, 0.23470116647765446], 'size': [0.033663755439403885, 0.20172185302840845, 0.0]}, 'small_block': {'pos': [0.6140097595303955, -0.3535133918987863, 0.1097032402875184], 'size': [0.04461973939918376, 0.0849493067344041, 0.09534921802665242]}}"
5.832000000000282,0.5919982309222476,0.0,0.4,0.5875467501726173,3.1992205783463473e-07,0.3999934330629806,"{'table_obstacle': {'pos': [0.3825981920028062, 0.37518922255766707, 0.1646257963690813], 'size': [0.049837904948193595, 0.0813235869879147, 0.05243307039854257]}, 'pillar_obstacle': {'pos': [0.39994824830915515, -0.3824307480766307, 0.23470116647765446], 'size': [0.033663755439403885, 0.20172185302840845, 0.0]}, 'small_block': {'pos': [0.6140097595303955, -0.3535133918987863, 0.1097032402875184], 'size': [0.04461973939918376, 0.0849493067344041, 0.09534921802665242]}}"
5.833000000000283,0.5919982309222476,0.0,0.4,0.5876097872692175,3.0368618453663753e-07,0.3999934701271,"{'table_obstacle': {'pos': [0.3825981920028062, 0.37518922255766707, 0.1646257963690813], 'size': [0.049837904948193595, 0.0813235869879147, 0.05243307039854257]}, 'pillar_obstacle': {'pos': [0.39994824830915515, -0.3824307480766307, 0.23470116647765446], 'size': [0.033663755439403885, 0.20172185302840845, 0.0]}, 'small_block': {'pos': [0.6140097595303955, -0.3535133918987863, 0.1097032402875184], 'size': [0.04461973939918376, 0.0849493067344041, 0.09534921802665242]}}"
5.834000000000283,0.5919982309222476,0.0,0.4,0.587671987539282,2.86832266454242e-07,0.3999935118054567,"{'table_obstacle': {'pos': [0.3825981920028062, 0.37518922255766707, 0.1646257963690813], 'size': [0.049837904948193595, 0.0813235869879147, 0.05243307039854257]}, 'pillar_obstacle': {'pos': [0.39994824830915515, -0.3824307480766307, 0.23470116647765446], 'size': [0.033663755439403885, 0.20172185302840845, 0.0]}, 'small_block': {'pos': [0.6140097595303955, -0.3535133918987863, 0.1097032402875184], 'size': [0.04461973939918376, 0.0849493067344041, 0.09534921802665242]}}"
5.835000000000283,0.5919982309222476,0.0,0.4,0.587733351816871,2.695324251670557e-07,0.3999935574031546,"{'table_obstacle': {'pos': [0.3825981920028062, 0.37518922255766707, 0.1646257963690813], 'size': [0.049837904948193595, 0.0813235869879147, 0.05243307039854257]}, 'pillar_obstacle': {'pos': [0.39994824830915515, -0.3824307480766307, 0.23470116647765446], 'size': [0.033663755439403885, 0.20172185302840845, 0.0]}, 'small_block': {'pos': [0.6140097595303955, -0.3535133918987863, 0.1097032402875184], 'size': [0.04461973939918376, 0.0849493067344041, 0.09534921802665242]}}"
5.836000000000284,0.5919982309222476,0.0,0.4,0.5877938829941997,2.5193278995635405e-07,0.399993606318437,"{'table_obstacle': {'pos': [0.3825981920028062, 0.37518922255766707, 0.1646257963690813], 'size': [0.049837904948193595, 0.0813235869879147, 0.05243307039854257]}, 'pillar_obstacle': {'pos': [0.39994824830915515, -0.3824307480766307, 0.23470116647765446], 'size': [0.033663755439403885, 0.20172185302840845, 0.0]}, 'small_block': {'pos': [0.6140097595303955, -0.3535133918987863, 0.1097032402875184], 'size': [0.04461973939918376, 0.0849493067344041, 0.09534921802665242]}}"
5.837000000000284,0.5919982309222476,0.0,0.4,0.5878535856036436,2.3415681761120502e-07,0.3999936580314242,"{'table_obstacle': {'pos': [0.3825981920028062, 0.37518922255766707, 0.1646257963690813], 'size': [0.049837904948193595, 0.0813235869879147, 0.05243307039854257]}, 'pillar_obstacle': {'pos': [0.39994824830915515, -0.3824307480766307, 0.23470116647765446], 'size': [0.033663755439403885, 0.20172185302840845, 0.0]}, 'small_block': {'pos': [0.6140097595303955, -0.3535133918987863, 0.1097032402875184], 'size': [0.04461973939918376, 0.0849493067344041, 0.09534921802665242]}}"
5.838000000000284,0.5919982309222476,0.0,0.4,0.5879124654787732,2.1630829486829108e-07,0.3999937120938238,"{'table_obstacle': {'pos': [0.3825981920028062, 0.37518922255766707, 0.1646257963690813], 'size': [0.049837904948193595, 0.0813235869879147, 0.05243307039854257]}, 'pillar_obstacle': {'pos': [0.39994824830915515, -0.3824307480766307, 0.23470116647765446], 'size': [0.033663755439403885, 0.20172185302840845, 0.0]}, 'small_block': {'pos': [0.6140097595303955, -0.3535133918987863, 0.1097032402875184], 'size': [0.04461973939918376, 0.0849493067344041, 0.09534921802665242]}}"
5.839000000000285,0.5919982309222476,0.0,0.4,0.5879705294795371,1.9847402487576922e-07,0.3999937681196433,"{'table_obstacle': {'pos': [0.3825981920028062, 0.37518922255766707, 0.1646257963690813], 'size': [0.049837904948193595, 0.0813235869879147, 0.05243307039854257]}, 'pillar_obstacle': {'pos': [0.39994824830915515, -0.3824307480766307, 0.23470116647765446], 'size': [0.033663755439403885, 0.20172185302840845, 0.0]}, 'small_block': {'pos': [0.6140097595303955, -0.3535133918987863, 0.1097032402875184], 'size': [0.04461973939918376, 0.0849493067344041, 0.09534921802665242]}}"
5.840000000000285,0.5919982309222476,0.0,0.4,0.5880277852695296,1.8072620811097e-07,0.3999938257768957,"{'table_obstacle': {'pos': [0.3825981920028062, 0.37518922255766707, 0.1646257963690813], 'size': [0.049837904948193595, 0.0813235869879147, 0.05243307039854257]}, 'pillar_obstacle': {'pos': [0.39994824830915515, -0.3824307480766307, 0.23470116647765446], 'size': [0.033663755439403885, 0.20172185302840845, 0.0]}, 'small_block': {'pos': [0.6140097595303955, -0.3535133918987863, 0.1097032402875184], 'size': [0.04461973939918376, 0.0849493067344041, 0.09534921802665242]}}"
5.841000000000285,0.5919982309222476,0.0,0.4,0.5880842411355358,1.6312453567321743e-07,0.3999938847802508,"{'table_obstacle': {'pos': [0.3825981920028062, 0.37518922255766707, 0.1646257963690813], 'size': [0.049837904948193595, 0.0813235869879147, 0.05243307039854257]}, 'pillar_obstacle': {'pos': [0.39994824830915515, -0.3824307480766307, 0.23470116647765446], 'size': [0.033663755439403885, 0.20172185302840845, 0.0]}, 'small_block': {'pos': [0.6140097595303955, -0.3535133918987863, 0.1097032402875184], 'size': [0.04461973939918376, 0.0849493067344041, 0.09534921802665242]}}"
5.842000000000286,0.5919982309222476,0.0,0.4,0.5881399058414066,1.4571802319106695e-07,0.3999939448845709,"{'table_obstacle': {'pos': [0.3825981920028062, 0.37518922255766707, 0.1646257963690813], 'size': [0.049837904948193595, 0.0813235869879147, 0.05243307039854257]}, 'pillar_obstacle': {'pos': [0.39994824830915515, -0.3824307480766307, 0.23470116647765446], 'size': [0.033663755439403885, 0.20172185302840845, 0.0]}, 'small_block': {'pos': [0.6140097595303955, -0.3535133918987863, 0.1097032402875184], 'size': [0.04461973939918376, 0.0849493067344041, 0.09534921802665242]}}"
5.843000000000286,0.5919982309222476,0.0,0.4,0.5881947885097939,1.285466018277492e-07,0.39999400587925726,"{'table_obstacle': {'pos': [0.3825981920028062, 0.37518922255766707, 0.1646257963690813], 'size': [0.049837904948193595, 0.0813235869879147, 0.05243307039854257]}, 'pillar_obstacle': {'pos': [0.39994824830915515, -0.3824307480766307, 0.23470116647765446], 'size': [0.033663755439403885, 0.20172185302840845, 0.0]}, 'small_block': {'pos': [0.6140097595303955, -0.3535133918987863, 0.1097032402875184], 'size': [0.04461973939918376, 0.0849493067344041, 0.09534921802665242]}}"
5.844000000000286,0.5919982309222476,0.0,0.4,0.5882488985265102,1.1164249704342594e-07,0.3999940675833311,"{'table_obstacle': {'pos': [0.3825981920028062, 0.37518922255766707, 0.1646257963690813], 'size': [0.049837904948193595, 0.0813235869879147, 0.05243307039854257]}, 'pillar_obstacle': {'pos': [0.39994824830915515, -0.3824307480766307, 0.23470116647765446], 'size': [0.033663755439403885, 0.20172185302840845, 0.0]}, 'small_block': {'pos': [0.6140097595303955, -0.3535133918987863, 0.1097032402875184], 'size': [0.04461973939918376, 0.0849493067344041, 0.09534921802665242]}}"
5.845000000000287,0.5919982309222476,0.0,0.4,0.5883022454632497,9.503141593269266e-08,0.3999941298411717,"{'table_obstacle': {'pos': [0.3825981920028062, 0.37518922255766707, 0.1646257963690813], 'size': [0.049837904948193595, 0.0813235869879147, 0.05243307039854257]}, 'pillar_obstacle': {'pos': [0.39994824830915515, -0.3824307480766307, 0.23470116647765446], 'size': [0.033663755439403885, 0.20172185302840845, 0.0]}, 'small_block': {'pos': [0.6140097595303955, -0.3535133918987863, 0.1097032402875184], 'size': [0.04461973939918376, 0.0849493067344041, 0.09534921802665242]}}"
5.846000000000287,0.5919982309222476,0.0,0.4,0.5883548390152175,7.873356838878424e-08,0.3999941925188379,"{'table_obstacle': {'pos': [0.3825981920028062, 0.37518922255766707, 0.1646257963690813], 'size': [0.049837904948193595, 0.0813235869879147, 0.05243307039854257]}, 'pillar_obstacle': {'pos': [0.39994824830915515, -0.3824307480766307, 0.23470116647765446], 'size': [0.033663755439403885, 0.20172185302840845, 0.0]}, 'small_block': {'pos': [0.6140097595303955, -0.3535133918987863, 0.1097032402875184], 'size': [0.04461973939918376, 0.0849493067344041, 0.09534921802665242]}}"
5.847000000000287,0.5919982309222476,0.0,0.4,0.5884066889508561,6.276453797854259e-08,0.399994255500904,"{'table_obstacle': {'pos': [0.3825981920028062, 0.37518922255766707, 0.1646257963690813], 'size': [0.049837904948193595, 0.0813235869879147, 0.05243307039854257]}, 'pillar_obstacle': {'pos': [0.39994824830915515, -0.3824307480766307, 0.23470116647765446], 'size': [0.033663755439403885, 0.20172185302840845, 0.0]}, 'small_block': {'pos': [0.6140097595303955, -0.3535133918987863, 0.1097032402875184], 'size': [0.04461973939918376, 0.0849493067344041, 0.09534921802665242]}}"
5.848000000000288,0.5919982309222476,0.0,0.4,0.5884578050713961,4.713602883981496e-08,0.3999943186877453,"{'table_obstacle': {'pos': [0.3825981920028062, 0.37518922255766707, 0.1646257963690813], 'size': [0.049837904948193595, 0.0813235869879147, 0.05243307039854257]}, 'pillar_obstacle': {'pos': [0.39994824830915515, -0.3824307480766307, 0.23470116647765446], 'size': [0.033663755439403885, 0.20172185302840845, 0.0]}, 'small_block': {'pos': [0.6140097595303955, -0.3535133918987863, 0.1097032402875184], 'size': [0.04461973939918376, 0.0849493067344041, 0.09534921802665242]}}"
5.849000000000288,0.5919982309222476,0.0,0.4,0.5885081971783698,3.185649772810762e-08,0.39999438199321696,"{'table_obstacle': {'pos': [0.3825981920028062, 0.37518922255766707, 0.1646257963690813], 'size': [0.049837904948193595, 0.0813235869879147, 0.05243307039854257]}, 'pillar_obstacle': {'pos': [0.39994824830915515, -0.3824307480766307, 0.23470116647765446], 'size': [0.033663755439403885, 0.20172185302840845, 0.0]}, 'small_block': {'pos': [0.6140097595303955, -0.3535133918987863, 0.1097032402875184], 'size': [0.04461973939918376, 0.0849493067344041, 0.09534921802665242]}}"
5.850000000000288,0.5919982309222476,0.0,0.4,0.5885578750476024,1.6931693457354395e-08,0.39999444534267037,"{'table_obstacle': {'pos': [0.3825981920028062, 0.37518922255766707, 0.1646257963690813], 'size': [0.049837904948193595, 0.0813235869879147, 0.05243307039854257]}, 'pillar_obstacle': {'pos': [0.39994824830915515, -0.3824307480766307, 0.23470116647765446], 'size': [0.033663755439403885, 0.20172185302840845, 0.0]}, 'small_block': {'pos': [0.6140097595303955, -0.3535133918987863, 0.1097032402875184], 'size': [0.04461973939918376, 0.0849493067344041, 0.09534921802665242]}}"
5.851000000000289,0.5919982309222476,0.0,0.4,0.5886068484084402,2.3651112298682916e-09,0.3999945086712648,"{'table_obstacle': {'pos': [0.3825981920028062, 0.37518922255766707, 0.1646257963690813], 'size': [0.049837904948193595, 0.0813235869879147, 0.05243307039854257]}, 'pillar_obstacle': {'pos': [0.39994824830915515, -0.3824307480766307, 0.23470116647765446], 'size': [0.033663755439403885, 0.20172185302840845, 0.0]}, 'small_block': {'pos': [0.6140097595303955, -0.3535133918987863, 0.1097032402875184], 'size': [0.04461973939918376, 0.0849493067344041, 0.09534921802665242]}}"
5.852000000000289,0.5919982309222476,0.0,0.4,0.5886551269272445,-1.1841620804505798e-08,0.39999457192253074,"{'table_obstacle': {'pos': [0.3825981920028062, 0.37518922255766707, 0.1646257963690813], 'size': [0.049837904948193595, 0.0813235869879147, 0.05243307039854257]}, 'pillar_obstacle': {'pos': [0.39994824830915515, -0.3824307480766307, 0.23470116647765446], 'size': [0.033663755439403885, 0.20172185302840845, 0.0]}, 'small_block': {'pos': [0.6140097595303955, -0.3535133918987863, 0.1097032402875184], 'size': [0.04461973939918376, 0.0849493067344041, 0.09534921802665242]}}"
5.853000000000289,0.5919982309222476,0.0,0.4,0.5887027201943319,-2.568841787735122e-08,0.39999463504714966,"{'table_obstacle': {'pos': [0.3825981920028062, 0.37518922255766707, 0.1646257963690813], 'size': [0.049837904948193595, 0.0813235869879147, 0.05243307039854257]}, 'pillar_obstacle': {'pos': [0.39994824830915515, -0.3824307480766307, 0.23470116647765446], 'size': [0.033663755439403885, 0.20172185302840845, 0.0]}, 'small_block': {'pos': [0.6140097595303955, -0.3535133918987863, 0.1097032402875184], 'size': [0.04461973939918376, 0.0849493067344041, 0.09534921802665242]}}"
5.85400000000029,0.5919982309222476,0.0,0.4,0.5887496377137151,-3.917646420851672e-08,0.3999946980019185,"{'table_obstacle': {'pos': [0.3825981920028062, 0.37518922255766707, 0.1646257963690813], 'size': [0.049837904948193595, 0.0813235869879147, 0.05243307039854257]}, 'pillar_obstacle': {'pos': [0.39994824830915515, -0.3824307480766307, 0.23470116647765446], 'size': [0.033663755439403885, 0.20172185302840845, 0.0]}, 'small_block': {'pos': [0.6140097595303955, -0.3535133918987863, 0.1097032402875184], 'size': [0.04461973939918376, 0.0849493067344041, 0.09534921802665242]}}"
5.85500000000029,0.5919982309222476,0.0,0.4,0.5887958888951147,-5.230798385409114e-08,0.3999947607488729,"{'table_obstacle': {'pos': [0.3825981920028062, 0.37518922255766707, 0.1646257963690813], 'size': [0.049837904948193595, 0.0813235869879147, 0.05243307039854257]}, 'pillar_obstacle': {'pos': [0.39994824830915515, -0.3824307480766307, 0.23470116647765446], 'size': [0.033663755439403885, 0.20172185302840845, 0.0]}, 'small_block': {'pos': [0.6140097595303955, -0.3535133918987863, 0.1097032402875184], 'size': [0.04461973939918376, 0.0849493067344041, 0.09534921802665242]}}"
5.85600000000029,0.5919982309222476,0.0,0.4,0.5888414830478068,-6.508604686762847e-08,0.3999948232545442,"{'table_obstacle': {'pos': [0.3825981920028062, 0.37518922255766707, 0.1646257963690813], 'size': [0.049837904948193595, 0.0813235869879147, 0.05243307039854257]}, 'pillar_obstacle': {'pos': [0.39994824830915515, -0.3824307480766307, 0.23470116647765446], 'size': [0.033663755439403885, 0.20172185302840845, 0.0]}, 'small_block': {'pos': [0.6140097595303955, -0.3535133918987863, 0.1097032402875184], 'size': [0.04461973939918376, 0.0849493067344041, 0.09534921802665242]}}"
5.857000000000291,0.5919982309222476,0.0,0.4,0.5888864293759585,-7.751440872885116e-08,0.3999948854893302,"{'table_obstacle': {'pos': [0.3825981920028062, 0.37518922255766707, 0.1646257963690813], 'size': [0.049837904948193595, 0.0813235869879147, 0.05243307039854257]}, 'pillar_obstacle': {'pos': [0.39994824830915515, -0.3824307480766307, 0.23470116647765446], 'size': [0.033663755439403885, 0.20172185302840845, 0.0]}, 'small_block': {'pos': [0.6140097595303955, -0.3535133918987863, 0.1097032402875184], 'size': [0.04461973939918376, 0.0849493067344041, 0.09534921802665242]}}"
5.858000000000291,0.5919982309222476,0.0,0.4,0.5889307369751702,-8.959737473453853e-08,0.39999494742696384,"{'table_obstacle': {'pos': [0.3825981920028062, 0.37518922255766707, 0.1646257963690813], 'size': [0.049837904948193595, 0.0813235869879147, 0.05243307039854257]}, 'pillar_obstacle': {'pos': [0.39994824830915515, -0.3824307480766307, 0.23470116647765446], 'size': [0.033663755439403885, 0.20172185302840845, 0.0]}, 'small_block': {'pos': [0.6140097595303955, -0.3535133918987863, 0.1097032402875184], 'size': [0.04461973939918376, 0.0849493067344041, 0.09534921802665242]}}"
5.859000000000291,0.5919982309222476,0.0,0.4,0.5889744148299882,-1.0133968677516182e-07,0.3999950090440626,"{'table_obstacle': {'pos': [0.3825981920028062, 0.37518922255766707, 0.1646257963690813], 'size': [0.049837904948193595, 0.0813235869879147, 0.05243307039854257]}, 'pillar_obstacle': {'pos': [0.39994824830915515, -0.3824307480766307, 0.23470116647765446], 'size': [0.033663755439403885, 0.20172185302840845, 0.0]}, 'small_block': {'pos': [0.6140097595303955, -0.3535133918987863, 0.1097032402875184], 'size': [0.04461973939918376, 0.0849493067344041, 0.09534921802665242]}}"
5.860000000000292,0.5919982309222476,0.0,0.4,0.5890174718122075,-1.1274643003473255e-07,0.39999507031974824,"{'table_obstacle': {'pos': [0.3825981920028062, 0.37518922255766707, 0.1646257963690813], 'size': [0.049837904948193595, 0.0813235869879147, 0.05243307039854257]}, 'pillar_obstacle': {'pos': [0.39994824830915515, -0.3824307480766307, 0.23470116647765446], 'size': [0.033663755439403885, 0.20172185302840845, 0.0]}, 'small_block': {'pos': [0.6140097595303955, -0.3535133918987863, 0.1097032402875184], 'size': [0.04461973939918376, 0.0849493067344041, 0.09534921802665242]}}"
5.861000000000292,0.5919982309222476,0.0,0.4,0.5890599166798053,-1.2382295442956416e-07,0.3999951312353239,"{'table_obstacle': {'pos': [0.3825981920028062, 0.37518922255766707, 0.1646257963690813], 'size': [0.049837904948193595, 0.0813235869879147, 0.05243307039854257]}, 'pillar_obstacle': {'pos': [0.39994824830915515, -0.3824307480766307, 0.23470116647765446], 'size': [0.033663755439403885, 0.20172185302840845, 0.0]}, 'small_block': {'pos': [0.6140097595303955, -0.3535133918987863, 0.1097032402875184], 'size': [0.04461973939918376, 0.0849493067344041, 0.09534921802665242]}}"
5.862000000000292,0.5919982309222476,0.0,0.4,0.5891017580763878,-1.3457480903036546e-07,0.39999519177400095,"{'table_obstacle': {'pos': [0.3825981920028062, 0.37518922255766707, 0.1646257963690813], 'size': [0.049837904948193595, 0.0813235869879147, 0.05243307039854257]}, 'pillar_obstacle': {'pos': [0.39994824830915515, -0.3824307480766307, 0.23470116647765446], 'size': [0.033663755439403885, 0.20172185302840845, 0.0]}, 'small_block': {'pos': [0.6140097595303955, -0.3535133918987863, 0.1097032402875184], 'size': [0.04461973939918376, 0.0849493067344041, 0.09534921802665242]}}"
5.863000000000293,0.5919982309222476,0.0,0.4,0.5891430045310482,-1.450076891615067e-07,0.39999525192066887,"{'table_obstacle': {'pos': [0.3825981920028062, 0.37518922255766707, 0.1646257963690813], 'size': [0.049837904948193595, 0.0813235869879147, 0.05243307039854257]}, 'pillar_obstacle': {'pos': [0.39994824830915515, -0.3824307480766307, 0.23470116647765446], 'size': [0.033663755439403885, 0.20172185302840845, 0.0]}, 'small_block': {'pos': [0.6140097595303955, -0.3535133918987863, 0.1097032402875184], 'size': [0.04461973939918376, 0.0849493067344041, 0.09534921802665242]}}"
5.864000000000293,0.5919982309222476,0.0,0.4,0.5891836644585527,-1.551273913524677e-07,0.3999953116616969,"{'table_obstacle': {'pos': [0.3825981920028062, 0.37518922255766707, 0.1646257963690813], 'size': [0.049837904948193595, 0.0813235869879147, 0.05243307039854257]}, 'pillar_obstacle': {'pos': [0.39994824830915515, -0.3824307480766307, 0.23470116647765446], 'size': [0.033663755439403885, 0.20172185302840845, 0.0]}, 'small_block': {'pos': [0.6140097595303955, -0.3535133918987863, 0.1097032402875184], 'size': [0.04461973939918376, 0.0849493067344041, 0.09534921802665242]}}"
5.865000000000293,0.5919982309222476,0.0,0.4,0.5892237461597901,-1.6493977572339274e-07,0.3999953709847678,"{'table_obstacle': {'pos': [0.3825981920028062, 0.37518922255766707, 0.1646257963690813], 'size': [0.049837904948193595, 0.0813235869879147, 0.05243307039854257]}, 'pillar_obstacle': {'pos': [0.39994824830915515, -0.3824307480766307, 0.23470116647765446], 'size': [0.033663755439403885, 0.20172185302840845, 0.0]}, 'small_block': {'pos': [0.6140097595303955, -0.3535133918987863, 0.1097032402875184], 'size': [0.04461973939918376, 0.0849493067344041, 0.09534921802665242]}}"
5.866000000000294,0.5919982309222476,0.0,0.4,0.5892632578224328,-1.744507370308163e-07,0.3999954298787364,"{'table_obstacle': {'pos': [0.3825981920028062, 0.37518922255766707, 0.1646257963690813], 'size': [0.049837904948193595, 0.0813235869879147, 0.05243307039854257]}, 'pillar_obstacle': {'pos': [0.39994824830915515, -0.3824307480766307, 0.23470116647765446], 'size': [0.033663755439403885, 0.20172185302840845, 0.0]}, 'small_block': {'pos': [0.6140097595303955, -0.3535133918987863, 0.1097032402875184], 'size': [0.04461973939918376, 0.0849493067344041, 0.09534921802665242]}}"
5.867000000000294,0.5919982309222476,0.0,0.4,0.5893022075217631,-1.8366617875735686e-07,0.39999548833350584,"{'table_obstacle': {'pos': [0.3825981920028062, 0.37518922255766707, 0.1646257963690813], 'size': [0.049837904948193595, 0.0813235869879147, 0.05243307039854257]}, 'pillar_obstacle': {'pos': [0.39994824830915515, -0.3824307480766307, 0.23470116647765446], 'size': [0.033663755439403885, 0.20172185302840845, 0.0]}, 'small_block': {'pos': [0.6140097595303955, -0.3535133918987863, 0.1097032402875184], 'size': [0.04461973939918376, 0.0849493067344041, 0.09534921802665242]}}"
5.868000000000294,0.5919982309222476,0.0,0.4,0.5893406032216308,-1.9259199323532702e-07,0.3999955463399259,"{'table_obstacle': {'pos': [0.3825981920028062, 0.37518922255766707, 0.1646257963690813], 'size': [0.049837904948193595, 0.0813235869879147, 0.05243307039854257]}, 'pillar_obstacle': {'pos': [0.39994824830915515, -0.3824307480766307, 0.23470116647765446], 'size': [0.033663755439403885, 0.20172185302840845, 0.0]}, 'small_block': {'pos': [0.6140097595303955, -0.3535133918987863, 0.1097032402875184], 'size': [0.04461973939918376, 0.0849493067344041, 0.09534921802665242]}}"
5.869000000000295,0.5919982309222476,0.0,0.4,0.5893784527755142,-2.012340446550642e-07,0.3999956038897014,"{'table_obstacle': {'pos': [0.3825981920028062, 0.37518922255766707, 0.1646257963690813], 'size': [0.049837904948193595, 0.0813235869879147, 0.05243307039854257]}, 'pillar_obstacle': {'pos': [0.39994824830915515, -0.3824307480766307, 0.23470116647765446], 'size': [0.033663755439403885, 0.20172185302840845, 0.0]}, 'small_block': {'pos': [0.6140097595303955, -0.3535133918987863, 0.1097032402875184], 'size': [0.04461973939918376, 0.0849493067344041, 0.09534921802665242]}}"
5.870000000000295,0.5919982309222476,0.0,0.4,0.5894157639276597,-2.0959815558541541e-07,0.3999956609753168,"{'table_obstacle': {'pos': [0.3825981920028062, 0.37518922255766707, 0.1646257963690813], 'size': [0.049837904948193595, 0.0813235869879147, 0.05243307039854257]}, 'pillar_obstacle': {'pos': [0.39994824830915515, -0.3824307480766307, 0.23470116647765446], 'size': [0.033663755439403885, 0.20172185302840845, 0.0]}, 'small_block': {'pos': [0.6140097595303955, -0.3535133918987863, 0.1097032402875184], 'size': [0.04461973939918376, 0.0849493067344041, 0.09534921802665242]}}"
5.871000000000295,0.5919982309222476,0.0,0.4,0.5894525443142827,-2.1769009691725554e-07,0.39999571758996877,"{'table_obstacle': {'pos': [0.3825981920028062, 0.37518922255766707, 0.1646257963690813], 'size': [0.049837904948193595, 0.0813235869879147, 0.05243307039854257]}, 'pillar_obstacle': {'pos': [0.39994824830915515, -0.3824307480766307, 0.23470116647765446], 'size': [0.033663755439403885, 0.20172185302840845, 0.0]}, 'small_block': {'pos': [0.6140097595303955, -0.3535133918987863, 0.1097032402875184], 'size': [0.04461973939918376, 0.0849493067344041, 0.09534921802665242]}}"
5.872000000000296,0.5919982309222476,0.0,0.4,0.589488801464814,-2.2551557761151638e-07,0.3999957737275082,"{'table_obstacle': {'pos': [0.3825981920028062, 0.37518922255766707, 0.1646257963690813], 'size': [0.049837904948193595, 0.0813235869879147, 0.05243307039854257]}, 'pillar_obstacle': {'pos': [0.39994824830915515, -0.3824307480766307, 0.23470116647765446], 'size': [0.033663755439403885, 0.20172185302840845, 0.0]}, 'small_block': {'pos': [0.6140097595303955, -0.3535133918987863, 0.1097032402875184], 'size': [0.04461973939918376, 0.0849493067344041, 0.09534921802665242]}}"
5.873000000000296,0.5919982309222476,0.0,0.4,0.5895245428031789,-2.3308023889450333e-07,0.3999958293823894,"{'table_obstacle': {'pos': [0.3825981920028062, 0.37518922255766707, 0.1646257963690813], 'size': [0.049837904948193595, 0.0813235869879147, 0.05243307039854257]}, 'pillar_obstacle': {'pos': [0.39994824830915515, -0.3824307480766307, 0.23470116647765446], 'size': [0.033663755439403885, 0.20172185302840845, 0.0]}, 'small_block': {'pos': [0.6140097595303955, -0.3535133918987863, 0.1097032402875184], 'size': [0.04461973939918376, 0.0849493067344041, 0.09534921802665242]}}"
5.874000000000296,0.5919982309222476,0.0,0.4,0.5895597756491013,-2.403896486762909e-07,0.39999588454962626,"{'table_obstacle': {'pos': [0.3825981920028062, 0.37518922255766707, 0.1646257963690813], 'size': [0.049837904948193595, 0.0813235869879147, 0.05243307039854257]}, 'pillar_obstacle': {'pos': [0.39994824830915515, -0.3824307480766307, 0.23470116647765446], 'size': [0.033663755439403885, 0.20172185302840845, 0.0]}, 'small_block': {'pos': [0.6140097595303955, -0.3535133918987863, 0.1097032402875184], 'size': [0.04461973939918376, 0.0849493067344041, 0.09534921802665242]}}"
5.875000000000297,0.5919982309222476,0.0,0.4,0.5895945072194206,-2.4744929670248804e-07,0.39999593922475235,"{'table_obstacle': {'pos': [0.3825981920028062, 0.37518922255766707, 0.1646257963690813], 'size': [0.049837904948193595, 0.0813235869879147, 0.05243307039854257]}, 'pillar_obstacle': {'pos': [0.39994824830915515, -0.3824307480766307, 0.23470116647765446], 'size': [0.033663755439403885, 0.20172185302840845, 0.0]}, 'small_block': {'pos': [0.6140097595303955, -0.3535133918987863, 0.1097032402875184], 'size': [0.04461973939918376, 0.0849493067344041, 0.09534921802665242]}}"
5.876000000000297,0.5919982309222476,0.0,0.4,0.5896287446294195,-2.5426459225746046e-07,0.39999599340378694,"{'table_obstacle': {'pos': [0.3825981920028062, 0.37518922255766707, 0.1646257963690813], 'size': [0.049837904948193595, 0.0813235869879147, 0.05243307039854257]}, 'pillar_obstacle': {'pos': [0.39994824830915515, -0.3824307480766307, 0.23470116647765446], 'size': [0.033663755439403885, 0.20172185302840845, 0.0]}, 'small_block': {'pos': [0.6140097595303955, -0.3535133918987863, 0.1097032402875184], 'size': [0.04461973939918376, 0.0849493067344041, 0.09534921802665242]}}"
5.877000000000297,0.5919982309222476,0.0,0.4,0.5896624948941546,-2.608408609678045e-07,0.39999604708320285,"{'table_obstacle': {'pos': [0.3825981920028062, 0.37518922255766707, 0.1646257963690813], 'size': [0.049837904948193595, 0.0813235869879147, 0.05243307039854257]}, 'pillar_obstacle': {'pos': [0.39994824830915515, -0.3824307480766307, 0.23470116647765446], 'size': [0.033663755439403885, 0.20172185302840845, 0.0]}, 'small_block': {'pos': [0.6140097595303955, -0.3535133918987863, 0.1097032402875184], 'size': [0.04461973939918376, 0.0849493067344041, 0.09534921802665242]}}"
5.878000000000298,0.5919982309222476,0.0,0.4,0.5896957649297851,-2.671833430304421e-07,0.3999961002598994,"{'table_obstacle': {'pos': [0.3825981920028062, 0.37518922255766707, 0.1646257963690813], 'size': [0.049837904948193595, 0.0813235869879147, 0.05243307039854257]}, 'pillar_obstacle': {'pos': [0.39994824830915515, -0.3824307480766307, 0.23470116647765446], 'size': [0.033663755439403885, 0.20172185302840845, 0.0]}, 'small_block': {'pos': [0.6140097595303955, -0.3535133918987863, 0.1097032402875184], 'size': [0.04461973939918376, 0.0849493067344041, 0.09534921802665242]}}"
5.879000000000298,0.5919982309222476,0.0,0.4,0.5897285615549018,-2.732971932470514e-07,0.39999615293117724,"{'table_obstacle': {'pos': [0.3825981920028062, 0.37518922255766707, 0.1646257963690813], 'size': [0.049837904948193595, 0.0813235869879147, 0.05243307039854257]}, 'pillar_obstacle': {'pos': [0.39994824830915515, -0.3824307480766307, 0.23470116647765446], 'size': [0.033663755439403885, 0.20172185302840845, 0.0]}, 'small_block': {'pos': [0.6140097595303955, -0.3535133918987863, 0.1097032402875184], 'size': [0.04461973939918376, 0.0849493067344041, 0.09534921802665242]}}"
5.880000000000298,0.5919982309222476,0.0,0.4,0.5897608914918446,-2.7918747896310734e-07,0.3999962050947146,"{'table_obstacle': {'pos': [0.3825981920028062, 0.37518922255766707, 0.1646257963690813], 'size': [0.049837904948193595, 0.0813235869879147, 0.05243307039854257]}, 'pillar_obstacle': {'pos': [0.39994824830915515, -0.3824307480766307, 0.23470116647765446], 'size': [0.033663755439403885, 0.20172185302840845, 0.0]}, 'small_block': {'pos': [0.6140097595303955, -0.3535133918987863, 0.1097032402875184], 'size': [0.04461973939918376, 0.0849493067344041, 0.09534921802665242]}}"
5.881000000000299,0.5919982309222476,0.0,0.4,0.5897927613680138,-2.8485918046657107e-07,0.39999625674854805,"{'table_obstacle': {'pos': [0.3825981920028062, 0.37518922255766707, 0.1646257963690813], 'size': [0.049837904948193595, 0.0813235869879147, 0.05243307039854257]}, 'pillar_obstacle': {'pos': [0.39994824830915515, -0.3824307480766307, 0.23470116647765446], 'size': [0.033663755439403885, 0.20172185302840845, 0.0]}, 'small_block': {'pos': [0.6140097595303955, -0.3535133918987863, 0.1097032402875184], 'size': [0.04461973939918376, 0.0849493067344041, 0.09534921802665242]}}"
5.882000000000299,0.5919982309222476,0.0,0.4,0.5898241777171706,-2.9031719110883425e-07,0.3999963078910514,"{'table_obstacle': {'pos': [0.3825981920028062, 0.37518922255766707, 0.1646257963690813], 'size': [0.049837904948193595, 0.0813235869879147, 0.05243307039854257]}, 'pillar_obstacle': {'pos': [0.39994824830915515, -0.3824307480766307, 0.23470116647765446], 'size': [0.033663755439403885, 0.20172185302840845, 0.0]}, 'small_block': {'pos': [0.6140097595303955, -0.3535133918987863, 0.1097032402875184], 'size': [0.04461973939918376, 0.0849493067344041, 0.09534921802665242]}}"
5.883000000000299,0.5919982309222476,0.0,0.4,0.589855146980726,-2.955663173973598e-07,0.3999963585209197,"{'table_obstacle': {'pos': [0.3825981920028062, 0.37518922255766707, 0.1646257963690813], 'size': [0.049837904948193595, 0.0813235869879147, 0.05243307039854257]}, 'pillar_obstacle': {'pos': [0.39994824830915515, -0.3824307480766307, 0.23470116647765446], 'size': [0.033663755439403885, 0.20172185302840845, 0.0]}, 'small_block': {'pos': [0.6140097595303955, -0.3535133918987863, 0.1097032402875184], 'size': [0.04461973939918376, 0.0849493067344041, 0.09534921802665242]}}"
5.8840000000003,0.5919982309222476,0.0,0.4,0.5898856755090172,-3.0061127936134057e-07,0.3999964086371514,"{'table_obstacle': {'pos': [0.3825981920028062, 0.37518922255766707, 0.1646257963690813], 'size': [0.049837904948193595, 0.0813235869879147, 0.05243307039854257]}, 'pillar_obstacle': {'pos': [0.39994824830915515, -0.3824307480766307, 0.23470116647765446], 'size': [0.033663755439403885, 0.20172185302840845, 0.0]}, 'small_block': {'pos': [0.6140097595303955, -0.3535133918987863, 0.1097032402875184], 'size': [0.04461973939918376, 0.0849493067344041, 0.09534921802665242]}}"
5.8850000000003,0.5919982309222476,0.0,0.4,0.5899157695625693,-3.0545671123384607e-07,0.39999645823903435,"{'table_obstacle': {'pos': [0.3825981920028062, 0.37518922255766707, 0.1646257963690813], 'size': [0.049837904948193595, 0.0813235869879147, 0.05243307039854257]}, 'pillar_obstacle': {'pos': [0.39994824830915515, -0.3824307480766307, 0.23470116647765446], 'size': [0.033663755439403885, 0.20172185302840845, 0.0]}, 'small_block': {'pos': [0.6140097595303955, -0.3535133918987863, 0.1097032402875184], 'size': [0.04461973939918376, 0.0849493067344041, 0.09534921802665242]}}"
5.8860000000003,0.5919982309222476,0.0,0.4,0.5899454353133442,-3.10107162878062e-07,0.39999650732613057,"{'table_obstacle': {'pos': [0.3825981920028062, 0.37518922255766707, 0.1646257963690813], 'size': [0.049837904948193595, 0.0813235869879147, 0.05243307039854257]}, 'pillar_obstacle': {'pos': [0.39994824830915515, -0.3824307480766307, 0.23470116647765446], 'size': [0.033663755439403885, 0.20172185302840845, 0.0]}, 'small_block': {'pos': [0.6140097595303955, -0.3535133918987863, 0.1097032402875184], 'size': [0.04461973939918376, 0.0849493067344041, 0.09534921802665242]}}"
5.887000000000301,0.5919982309222476,0.0,0.4,0.5899746788459745,-3.145670991062014e-07,0.3999965558982633,"{'table_obstacle': {'pos': [0.3825981920028062, 0.37518922255766707, 0.1646257963690813], 'size': [0.049837904948193595, 0.0813235869879147, 0.05243307039854257]}, 'pillar_obstacle': {'pos': [0.39994824830915515, -0.3824307480766307, 0.23470116647765446], 'size': [0.033663755439403885, 0.20172185302840845, 0.0]}, 'small_block': {'pos': [0.6140097595303955, -0.3535133918987863, 0.1097032402875184], 'size': [0.04461973939918376, 0.0849493067344041, 0.09534921802665242]}}"
5.888000000000301,0.5959981619600228,0.0,0.4,0.590003506158982,-3.1884090293350046e-07,0.39999660395550396,"{'table_obstacle': {'pos': [0.3825981920028062, 0.37518922255766707, 0.1646257963690813], 'size': [0.049837904948193595, 0.0813235869879147, 0.05243307039854257]}, 'pillar_obstacle': {'pos': [0.39994824830915515, -0.3824307480766307, 0.23470116647765446], 'size': [0.033663755439403885, 0.20172185302840845, 0.0]}, 'small_block': {'pos': [0.6140097595303955, -0.3535133918987863, 0.1097032402875184], 'size': [0.04461973939918376, 0.0849493067344041, 0.09534921802665242]}}"
5.889000000000301,0.5959981619600228,0.0,0.4,0.5900425947984084,-2.818006146052532e-07,0.39999647222680607,"{'table_obstacle': {'pos': [0.3825981920028062, 0.37518922255766707, 0.1646257963690813], 'size': [0.049837904948193595, 0.0813235869879147, 0.05243307039854257]}, 'pillar_obstacle': {'pos': [0.39994824830915515, -0.3824307480766307, 0.23470116647765446], 'size': [0.033663755439403885, 0.20172185302840845, 0.0]}, 'small_block': {'pos': [0.6140097595303955, -0.3535133918987863, 0.1097032402875184], 'size': [0.04461973939918376, 0.0849493067344041, 0.09534921802665242]}}"
5.890000000000302,0.5959981619600228,0.0,0.4,0.5900897962191101,-2.20212408639746e-07,0.3999962299296615,"{'table_obstacle': {'pos': [0.3825981920028062, 0.37518922255766707, 0.1646257963690813], 'size': [0.049837904948193595, 0.0813235869879147, 0.05243307039854257]}, 'pillar_obstacle': {'pos': [0.39994824830915515, -0.3824307480766307, 0.23470116647765446], 'size': [0.033663755439403885, 0.20172185302840845, 0.0]}, 'small_block': {'pos': [0.6140097595303955, -0.3535133918987863, 0.1097032402875184], 'size': [0.04461973939918376, 0.0849493067344041, 0.09534921802665242]}}"
5.891000000000302,0.5959981619600228,0.0,0.4,0.5901433677634857,-1.4593475243734973e-07,0.39999592627399794,"{'table_obstacle': {'pos': [0.3825981920028062, 0.37518922255766707, 0.1646257963690813], 'size': [0.049837904948193595, 0.0813235869879147, 0.05243307039854257]}, 'pillar_obstacle': {'pos': [0.39994824830915515, -0.3824307480766307, 0.23470116647765446], 'size': [0.033663755439403885, 0.20172185302840845, 0.0]}, 'small_block': {'pos': [0.6140097595303955, -0.3535133918987863, 0.1097032402875184], 'size': [0.04461973939918376, 0.0849493067344041, 0.09534921802665242]}}"
5.892000000000302,0.5959981619600228,0.0,0.4,0.5902018967691848,-6.717986726351434e-08,0.3999955956566294,"{'table_obstacle': {'pos': [0.3825981920028062, 0.37518922255766707, 0.1646257963690813], 'size': [0.049837904948193595, 0.0813235869879147, 0.05243307039854257]}, 'pillar_obstacle': {'pos': [0.39994824830915515, -0.3824307480766307, 0.23470116647765446], 'size': [0.033663755439403885, 0.20172185302840845, 0.0]}, 'small_block': {'pos': [0.6140097595303955, -0.3535133918987863, 0.1097032402875184], 'size': [0.04461973939918376, 0.0849493067344041, 0.09534921802665242]}}"
5.893000000000303,0.5959981619600228,0.0,0.4,0.5902642387716173,1.0527832398516165e-08,0.3999952615695728,"{'table_obstacle': {'pos': [0.3825981920028062, 0.37518922255766707, 0.1646257963690813], 'size': [0.049837904948193595, 0.0813235869879147, 0.05243307039854257]}, 'pillar_obstacle': {'pos': [0.39994824830915515, -0.3824307480766307, 0.23470116647765446], 'size': [0.033663755439403885, 0.20172185302840845, 0.0]}, 'small_block': {'pos': [0.6140097595303955, -0.3535133918987863, 0.1097032402875184], 'size': [0.04461973939918376, 0.0849493067344041, 0.09534921802665242]}}"
5.894000000000303,0.5959981619600228,0.0,0.4,0.5903294672151238,8.36263169978673e-08,0.39999493953586845,"{'table_obstacle': {'pos': [0.3825981920028062, 0.37518922255766707, 0.1646257963690813], 'size': [0.049837904948193595, 0.0813235869879147, 0.05243307039854257]}, 'pillar_obstacle': {'pos': [0.39994824830915515, -0.3824307480766307, 0.23470116647765446], 'size': [0.033663755439403885, 0.20172185302840845, 0.0]}, 'small_block': {'pos': [0.6140097595303955, -0.3535133918987863, 0.1097032402875184], 'size': [0.04461973939918376, 0.0849493067344041, 0.09534921802665242]}}"
5.895000000000303,0.5959981619600228,0.0,0.4,0.5903968325500482,1.499693633415725e-07,0.39999463930942425,"{'table_obstacle': {'pos': [0.3825981920028062, 0.37518922255766707, 0.1646257963690813], 'size': [0.049837904948193595, 0.0813235869879147, 0.05243307039854257]}, 'pillar_obstacle': {'pos': [0.39994824830915515, -0.3824307480766307, 0.23470116647765446], 'size': [0.033663755439403885, 0.20172185302840845, 0.0]}, 'small_block': {'pos': [0.6140097595303955, -0.3535133918987863, 0.1097032402875184], 'size': [0.04461973939918376, 0.0849493067344041, 0.09534921802665242]}}"
5.896000000000304,0.5959981619600228,0.0,0.4,0.5904657289772685,2.0841691946226516e-07,0.39999436651775816,"{'table_obstacle': {'pos': [0.3825981920028062, 0.37518922255766707, 0.1646257963690813], 'size': [0.049837904948193595, 0.0813235869879147, 0.05243307039854257]}, 'pillar_obstacle': {'pos': [0.39994824830915515, -0.3824307480766307, 0.23470116647765446], 'size': [0.033663755439403885, 0.20172185302840845, 0.0]}, 'small_block': {'pos': [0.6140097595303955, -0.3535133918987863, 0.1097032402875184], 'size': [0.04461973939918376, 0.0849493067344041, 0.09534921802665242]}}"
5.897000000000304,0.5959981619600228,0.0,0.4,0.5905356674190112,2.5853003960353015e-07,0.39999412388326866,"{'table_obstacle': {'pos': [0.3825981920028062, 0.37518922255766707, 0.1646257963690813], 'size': [0.049837904948193595, 0.0813235869879147, 0.05243307039854257]}, 'pillar_obstacle': {'pos': [0.39994824830915515, -0.3824307480766307, 0.23470116647765446], 'size': [0.033663755439403885, 0.20172185302840845, 0.0]}, 'small_block': {'pos': [0.6140097595303955, -0.3535133918987863, 0.1097032402875184], 'size': [0.04461973939918376, 0.0849493067344041, 0.09534921802665242]}}"
5.898000000000304,0.5959981619600228,0.0,0.4,0.5906062535558263,3.0034540799017445e-07,0.3999939121260231,"{'table_obstacle': {'pos': [0.3825981920028062, 0.37518922255766707, 0.1646257963690813], 'size': [0.049837904948193595, 0.0813235869879147, 0.05243307039854257]}, 'pillar_obstacle': {'pos': [0.39994824830915515, -0.3824307480766307, 0.23470116647765446], 'size': [0.033663755439403885, 0.20172185302840845, 0.0]}, 'small_block': {'pos': [0.6140097595303955, -0.3535133918987863, 0.1097032402875184], 'size': [0.04461973939918376, 0.0849493067344041, 0.09534921802665242]}}"
5.899000000000305,0.5959981619600228,0.0,0.4,0.5906771699837592,3.342102065681805e-07,0.3999937306263547,"{'table_obstacle': {'pos': [0.3825981920028062, 0.37518922255766707, 0.1646257963690813], 'size': [0.049837904948193595, 0.0813235869879147, 0.05243307039854257]}, 'pillar_obstacle': {'pos': [0.39994824830915515, -0.3824307480766307, 0.23470116647765446], 'size': [0.033663755439403885, 0.20172185302840845, 0.0]}, 'small_block': {'pos': [0.6140097595303955, -0.3535133918987863, 0.1097032402875184], 'size': [0.04461973939918376, 0.0849493067344041, 0.09534921802665242]}}"
5.900000000000305,0.5959981619600228,0.0,0.4,0.59074816172111,3.606625335674022e-07,0.39999357790680573,"{'table_obstacle': {'pos': [0.3825981920028062, 0.37518922255766707, 0.1646257963690813], 'size': [0.049837904948193595, 0.0813235869879147, 0.05243307039854257]}, 'pillar_obstacle': {'pos': [0.39994824830915515, -0.3824307480766307, 0.23470116647765446], 'size': [0.033663755439403885, 0.20172185302840845, 0.0]}, 'small_block': {'pos': [0.6140097595303955, -0.3535133918987863, 0.1097032402875184], 'size': [0.04461973939918376, 0.0849493067344041, 0.09534921802665242]}}"
5.901000000000305,0.5959981619600228,0.0,0.4,0.5908190244374607,3.803460249745162e-07,0.39999345197867614,"{'table_obstacle': {'pos': [0.3825981920028062, 0.37518922255766707, 0.1646257963690813], 'size': [0.049837904948193595, 0.0813235869879147, 0.05243307039854257]}, 'pillar_obstacle': {'pos': [0.39994824830915515, -0.3824307480766307, 0.23470116647765446], 'size': [0.033663755439403885, 0.20172185302840845, 0.0]}, 'small_block': {'pos': [0.6140097595303955, -0.3535133918987863, 0.1097032402875184], 'size': [0.04461973939918376, 0.0849493067344041, 0.09534921802665242]}}"
5.902000000000306,0.5959981619600228,0.0,0.4,0.5908895948946021,3.9395000367155553e-07,0.3999933505875561,"{'table_obstacle': {'pos': [0.3825981920028062, 0.37518922255766707, 0.1646257963690813], 'size': [0.049837904948193595, 0.0813235869879147, 0.05243307039854257]}, 'pillar_obstacle': {'pos': [0.39994824830915515, -0.3824307480766307, 0.23470116647765446], 'size': [0.033663755439403885, 0.20172185302840845, 0.0]}, 'small_block': {'pos': [0.6140097595303955, -0.3535133918987863, 0.1097032402875184], 'size': [0.04461973939918376, 0.0849493067344041, 0.09534921802665242]}}"
5.903000000000306,0.5959981619600228,0.0,0.4,0.5909597431843375,4.021685432523893e-07,0.39999327138391183,"{'table_obstacle': {'pos': [0.3825981920028062, 0.37518922255766707, 0.1646257963690813], 'size': [0.049837904948193595, 0.0813235869879147, 0.05243307039854257]}, 'pillar_obstacle': {'pos': [0.39994824830915515, -0.3824307480766307, 0.23470116647765446], 'size': [0.033663755439403885, 0.20172185302840845, 0.0]}, 'small_block': {'pos': [0.6140097595303955, -0.3535133918987863, 0.1097032402875184], 'size': [0.04461973939918376, 0.0849493067344041, 0.09534921802665242]}}"
5.904000000000306,0.5959981619600228,0.0,0.4,0.5910293664257897,4.056734226197449e-07,0.39999321203845595,"{'table_obstacle': {'pos': [0.3825981920028062, 0.37518922255766707, 0.1646257963690813], 'size': [0.049837904948193595, 0.0813235869879147, 0.05243307039854257]}, 'pillar_obstacle': {'pos': [0.39994824830915515, -0.3824307480766307, 0.23470116647765446], 'size': [0.033663755439403885, 0.20172185302840845, 0.0]}, 'small_block': {'pos': [0.6140097595303955, -0.3535133918987863, 0.1097032402875184], 'size': [0.04461973939918376, 0.0849493067344041, 0.09534921802665242]}}"
5.905000000000307,0.5959981619600228,0.0,0.4,0.5910983836480531,4.050971759770418e-07,0.3999931703171859,"{'table_obstacle': {'pos': [0.3825981920028062, 0.37518922255766707, 0.1646257963690813], 'size': [0.049837904948193595, 0.0813235869879147, 0.05243307039854257]}, 'pillar_obstacle': {'pos': [0.39994824830915515, -0.3824307480766307, 0.23470116647765446], 'size': [0.033663755439403885, 0.20172185302840845, 0.0]}, 'small_block': {'pos': [0.6140097595303955, -0.3535133918987863, 0.1097032402875184], 'size': [0.04461973939918376, 0.0849493067344041, 0.09534921802665242]}}"
5.906000000000307,0.5959981619600228,0.0,0.4,0.5911667316354382,4.010233817169232e-07,0.3999931441272836,"{'table_obstacle': {'pos': [0.3825981920028062, 0.37518922255766707, 0.1646257963690813], 'size': [0.049837904948193595, 0.0813235869879147, 0.05243307039854257]}, 'pillar_obstacle': {'pos': [0.39994824830915515, -0.3824307480766307, 0.23470116647765446], 'size': [0.033663755439403885, 0.20172185302840845, 0.0]}, 'small_block': {'pos': [0.6140097595303955, -0.3535133918987863, 0.1097032402875184], 'size': [0.04461973939918376, 0.0849493067344041, 0.09534921802665242]}}"
5.907000000000307,0.5959981619600228,0.0,0.4,0.591234361554371,3.9398205322182164e-07,0.39999313154225385,"{'table_obstacle': {'pos': [0.3825981920028062, 0.37518922255766707, 0.1646257963690813], 'size': [0.049837904948193595, 0.0813235869879147, 0.05243307039854257]}, 'pillar_obstacle': {'pos': [0.39994824830915515, -0.3824307480766307, 0.23470116647765446], 'size': [0.033663755439403885, 0.20172185302840845, 0.0]}, 'small_block': {'pos': [0.6140097595303955, -0.3535133918987863, 0.1097032402875184], 'size': [0.04461973939918376, 0.0849493067344041, 0.09534921802665242]}}"
5.908000000000308,0.5959981619600228,0.0,0.4,0.5913012362149903,3.8444854719199505e-07,0.3999931308125324,"{'table_obstacle': {'pos': [0.3825981920028062, 0.37518922255766707, 0.1646257963690813], 'size': [0.049837904948193595, 0.0813235869879147, 0.05243307039854257]}, 'pillar_obstacle': {'pos': [0.39994824830915515, -0.3824307480766307, 0.23470116647765446], 'size': [0.033663755439403885, 0.20172185302840845, 0.0]}, 'small_block': {'pos': [0.6140097595303955, -0.3535133918987863, 0.1097032402875184], 'size': [0.04461973939918376, 0.0849493067344041, 0.09534921802665242]}}"
5.909000000000308,0.5959981619600228,0.0,0.4,0.5913673278480933,3.728448197317067e-07,0.3999931403661746,"{'table_obstacle': {'pos': [0.3825981920028062, 0.37518922255766707, 0.1646257963690813], 'size': [0.049837904948193595, 0.0813235869879147, 0.05243307039854257]}, 'pillar_obstacle': {'pos': [0.39994824830915515, -0.3824307480766307, 0.23470116647765446], 'size': [0.033663755439403885, 0.20172185302840845, 0.0]}, 'small_block': {'pos': [0.6140097595303955, -0.3535133918987863, 0.1097032402875184], 'size': [0.04461973939918376, 0.0849493067344041, 0.09534921802665242]}}"
5.910000000000308,0.5959981619600228,0.0,0.4,0.591432616300516,3.595421798067704e-07,0.3999931588030069,"{'table_obstacle': {'pos': [0.3825981920028062, 0.37518922255766707, 0.1646257963690813], 'size': [0.049837904948193595, 0.0813235869879147, 0.05243307039854257]}, 'pillar_obstacle': {'pos': [0.39994824830915515, -0.3824307480766307, 0.23470116647765446], 'size': [0.033663755439403885, 0.20172185302840845, 0.0]}, 'small_block': {'pos': [0.6140097595303955, -0.3535133918987863, 0.1097032402875184], 'size': [0.04461973939918376, 0.0849493067344041, 0.09534921802665242]}}"
5.911000000000309,0.5959981619600228,0.0,0.4,0.591497087570257,3.4486492658411594e-07,0.3999931848846869,"{'table_obstacle': {'pos': [0.3825981920028062, 0.37518922255766707, 0.1646257963690813], 'size': [0.049837904948193595, 0.0813235869879147, 0.05243307039854257]}, 'pillar_obstacle': {'pos': [0.39994824830915515, -0.3824307480766307, 0.23470116647765446], 'size': [0.033663755439403885, 0.20172185302840845, 0.0]}, 'small_block': {'pos': [0.6140097595303955, -0.3535133918987863, 0.1097032402875184], 'size': [0.04461973939918376, 0.0849493067344041, 0.09534921802665242]}}"
5.912000000000309,0.5959981619600228,0.0,0.4,0.5915607326174461,3.290944359788375e-07,0.39999321752243305,"{'table_obstacle': {'pos': [0.3825981920028062, 0.37518922255766707, 0.1646257963690813], 'size': [0.049837904948193595, 0.0813235869879147, 0.05243307039854257]}, 'pillar_obstacle': {'pos': [0.39994824830915515, -0.3824307480766307, 0.23470116647765446], 'size': [0.033663755439403885, 0.20172185302840845, 0.0]}, 'small_block': {'pos': [0.6140097595303955, -0.3535133918987863, 0.1097032402875184], 'size': [0.04461973939918376, 0.0849493067344041, 0.09534921802665242]}}"
5.913000000000309,0.5959981619600228,0.0,0.4,0.5916235463992813,3.1247339575397264e-07,0.3999932557636594,"{'table_obstacle': {'pos': [0.3825981920028062, 0.37518922255766707, 0.1646257963690813], 'size': [0.049837904948193595, 0.0813235869879147, 0.05243307039854257]}, 'pillar_obstacle': {'pos': [0.39994824830915515, -0.3824307480766307, 0.23470116647765446], 'size': [0.033663755439403885, 0.20172185302840845, 0.0]}, 'small_block': {'pos': [0.6140097595303955, -0.3535133918987863, 0.1097032402875184], 'size': [0.04461973939918376, 0.0849493067344041, 0.09534921802665242]}}"
5.91400000000031,0.5959981619600228,0.0,0.4,0.5916855270868089,2.952099848846674e-07,0.3999932987783662,"{'table_obstacle': {'pos': [0.3825981920028062, 0.37518922255766707, 0.1646257963690813], 'size': [0.049837904948193595, 0.0813235869879147, 0.05243307039854257]}, 'pillar_obstacle': {'pos': [0.39994824830915515, -0.3824307480766307, 0.23470116647765446], 'size': [0.033663755439403885, 0.20172185302840845, 0.0]}, 'small_block': {'pos': [0.6140097595303955, -0.3535133918987863, 0.1097032402875184], 'size': [0.04461973939918376, 0.0849493067344041, 0.09534921802665242]}}"
5.91500000000031,0.5959981619600228,0.0,0.4,0.5917466754293537,2.7748186541223993e-07,0.3999933458458569,"{'table_obstacle': {'pos': [0.3825981920028062, 0.37518922255766707, 0.1646257963690813], 'size': [0.049837904948193595, 0.0813235869879147, 0.05243307039854257]}, 'pillar_obstacle': {'pos': [0.39994824830915515, -0.3824307480766307, 0.23470116647765446], 'size': [0.033663755439403885, 0.20172185302840845, 0.0]}, 'small_block': {'pos': [0.6140097595303955, -0.3535133918987863, 0.1097032402875184], 'size': [0.04461973939918376, 0.0849493067344041, 0.09534921802665242]}}"
5.91600000000031,0.5959981619600228,0.0,0.4,0.5918069942388273,2.594399106506963e-07,0.39999339634214026,"{'table_obstacle': {'pos': [0.3825981920028062, 0.37518922255766707, 0.1646257963690813], 'size': [0.049837904948193595, 0.0813235869879147, 0.05243307039854257]}, 'pillar_obstacle': {'pos': [0.39994824830915515, -0.3824307480766307, 0.23470116647765446], 'size': [0.033663755439403885, 0.20172185302840845, 0.0]}, 'small_block': {'pos': [0.6140097595303955, -0.3535133918987863, 0.1097032402875184], 'size': [0.04461973939918376, 0.0849493067344041, 0.09534921802665242]}}"
5.917000000000311,0.5959981619600228,0.0,0.4,0.5918664879713728,2.4121162043049055e-07,0.39999344972823536,"{'table_obstacle': {'pos': [0.3825981920028062, 0.37518922255766707, 0.1646257963690813], 'size': [0.049837904948193595, 0.0813235869879147, 0.05243307039854257]}, 'pillar_obstacle': {'pos': [0.39994824830915515, -0.3824307480766307, 0.23470116647765446], 'size': [0.033663755439403885, 0.20172185302840845, 0.0]}, 'small_block': {'pos': [0.6140097595303955, -0.3535133918987863, 0.1097032402875184], 'size': [0.04461973939918376, 0.0849493067344041, 0.09534921802665242]}}"
5.918000000000311,0.5959981619600228,0.0,0.4,0.5919251623880434,2.2290421298011365e-07,0.39999350553948204,"{'table_obstacle': {'pos': [0.3825981920028062, 0.37518922255766707, 0.1646257963690813], 'size': [0.049837904948193595, 0.0813235869879147, 0.05243307039854257]}, 'pillar_obstacle': {'pos': [0.39994824830915515, -0.3824307480766307, 0.23470116647765446], 'size': [0.033663755439403885, 0.20172185302840845, 0.0]}, 'small_block': {'pos': [0.6140097595303955, -0.3535133918987863, 0.1097032402875184], 'size': [0.04461973939918376, 0.0849493067344041, 0.09534921802665242]}}"
5.919000000000311,0.5959981619600228,0.0,0.4,0.5919830242796502,2.0460739123708006e-07,0.3999935633758976,"{'table_obstacle': {'pos': [0.3825981920028062, 0.37518922255766707, 0.1646257963690813], 'size': [0.049837904948193595, 0.0813235869879147, 0.05243307039854257]}, 'pillar_obstacle': {'pos': [0.39994824830915515, -0.3824307480766307, 0.23470116647765446], 'size': [0.033663755439403885, 0.20172185302840845, 0.0]}, 'small_block': {'pos': [0.6140097595303955, -0.3535133918987863, 0.1097032402875184], 'size': [0.04461973939918376, 0.0849493067344041, 0.09534921802665242]}}"
5.920000000000312,0.5959981619600228,0.0,0.4,0.592040081243717,1.8639579402806786e-07,0.39999362289356066,"{'table_obstacle': {'pos': [0.3825981920028062, 0.37518922255766707, 0.1646257963690813], 'size': [0.049837904948193595, 0.0813235869879147, 0.05243307039854257]}, 'pillar_obstacle': {'pos': [0.39994824830915515, -0.3824307480766307, 0.23470116647765446], 'size': [0.033663755439403885, 0.20172185302840845, 0.0]}, 'small_block': {'pos': [0.6140097595303955, -0.3535133918987863, 0.1097032402875184], 'size': [0.04461973939918376, 0.0849493067344041, 0.09534921802665242]}}"
5.921000000000312,0.5959981619600228,0.0,0.4,0.5920963415037375,1.6833115507619126e-07,0.3999936837969807,"{'table_obstacle': {'pos': [0.3825981920028062, 0.37518922255766707, 0.1646257963690813], 'size': [0.049837904948193595, 0.0813235869879147, 0.05243307039854257]}, 'pillar_obstacle': {'pos': [0.39994824830915515, -0.3824307480766307, 0.23470116647765446], 'size': [0.033663755439403885, 0.20172185302840845, 0.0]}, 'small_block': {'pos': [0.6140097595303955, -0.3535133918987863, 0.1097032402875184], 'size': [0.04461973939918376, 0.0849493067344041, 0.09534921802665242]}}"
5.922000000000312,0.5959981619600228,0.0,0.4,0.5921518137627879,1.504641909631611e-07,0.3999937458323836,"{'table_obstacle': {'pos': [0.3825981920028062, 0.37518922255766707, 0.1646257963690813], 'size': [0.049837904948193595, 0.0813235869879147, 0.05243307039854257]}, 'pillar_obstacle': {'pos': [0.39994824830915515, -0.3824307480766307, 0.23470116647765446], 'size': [0.033663755439403885, 0.20172185302840845, 0.0]}, 'small_block': {'pos': [0.6140097595303955, -0.3535133918987863, 0.1097032402875184], 'size': [0.04461973939918376, 0.0849493067344041, 0.09534921802665242]}}"
5.923000000000313,0.5959981619600228,0.0,0.4,0.59220650708503,1.3283624095173488e-07,0.3999938087818414,"{'table_obstacle': {'pos': [0.3825981920028062, 0.37518922255766707, 0.1646257963690813], 'size': [0.049837904948193595, 0.0813235869879147, 0.05243307039854257]}, 'pillar_obstacle': {'pos': [0.39994824830915515, -0.3824307480766307, 0.23470116647765446], 'size': [0.033663755439403885, 0.20172185302840845, 0.0]}, 'small_block': {'pos': [0.6140097595303955, -0.3535133918987863, 0.1097032402875184], 'size': [0.04461973939918376, 0.0849493067344041, 0.09534921802665242]}}"
5.924000000000313,0.5959981619600228,0.0,0.4,0.5922604307998581,1.1548068997910727e-07,0.3999938724581619,"{'table_obstacle': {'pos': [0.3825981920028062, 0.37518922255766707, 0.1646257963690813], 'size': [0.049837904948193595, 0.0813235869879147, 0.05243307039854257]}, 'pillar_obstacle': {'pos': [0.39994824830915515, -0.3824307480766307, 0.23470116647765446], 'size': [0.033663755439403885, 0.20172185302840845, 0.0]}, 'small_block': {'pos': [0.6140097595303955, -0.3535133918987863, 0.1097032402875184], 'size': [0.04461973939918376, 0.0849493067344041, 0.09534921802665242]}}"
5.925000000000313,0.5959981619600228,0.0,0.4,0.5923135944244345,9.842419165381232e-08,0.3999939367004642,"{'table_obstacle': {'pos': [0.3825981920028062, 0.37518922255766707, 0.1646257963690813], 'size': [0.049837904948193595, 0.0813235869879147, 0.05243307039854257]}, 'pillar_obstacle': {'pos': [0.39994824830915515, -0.3824307480766307, 0.23470116647765446], 'size': [0.033663755439403885, 0.20172185302840845, 0.0]}, 'small_block': {'pos': [0.6140097595303955, -0.3535133918987863, 0.1097032402875184], 'size': [0.04461973939918376, 0.0849493067344041, 0.09534921802665242]}}"
5.926000000000314,0.5959981619600228,0.0,0.4,0.592366007601153,8.168772158422246e-08,0.3999940013703582,"{'table_obstacle': {'pos': [0.3825981920028062, 0.37518922255766707, 0.1646257963690813], 'size': [0.049837904948193595, 0.0813235869879147, 0.05243307039854257]}, 'pillar_obstacle': {'pos': [0.39994824830915515, -0.3824307480766307, 0.23470116647765446], 'size': [0.033663755439403885, 0.20172185302840845, 0.0]}, 'small_block': {'pos': [0.6140097595303955, -0.3535133918987863, 0.1097032402875184], 'size': [0.04461973939918376, 0.0849493067344041, 0.09534921802665242]}}"
5.927000000000314,0.5959981619600228,0.0,0.4,0.5924176800472193,6.5287476992644e-08,0.39999406634865836,"{'table_obstacle': {'pos': [0.3825981920028062, 0.37518922255766707, 0.1646257963690813], 'size': [0.049837904948193595, 0.0813235869879147, 0.05243307039854257]}, 'pillar_obstacle': {'pos': [0.39994824830915515, -0.3824307480766307, 0.23470116647765446], 'size': [0.033663755439403885, 0.20172185302840845, 0.0]}, 'small_block': {'pos': [0.6140097595303955, -0.3535133918987863, 0.1097032402875184], 'size': [0.04461973939918376, 0.0849493067344041, 0.09534921802665242]}}"
5.928000000000314,0.5959981619600228,0.0,0.4,0.5924686215140733,4.9235645759440815e-08,0.39999413153256574,"{'table_obstacle': {'pos': [0.3825981920028062, 0.37518922255766707, 0.1646257963690813], 'size': [0.049837904948193595, 0.0813235869879147, 0.05243307039854257]}, 'pillar_obstacle': {'pos': [0.39994824830915515, -0.3824307480766307, 0.23470116647765446], 'size': [0.033663755439403885, 0.20172185302840845, 0.0]}, 'small_block': {'pos': [0.6140097595303955, -0.3535133918987863, 0.1097032402875184], 'size': [0.04461973939918376, 0.0849493067344041, 0.09534921802665242]}}"
5.929000000000315,0.5959981619600228,0.0,0.4,0.592518841754792,3.354105966173302e-08,0.39999419683325604,"{'table_obstacle': {'pos': [0.3825981920028062, 0.37518922255766707, 0.1646257963690813], 'size': [0.049837904948193595, 0.0813235869879147, 0.05243307039854257]}, 'pillar_obstacle': {'pos': [0.39994824830915515, -0.3824307480766307, 0.23470116647765446], 'size': [0.033663755439403885, 0.20172185302840845, 0.0]}, 'small_block': {'pos': [0.6140097595303955, -0.3535133918987863, 0.1097032402875184], 'size': [0.04461973939918376, 0.0849493067344041, 0.09534921802665242]}}"
5.930000000000315,0.5959981619600228,0.0,0.4,0.5925683504979788,1.8209750925720924e-08,0.3999942621738213,"{'table_obstacle': {'pos': [0.3825981920028062, 0.37518922255766707, 0.1646257963690813], 'size': [0.049837904948193595, 0.0813235869879147, 0.05243307039854257]}, 'pillar_obstacle': {'pos': [0.39994824830915515, -0.3824307480766307, 0.23470116647765446], 'size': [0.033663755439403885, 0.20172185302840845, 0.0]}, 'small_block': {'pos': [0.6140097595303955, -0.3535133918987863, 0.1097032402875184], 'size': [0.04461973939918376, 0.0849493067344041, 0.09534921802665242]}}"
5.931000000000315,0.5959981619600228,0.0,0.4,0.5926171574269089,3.2454208964454796e-09,0.3999943274875162,"{'table_obstacle': {'pos': [0.3825981920028062, 0.37518922255766707, 0.1646257963690813], 'size': [0.049837904948193595, 0.0813235869879147, 0.05243307039854257]}, 'pillar_obstacle': {'pos': [0.39994824830915515, -0.3824307480766307, 0.23470116647765446], 'size': [0.033663755439403885, 0.20172185302840845, 0.0]}, 'small_block': {'pos': [0.6140097595303955, -0.3535133918987863, 0.1097032402875184], 'size': [0.04461973939918376, 0.0849493067344041, 0.09534921802665242]}}"
5.932000000000316,0.5959981619600228,0.0,0.4,0.5926652721629447,-1.1350160073402595e-08,0.39999439271626647,"{'table_obstacle': {'pos': [0.3825981920028062, 0.37518922255766707, 0.1646257963690813], 'size': [0.049837904948193595, 0.0813235869879147, 0.05243307039854257]}, 'pillar_obstacle': {'pos': [0.39994824830915515, -0.3824307480766307, 0.23470116647765446], 'size': [0.033663755439403885, 0.20172185302840845, 0.0]}, 'small_block': {'pos': [0.6140097595303955, -0.3535133918987863, 0.1097032402875184], 'size': [0.04461973939918376, 0.0849493067344041, 0.09534921802665242]}}"
5.933000000000316,0.5959981619600228,0.0,0.4,0.592712704252411,-2.557681869747031e-08,0.3999944578094021,"{'table_obstacle': {'pos': [0.3825981920028062, 0.37518922255766707, 0.1646257963690813], 'size': [0.049837904948193595, 0.0813235869879147, 0.05243307039854257]}, 'pillar_obstacle': {'pos': [0.39994824830915515, -0.3824307480766307, 0.23470116647765446], 'size': [0.033663755439403885, 0.20172185302840845, 0.0]}, 'small_block': {'pos': [0.6140097595303955, -0.3535133918987863, 0.1097032402875184], 'size': [0.04461973939918376, 0.0849493067344041, 0.09534921802665242]}}"
5.934000000000316,0.5959981619600228,0.0,0.4,0.5927594631562774,-3.943569601979686e-08,0.399994522722582,"{'table_obstacle': {'pos': [0.3825981920028062, 0.37518922255766707, 0.1646257963690813], 'size': [0.049837904948193595, 0.0813235869879147, 0.05243307039854257]}, 'pillar_obstacle': {'pos': [0.39994824830915515, -0.3824307480766307, 0.23470116647765446], 'size': [0.033663755439403885, 0.20172185302840845, 0.0]}, 'small_block': {'pos': [0.6140097595303955, -0.3535133918987863, 0.1097032402875184], 'size': [0.04461973939918376, 0.0849493067344041, 0.09534921802665242]}}"
5.935000000000317,0.5959981619600228,0.0,0.4,0.5928055582421193,-5.292900913365187e-08,0.39999458741688476,"{'table_obstacle': {'pos': [0.3825981920028062, 0.37518922255766707, 0.1646257963690813], 'size': [0.049837904948193595, 0.0813235869879147, 0.05243307039854257]}, 'pillar_obstacle': {'pos': [0.39994824830915515, -0.3824307480766307, 0.23470116647765446], 'size': [0.033663755439403885, 0.20172185302840845, 0.0]}, 'small_block': {'pos': [0.6140097595303955, -0.3535133918987863, 0.1097032402875184], 'size': [0.04461973939918376, 0.0849493067344041, 0.09534921802665242]}}"
5.936000000000317,0.5959981619600228,0.0,0.4,0.5928509987779195,-6.605985256258654e-08,0.39999465185803584,"{'table_obstacle': {'pos': [0.3825981920028062, 0.37518922255766707, 0.1646257963690813], 'size': [0.049837904948193595, 0.0813235869879147, 0.05243307039854257]}, 'pillar_obstacle': {'pos': [0.39994824830915515, -0.3824307480766307, 0.23470116647765446], 'size': [0.033663755439403885, 0.20172185302840845, 0.0]}, 'small_block': {'pos': [0.6140097595303955, -0.3535133918987863, 0.1097032402875184], 'size': [0.04461973939918376, 0.0849493067344041, 0.09534921802665242]}}"
5.937000000000317,0.5959981619600228,0.0,0.4,0.5928957939273655,-7.883203120862438e-08,0.3999947160157561,"{'table_obstacle': {'pos': [0.3825981920028062, 0.37518922255766707, 0.1646257963690813], 'size': [0.049837904948193595, 0.0813235869879147, 0.05243307039854257]}, 'pillar_obstacle': {'pos': [0.39994824830915515, -0.3824307480766307, 0.23470116647765446], 'size': [0.033663755439403885, 0.20172185302840845, 0.0]}, 'small_block': {'pos': [0.6140097595303955, -0.3535133918987863, 0.1097032402875184], 'size': [0.04461973939918376, 0.0849493067344041, 0.09534921802665242]}}"
5.938000000000318,0.5959981619600228,0.0,0.4,0.5929399527463555,-9.124991980943677e-08,0.39999477986320997,"{'table_obstacle': {'pos': [0.3825981920028062, 0.37518922255766707, 0.1646257963690813], 'size': [0.049837904948193595, 0.0813235869879147, 0.05243307039854257]}, 'pillar_obstacle': {'pos': [0.39994824830915515, -0.3824307480766307, 0.23470116647765446], 'size': [0.033663755439403885, 0.20172185302840845, 0.0]}, 'small_block': {'pos': [0.6140097595303955, -0.3535133918987863, 0.1097032402875184], 'size': [0.04461973939918376, 0.0849493067344041, 0.09534921802665242]}}"
5.939000000000318,0.5959981619600228,0.0,0.4,0.5929834841804796,-1.0331834773690166e-07,0.3999948433765382,"{'table_obstacle': {'pos': [0.3825981920028062, 0.37518922255766707, 0.1646257963690813], 'size': [0.049837904948193595, 0.0813235869879147, 0.05243307039854257]}, 'pillar_obstacle': {'pos': [0.39994824830915515, -0.3824307480766307, 0.23470116647765446], 'size': [0.033663755439403885, 0.20172185302840845, 0.0]}, 'small_block': {'pos': [0.6140097595303955, -0.3535133918987863, 0.1097032402875184], 'size': [0.04461973939918376, 0.0849493067344041, 0.09534921802665242]}}"
5.940000000000318,0.5959981619600228,0.0,0.4,0.5930263970632953,-1.1504250020904853e-07,0.39999490653446235,"{'table_obstacle': {'pos': [0.3825981920028062, 0.37518922255766707, 0.1646257963690813], 'size': [0.049837904948193595, 0.0813235869879147, 0.05243307039854257]}, 'pillar_obstacle': {'pos': [0.39994824830915515, -0.3824307480766307, 0.23470116647765446], 'size': [0.033663755439403885, 0.20172185302840845, 0.0]}, 'small_block': {'pos': [0.6140097595303955, -0.3535133918987863, 0.1097032402875184], 'size': [0.04461973939918376, 0.0849493067344041, 0.09534921802665242]}}"
5.941000000000319,0.5959981619600228,0.0,0.4,0.5930687001152349,-1.2642783857033576e-07,0.3999949693179518,"{'table_obstacle': {'pos': [0.3825981920028062, 0.37518922255766707, 0.1646257963690813], 'size': [0.049837904948193595, 0.0813235869879147, 0.05243307039854257]}, 'pillar_obstacle': {'pos': [0.39994824830915515, -0.3824307480766307, 0.23470116647765446], 'size': [0.033663755439403885, 0.20172185302840845, 0.0]}, 'small_block': {'pos': [0.6140097595303955, -0.3535133918987863, 0.1097032402875184], 'size': [0.04461973939918376, 0.0849493067344041, 0.09534921802665242]}}"
5.942000000000319,0.5959981619600228,0.0,0.4,0.593110401943032,-1.3748003222657734e-07,0.39999503170993944,"{'table_obstacle': {'pos': [0.3825981920028062, 0.37518922255766707, 0.1646257963690813], 'size': [0.049837904948193595, 0.0813235869879147, 0.05243307039854257]}, 'pillar_obstacle': {'pos': [0.39994824830915515, -0.3824307480766307, 0.23470116647765446], 'size': [0.033663755439403885, 0.20172185302840845, 0.0]}, 'small_block': {'pos': [0.6140097595303955, -0.3535133918987863, 0.1097032402875184], 'size': [0.04461973939918376, 0.0849493067344041, 0.09534921802665242]}}"
5.943000000000319,0.5959981619600228,0.0,0.4,0.5931515110395554,-1.4820490298657335e-07,0.3999950936950829,"{'table_obstacle': {'pos': [0.3825981920028062, 0.37518922255766707, 0.1646257963690813], 'size': [0.049837904948193595, 0.0813235869879147, 0.05243307039854257]}, 'pillar_obstacle': {'pos': [0.39994824830915515, -0.3824307480766307, 0.23470116647765446], 'size': [0.033663755439403885, 0.20172185302840845, 0.0]}, 'small_block': {'pos': [0.6140097595303955, -0.3535133918987863, 0.1097032402875184], 'size': [0.04461973939918376, 0.0849493067344041, 0.09534921802665242]}}"
5.94400000000032,0.5959981619600228,0.0,0.4,0.5931920357839796,-1.586083790201723e-07,0.3999951552595605,"{'table_obstacle': {'pos': [0.3825981920028062, 0.37518922255766707, 0.1646257963690813], 'size': [0.049837904948193595, 0.0813235869879147, 0.05243307039854257]}, 'pillar_obstacle': {'pos': [0.39994824830915515, -0.3824307480766307, 0.23470116647765446], 'size': [0.033663755439403885, 0.20172185302840845, 0.0]}, 'small_block': {'pos': [0.6140097595303955, -0.3535133918987863, 0.1097032402875184], 'size': [0.04461973939918376, 0.0849493067344041, 0.09534921802665242]}}"
5.94500000000032,0.5959981619600228,0.0,0.4,0.5932319844422157,-1.6869645729409837e-07,0.39999521639089775,"{'table_obstacle': {'pos': [0.3825981920028062, 0.37518922255766707, 0.1646257963690813], 'size': [0.049837904948193595, 0.0813235869879147, 0.05243307039854257]}, 'pillar_obstacle': {'pos': [0.39994824830915515, -0.3824307480766307, 0.23470116647765446], 'size': [0.033663755439403885, 0.20172185302840845, 0.0]}, 'small_block': {'pos': [0.6140097595303955, -0.3535133918987863, 0.1097032402875184], 'size': [0.04461973939918376, 0.0849493067344041, 0.09534921802665242]}}"
5.94600000000032,0.5959981619600228,0.0,0.4,0.5932713651675573,-1.784751702220448e-07,0.39999527707782084,"{'table_obstacle': {'pos': [0.3825981920028062, 0.37518922255766707, 0.1646257963690813], 'size': [0.049837904948193595, 0.0813235869879147, 0.05243307039854257]}, 'pillar_obstacle': {'pos': [0.39994824830915515, -0.3824307480766307, 0.23470116647765446], 'size': [0.033663755439403885, 0.20172185302840845, 0.0]}, 'small_block': {'pos': [0.6140097595303955, -0.3535133918987863, 0.1097032402875184], 'size': [0.04461973939918376, 0.0849493067344041, 0.09534921802665242]}}"
5.947000000000321,0.5959981619600228,0.0,0.4,0.5933101860014913,-1.879505626958997e-07,0.399995337310131,"{'table_obstacle': {'pos': [0.3825981920028062, 0.37518922255766707, 0.1646257963690813], 'size': [0.049837904948193595, 0.0813235869879147, 0.05243307039854257]}, 'pillar_obstacle': {'pos': [0.39994824830915515, -0.3824307480766307, 0.23470116647765446], 'size': [0.033663755439403885, 0.20172185302840845, 0.0]}, 'small_block': {'pos': [0.6140097595303955, -0.3535133918987863, 0.1097032402875184], 'size': [0.04461973939918376, 0.0849493067344041, 0.09534921802665242]}}"
5.948000000000321,0.5959981619600228,0.0,0.4,0.593348454874643,-1.9712866825680152e-07,0.39999539707859577,"{'table_obstacle': {'pos': [0.3825981920028062, 0.37518922255766707, 0.1646257963690813], 'size': [0.049837904948193595, 0.0813235869879147, 0.05243307039854257]}, 'pillar_obstacle': {'pos': [0.39994824830915515, -0.3824307480766307, 0.23470116647765446], 'size': [0.033663755439403885, 0.20172185302840845, 0.0]}, 'small_block': {'pos': [0.6140097595303955, -0.3535133918987863, 0.1097032402875184], 'size': [0.04461973939918376, 0.0849493067344041, 0.09534921802665242]}}"
5.949000000000321,0.5959981619600228,0.0,0.4,0.5933861796078232,-2.0601549362698705e-07,0.39999545637485767,"{'table_obstacle': {'pos': [0.3825981920028062, 0.37518922255766707, 0.1646257963690813], 'size': [0.049837904948193595, 0.0813235869879147, 0.05243307039854257]}, 'pillar_obstacle': {'pos': [0.39994824830915515, -0.3824307480766307, 0.23470116647765446], 'size': [0.033663755439403885, 0.20172185302840845, 0.0]}, 'small_block': {'pos': [0.6140097595303955, -0.3535133918987863, 0.1097032402875184], 'size': [0.04461973939918376, 0.0849493067344041, 0.09534921802665242]}}"
5.950000000000322,0.5959981619600228,0.0,0.4,0.5934233679131568,-2.1461700389489444e-07,0.39999551519135484,"{'table_obstacle': {'pos': [0.3825981920028062, 0.37518922255766707, 0.1646257963690813], 'size': [0.049837904948193595, 0.0813235869879147, 0.05243307039854257]}, 'pillar_obstacle': {'pos': [0.39994824830915515, -0.3824307480766307, 0.23470116647765446], 'size': [0.033663755439403885, 0.20172185302840845, 0.0]}, 'small_block': {'pos': [0.6140097595303955, -0.3535133918987863, 0.1097032402875184], 'size': [0.04461973939918376, 0.0849493067344041, 0.09534921802665242]}}"
5.951000000000322,0.5959981619600228,0.0,0.4,0.5934600273952715,-2.2293911113575928e-07,0.3999955735212509,"{'table_obstacle': {'pos': [0.3825981920028062, 0.37518922255766707, 0.1646257963690813], 'size': [0.049837904948193595, 0.0813235869879147, 0.05243307039854257]}, 'pillar_obstacle': {'pos': [0.39994824830915515, -0.3824307480766307, 0.23470116647765446], 'size': [0.033663755439403885, 0.20172185302840845, 0.0]}, 'small_block': {'pos': [0.6140097595303955, -0.3535133918987863, 0.1097032402875184], 'size': [0.04461973939918376, 0.0849493067344041, 0.09534921802665242]}}"
5.952000000000322,0.5959981619600228,0.0,0.4,0.593496165552534,-2.3098766613725408e-07,0.39999563135837696,"{'table_obstacle': {'pos': [0.3825981920028062, 0.37518922255766707, 0.1646257963690813], 'size': [0.049837904948193595, 0.0813235869879147, 0.05243307039854257]}, 'pillar_obstacle': {'pos': [0.39994824830915515, -0.3824307480766307, 0.23470116647765446], 'size': [0.033663755439403885, 0.20172185302840845, 0.0]}, 'small_block': {'pos': [0.6140097595303955, -0.3535133918987863, 0.1097032402875184], 'size': [0.04461973939918376, 0.0849493067344041, 0.09534921802665242]}}"
5.953000000000323,0.5959981619600228,0.0,0.4,0.5935317897783187,-2.3876844987779766e-07,0.39999568869717794,"{'table_obstacle': {'pos': [0.3825981920028062, 0.37518922255766707, 0.1646257963690813], 'size': [0.049837904948193595, 0.0813235869879147, 0.05243307039854257]}, 'pillar_obstacle': {'pos': [0.39994824830915515, -0.3824307480766307, 0.23470116647765446], 'size': [0.033663755439403885, 0.20172185302840845, 0.0]}, 'small_block': {'pos': [0.6140097595303955, -0.3535133918987863, 0.1097032402875184], 'size': [0.04461973939918376, 0.0849493067344041, 0.09534921802665242]}}"
5.954000000000323,0.5959981619600228,0.0,0.4,0.5935669073623011,-2.462871692772522e-07,0.3999957455326678,"{'table_obstacle': {'pos': [0.3825981920028062, 0.37518922255766707, 0.1646257963690813], 'size': [0.049837904948193595, 0.0813235869879147, 0.05243307039854257]}, 'pillar_obstacle': {'pos': [0.39994824830915515, -0.3824307480766307, 0.23470116647765446], 'size': [0.033663755439403885, 0.20172185302840845, 0.0]}, 'small_block': {'pos': [0.6140097595303955, -0.3535133918987863, 0.1097032402875184], 'size': [0.04461973939918376, 0.0849493067344041, 0.09534921802665242]}}"
5.955000000000323,0.5959981619600228,0.0,0.4,0.5936015254917668,-2.5354945215803005e-07,0.39999580186038924,"{'table_obstacle': {'pos': [0.3825981920028062, 0.37518922255766707, 0.1646257963690813], 'size': [0.049837904948193595, 0.0813235869879147, 0.05243307039854257]}, 'pillar_obstacle': {'pos': [0.39994824830915515, -0.3824307480766307, 0.23470116647765446], 'size': [0.033663755439403885, 0.20172185302840845, 0.0]}, 'small_block': {'pos': [0.6140097595303955, -0.3535133918987863, 0.1097032402875184], 'size': [0.04461973939918376, 0.0849493067344041, 0.09534921802665242]}}"
5.956000000000324,0.5959981619600228,0.0,0.4,0.5936356512529283,-2.6056084268129595e-07,0.39999585767637746,"{'table_obstacle': {'pos': [0.3825981920028062, 0.37518922255766707, 0.1646257963690813], 'size': [0.049837904948193595, 0.0813235869879147, 0.05243307039854257]}, 'pillar_obstacle': {'pos': [0.39994824830915515, -0.3824307480766307, 0.23470116647765446], 'size': [0.033663755439403885, 0.20172185302840845, 0.0]}, 'small_block': {'pos': [0.6140097595303955, -0.3535133918987863, 0.1097032402875184], 'size': [0.04461973939918376, 0.0849493067344041, 0.09534921802665242]}}"
5.957000000000324,0.5959981619600228,0.0,0.4,0.5936692916322484,-2.6732680091346684e-07,0.399995912977129,"{'table_obstacle': {'pos': [0.3825981920028062, 0.37518922255766707, 0.1646257963690813], 'size': [0.049837904948193595, 0.0813235869879147, 0.05243307039854257]}, 'pillar_obstacle': {'pos': [0.39994824830915515, -0.3824307480766307, 0.23470116647765446], 'size': [0.033663755439403885, 0.20172185302840845, 0.0]}, 'small_block': {'pos': [0.6140097595303955, -0.3535133918987863, 0.1097032402875184], 'size': [0.04461973939918376, 0.0849493067344041, 0.09534921802665242]}}"
5.958000000000324,0.5959981619600228,0.0,0.4,0.5937024535177595,-2.7385270006854215e-07,0.3999959677595726,"{'table_obstacle': {'pos': [0.3825981920028062, 0.37518922255766707, 0.1646257963690813], 'size': [0.049837904948193595, 0.0813235869879147, 0.05243307039854257]}, 'pillar_obstacle': {'pos': [0.39994824830915515, -0.3824307480766307, 0.23470116647765446], 'size': [0.033663755439403885, 0.20172185302840845, 0.0]}, 'small_block': {'pos': [0.6140097595303955, -0.3535133918987863, 0.1097032402875184], 'size': [0.04461973939918376, 0.0849493067344041, 0.09534921802665242]}}"
5.959000000000325,0.5959981619600228,0.0,0.4,0.5937351437003845,-2.8014382487446604e-07,0.39999602202104356,"{'table_obstacle': {'pos': [0.3825981920028062, 0.37518922255766707, 0.1646257963690813], 'size': [0.049837904948193595, 0.0813235869879147, 0.05243307039854257]}, 'pillar_obstacle': {'pos': [0.39994824830915515, -0.3824307480766307, 0.23470116647765446], 'size': [0.033663755439403885, 0.20172185302840845, 0.0]}, 'small_block': {'pos': [0.6140097595303955, -0.3535133918987863, 0.1097032402875184], 'size': [0.04461973939918376, 0.0849493067344041, 0.09534921802665242]}}"
5.960000000000325,0.5959981619600228,0.0,0.4,0.5937673688752454,-2.8620537186513776e-07,0.39999607575926105,"{'table_obstacle': {'pos': [0.3825981920028062, 0.37518922255766707, 0.1646257963690813], 'size': [0.049837904948193595, 0.0813235869879147, 0.05243307039854257]}, 'pillar_obstacle': {'pos': [0.39994824830915515, -0.3824307480766307, 0.23470116647765446], 'size': [0.033663755439403885, 0.20172185302840845, 0.0]}, 'small_block': {'pos': [0.6140097595303955, -0.3535133918987863, 0.1097032402875184], 'size': [0.04461973939918376, 0.0849493067344041, 0.09534921802665242]}}"
5.961000000000325,0.5959981619600228,0.0,0.4,0.5937991356429688,-2.920424477270987e-07,0.3999961289723059,"{'table_obstacle': {'pos': [0.3825981920028062, 0.37518922255766707, 0.1646257963690813], 'size': [0.049837904948193595, 0.0813235869879147, 0.05243307039854257]}, 'pillar_obstacle': {'pos': [0.39994824830915515, -0.3824307480766307, 0.23470116647765446], 'size': [0.033663755439403885, 0.20172185302840845, 0.0]}, 'small_block': {'pos': [0.6140097595303955, -0.3535133918987863, 0.1097032402875184], 'size': [0.04461973939918376, 0.0849493067344041, 0.09534921802665242]}}"
5.962000000000326,0.5959981619600228,0.0,0.4,0.5938304505109766,-2.9766007064318014e-07,0.3999961816586016,"{'table_obstacle': {'pos': [0.3825981920028062, 0.37518922255766707, 0.1646257963690813], 'size': [0.049837904948193595, 0.0813235869879147, 0.05243307039854257]}, 'pillar_obstacle': {'pos': [0.39994824830915515, -0.3824307480766307, 0.23470116647765446], 'size': [0.033663755439403885, 0.20172185302840845, 0.0]}, 'small_block': {'pos': [0.6140097595303955, -0.3535133918987863, 0.1097032402875184], 'size': [0.04461973939918376, 0.0849493067344041, 0.09534921802665242]}}"
5.963000000000326,0.5959981619600228,0.0,0.4,0.5938613198947685,-3.0306317011845044e-07,0.39999623381689614,"{'table_obstacle': {'pos': [0.3825981920028062, 0.37518922255766707, 0.1646257963690813], 'size': [0.049837904948193595, 0.0813235869879147, 0.05243307039854257]}, 'pillar_obstacle': {'pos': [0.39994824830915515, -0.3824307480766307, 0.23470116647765446], 'size': [0.033663755439403885, 0.20172185302840845, 0.0]}, 'small_block': {'pos': [0.6140097595303955, -0.3535133918987863, 0.1097032402875184], 'size': [0.04461973939918376, 0.0849493067344041, 0.09534921802665242]}}"
5.964000000000326,0.5959981619600228,0.0,0.4,0.5938917501191914,-3.0825658668762356e-07,0.3999962854462451,"{'table_obstacle': {'pos': [0.3825981920028062, 0.37518922255766707, 0.1646257963690813], 'size': [0.049837904948193595, 0.0813235869879147, 0.05243307039854257]}, 'pillar_obstacle': {'pos': [0.39994824830915515, -0.3824307480766307, 0.23470116647765446], 'size': [0.033663755439403885, 0.20172185302840845, 0.0]}, 'small_block': {'pos': [0.6140097595303955, -0.3535133918987863, 0.1097032402875184], 'size': [0.04461973939918376, 0.0849493067344041, 0.09534921802665242]}}"
5.965000000000327,0.5959981619600228,0.0,0.4,0.5939217474196918,-3.1324507366309466e-07,0.39999633654599687,"{'table_obstacle': {'pos': [0.3825981920028062, 0.37518922255766707, 0.1646257963690813], 'size': [0.049837904948193595, 0.0813235869879147, 0.05243307039854257]}, 'pillar_obstacle': {'pos': [0.39994824830915515, -0.3824307480766307, 0.23470116647765446], 'size': [0.033663755439403885, 0.20172185302840845, 0.0]}, 'small_block': {'pos': [0.6140097595303955, -0.3535133918987863, 0.1097032402875184], 'size': [0.04461973939918376, 0.0849493067344041, 0.09534921802665242]}}"
5.966000000000327,0.5959981619600228,0.0,0.4,0.5939513179435618,-3.1803329745936925e-07,0.3999963871157767,"{'table_obstacle': {'pos': [0.3825981920028062, 0.37518922255766707, 0.1646257963690813], 'size': [0.049837904948193595, 0.0813235869879147, 0.05243307039854257]}, 'pillar_obstacle': {'pos': [0.39994824830915515, -0.3824307480766307, 0.23470116647765446], 'size': [0.033663755439403885, 0.20172185302840845, 0.0]}, 'small_block': {'pos': [0.6140097595303955, -0.3535133918987863, 0.1097032402875184], 'size': [0.04461973939918376, 0.0849493067344041, 0.09534921802665242]}}"
5.967000000000327,0.5999980878898415,0.0,0.4,0.5939804677511618,-3.226258379987355e-07,0.39999643715547456,"{'table_obstacle': {'pos': [0.3825981920028062, 0.37518922255766707, 0.1646257963690813], 'size': [0.049837904948193595, 0.0813235869879147, 0.05243307039854257]}, 'pillar_obstacle': {'pos': [0.39994824830915515, -0.3824307480766307, 0.23470116647765446], 'size': [0.033663755439403885, 0.20172185302840845, 0.0]}, 'small_block': {'pos': [0.6140097595303955, -0.3535133918987863, 0.1097032402875184], 'size': [0.04461973939918376, 0.0849493067344041, 0.09534921802665242]}}"
5.968000000000328,0.5999980878898415,0.0,0.4,0.5940198614706514,-2.8466328092869497e-07,0.39999630063749514,"{'table_obstacle': {'pos': [0.3825981920028062, 0.37518922255766707, 0.1646257963690813], 'size': [0.049837904948193595, 0.0813235869879147, 0.05243307039854257]}, 'pillar_obstacle': {'pos': [0.39994824830915515, -0.3824307480766307, 0.23470116647765446], 'size': [0.033663755439403885, 0.20172185302840845, 0.0]}, 'small_block': {'pos': [0.6140097595303955, -0.3535133918987863, 0.1097032402875184], 'size': [0.04461973939918376, 0.0849493067344041, 0.09534921802665242]}}"
5.969000000000328,0.5999980878898415,0.0,0.4,0.5940673548343792,-2.2140115255697677e-07,0.3999960493580657,"{'table_obstacle': {'pos': [0.3825981920028062, 0.37518922255766707, 0.1646257963690813], 'size': [0.049837904948193595, 0.0813235869879147, 0.05243307039854257]}, 'pillar_obstacle': {'pos': [0.39994824830915515, -0.3824307480766307, 0.23470116647765446], 'size': [0.033663755439403885, 0.20172185302840845, 0.0]}, 'small_block': {'pos': [0.6140097595303955, -0.3535133918987863, 0.1097032402875184], 'size': [0.04461973939918376, 0.0849493067344041, 0.09534921802665242]}}"
5.970000000000328,0.5999980878898415,0.0,0.4,0.5941212083304326,-1.4504754776749125e-07,0.3999957343700181,"{'table_obstacle': {'pos': [0.3825981920028062, 0.37518922255766707, 0.1646257963690813], 'size': [0.049837904948193595, 0.0813235869879147, 0.05243307039854257]}, 'pillar_obstacle': {'pos': [0.39994824830915515, -0.3824307480766307, 0.23470116647765446], 'size': [0.033663755439403885, 0.20172185302840845, 0.0]}, 'small_block': {'pos': [0.6140097595303955, -0.3535133918987863, 0.1097032402875184], 'size': [0.04461973939918376, 0.0849493067344041, 0.09534921802665242]}}"
5.971000000000329,0.5999980878898415,0.0,0.4,0.5941800115981393,-6.405965772197006e-08,0.39999539136486123,"{'table_obstacle': {'pos': [0.3825981920028062, 0.37518922255766707, 0.1646257963690813], 'size': [0.049837904948193595, 0.0813235869879147, 0.05243307039854257]}, 'pillar_obstacle': {'pos': [0.39994824830915515, -0.3824307480766307, 0.23470116647765446], 'size': [0.033663755439403885, 0.20172185302840845, 0.0]}, 'small_block': {'pos': [0.6140097595303955, -0.3535133918987863, 0.1097032402875184], 'size': [0.04461973939918376, 0.0849493067344041, 0.09534921802665242]}}"
5.972000000000329,0.5999980878898415,0.0,0.4,0.5942426218456797,1.587096740946062e-08,0.3999950447234779,"{'table_obstacle': {'pos': [0.3825981920028062, 0.37518922255766707, 0.1646257963690813], 'size': [0.049837904948193595, 0.0813235869879147, 0.05243307039854257]}, 'pillar_obstacle': {'pos': [0.39994824830915515, -0.3824307480766307, 0.23470116647765446], 'size': [0.033663755439403885, 0.20172185302840845, 0.0]}, 'small_block': {'pos': [0.6140097595303955, -0.3535133918987863, 0.1097032402875184], 'size': [0.04461973939918376, 0.0849493067344041, 0.09534921802665242]}}"
5.973000000000329,0.5999980878898415,0.0,0.4,0.5943081137223905,9.107253716252482e-08,0.3999947105596958,"{'table_obstacle': {'pos': [0.3825981920028062, 0.37518922255766707, 0.1646257963690813], 'size': [0.049837904948193595, 0.0813235869879147, 0.05243307039854257]}, 'pillar_obstacle': {'pos': [0.39994824830915515, -0.3824307480766307, 0.23470116647765446], 'size': [0.033663755439403885, 0.20172185302840845, 0.0]}, 'small_block': {'pos': [0.6140097595303955, -0.3535133918987863, 0.1097032402875184], 'size': [0.04461973939918376, 0.0849493067344041, 0.09534921802665242]}}"
5.97400000000033,0.5999980878898415,0.0,0.4,0.5943757385367278,1.5933090477335287e-07,0.3999943990013923,"{'table_obstacle': {'pos': [0.3825981920028062, 0.37518922255766707, 0.1646257963690813], 'size': [0.049837904948193595, 0.0813235869879147, 0.05243307039854257]}, 'pillar_obstacle': {'pos': [0.39994824830915515, -0.3824307480766307, 0.23470116647765446], 'size': [0.033663755439403885, 0.20172185302840845, 0.0]}, 'small_block': {'pos': [0.6140097595303955, -0.3535133918987863, 0.1097032402875184], 'size': [0.04461973939918376, 0.0849493067344041, 0.09534921802665242]}}"
5.97500000000033,0.5999980878898415,0.0,0.4,0.5944448910915503,2.1946818355707943e-07,0.39999411589426476,"{'table_obstacle': {'pos': [0.3825981920028062, 0.37518922255766707, 0.1646257963690813], 'size': [0.049837904948193595, 0.0813235869879147, 0.05243307039854257]}, 'pillar_obstacle': {'pos': [0.39994824830915515, -0.3824307480766307, 0.23470116647765446], 'size': [0.033663755439403885, 0.20172185302840845, 0.0]}, 'small_block': {'pos': [0.6140097595303955, -0.3535133918987863, 0.1097032402875184], 'size': [0.04461973939918376, 0.0849493067344041, 0.09534921802665242]}}"
5.97600000000033,0.5999980878898415,0.0,0.4,0.5945150827230522,2.7102885501568767e-07,0.3999938640687028,"{'table_obstacle': {'pos': [0.3825981920028062, 0.37518922255766707, 0.1646257963690813], 'size': [0.049837904948193595, 0.0813235869879147, 0.05243307039854257]}, 'pillar_obstacle': {'pos': [0.39994824830915515, -0.3824307480766307, 0.23470116647765446], 'size': [0.033663755439403885, 0.20172185302840845, 0.0]}, 'small_block': {'pos': [0.6140097595303955, -0.3535133918987863, 0.1097032402875184], 'size': [0.04461973939918376, 0.0849493067344041, 0.09534921802665242]}}"
5.977000000000331,0.5999980878898415,0.0,0.4,0.5945859193888082,3.1404770098607346e-07,0.399993644276442,"{'table_obstacle': {'pos': [0.3825981920028062, 0.37518922255766707, 0.1646257963690813], 'size': [0.049837904948193595, 0.0813235869879147, 0.05243307039854257]}, 'pillar_obstacle': {'pos': [0.39994824830915515, -0.3824307480766307, 0.23470116647765446], 'size': [0.033663755439403885, 0.20172185302840845, 0.0]}, 'small_block': {'pos': [0.6140097595303955, -0.3535133918987863, 0.1097032402875184], 'size': [0.04461973939918376, 0.0849493067344041, 0.09534921802665242]}}"
5.978000000000331,0.5999980878898415,0.0,0.4,0.5946570838631571,3.488797930530771e-07,0.3999934558781219,"{'table_obstacle': {'pos': [0.3825981920028062, 0.37518922255766707, 0.1646257963690813], 'size': [0.049837904948193595, 0.0813235869879147, 0.05243307039854257]}, 'pillar_obstacle': {'pos': [0.39994824830915515, -0.3824307480766307, 0.23470116647765446], 'size': [0.033663755439403885, 0.20172185302840845, 0.0]}, 'small_block': {'pos': [0.6140097595303955, -0.3535133918987863, 0.1097032402875184], 'size': [0.04461973939918376, 0.0849493067344041, 0.09534921802665242]}}"
5.979000000000331,0.5999980878898415,0.0,0.4,0.5947283212724602,3.7607733538096253e-07,0.3999932973434607,"{'table_obstacle': {'pos': [0.3825981920028062, 0.37518922255766707, 0.1646257963690813], 'size': [0.049837904948193595, 0.0813235869879147, 0.05243307039854257]}, 'pillar_obstacle': {'pos': [0.39994824830915515, -0.3824307480766307, 0.23470116647765446], 'size': [0.033663755439403885, 0.20172185302840845, 0.0]}, 'small_block': {'pos': [0.6140097595303955, -0.3535133918987863, 0.1097032402875184], 'size': [0.04461973939918376, 0.0849493067344041, 0.09534921802665242]}}"
5.980000000000332,0.5999980878898415,0.0,0.4,0.5947994273452922,3.9630169749720186e-07,0.3999931666109665,"{'table_obstacle': {'pos': [0.3825981920028062, 0.37518922255766707, 0.1646257963690813], 'size': [0.049837904948193595, 0.0813235869879147, 0.05243307039854257]}, 'pillar_obstacle': {'pos': [0.39994824830915515, -0.3824307480766307, 0.23470116647765446], 'size': [0.033663755439403885, 0.20172185302840845, 0.0]}, 'small_block': {'pos': [0.6140097595303955, -0.3535133918987863, 0.1097032402875184], 'size': [0.04461973939918376, 0.0849493067344041, 0.09534921802665242]}}"
5.981000000000332,0.5999980878898415,0.0,0.4,0.5948702388689934,4.102617238215798e-07,0.39999306134283613,"{'table_obstacle': {'pos': [0.3825981920028062, 0.37518922255766707, 0.1646257963690813], 'size': [0.049837904948193595, 0.0813235869879147, 0.05243307039854257]}, 'pillar_obstacle': {'pos': [0.39994824830915515, -0.3824307480766307, 0.23470116647765446], 'size': [0.033663755439403885, 0.20172185302840845, 0.0]}, 'small_block': {'pos': [0.6140097595303955, -0.3535133918987863, 0.1097032402875184], 'size': [0.04461973939918376, 0.0849493067344041, 0.09534921802665242]}}"
5.982000000000332,0.5999980878898415,0.0,0.4,0.5949406259389242,4.186715103024951e-07,0.39999297910207876,"{'table_obstacle': {'pos': [0.3825981920028062, 0.37518922255766707, 0.1646257963690813], 'size': [0.049837904948193595, 0.0813235869879147, 0.05243307039854257]}, 'pillar_obstacle': {'pos': [0.39994824830915515, -0.3824307480766307, 0.23470116647765446], 'size': [0.033663755439403885, 0.20172185302840845, 0.0]}, 'small_block': {'pos': [0.6140097595303955, -0.3535133918987863, 0.1097032402875184], 'size': [0.04461973939918376, 0.0849493067344041, 0.09534921802665242]}}"
5.983000000000333,0.5999980878898415,0.0,0.4,0.5950104856640832,4.222224894321697e-07,0.3999929174723334,"{'table_obstacle': {'pos': [0.3825981920028062, 0.37518922255766707, 0.1646257963690813], 'size': [0.049837904948193595, 0.0813235869879147, 0.05243307039854257]}, 'pillar_obstacle': {'pos': [0.39994824830915515, -0.3824307480766307, 0.23470116647765446], 'size': [0.033663755439403885, 0.20172185302840845, 0.0]}, 'small_block': {'pos': [0.6140097595303955, -0.3535133918987863, 0.1097032402875184], 'size': [0.04461973939918376, 0.0849493067344041, 0.09534921802665242]}}"
5.984000000000333,0.5999980878898415,0.0,0.4,0.595079737055715,4.215659170280563e-07,0.39999287413582046,"{'table_obstacle': {'pos': [0.3825981920028062, 0.37518922255766707, 0.1646257963690813], 'size': [0.049837904948193595, 0.0813235869879147, 0.05243307039854257]}, 'pillar_obstacle': {'pos': [0.39994824830915515, -0.3824307480766307, 0.23470116647765446], 'size': [0.033663755439403885, 0.20172185302840845, 0.0]}, 'small_block': {'pos': [0.6140097595303955, -0.3535133918987863, 0.1097032402875184], 'size': [0.04461973939918376, 0.0849493067344041, 0.09534921802665242]}}"
5.985000000000333,0.5999980878898415,0.0,0.4,0.5951483168767513,4.1730281584448116e-07,0.39999284692104525,"{'table_obstacle': {'pos': [0.3825981920028062, 0.37518922255766707, 0.1646257963690813], 'size': [0.049837904948193595, 0.0813235869879147, 0.05243307039854257]}, 'pillar_obstacle': {'pos': [0.39994824830915515, -0.3824307480766307, 0.23470116647765446], 'size': [0.033663755439403885, 0.20172185302840845, 0.0]}, 'small_block': {'pos': [0.6140097595303955, -0.3535133918987863, 0.1097032402875184], 'size': [0.04461973939918376, 0.0849493067344041, 0.09534921802665242]}}"
5.986000000000334,0.5999980878898415,0.0,0.4,0.5952161762716051,4.099791854163386e-07,0.39999283382894063,"{'table_obstacle': {'pos': [0.3825981920028062, 0.37518922255766707, 0.1646257963690813], 'size': [0.049837904948193595, 0.0813235869879147, 0.05243307039854257]}, 'pillar_obstacle': {'pos': [0.39994824830915515, -0.3824307480766307, 0.23470116647765446], 'size': [0.033663755439403885, 0.20172185302840845, 0.0]}, 'small_block': {'pos': [0.6140097595303955, -0.3535133918987863, 0.1097032402875184], 'size': [0.04461973939918376, 0.0849493067344041, 0.09534921802665242]}}"
5.987000000000334,0.5999980878898415,0.0,0.4,0.5952832780296975,4.000848368498401e-07,0.3999928330439249,"{'table_obstacle': {'pos': [0.3825981920028062, 0.37518922255766707, 0.1646257963690813], 'size': [0.049837904948193595, 0.0813235869879147, 0.05243307039854257]}, 'pillar_obstacle': {'pos': [0.39994824830915515, -0.3824307480766307, 0.23470116647765446], 'size': [0.033663755439403885, 0.20172185302840845, 0.0]}, 'small_block': {'pos': [0.6140097595303955, -0.3535133918987863, 0.1097032402875184], 'size': [0.04461973939918376, 0.0849493067344041, 0.09534921802665242]}}"
5.988000000000334,0.5999980878898415,0.0,0.4,0.5953495943636332,3.88054655728043e-07,0.3999928429346544,"{'table_obstacle': {'pos': [0.3825981920028062, 0.37518922255766707, 0.1646257963690813], 'size': [0.049837904948193595, 0.0813235869879147, 0.05243307039854257]}, 'pillar_obstacle': {'pos': [0.39994824830915515, -0.3824307480766307, 0.23470116647765446], 'size': [0.033663755439403885, 0.20172185302840845, 0.0]}, 'small_block': {'pos': [0.6140097595303955, -0.3535133918987863, 0.1097032402875184], 'size': [0.04461973939918376, 0.0849493067344041, 0.09534921802665242]}}"
5.989000000000335,0.5999980878898415,0.0,0.4,0.5954151051052994,3.742714115637133e-07,0.39999286204798246,"{'table_obstacle': {'pos': [0.3825981920028062, 0.37518922255766707, 0.1646257963690813], 'size': [0.049837904948193595, 0.0813235869879147, 0.05243307039854257]}, 'pillar_obstacle': {'pos': [0.39994824830915515, -0.3824307480766307, 0.23470116647765446], 'size': [0.033663755439403885, 0.20172185302840845, 0.0]}, 'small_block': {'pos': [0.6140097595303955, -0.3535133918987863, 0.1097032402875184], 'size': [0.04461973939918376, 0.0849493067344041, 0.09534921802665242]}}"
5.990000000000335,0.5999980878898415,0.0,0.4,0.5954797962413515,3.59069482512153e-07,0.39999288909866776,"{'table_obstacle': {'pos': [0.3825981920028062, 0.37518922255766707, 0.1646257963690813], 'size': [0.049837904948193595, 0.0813235869879147, 0.05243307039854257]}, 'pillar_obstacle': {'pos': [0.39994824830915515, -0.3824307480766307, 0.23470116647765446], 'size': [0.033663755439403885, 0.20172185302840845, 0.0]}, 'small_block': {'pos': [0.6140097595303955, -0.3535133918987863, 0.1097032402875184], 'size': [0.04461973939918376, 0.0849493067344041, 0.09534921802665242]}}"
5.991000000000335,0.5999980878898415,0.0,0.4,0.5955436587242888,3.4273904923072087e-07,0.39999292295665856,"{'table_obstacle': {'pos': [0.3825981920028062, 0.37518922255766707, 0.1646257963690813], 'size': [0.049837904948193595, 0.0813235869879147, 0.05243307039854257]}, 'pillar_obstacle': {'pos': [0.39994824830915515, -0.3824307480766307, 0.23470116647765446], 'size': [0.033663755439403885, 0.20172185302840845, 0.0]}, 'small_block': {'pos': [0.6140097595303955, -0.3535133918987863, 0.1097032402875184], 'size': [0.04461973939918376, 0.0849493067344041, 0.09534921802665242]}}"
5.992000000000336,0.5999980878898415,0.0,0.4,0.5956066875073275,3.2553044301395386e-07,0.39999296263323525,"{'table_obstacle': {'pos': [0.3825981920028062, 0.37518922255766707, 0.1646257963690813], 'size': [0.049837904948193595, 0.0813235869879147, 0.05243307039854257]}, 'pillar_obstacle': {'pos': [0.39994824830915515, -0.3824307480766307, 0.23470116647765446], 'size': [0.033663755439403885, 0.20172185302840845, 0.0]}, 'small_block': {'pos': [0.6140097595303955, -0.3535133918987863, 0.1097032402875184], 'size': [0.04461973939918376, 0.0849493067344041, 0.09534921802665242]}}"
5.993000000000336,0.5999980878898415,0.0,0.4,0.5956688807610101,3.0765844255322936e-07,0.3999930072668971,"{'table_obstacle': {'pos': [0.3825981920028062, 0.37518922255766707, 0.1646257963690813], 'size': [0.049837904948193595, 0.0813235869879147, 0.05243307039854257]}, 'pillar_obstacle': {'pos': [0.39994824830915515, -0.3824307480766307, 0.23470116647765446], 'size': [0.033663755439403885, 0.20172185302840845, 0.0]}, 'small_block': {'pos': [0.6140097595303955, -0.3535133918987863, 0.1097032402875184], 'size': [0.04461973939918376, 0.0849493067344041, 0.09534921802665242]}}"
5.994000000000336,0.5999980878898415,0.0,0.4,0.5957302392373898,2.893063792528929e-07,0.39999305610958275,"{'table_obstacle': {'pos': [0.3825981920028062, 0.37518922255766707, 0.1646257963690813], 'size': [0.049837904948193595, 0.0813235869879147, 0.05243307039854257]}, 'pillar_obstacle': {'pos': [0.39994824830915515, -0.3824307480766307, 0.23470116647765446], 'size': [0.033663755439403885, 0.20172185302840845, 0.0]}, 'small_block': {'pos': [0.6140097595303955, -0.3535133918987863, 0.1097032402875184], 'size': [0.04461973939918376, 0.0849493067344041, 0.09534921802665242]}}"
5.995000000000337,0.5999980878898415,0.0,0.4,0.5957907657540629,2.7062997070184026e-07,0.39999310851360265,"{'table_obstacle': {'pos': [0.3825981920028062, 0.37518922255766707, 0.1646257963690813], 'size': [0.049837904948193595, 0.0813235869879147, 0.05243307039854257]}, 'pillar_obstacle': {'pos': [0.39994824830915515, -0.3824307480766307, 0.23470116647765446], 'size': [0.033663755439403885, 0.20172185302840845, 0.0]}, 'small_block': {'pos': [0.6140097595303955, -0.3535133918987863, 0.1097032402875184], 'size': [0.04461973939918376, 0.0849493067344041, 0.09534921802665242]}}"
5.996000000000337,0.5999980878898415,0.0,0.4,0.5958504647755178,2.5176083847475153e-07,0.3999931639195024,"{'table_obstacle': {'pos': [0.3825981920028062, 0.37518922255766707, 0.1646257963690813], 'size': [0.049837904948193595, 0.0813235869879147, 0.05243307039854257]}, 'pillar_obstacle': {'pos': [0.39994824830915515, -0.3824307480766307, 0.23470116647765446], 'size': [0.033663755439403885, 0.20172185302840845, 0.0]}, 'small_block': {'pos': [0.6140097595303955, -0.3535133918987863, 0.1097032402875184], 'size': [0.04461973939918376, 0.0849493067344041, 0.09534921802665242]}}"
5.997000000000337,0.5999980878898415,0.0,0.4,0.5959093420735212,2.3280968902979093e-07,0.39999322184497293,"{'table_obstacle': {'pos': [0.3825981920028062, 0.37518922255766707, 0.1646257963690813], 'size': [0.049837904948193595, 0.0813235869879147, 0.05243307039854257]}, 'pillar_obstacle': {'pos': [0.39994824830915515, -0.3824307480766307, 0.23470116647765446], 'size': [0.033663755439403885, 0.20172185302840845, 0.0]}, 'small_block': {'pos': [0.6140097595303955, -0.3535133918987863, 0.1097032402875184], 'size': [0.04461973939918376, 0.0849493067344041, 0.09534921802665242]}}"
5.998000000000338,0.5999980878898415,0.0,0.4,0.5959674044516795,2.1386916374511562e-07,0.39999328187484146,"{'table_obstacle': {'pos': [0.3825981920028062, 0.37518922255766707, 0.1646257963690813], 'size': [0.049837904948193595, 0.0813235869879147, 0.05243307039854257]}, 'pillar_obstacle': {'pos': [0.39994824830915515, -0.3824307480766307, 0.23470116647765446], 'size': [0.033663755439403885, 0.20172185302840845, 0.0]}, 'small_block': {'pos': [0.6140097595303955, -0.3535133918987863, 0.1097032402875184], 'size': [0.04461973939918376, 0.0849493067344041, 0.09534921802665242]}}"
5.999000000000338,0.5999980878898415,0.0,0.4,0.5960246595221289,1.9501636378751152e-07,0.3999933436521317,"{'table_obstacle': {'pos': [0.3825981920028062, 0.37518922255766707, 0.1646257963690813], 'size': [0.049837904948193595, 0.0813235869879147, 0.05243307039854257]}, 'pillar_obstacle': {'pos': [0.39994824830915515, -0.3824307480766307, 0.23470116647765446], 'size': [0.033663755439403885, 0.20172185302840845, 0.0]}, 'small_block': {'pos': [0.6140097595303955, -0.3535133918987863, 0.1097032402875184], 'size': [0.04461973939918376, 0.0849493067344041, 0.09534921802665242]}}"
6.000000000000338,0.5999980878898415,0.0,0.4,0.5960811155245427,1.7631507498260605e-07,0.39999340687014134,"{'table_obstacle': {'pos': [0.3825981920028062, 0.37518922255766707, 0.1646257963690813], 'size': [0.049837904948193595, 0.0813235869879147, 0.05243307039854257]}, 'pillar_obstacle': {'pos': [0.39994824830915515, -0.3824307480766307, 0.23470116647765446], 'size': [0.033663755439403885, 0.20172185302840845, 0.0]}, 'small_block': {'pos': [0.6140097595303955, -0.3535133918987863, 0.1097032402875184], 'size': [0.04461973939918376, 0.0849493067344041, 0.09534921802665242]}}"
6.001000000000339,0.5999980878898415,0.0,0.4,0.5961367811795195,1.578177123790739e-07,0.3999934712654751,"{'table_obstacle': {'pos': [0.3825981920028062, 0.37518922255766707, 0.1646257963690813], 'size': [0.049837904948193595, 0.0813235869879147, 0.05243307039854257]}, 'pillar_obstacle': {'pos': [0.39994824830915515, -0.3824307480766307, 0.23470116647765446], 'size': [0.033663755439403885, 0.20172185302840845, 0.0]}, 'small_block': {'pos': [0.6140097595303955, -0.3535133918987863, 0.1097032402875184], 'size': [0.04461973939918376, 0.0849493067344041, 0.09534921802665242]}}"
6.002000000000339,0.5999980878898415,0.0,0.4,0.596191665569881,1.395670123452631e-07,0.3999935366119492,"{'table_obstacle': {'pos': [0.3825981920028062, 0.37518922255766707, 0.1646257963690813], 'size': [0.049837904948193595, 0.0813235869879147, 0.05243307039854257]}, 'pillar_obstacle': {'pos': [0.39994824830915515, -0.3824307480766307, 0.23470116647765446], 'size': [0.033663755439403885, 0.20172185302840845, 0.0]}, 'small_block': {'pos': [0.6140097595303955, -0.3535133918987863, 0.1097032402875184], 'size': [0.04461973939918376, 0.0849493067344041, 0.09534921802665242]}}"
6.003000000000339,0.5999980878898415,0.0,0.4,0.5962457780446373,1.2159749841821474e-07,0.39999360271528916,"{'table_obstacle': {'pos': [0.3825981920028062, 0.37518922255766707, 0.1646257963690813], 'size': [0.049837904948193595, 0.0813235869879147, 0.05243307039854257]}, 'pillar_obstacle': {'pos': [0.39994824830915515, -0.3824307480766307, 0.23470116647765446], 'size': [0.033663755439403885, 0.20172185302840845, 0.0]}, 'small_block': {'pos': [0.6140097595303955, -0.3535133918987863, 0.1097032402875184], 'size': [0.04461973939918376, 0.0849493067344041, 0.09534921802665242]}}"
6.00400000000034,0.5999980878898415,0.0,0.4,0.5962991281413615,1.0393674424211951e-07,0.3999936694085338,"{'table_obstacle': {'pos': [0.3825981920028062, 0.37518922255766707, 0.1646257963690813], 'size': [0.049837904948193595, 0.0813235869879147, 0.05243307039854257]}, 'pillar_obstacle': {'pos': [0.39994824830915515, -0.3824307480766307, 0.23470116647765446], 'size': [0.033663755439403885, 0.20172185302840845, 0.0]}, 'small_block': {'pos': [0.6140097595303955, -0.3535133918987863, 0.1097032402875184], 'size': [0.04461973939918376, 0.0849493067344041, 0.09534921802665242]}}"
6.00500000000034,0.5999980878898415,0.0,0.4,0.5963517255235087,8.660645779560502e-08,0.39999373654807097,"{'table_obstacle': {'pos': [0.3825981920028062, 0.37518922255766707, 0.1646257963690813], 'size': [0.049837904948193595, 0.0813235869879147, 0.05243307039854257]}, 'pillar_obstacle': {'pos': [0.39994824830915515, -0.3824307480766307, 0.23470116647765446], 'size': [0.033663755439403885, 0.20172185302840845, 0.0]}, 'small_block': {'pos': [0.6140097595303955, -0.3535133918987863, 0.1097032402875184], 'size': [0.04461973939918376, 0.0849493067344041, 0.09534921802665242]}}"
6.00600000000034,0.5999980878898415,0.0,0.4,0.5964035799298758,6.9623411820717e-08,0.3999938040102241,"{'table_obstacle': {'pos': [0.3825981920028062, 0.37518922255766707, 0.1646257963690813], 'size': [0.049837904948193595, 0.0813235869879147, 0.05243307039854257]}, 'pillar_obstacle': {'pos': [0.39994824830915515, -0.3824307480766307, 0.23470116647765446], 'size': [0.033663755439403885, 0.20172185302840845, 0.0]}, 'small_block': {'pos': [0.6140097595303955, -0.3535133918987863, 0.1097032402875184], 'size': [0.04461973939918376, 0.0849493067344041, 0.09534921802665242]}}"
6.007000000000341,0.5999980878898415,0.0,0.4,0.5964547011339101,5.300023604973987e-08,0.39999387168832795,"{'table_obstacle': {'pos': [0.3825981920028062, 0.37518922255766707, 0.1646257963690813], 'size': [0.049837904948193595, 0.0813235869879147, 0.05243307039854257]}, 'pillar_obstacle': {'pos': [0.39994824830915515, -0.3824307480766307, 0.23470116647765446], 'size': [0.033663755439403885, 0.20172185302840845, 0.0]}, 'small_block': {'pos': [0.6140097595303955, -0.3535133918987863, 0.1097032402875184], 'size': [0.04461973939918376, 0.0849493067344041, 0.09534921802665242]}}"
6.008000000000341,0.5999980878898415,0.0,0.4,0.5965050989110225,3.6746091745411496e-08,0.3999939394902231,"{'table_obstacle': {'pos': [0.3825981920028062, 0.37518922255766707, 0.1646257963690813], 'size': [0.049837904948193595, 0.0813235869879147, 0.05243307039854257]}, 'pillar_obstacle': {'pos': [0.39994824830915515, -0.3824307480766307, 0.23470116647765446], 'size': [0.033663755439403885, 0.20172185302840845, 0.0]}, 'small_block': {'pos': [0.6140097595303955, -0.3535133918987863, 0.1097032402875184], 'size': [0.04461973939918376, 0.0849493067344041, 0.09534921802665242]}}"
6.009000000000341,0.5999980878898415,0.0,0.4,0.5965547830123927,2.0867246190857867e-08,0.39999400733611973,"{'table_obstacle': {'pos': [0.3825981920028062, 0.37518922255766707, 0.1646257963690813], 'size': [0.049837904948193595, 0.0813235869879147, 0.05243307039854257]}, 'pillar_obstacle': {'pos': [0.39994824830915515, -0.3824307480766307, 0.23470116647765446], 'size': [0.033663755439403885, 0.20172185302840845, 0.0]}, 'small_block': {'pos': [0.6140097595303955, -0.3535133918987863, 0.1097032402875184], 'size': [0.04461973939918376, 0.0849493067344041, 0.09534921802665242]}}"
6.010000000000342,0.5999980878898415,0.0,0.4,0.5966037631440447,5.367557613570034e-09,0.399994075156776,"{'table_obstacle': {'pos': [0.3825981920028062, 0.37518922255766707, 0.1646257963690813], 'size': [0.049837904948193595, 0.0813235869879147, 0.05243307039854257]}, 'pillar_obstacle': {'pos': [0.39994824830915515, -0.3824307480766307, 0.23470116647765446], 'size': [0.033663755439403885, 0.20172185302840845, 0.0]}, 'small_block': {'pos': [0.6140097595303955, -0.3535133918987863, 0.1097032402875184], 'size': [0.04461973939918376, 0.0849493067344041, 0.09534921802665242]}}"
6.011000000000342,0.5999980878898415,0.0,0.4,0.5966520489502029,-9.751113855971324e-09,0.3999941428919494,"{'table_obstacle': {'pos': [0.3825981920028062, 0.37518922255766707, 0.1646257963690813], 'size': [0.049837904948193595, 0.0813235869879147, 0.05243307039854257]}, 'pillar_obstacle': {'pos': [0.39994824830915515, -0.3824307480766307, 0.23470116647765446], 'size': [0.033663755439403885, 0.20172185302840845, 0.0]}, 'small_block': {'pos': [0.6140097595303955, -0.3535133918987863, 0.1097032402875184], 'size': [0.04461973939918376, 0.0849493067344041, 0.09534921802665242]}}"
6.012000000000342,0.5999980878898415,0.0,0.4,0.5966996500001147,-2.4488559414211334e-08,0.3999942104890811,"{'table_obstacle': {'pos': [0.3825981920028062, 0.37518922255766707, 0.1646257963690813], 'size': [0.049837904948193595, 0.0813235869879147, 0.05243307039854257]}, 'pillar_obstacle': {'pos': [0.39994824830915515, -0.3824307480766307, 0.23470116647765446], 'size': [0.033663755439403885, 0.20172185302840845, 0.0]}, 'small_block': {'pos': [0.6140097595303955, -0.3535133918987863, 0.1097032402875184], 'size': [0.04461973939918376, 0.0849493067344041, 0.09534921802665242]}}"
6.013000000000343,0.5999980878898415,0.0,0.4,0.5967465757776916,-3.8845930597739795e-08,0.3999942779021806,"{'table_obstacle': {'pos': [0.3825981920028062, 0.37518922255766707, 0.1646257963690813], 'size': [0.049837904948193595, 0.0813235869879147, 0.05243307039854257]}, 'pillar_obstacle': {'pos': [0.39994824830915515, -0.3824307480766307, 0.23470116647765446], 'size': [0.033663755439403885, 0.20172185302840845, 0.0]}, 'small_block': {'pos': [0.6140097595303955, -0.3535133918987863, 0.1097032402875184], 'size': [0.04461973939918376, 0.0849493067344041, 0.09534921802665242]}}"
6.014000000000343,0.5999980878898415,0.0,0.4,0.5967928356734293,-5.282549241493071e-08,0.39999434509087933,"{'table_obstacle': {'pos': [0.3825981920028062, 0.37518922255766707, 0.1646257963690813], 'size': [0.049837904948193595, 0.0813235869879147, 0.05243307039854257]}, 'pillar_obstacle': {'pos': [0.39994824830915515, -0.3824307480766307, 0.23470116647765446], 'size': [0.033663755439403885, 0.20172185302840845, 0.0]}, 'small_block': {'pos': [0.6140097595303955, -0.3535133918987863, 0.1097032402875184], 'size': [0.04461973939918376, 0.0849493067344041, 0.09534921802665242]}}"
6.015000000000343,0.5999980878898415,0.0,0.4,0.5968384389781801,-6.643041811958332e-08,0.39999441201962993,"{'table_obstacle': {'pos': [0.3825981920028062, 0.37518922255766707, 0.1646257963690813], 'size': [0.049837904948193595, 0.0813235869879147, 0.05243307039854257]}, 'pillar_obstacle': {'pos': [0.39994824830915515, -0.3824307480766307, 0.23470116647765446], 'size': [0.033663755439403885, 0.20172185302840845, 0.0]}, 'small_block': {'pos': [0.6140097595303955, -0.3535133918987863, 0.1097032402875184], 'size': [0.04461973939918376, 0.0849493067344041, 0.09534921802665242]}}"
6.016000000000344,0.5999980878898415,0.0,0.4,0.596883394878423,-7.966461747135922e-08,0.39999447865702975,"{'table_obstacle': {'pos': [0.3825981920028062, 0.37518922255766707, 0.1646257963690813], 'size': [0.049837904948193595, 0.0813235869879147, 0.05243307039854257]}, 'pillar_obstacle': {'pos': [0.39994824830915515, -0.3824307480766307, 0.23470116647765446], 'size': [0.033663755439403885, 0.20172185302840845, 0.0]}, 'small_block': {'pos': [0.6140097595303955, -0.3535133918987863, 0.1097032402875184], 'size': [0.04461973939918376, 0.0849493067344041, 0.09534921802665242]}}"
6.017000000000344,0.5999980878898415,0.0,0.4,0.5969277124527461,-9.253259016675967e-08,0.399994544975247,"{'table_obstacle': {'pos': [0.3825981920028062, 0.37518922255766707, 0.1646257963690813], 'size': [0.049837904948193595, 0.0813235869879147, 0.05243307039854257]}, 'pillar_obstacle': {'pos': [0.39994824830915515, -0.3824307480766307, 0.23470116647765446], 'size': [0.033663755439403885, 0.20172185302840845, 0.0]}, 'small_block': {'pos': [0.6140097595303955, -0.3535133918987863, 0.1097032402875184], 'size': [0.04461973939918376, 0.0849493067344041, 0.09534921802665242]}}"
6.018000000000344,0.5999980878898415,0.0,0.4,0.5969714006693115,-1.0503930721961432e-07,0.3999946109495356,"{'table_obstacle': {'pos': [0.3825981920028062, 0.37518922255766707, 0.1646257963690813], 'size': [0.049837904948193595, 0.0813235869879147, 0.05243307039854257]}, 'pillar_obstacle': {'pos': [0.39994824830915515, -0.3824307480766307, 0.23470116647765446], 'size': [0.033663755439403885, 0.20172185302840845, 0.0]}, 'small_block': {'pos': [0.6140097595303955, -0.3535133918987863, 0.1097032402875184], 'size': [0.04461973939918376, 0.0849493067344041, 0.09534921802665242]}}"
6.019000000000345,0.5999980878898415,0.0,0.4,0.5970144683841113,-1.1719010926572123e-07,0.399994676557826,"{'table_obstacle': {'pos': [0.3825981920028062, 0.37518922255766707, 0.1646257963690813], 'size': [0.049837904948193595, 0.0813235869879147, 0.05243307039854257]}, 'pillar_obstacle': {'pos': [0.39994824830915515, -0.3824307480766307, 0.23470116647765446], 'size': [0.033663755439403885, 0.20172185302840845, 0.0]}, 'small_block': {'pos': [0.6140097595303955, -0.3535133918987863, 0.1097032402875184], 'size': [0.04461973939918376, 0.0849493067344041, 0.09534921802665242]}}"
6.020000000000345,0.5999980878898415,0.0,0.4,0.5970569243398659,-1.289906228354328e-07,0.39999474178037736,"{'table_obstacle': {'pos': [0.3825981920028062, 0.37518922255766707, 0.1646257963690813], 'size': [0.049837904948193595, 0.0813235869879147, 0.05243307039854257]}, 'pillar_obstacle': {'pos': [0.39994824830915515, -0.3824307480766307, 0.23470116647765446], 'size': [0.033663755439403885, 0.20172185302840845, 0.0]}, 'small_block': {'pos': [0.6140097595303955, -0.3535133918987863, 0.1097032402875184], 'size': [0.04461973939918376, 0.0849493067344041, 0.09534921802665242]}}"
6.021000000000345,0.5999980878898415,0.0,0.4,0.5970987771654352,-1.4044669190335397e-07,0.3999948065994846,"{'table_obstacle': {'pos': [0.3825981920028062, 0.37518922255766707, 0.1646257963690813], 'size': [0.049837904948193595, 0.0813235869879147, 0.05243307039854257]}, 'pillar_obstacle': {'pos': [0.39994824830915515, -0.3824307480766307, 0.23470116647765446], 'size': [0.033663755439403885, 0.20172185302840845, 0.0]}, 'small_block': {'pos': [0.6140097595303955, -0.3535133918987863, 0.1097032402875184], 'size': [0.04461973939918376, 0.0849493067344041, 0.09534921802665242]}}"
6.022000000000346,0.5999980878898415,0.0,0.4,0.5971400353756485,-1.5156431766364796e-07,0.39999487099922815,"{'table_obstacle': {'pos': [0.3825981920028062, 0.37518922255766707, 0.1646257963690813], 'size': [0.049837904948193595, 0.0813235869879147, 0.05243307039854257]}, 'pillar_obstacle': {'pos': [0.39994824830915515, -0.3824307480766307, 0.23470116647765446], 'size': [0.033663755439403885, 0.20172185302840845, 0.0]}, 'small_block': {'pos': [0.6140097595303955, -0.3535133918987863, 0.1097032402875184], 'size': [0.04461973939918376, 0.0849493067344041, 0.09534921802665242]}}"
6.023000000000346,0.5999980878898415,0.0,0.4,0.5971807073714627,-1.6234961371008555e-07,0.39999493496526395,"{'table_obstacle': {'pos': [0.3825981920028062, 0.37518922255766707, 0.1646257963690813], 'size': [0.049837904948193595, 0.0813235869879147, 0.05243307039854257]}, 'pillar_obstacle': {'pos': [0.39994824830915515, -0.3824307480766307, 0.23470116647765446], 'size': [0.033663755439403885, 0.20172185302840845, 0.0]}, 'small_block': {'pos': [0.6140097595303955, -0.3535133918987863, 0.1097032402875184], 'size': [0.04461973939918376, 0.0849493067344041, 0.09534921802665242]}}"
6.024000000000346,0.5999980878898415,0.0,0.4,0.5972208014403902,-1.728087646930594e-07,0.39999499848464404,"{'table_obstacle': {'pos': [0.3825981920028062, 0.37518922255766707, 0.1646257963690813], 'size': [0.049837904948193595, 0.0813235869879147, 0.05243307039854257]}, 'pillar_obstacle': {'pos': [0.39994824830915515, -0.3824307480766307, 0.23470116647765446], 'size': [0.033663755439403885, 0.20172185302840845, 0.0]}, 'small_block': {'pos': [0.6140097595303955, -0.3535133918987863, 0.1097032402875184], 'size': [0.04461973939918376, 0.0849493067344041, 0.09534921802665242]}}"
6.025000000000347,0.5999980878898415,0.0,0.4,0.5972603257571396,-1.8294799391709843e-07,0.3999950615456621,"{'table_obstacle': {'pos': [0.3825981920028062, 0.37518922255766707, 0.1646257963690813], 'size': [0.049837904948193595, 0.0813235869879147, 0.05243307039854257]}, 'pillar_obstacle': {'pos': [0.39994824830915515, -0.3824307480766307, 0.23470116647765446], 'size': [0.033663755439403885, 0.20172185302840845, 0.0]}, 'small_block': {'pos': [0.6140097595303955, -0.3535133918987863, 0.1097032402875184], 'size': [0.04461973939918376, 0.0849493067344041, 0.09534921802665242]}}"
6.026000000000347,0.5999980878898415,0.0,0.4,0.5972992883844221,-1.9277353700520514e-07,0.3999951241377244,"{'table_obstacle': {'pos': [0.3825981920028062, 0.37518922255766707, 0.1646257963690813], 'size': [0.049837904948193595, 0.0813235869879147, 0.05243307039854257]}, 'pillar_obstacle': {'pos': [0.39994824830915515, -0.3824307480766307, 0.23470116647765446], 'size': [0.033663755439403885, 0.20172185302840845, 0.0]}, 'small_block': {'pos': [0.6140097595303955, -0.3535133918987863, 0.1097032402875184], 'size': [0.04461973939918376, 0.0849493067344041, 0.09534921802665242]}}"
6.027000000000347,0.5999980878898415,0.0,0.4,0.5973376972738925,-2.0229161995055693e-07,0.3999951862512383,"{'table_obstacle': {'pos': [0.3825981920028062, 0.37518922255766707, 0.1646257963690813], 'size': [0.049837904948193595, 0.0813235869879147, 0.05243307039854257]}, 'pillar_obstacle': {'pos': [0.39994824830915515, -0.3824307480766307, 0.23470116647765446], 'size': [0.033663755439403885, 0.20172185302840845, 0.0]}, 'small_block': {'pos': [0.6140097595303955, -0.3535133918987863, 0.1097032402875184], 'size': [0.04461973939918376, 0.0849493067344041, 0.09534921802665242]}}"
6.028000000000348,0.5999980878898415,0.0,0.4,0.5973755602671971,-2.1150844075902082e-07,0.3999952478775159,"{'table_obstacle': {'pos': [0.3825981920028062, 0.37518922255766707, 0.1646257963690813], 'size': [0.049837904948193595, 0.0813235869879147, 0.05243307039854257]}, 'pillar_obstacle': {'pos': [0.39994824830915515, -0.3824307480766307, 0.23470116647765446], 'size': [0.033663755439403885, 0.20172185302840845, 0.0]}, 'small_block': {'pos': [0.6140097595303955, -0.3535133918987863, 0.1097032402875184], 'size': [0.04461973939918376, 0.0849493067344041, 0.09534921802665242]}}"
6.029000000000348,0.5999980878898415,0.0,0.4,0.597412885097098,-2.2043015590570054e-07,0.3999953090086912,"{'table_obstacle': {'pos': [0.3825981920028062, 0.37518922255766707, 0.1646257963690813], 'size': [0.049837904948193595, 0.0813235869879147, 0.05243307039854257]}, 'pillar_obstacle': {'pos': [0.39994824830915515, -0.3824307480766307, 0.23470116647765446], 'size': [0.033663755439403885, 0.20172185302840845, 0.0]}, 'small_block': {'pos': [0.6140097595303955, -0.3535133918987863, 0.1097032402875184], 'size': [0.04461973939918376, 0.0849493067344041, 0.09534921802665242]}}"
6.030000000000348,0.5999980878898415,0.0,0.4,0.5974496793886608,-2.2906286763484236e-07,0.39999536963765003,"{'table_obstacle': {'pos': [0.3825981920028062, 0.37518922255766707, 0.1646257963690813], 'size': [0.049837904948193595, 0.0813235869879147, 0.05243307039854257]}, 'pillar_obstacle': {'pos': [0.39994824830915515, -0.3824307480766307, 0.23470116647765446], 'size': [0.033663755439403885, 0.20172185302840845, 0.0]}, 'small_block': {'pos': [0.6140097595303955, -0.3535133918987863, 0.1097032402875184], 'size': [0.04461973939918376, 0.0849493067344041, 0.09534921802665242]}}"
6.031000000000349,0.5999980878898415,0.0,0.4,0.5974859506604911,-2.374126147640756e-07,0.3999954297579673,"{'table_obstacle': {'pos': [0.3825981920028062, 0.37518922255766707, 0.1646257963690813], 'size': [0.049837904948193595, 0.0813235869879147, 0.05243307039854257]}, 'pillar_obstacle': {'pos': [0.39994824830915515, -0.3824307480766307, 0.23470116647765446], 'size': [0.033663755439403885, 0.20172185302840845, 0.0]}, 'small_block': {'pos': [0.6140097595303955, -0.3535133918987863, 0.1097032402875184], 'size': [0.04461973939918376, 0.0849493067344041, 0.09534921802665242]}}"
6.032000000000349,0.5999980878898415,0.0,0.4,0.5975217063260023,-2.454853654046093e-07,0.399995489363853,"{'table_obstacle': {'pos': [0.3825981920028062, 0.37518922255766707, 0.1646257963690813], 'size': [0.049837904948193595, 0.0813235869879147, 0.05243307039854257]}, 'pillar_obstacle': {'pos': [0.39994824830915515, -0.3824307480766307, 0.23470116647765446], 'size': [0.033663755439403885, 0.20172185302840845, 0.0]}, 'small_block': {'pos': [0.6140097595303955, -0.3535133918987863, 0.1097032402875184], 'size': [0.04461973939918376, 0.0849493067344041, 0.09534921802665242]}}"
6.033000000000349,0.5999980878898415,0.0,0.4,0.5975569536947088,-2.5328701122946067e-07,0.3999955484501056,"{'table_obstacle': {'pos': [0.3825981920028062, 0.37518922255766707, 0.1646257963690813], 'size': [0.049837904948193595, 0.0813235869879147, 0.05243307039854257]}, 'pillar_obstacle': {'pos': [0.39994824830915515, -0.3824307480766307, 0.23470116647765446], 'size': [0.033663755439403885, 0.20172185302840845, 0.0]}, 'small_block': {'pos': [0.6140097595303955, -0.3535133918987863, 0.1097032402875184], 'size': [0.04461973939918376, 0.0849493067344041, 0.09534921802665242]}}"
6.03400000000035,0.5999980878898415,0.0,0.4,0.5975916999735347,-2.608233621365379e-07,0.3999956070120699,"{'table_obstacle': {'pos': [0.3825981920028062, 0.37518922255766707, 0.1646257963690813], 'size': [0.049837904948193595, 0.0813235869879147, 0.05243307039854257]}, 'pillar_obstacle': {'pos': [0.39994824830915515, -0.3824307480766307, 0.23470116647765446], 'size': [0.033663755439403885, 0.20172185302840845, 0.0]}, 'small_block': {'pos': [0.6140097595303955, -0.3535133918987863, 0.1097032402875184], 'size': [0.04461973939918376, 0.0849493067344041, 0.09534921802665242]}}"
6.03500000000035,0.5999980878898415,0.0,0.4,0.597625952268132,-2.6810014290232547e-07,0.3999956650455993,"{'table_obstacle': {'pos': [0.3825981920028062, 0.37518922255766707, 0.1646257963690813], 'size': [0.049837904948193595, 0.0813235869879147, 0.05243307039854257]}, 'pillar_obstacle': {'pos': [0.39994824830915515, -0.3824307480766307, 0.23470116647765446], 'size': [0.033663755439403885, 0.20172185302840845, 0.0]}, 'small_block': {'pos': [0.6140097595303955, -0.3535133918987863, 0.1097032402875184], 'size': [0.04461973939918376, 0.0849493067344041, 0.09534921802665242]}}"
6.03600000000035,0.5999980878898415,0.0,0.4,0.5976597175842036,-2.7512299196331547e-07,0.3999957225470251,"{'table_obstacle': {'pos': [0.3825981920028062, 0.37518922255766707, 0.1646257963690813], 'size': [0.049837904948193595, 0.0813235869879147, 0.05243307039854257]}, 'pillar_obstacle': {'pos': [0.39994824830915515, -0.3824307480766307, 0.23470116647765446], 'size': [0.033663755439403885, 0.20172185302840845, 0.0]}, 'small_block': {'pos': [0.6140097595303955, -0.3535133918987863, 0.1097032402875184], 'size': [0.04461973939918376, 0.0849493067344041, 0.09534921802665242]}}"
6.037000000000351,0.5999980878898415,0.0,0.4,0.5976930028288246,-2.8189745722972284e-07,0.39999577951312426,"{'table_obstacle': {'pos': [0.3825981920028062, 0.37518922255766707, 0.1646257963690813], 'size': [0.049837904948193595, 0.0813235869879147, 0.05243307039854257]}, 'pillar_obstacle': {'pos': [0.39994824830915515, -0.3824307480766307, 0.23470116647765446], 'size': [0.033663755439403885, 0.20172185302840845, 0.0]}, 'small_block': {'pos': [0.6140097595303955, -0.3535133918987863, 0.1097032402875184], 'size': [0.04461973939918376, 0.0849493067344041, 0.09534921802665242]}}"
6.038000000000351,0.5999980878898415,0.0,0.4,0.5977258148117618,-2.8842899641617165e-07,0.3999958359410948,"{'table_obstacle': {'pos': [0.3825981920028062, 0.37518922255766707, 0.1646257963690813], 'size': [0.049837904948193595, 0.0813235869879147, 0.05243307039854257]}, 'pillar_obstacle': {'pos': [0.39994824830915515, -0.3824307480766307, 0.23470116647765446], 'size': [0.033663755439403885, 0.20172185302840845, 0.0]}, 'small_block': {'pos': [0.6140097595303955, -0.3535133918987863, 0.1097032402875184], 'size': [0.04461973939918376, 0.0849493067344041, 0.09534921802665242]}}"
6.039000000000351,0.5999980878898415,0.0,0.4,0.5977581602467854,-2.94722976279128e-07,0.39999589182853124,"{'table_obstacle': {'pos': [0.3825981920028062, 0.37518922255766707, 0.1646257963690813], 'size': [0.049837904948193595, 0.0813235869879147, 0.05243307039854257]}, 'pillar_obstacle': {'pos': [0.39994824830915515, -0.3824307480766307, 0.23470116647765446], 'size': [0.033663755439403885, 0.20172185302840845, 0.0]}, 'small_block': {'pos': [0.6140097595303955, -0.3535133918987863, 0.1097032402875184], 'size': [0.04461973939918376, 0.0849493067344041, 0.09534921802665242]}}"
6.040000000000352,0.5999980878898415,0.0,0.4,0.597790045752974,-3.00784671338966e-07,0.3999959471734021,"{'table_obstacle': {'pos': [0.3825981920028062, 0.37518922255766707, 0.1646257963690813], 'size': [0.049837904948193595, 0.0813235869879147, 0.05243307039854257]}, 'pillar_obstacle': {'pos': [0.39994824830915515, -0.3824307480766307, 0.23470116647765446], 'size': [0.033663755439403885, 0.20172185302840845, 0.0]}, 'small_block': {'pos': [0.6140097595303955, -0.3535133918987863, 0.1097032402875184], 'size': [0.04461973939918376, 0.0849493067344041, 0.09534921802665242]}}"
6.041000000000352,0.5999980878898415,0.0,0.4,0.5978214778560079,-3.0661926465177783e-07,0.39999600197402974,"{'table_obstacle': {'pos': [0.3825981920028062, 0.37518922255766707, 0.1646257963690813], 'size': [0.049837904948193595, 0.0813235869879147, 0.05243307039854257]}, 'pillar_obstacle': {'pos': [0.39994824830915515, -0.3824307480766307, 0.23470116647765446], 'size': [0.033663755439403885, 0.20172185302840845, 0.0]}, 'small_block': {'pos': [0.6140097595303955, -0.3535133918987863, 0.1097032402875184], 'size': [0.04461973939918376, 0.0849493067344041, 0.09534921802665242]}}"
6.042000000000352,0.5999980878898415,0.0,0.4,0.5978524629894516,-3.1223184731246205e-07,0.39999605622907275,"{'table_obstacle': {'pos': [0.3825981920028062, 0.37518922255766707, 0.1646257963690813], 'size': [0.049837904948193595, 0.0813235869879147, 0.05243307039854257]}, 'pillar_obstacle': {'pos': [0.39994824830915515, -0.3824307480766307, 0.23470116647765446], 'size': [0.033663755439403885, 0.20172185302840845, 0.0]}, 'small_block': {'pos': [0.6140097595303955, -0.3535133918987863, 0.1097032402875184], 'size': [0.04461973939918376, 0.0849493067344041, 0.09534921802665242]}}"
6.043000000000353,0.5999980878898415,0.0,0.4,0.5978830074960239,-3.176274203223825e-07,0.3999961099375077,"{'table_obstacle': {'pos': [0.3825981920028062, 0.37518922255766707, 0.1646257963690813], 'size': [0.049837904948193595, 0.0813235869879147, 0.05243307039854257]}, 'pillar_obstacle': {'pos': [0.39994824830915515, -0.3824307480766307, 0.23470116647765446], 'size': [0.033663755439403885, 0.20172185302840845, 0.0]}, 'small_block': {'pos': [0.6140097595303955, -0.3535133918987863, 0.1097032402875184], 'size': [0.04461973939918376, 0.0849493067344041, 0.09534921802665242]}}"
6.044000000000353,0.5999980878898415,0.0,0.4,0.597913117628854,-3.228108932686064e-07,0.399996163098613,"{'table_obstacle': {'pos': [0.3825981920028062, 0.37518922255766707, 0.1646257963690813], 'size': [0.049837904948193595, 0.0813235869879147, 0.05243307039854257]}, 'pillar_obstacle': {'pos': [0.39994824830915515, -0.3824307480766307, 0.23470116647765446], 'size': [0.033663755439403885, 0.20172185302840845, 0.0]}, 'small_block': {'pos': [0.6140097595303955, -0.3535133918987863, 0.1097032402875184], 'size': [0.04461973939918376, 0.0849493067344041, 0.09534921802665242]}}"
6.045000000000353,0.5999980878898415,0.0,0.4,0.5979427995527256,-3.27787086910164e-07,0.39999621571195537,"{'table_obstacle': {'pos': [0.3825981920028062, 0.37518922255766707, 0.1646257963690813], 'size': [0.049837904948193595, 0.0813235869879147, 0.05243307039854257]}, 'pillar_obstacle': {'pos': [0.39994824830915515, -0.3824307480766307, 0.23470116647765446], 'size': [0.033663755439403885, 0.20172185302840845, 0.0]}, 'small_block': {'pos': [0.6140097595303955, -0.3535133918987863, 0.1097032402875184], 'size': [0.04461973939918376, 0.0849493067344041, 0.09534921802665242]}}"
6.046000000000354,0.5999980878898415,0.0,0.4,0.5979720593453034,-3.325607334205249e-07,0.3999962677773737,"{'table_obstacle': {'pos': [0.3825981920028062, 0.37518922255766707, 0.1646257963690813], 'size': [0.049837904948193595, 0.0813235869879147, 0.05243307039854257]}, 'pillar_obstacle': {'pos': [0.39994824830915515, -0.3824307480766307, 0.23470116647765446], 'size': [0.033663755439403885, 0.20172185302840845, 0.0]}, 'small_block': {'pos': [0.6140097595303955, -0.3535133918987863, 0.1097032402875184], 'size': [0.04461973939918376, 0.0849493067344041, 0.09534921802665242]}}"
6.047000000000354,0.6039980078945006,0.0,0.4,0.5980009029983472,-3.371364768855017e-07,0.3999963192949674,"{'table_obstacle': {'pos': [0.3825981920028062, 0.37518922255766707, 0.1646257963690813], 'size': [0.049837904948193595, 0.0813235869879147, 0.05243307039854257]}, 'pillar_obstacle': {'pos': [0.39994824830915515, -0.3824307480766307, 0.23470116647765446], 'size': [0.033663755439403885, 0.20172185302840845, 0.0]}, 'small_block': {'pos': [0.6140097595303955, -0.3535133918987863, 0.1097032402875184], 'size': [0.04461973939918376, 0.0849493067344041, 0.09534921802665242]}}"
6.048000000000354,0.6039980078945006,0.0,0.4,0.5980399810963188,-2.9784990588059706e-07,0.3999961769067428,"{'table_obstacle': {'pos': [0.3825981920028062, 0.37518922255766707, 0.1646257963690813], 'size': [0.049837904948193595, 0.0813235869879147, 0.05243307039854257]}, 'pillar_obstacle': {'pos': [0.39994824830915515, -0.3824307480766307, 0.23470116647765446], 'size': [0.033663755439403885, 0.20172185302840845, 0.0]}, 'small_block': {'pos': [0.6140097595303955, -0.3535133918987863, 0.1097032402875184], 'size': [0.04461973939918376, 0.0849493067344041, 0.09534921802665242]}}"
6.049000000000355,0.6039980078945006,0.0,0.4,0.5980871538866804,-2.3247450860533957e-07,0.3999959152310669,"{'table_obstacle': {'pos': [0.3825981920028062, 0.37518922255766707, 0.1646257963690813], 'size': [0.049837904948193595, 0.0813235869879147, 0.05243307039854257]}, 'pillar_obstacle': {'pos': [0.39994824830915515, -0.3824307480766307, 0.23470116647765446], 'size': [0.033663755439403885, 0.20172185302840845, 0.0]}, 'small_block': {'pos': [0.6140097595303955, -0.3535133918987863, 0.1097032402875184], 'size': [0.04461973939918376, 0.0849493067344041, 0.09534921802665242]}}"
6.050000000000355,0.6039980078945006,0.0,0.4,0.5981406851368055,-1.5358853488052811e-07,0.3999955873339255,"{'table_obstacle': {'pos': [0.3825981920028062, 0.37518922255766707, 0.1646257963690813], 'size': [0.049837904948193595, 0.0813235869879147, 0.05243307039854257]}, 'pillar_obstacle': {'pos': [0.39994824830915515, -0.3824307480766307, 0.23470116647765446], 'size': [0.033663755439403885, 0.20172185302840845, 0.0]}, 'small_block': {'pos': [0.6140097595303955, -0.3535133918987863, 0.1097032402875184], 'size': [0.04461973939918376, 0.0849493067344041, 0.09534921802665242]}}"
6.051000000000355,0.6039980078945006,0.0,0.4,0.5981991668457004,-6.99085849648343e-08,0.3999952303179313,"{'table_obstacle': {'pos': [0.3825981920028062, 0.37518922255766707, 0.1646257963690813], 'size': [0.049837904948193595, 0.0813235869879147, 0.05243307039854257]}, 'pillar_obstacle': {'pos': [0.39994824830915515, -0.3824307480766307, 0.23470116647765446], 'size': [0.033663755439403885, 0.20172185302840845, 0.0]}, 'small_block': {'pos': [0.6140097595303955, -0.3535133918987863, 0.1097032402875184], 'size': [0.04461973939918376, 0.0849493067344041, 0.09534921802665242]}}"
6.052000000000356,0.6039980078945006,0.0,0.4,0.5982614578976587,1.269676128691292e-08,0.39999486952992225,"{'table_obstacle': {'pos': [0.3825981920028062, 0.37518922255766707, 0.1646257963690813], 'size': [0.049837904948193595, 0.0813235869879147, 0.05243307039854257]}, 'pillar_obstacle': {'pos': [0.39994824830915515, -0.3824307480766307, 0.23470116647765446], 'size': [0.033663755439403885, 0.20172185302840845, 0.0]}, 'small_block': {'pos': [0.6140097595303955, -0.3535133918987863, 0.1097032402875184], 'size': [0.04461973939918376, 0.0849493067344041, 0.09534921802665242]}}"
6.053000000000356,0.6039980078945006,0.0,0.4,0.5983266341111386,9.043943394484045e-08,0.3999945217231633,"{'table_obstacle': {'pos': [0.3825981920028062, 0.37518922255766707, 0.1646257963690813], 'size': [0.049837904948193595, 0.0813235869879147, 0.05243307039854257]}, 'pillar_obstacle': {'pos': [0.39994824830915515, -0.3824307480766307, 0.23470116647765446], 'size': [0.033663755439403885, 0.20172185302840845, 0.0]}, 'small_block': {'pos': [0.6140097595303955, -0.3535133918987863, 0.1097032402875184], 'size': [0.04461973939918376, 0.0849493067344041, 0.09534921802665242]}}"
6.054000000000356,0.6039980078945006,0.0,0.4,0.5983939475889999,1.610333170622841e-07,0.3999941974278349,"{'table_obstacle': {'pos': [0.3825981920028062, 0.37518922255766707, 0.1646257963690813], 'size': [0.049837904948193595, 0.0813235869879147, 0.05243307039854257]}, 'pillar_obstacle': {'pos': [0.39994824830915515, -0.3824307480766307, 0.23470116647765446], 'size': [0.033663755439403885, 0.20172185302840845, 0.0]}, 'small_block': {'pos': [0.6140097595303955, -0.3535133918987863, 0.1097032402875184], 'size': [0.04461973939918376, 0.0849493067344041, 0.09534921802665242]}}"
6.055000000000357,0.6039980078945006,0.0,0.4,0.5984627936529309,2.2326043956253613e-07,0.39999390272186747,"{'table_obstacle': {'pos': [0.3825981920028062, 0.37518922255766707, 0.1646257963690813], 'size': [0.049837904948193595, 0.0813235869879147, 0.05243307039854257]}, 'pillar_obstacle': {'pos': [0.39994824830915515, -0.3824307480766307, 0.23470116647765446], 'size': [0.033663755439403885, 0.20172185302840845, 0.0]}, 'small_block': {'pos': [0.6140097595303955, -0.3535133918987863, 0.1097032402875184], 'size': [0.04461973939918376, 0.0849493067344041, 0.09534921802665242]}}"
6.056000000000357,0.6039980078945006,0.0,0.4,0.5985326839566697,2.7664773698782637e-07,0.39999364054787223,"{'table_obstacle': {'pos': [0.3825981920028062, 0.37518922255766707, 0.1646257963690813], 'size': [0.049837904948193595, 0.0813235869879147, 0.05243307039854257]}, 'pillar_obstacle': {'pos': [0.39994824830915515, -0.3824307480766307, 0.23470116647765446], 'size': [0.033663755439403885, 0.20172185302840845, 0.0]}, 'small_block': {'pos': [0.6140097595303955, -0.3535133918987863, 0.1097032402875184], 'size': [0.04461973939918376, 0.0849493067344041, 0.09534921802665242]}}"
6.057000000000357,0.6039980078945006,0.0,0.4,0.5986032246296374,3.2122800578498835e-07,0.39999341168692387,"{'table_obstacle': {'pos': [0.3825981920028062, 0.37518922255766707, 0.1646257963690813], 'size': [0.049837904948193595, 0.0813235869879147, 0.05243307039854257]}, 'pillar_obstacle': {'pos': [0.39994824830915515, -0.3824307480766307, 0.23470116647765446], 'size': [0.033663755439403885, 0.20172185302840845, 0.0]}, 'small_block': {'pos': [0.6140097595303955, -0.3535133918987863, 0.1097032402875184], 'size': [0.04461973939918376, 0.0849493067344041, 0.09534921802665242]}}"
6.058000000000358,0.6039980078945006,0.0,0.4,0.5986740985138335,3.573647259159535e-07,0.3999932154734552,"{'table_obstacle': {'pos': [0.3825981920028062, 0.37518922255766707, 0.1646257963690813], 'size': [0.049837904948193595, 0.0813235869879147, 0.05243307039854257]}, 'pillar_obstacle': {'pos': [0.39994824830915515, -0.3824307480766307, 0.23470116647765446], 'size': [0.033663755439403885, 0.20172185302840845, 0.0]}, 'small_block': {'pos': [0.6140097595303955, -0.3535133918987863, 0.1097032402875184], 'size': [0.04461973939918376, 0.0849493067344041, 0.09534921802665242]}}"
6.059000000000358,0.6039980078945006,0.0,0.4,0.5987450507299793,3.8562511264142417e-07,0.3999930503153629,"{'table_obstacle': {'pos': [0.3825981920028062, 0.37518922255766707, 0.1646257963690813], 'size': [0.049837904948193595, 0.0813235869879147, 0.05243307039854257]}, 'pillar_obstacle': {'pos': [0.39994824830915515, -0.3824307480766307, 0.23470116647765446], 'size': [0.033663755439403885, 0.20172185302840845, 0.0]}, 'small_block': {'pos': [0.6140097595303955, -0.3535133918987863, 0.1097032402875184], 'size': [0.04461973939918376, 0.0849493067344041, 0.09534921802665242]}}"
6.060000000000358,0.6039980078945006,0.0,0.4,0.5988158769505878,4.0668940879738794e-07,0.3999929140680855,"{'table_obstacle': {'pos': [0.3825981920028062, 0.37518922255766707, 0.1646257963690813], 'size': [0.049837904948193595, 0.0813235869879147, 0.05243307039854257]}, 'pillar_obstacle': {'pos': [0.39994824830915515, -0.3824307480766307, 0.23470116647765446], 'size': [0.033663755439403885, 0.20172185302840845, 0.0]}, 'small_block': {'pos': [0.6140097595303955, -0.3535133918987863, 0.1097032402875184], 'size': [0.04461973939918376, 0.0849493067344041, 0.09534921802665242]}}"
6.061000000000359,0.6039980078945006,0.0,0.4,0.5988864138733545,4.212872371459187e-07,0.3999928042996998,"{'table_obstacle': {'pos': [0.3825981920028062, 0.37518922255766707, 0.1646257963690813], 'size': [0.049837904948193595, 0.0813235869879147, 0.05243307039854257]}, 'pillar_obstacle': {'pos': [0.39994824830915515, -0.3824307480766307, 0.23470116647765446], 'size': [0.033663755439403885, 0.20172185302840845, 0.0]}, 'small_block': {'pos': [0.6140097595303955, -0.3535133918987863, 0.1097032402875184], 'size': [0.04461973939918376, 0.0849493067344041, 0.09534921802665242]}}"
6.062000000000359,0.6039980078945006,0.0,0.4,0.5989565314827109,4.3015401413079044e-07,0.3999927184751468,"{'table_obstacle': {'pos': [0.3825981920028062, 0.37518922255766707, 0.1646257963690813], 'size': [0.049837904948193595, 0.0813235869879147, 0.05243307039854257]}, 'pillar_obstacle': {'pos': [0.39994824830915515, -0.3824307480766307, 0.23470116647765446], 'size': [0.033663755439403885, 0.20172185302840845, 0.0]}, 'small_block': {'pos': [0.6140097595303955, -0.3535133918987863, 0.1097032402875184], 'size': [0.04461973939918376, 0.0849493067344041, 0.09534921802665242]}}"
6.063000000000359,0.6039980078945006,0.0,0.4,0.5990261267643249,4.3400211225628965e-07,0.3999926540808556,"{'table_obstacle': {'pos': [0.3825981920028062, 0.37518922255766707, 0.1646257963690813], 'size': [0.049837904948193595, 0.0813235869879147, 0.05243307039854257]}, 'pillar_obstacle': {'pos': [0.39994824830915515, -0.3824307480766307, 0.23470116647765446], 'size': [0.033663755439403885, 0.20172185302840845, 0.0]}, 'small_block': {'pos': [0.6140097595303955, -0.3535133918987863, 0.1097032402875184], 'size': [0.04461973939918376, 0.0849493067344041, 0.09534921802665242]}}"
6.06400000000036,0.6039980078945006,0.0,0.4,0.5990951186000432,4.3350274253081925e-07,0.3999926087058326,"{'table_obstacle': {'pos': [0.3825981920028062, 0.37518922255766707, 0.1646257963690813], 'size': [0.049837904948193595, 0.0813235869879147, 0.05243307039854257]}, 'pillar_obstacle': {'pos': [0.39994824830915515, -0.3824307480766307, 0.23470116647765446], 'size': [0.033663755439403885, 0.20172185302840845, 0.0]}, 'small_block': {'pos': [0.6140097595303955, -0.3535133918987863, 0.1097032402875184], 'size': [0.04461973939918376, 0.0849493067344041, 0.09534921802665242]}}"
6.06500000000036,0.6039980078945006,0.0,0.4,0.5991634436217644,4.29275537176192e-07,0.39999258009128325,"{'table_obstacle': {'pos': [0.3825981920028062, 0.37518922255766707, 0.1646257963690813], 'size': [0.049837904948193595, 0.0813235869879147, 0.05243307039854257]}, 'pillar_obstacle': {'pos': [0.39994824830915515, -0.3824307480766307, 0.23470116647765446], 'size': [0.033663755439403885, 0.20172185302840845, 0.0]}, 'small_block': {'pos': [0.6140097595303955, -0.3535133918987863, 0.1097032402875184], 'size': [0.04461973939918376, 0.0849493067344041, 0.09534921802665242]}}"
6.06600000000036,0.6039980078945006,0.0,0.4,0.5992310528442559,4.218835593719621e-07,0.3999925661578118,"{'table_obstacle': {'pos': [0.3825981920028062, 0.37518922255766707, 0.1646257963690813], 'size': [0.049837904948193595, 0.0813235869879147, 0.05243307039854257]}, 'pillar_obstacle': {'pos': [0.39994824830915515, -0.3824307480766307, 0.23470116647765446], 'size': [0.033663755439403885, 0.20172185302840845, 0.0]}, 'small_block': {'pos': [0.6140097595303955, -0.3535133918987863, 0.1097032402875184], 'size': [0.04461973939918376, 0.0849493067344041, 0.09534921802665242]}}"
6.067000000000361,0.6039980078945006,0.0,0.4,0.5992979089306718,4.1183206356807913e-07,0.3999925650169246,"{'table_obstacle': {'pos': [0.3825981920028062, 0.37518922255766707, 0.1646257963690813], 'size': [0.049837904948193595, 0.0813235869879147, 0.05243307039854257]}, 'pillar_obstacle': {'pos': [0.39994824830915515, -0.3824307480766307, 0.23470116647765446], 'size': [0.033663755439403885, 0.20172185302840845, 0.0]}, 'small_block': {'pos': [0.6140097595303955, -0.3535133918987863, 0.1097032402875184], 'size': [0.04461973939918376, 0.0849493067344041, 0.09534921802665242]}}"
6.068000000000361,0.6039980078945006,0.0,0.4,0.599363983971961,3.9956976157294844e-07,0.3999925749718168,"{'table_obstacle': {'pos': [0.3825981920028062, 0.37518922255766707, 0.1646257963690813], 'size': [0.049837904948193595, 0.0813235869879147, 0.05243307039854257]}, 'pillar_obstacle': {'pos': [0.39994824830915515, -0.3824307480766307, 0.23470116647765446], 'size': [0.033663755439403885, 0.20172185302840845, 0.0]}, 'small_block': {'pos': [0.6140097595303955, -0.3535133918987863, 0.1097032402875184], 'size': [0.04461973939918376, 0.0849493067344041, 0.09534921802665242]}}"
6.069000000000361,0.6039980078945006,0.0,0.4,0.5994292576836655,3.8549169053690764e-07,0.3999925945110873,"{'table_obstacle': {'pos': [0.3825981920028062, 0.37518922255766707, 0.1646257963690813], 'size': [0.049837904948193595, 0.0813235869879147, 0.05243307039854257]}, 'pillar_obstacle': {'pos': [0.39994824830915515, -0.3824307480766307, 0.23470116647765446], 'size': [0.033663755439403885, 0.20172185302840845, 0.0]}, 'small_block': {'pos': [0.6140097595303955, -0.3535133918987863, 0.1097032402875184], 'size': [0.04461973939918376, 0.0849493067344041, 0.09534921802665242]}}"
6.070000000000362,0.6039980078945006,0.0,0.4,0.5994937159417157,3.699430320100115e-07,0.3999926222980348,"{'table_obstacle': {'pos': [0.3825981920028062, 0.37518922255766707, 0.1646257963690813], 'size': [0.049837904948193595, 0.0813235869879147, 0.05243307039854257]}, 'pillar_obstacle': {'pos': [0.39994824830915515, -0.3824307480766307, 0.23470116647765446], 'size': [0.033663755439403885, 0.20172185302840845, 0.0]}, 'small_block': {'pos': [0.6140097595303955, -0.3535133918987863, 0.1097032402875184], 'size': [0.04461973939918376, 0.0849493067344041, 0.09534921802665242]}}"
6.071000000000362,0.6039980078945006,0.0,0.4,0.5995573495935518,3.532234155404075e-07,0.3999926571574265,"{'table_obstacle': {'pos': [0.3825981920028062, 0.37518922255766707, 0.1646257963690813], 'size': [0.049837904948193595, 0.0813235869879147, 0.05243307039854257]}, 'pillar_obstacle': {'pos': [0.39994824830915515, -0.3824307480766307, 0.23470116647765446], 'size': [0.033663755439403885, 0.20172185302840845, 0.0]}, 'small_block': {'pos': [0.6140097595303955, -0.3535133918987863, 0.1097032402875184], 'size': [0.04461973939918376, 0.0849493067344041, 0.09534921802665242]}}"
6.072000000000362,0.6039980078945006,0.0,0.4,0.5996201534928669,3.3559138944912436e-07,0.39999269806108356,"{'table_obstacle': {'pos': [0.3825981920028062, 0.37518922255766707, 0.1646257963690813], 'size': [0.049837904948193595, 0.0813235869879147, 0.05243307039854257]}, 'pillar_obstacle': {'pos': [0.39994824830915515, -0.3824307480766307, 0.23470116647765446], 'size': [0.033663755439403885, 0.20172185302840845, 0.0]}, 'small_block': {'pos': [0.6140097595303955, -0.3535133918987863, 0.1097032402875184], 'size': [0.04461973939918376, 0.0849493067344041, 0.09534921802665242]}}"
6.073000000000363,0.6039980078945006,0.0,0.4,0.5996821257159705,3.172688395587912e-07,0.39999274411319435,"{'table_obstacle': {'pos': [0.3825981920028062, 0.37518922255766707, 0.1646257963690813], 'size': [0.049837904948193595, 0.0813235869879147, 0.05243307039854257]}, 'pillar_obstacle': {'pos': [0.39994824830915515, -0.3824307480766307, 0.23470116647765446], 'size': [0.033663755439403885, 0.20172185302840845, 0.0]}, 'small_block': {'pos': [0.6140097595303955, -0.3535133918987863, 0.1097032402875184], 'size': [0.04461973939918376, 0.0849493067344041, 0.09534921802665242]}}"
6.074000000000363,0.6039980078945006,0.0,0.4,0.5997432669256592,2.9844521483013827e-07,0.39999279453598013,"{'table_obstacle': {'pos': [0.3825981920028062, 0.37518922255766707, 0.1646257963690813], 'size': [0.049837904948193595, 0.0813235869879147, 0.05243307039854257]}, 'pillar_obstacle': {'pos': [0.39994824830915515, -0.3824307480766307, 0.23470116647765446], 'size': [0.033663755439403885, 0.20172185302840845, 0.0]}, 'small_block': {'pos': [0.6140097595303955, -0.3535133918987863, 0.1097032402875184], 'size': [0.04461973939918376, 0.0849493067344041, 0.09534921802665242]}}"
6.075000000000363,0.6039980078945006,0.0,0.4,0.5998035798549002,2.792814740628187e-07,0.39999284865609547,"{'table_obstacle': {'pos': [0.3825981920028062, 0.37518922255766707, 0.1646257963690813], 'size': [0.049837904948193595, 0.0813235869879147, 0.05243307039854257]}, 'pillar_obstacle': {'pos': [0.39994824830915515, -0.3824307480766307, 0.23470116647765446], 'size': [0.033663755439403885, 0.20172185302840845, 0.0]}, 'small_block': {'pos': [0.6140097595303955, -0.3535133918987863, 0.1097032402875184], 'size': [0.04461973939918376, 0.0849493067344041, 0.09534921802665242]}}"
6.076000000000364,0.6039980078945006,0.0,0.4,0.5998630688878219,2.599137094465705e-07,0.3999929058920014,"{'table_obstacle': {'pos': [0.3825981920028062, 0.37518922255766707, 0.1646257963690813], 'size': [0.049837904948193595, 0.0813235869879147, 0.05243307039854257]}, 'pillar_obstacle': {'pos': [0.39994824830915515, -0.3824307480766307, 0.23470116647765446], 'size': [0.033663755439403885, 0.20172185302840845, 0.0]}, 'small_block': {'pos': [0.6140097595303955, -0.3535133918987863, 0.1097032402875184], 'size': [0.04461973939918376, 0.0849493067344041, 0.09534921802665242]}}"
6.077000000000364,0.6039980078945006,0.0,0.4,0.5999217397197397,2.404564255302569e-07,0.39999296574242554,"{'table_obstacle': {'pos': [0.3825981920028062, 0.37518922255766707, 0.1646257963690813], 'size': [0.049837904948193595, 0.0813235869879147, 0.05243307039854257]}, 'pillar_obstacle': {'pos': [0.39994824830915515, -0.3824307480766307, 0.23470116647765446], 'size': [0.033663755439403885, 0.20172185302840845, 0.0]}, 'small_block': {'pos': [0.6140097595303955, -0.3535133918987863, 0.1097032402875184], 'size': [0.04461973939918376, 0.0849493067344041, 0.09534921802665242]}}"
6.0780000000003644,0.6039980078945006,0.0,0.4,0.5999795990813799,2.2100547416305375e-07,0.39999302777594586,"{'table_obstacle': {'pos': [0.3825981920028062, 0.37518922255766707, 0.1646257963690813], 'size': [0.049837904948193595, 0.0813235869879147, 0.05243307039854257]}, 'pillar_obstacle': {'pos': [0.39994824830915515, -0.3824307480766307, 0.23470116647765446], 'size': [0.033663755439403885, 0.20172185302840845, 0.0]}, 'small_block': {'pos': [0.6140097595303955, -0.3535133918987863, 0.1097032402875184], 'size': [0.04461973939918376, 0.0849493067344041, 0.09534921802665242]}}"
6.079000000000365,0.6039980078945006,0.0,0.4,0.600036654515242,2.0164066108568894e-07,0.3999930916216876,"{'table_obstacle': {'pos': [0.3825981920028062, 0.37518922255766707, 0.1646257963690813], 'size': [0.049837904948193595, 0.0813235869879147, 0.05243307039854257]}, 'pillar_obstacle': {'pos': [0.39994824830915515, -0.3824307480766307, 0.23470116647765446], 'size': [0.033663755439403885, 0.20172185302840845, 0.0]}, 'small_block': {'pos': [0.6140097595303955, -0.3535133918987863, 0.1097032402875184], 'size': [0.04461973939918376, 0.0849493067344041, 0.09534921802665242]}}"
6.080000000000365,0.6039980078945006,0.0,0.4,0.600092914194316,1.824280374184896e-07,0.3999931569610801,"{'table_obstacle': {'pos': [0.3825981920028062, 0.37518922255766707, 0.1646257963690813], 'size': [0.049837904948193595, 0.0813235869879147, 0.05243307039854257]}, 'pillar_obstacle': {'pos': [0.39994824830915515, -0.3824307480766307, 0.23470116647765446], 'size': [0.033663755439403885, 0.20172185302840845, 0.0]}, 'small_block': {'pos': [0.6140097595303955, -0.3535133918987863, 0.1097032402875184], 'size': [0.04461973939918376, 0.0849493067344041, 0.09534921802665242]}}"
6.0810000000003654,0.6039980078945006,0.0,0.4,0.6001483867751926,1.6342190758509044e-07,0.399993223520605,"{'table_obstacle': {'pos': [0.3825981920028062, 0.37518922255766707, 0.1646257963690813], 'size': [0.049837904948193595, 0.0813235869879147, 0.05243307039854257]}, 'pillar_obstacle': {'pos': [0.39994824830915515, -0.3824307480766307, 0.23470116647765446], 'size': [0.033663755439403885, 0.20172185302840845, 0.0]}, 'small_block': {'pos': [0.6140097595303955, -0.3535133918987863, 0.1097032402875184], 'size': [0.04461973939918376, 0.0849493067344041, 0.09534921802665242]}}"
6.082000000000366,0.6039980078945006,0.0,0.4,0.6002030812791157,1.4466657466502277e-07,0.3999932910654539,"{'table_obstacle': {'pos': [0.3825981920028062, 0.37518922255766707, 0.1646257963690813], 'size': [0.049837904948193595, 0.0813235869879147, 0.05243307039854257]}, 'pillar_obstacle': {'pos': [0.39994824830915515, -0.3824307480766307, 0.23470116647765446], 'size': [0.033663755439403885, 0.20172185302840845, 0.0]}, 'small_block': {'pos': [0.6140097595303955, -0.3535133918987863, 0.1097032402875184], 'size': [0.04461973939918376, 0.0849493067344041, 0.09534921802665242]}}"
6.083000000000366,0.6039980078945006,0.0,0.4,0.6002570069957313,1.261978525545961e-07,0.3999933593940088,"{'table_obstacle': {'pos': [0.3825981920028062, 0.37518922255766707, 0.1646257963690813], 'size': [0.049837904948193595, 0.0813235869879147, 0.05243307039854257]}, 'pillar_obstacle': {'pos': [0.39994824830915515, -0.3824307480766307, 0.23470116647765446], 'size': [0.033663755439403885, 0.20172185302840845, 0.0]}, 'small_block': {'pos': [0.6140097595303955, -0.3535133918987863, 0.1097032402875184], 'size': [0.04461973939918376, 0.0849493067344041, 0.09534921802665242]}}"
6.0840000000003664,0.6039980078945006,0.0,0.4,0.6003101734052597,1.0804437084041476e-07,0.3999934283330602,"{'table_obstacle': {'pos': [0.3825981920028062, 0.37518922255766707, 0.1646257963690813], 'size': [0.049837904948193595, 0.0813235869879147, 0.05243307039854257]}, 'pillar_obstacle': {'pos': [0.39994824830915515, -0.3824307480766307, 0.23470116647765446], 'size': [0.033663755439403885, 0.20172185302840845, 0.0]}, 'small_block': {'pos': [0.6140097595303955, -0.3535133918987863, 0.1097032402875184], 'size': [0.04461973939918376, 0.0849493067344041, 0.09534921802665242]}}"
6.085000000000367,0.6039980078945006,0.0,0.4,0.600362590115644,9.02286941341578e-08,0.39999349773368026,"{'table_obstacle': {'pos': [0.3825981920028062, 0.37518922255766707, 0.1646257963690813], 'size': [0.049837904948193595, 0.0813235869879147, 0.05243307039854257]}, 'pillar_obstacle': {'pos': [0.39994824830915515, -0.3824307480766307, 0.23470116647765446], 'size': [0.033663755439403885, 0.20172185302840845, 0.0]}, 'small_block': {'pos': [0.6140097595303955, -0.3535133918987863, 0.1097032402875184], 'size': [0.04461973939918376, 0.0849493067344041, 0.09534921802665242]}}"
6.086000000000367,0.6039980078945006,0.0,0.4,0.6004142668118507,7.276828119689153e-08,0.3999935674676723,"{'table_obstacle': {'pos': [0.3825981920028062, 0.37518922255766707, 0.1646257963690813], 'size': [0.049837904948193595, 0.0813235869879147, 0.05243307039854257]}, 'pillar_obstacle': {'pos': [0.39994824830915515, -0.3824307480766307, 0.23470116647765446], 'size': [0.033663755439403885, 0.20172185302840845, 0.0]}, 'small_block': {'pos': [0.6140097595303955, -0.3535133918987863, 0.1097032402875184], 'size': [0.04461973939918376, 0.0849493067344041, 0.09534921802665242]}}"
6.0870000000003675,0.6039980078945006,0.0,0.4,0.6004652132150465,5.567630512792749e-08,0.39999363742452426,"{'table_obstacle': {'pos': [0.3825981920028062, 0.37518922255766707, 0.1646257963690813], 'size': [0.049837904948193595, 0.0813235869879147, 0.05243307039854257]}, 'pillar_obstacle': {'pos': [0.39994824830915515, -0.3824307480766307, 0.23470116647765446], 'size': [0.033663755439403885, 0.20172185302840845, 0.0]}, 'small_block': {'pos': [0.6140097595303955, -0.3535133918987863, 0.1097032402875184], 'size': [0.04461973939918376, 0.0849493067344041, 0.09534921802665242]}}"
6.088000000000368,0.6039980078945006,0.0,0.4,0.6005154390497878,3.896235065658672e-08,0.3999937075088035,"{'table_obstacle': {'pos': [0.3825981920028062, 0.37518922255766707, 0.1646257963690813], 'size': [0.049837904948193595, 0.0813235869879147, 0.05243307039854257]}, 'pillar_obstacle': {'pos': [0.39994824830915515, -0.3824307480766307, 0.23470116647765446], 'size': [0.033663755439403885, 0.20172185302840845, 0.0]}, 'small_block': {'pos': [0.6140097595303955, -0.3535133918987863, 0.1097032402875184], 'size': [0.04461973939918376, 0.0849493067344041, 0.09534921802665242]}}"
6.089000000000368,0.6039980078945006,0.0,0.4,0.6005649540177223,2.263300553342692e-08,0.3999937776379326,"{'table_obstacle': {'pos': [0.3825981920028062, 0.37518922255766707, 0.1646257963690813], 'size': [0.049837904948193595, 0.0813235869879147, 0.05243307039854257]}, 'pillar_obstacle': {'pos': [0.39994824830915515, -0.3824307480766307, 0.23470116647765446], 'size': [0.033663755439403885, 0.20172185302840845, 0.0]}, 'small_block': {'pos': [0.6140097595303955, -0.3535133918987863, 0.1097032402875184], 'size': [0.04461973939918376, 0.0849493067344041, 0.09534921802665242]}}"
6.0900000000003685,0.6039980078945006,0.0,0.4,0.600613767776573,6.692363809139472e-09,0.3999938477402943,"{'table_obstacle': {'pos': [0.3825981920028062, 0.37518922255766707, 0.1646257963690813], 'size': [0.049837904948193595, 0.0813235869879147, 0.05243307039854257]}, 'pillar_obstacle': {'pos': [0.39994824830915515, -0.3824307480766307, 0.23470116647765446], 'size': [0.033663755439403885, 0.20172185302840845, 0.0]}, 'small_block': {'pos': [0.6140097595303955, -0.3535133918987863, 0.1097032402875184], 'size': [0.04461973939918376, 0.0849493067344041, 0.09534921802665242]}}"
6.091000000000369,0.6039980078945006,0.0,0.4,0.6006618899234095,-8.857550562588895e-09,0.39999391775361876,"{'table_obstacle': {'pos': [0.3825981920028062, 0.37518922255766707, 0.1646257963690813], 'size': [0.049837904948193595, 0.0813235869879147, 0.05243307039854257]}, 'pillar_obstacle': {'pos': [0.39994824830915515, -0.3824307480766307, 0.23470116647765446], 'size': [0.033663755439403885, 0.20172185302840845, 0.0]}, 'small_block': {'pos': [0.6140097595303955, -0.3535133918987863, 0.1097032402875184], 'size': [0.04461973939918376, 0.0849493067344041, 0.09534921802665242]}}"
6.092000000000369,0.6039980078945006,0.0,0.4,0.6007093299814037,-2.4016424730923617e-08,0.3999939876236152,"{'table_obstacle': {'pos': [0.3825981920028062, 0.37518922255766707, 0.1646257963690813], 'size': [0.049837904948193595, 0.0813235869879147, 0.05243307039854257]}, 'pillar_obstacle': {'pos': [0.39994824830915515, -0.3824307480766307, 0.23470116647765446], 'size': [0.033663755439403885, 0.20172185302840845, 0.0]}, 'small_block': {'pos': [0.6140097595303955, -0.3535133918987863, 0.1097032402875184], 'size': [0.04461973939918376, 0.0849493067344041, 0.09534921802665242]}}"
6.0930000000003695,0.6039980078945006,0.0,0.4,0.6007560973894045,-3.8785354930595884e-08,0.39999405730281107,"{'table_obstacle': {'pos': [0.3825981920028062, 0.37518922255766707, 0.1646257963690813], 'size': [0.049837904948193595, 0.0813235869879147, 0.05243307039854257]}, 'pillar_obstacle': {'pos': [0.39994824830915515, -0.3824307480766307, 0.23470116647765446], 'size': [0.033663755439403885, 0.20172185302840845, 0.0]}, 'small_block': {'pos': [0.6140097595303955, -0.3535133918987863, 0.1097032402875184], 'size': [0.04461973939918376, 0.0849493067344041, 0.09534921802665242]}}"
6.09400000000037,0.6039980078945006,0.0,0.4,0.6008022014938061,-5.316659351808871e-08,0.39999412674956725,"{'table_obstacle': {'pos': [0.3825981920028062, 0.37518922255766707, 0.1646257963690813], 'size': [0.049837904948193595, 0.0813235869879147, 0.05243307039854257]}, 'pillar_obstacle': {'pos': [0.39994824830915515, -0.3824307480766307, 0.23470116647765446], 'size': [0.033663755439403885, 0.20172185302840845, 0.0]}, 'small_block': {'pos': [0.6140097595303955, -0.3535133918987863, 0.1097032402875184], 'size': [0.04461973939918376, 0.0849493067344041, 0.09534921802665242]}}"
6.09500000000037,0.6039980078945006,0.0,0.4,0.6008476515422693,-6.716333509459148e-08,0.39999419592724533,"{'table_obstacle': {'pos': [0.3825981920028062, 0.37518922255766707, 0.1646257963690813], 'size': [0.049837904948193595, 0.0813235869879147, 0.05243307039854257]}, 'pillar_obstacle': {'pos': [0.39994824830915515, -0.3824307480766307, 0.23470116647765446], 'size': [0.033663755439403885, 0.20172185302840845, 0.0]}, 'small_block': {'pos': [0.6140097595303955, -0.3535133918987863, 0.1097032402875184], 'size': [0.04461973939918376, 0.0849493067344041, 0.09534921802665242]}}"
6.0960000000003705,0.6039980078945006,0.0,0.4,0.6008924566789503,-8.07795377869166e-08,0.3999942648035034,"{'table_obstacle': {'pos': [0.3825981920028062, 0.37518922255766707, 0.1646257963690813], 'size': [0.049837904948193595, 0.0813235869879147, 0.05243307039854257]}, 'pillar_obstacle': {'pos': [0.39994824830915515, -0.3824307480766307, 0.23470116647765446], 'size': [0.033663755439403885, 0.20172185302840845, 0.0]}, 'small_block': {'pos': [0.6140097595303955, -0.3535133918987863, 0.1097032402875184], 'size': [0.04461973939918376, 0.0849493067344041, 0.09534921802665242]}}"
6.097000000000371,0.6039980078945006,0.0,0.4,0.600936625940945,-9.401977434595391e-08,0.39999433334969875,"{'table_obstacle': {'pos': [0.3825981920028062, 0.37518922255766707, 0.1646257963690813], 'size': [0.049837904948193595, 0.0813235869879147, 0.05243307039854257]}, 'pillar_obstacle': {'pos': [0.39994824830915515, -0.3824307480766307, 0.23470116647765446], 'size': [0.033663755439403885, 0.20172185302840845, 0.0]}, 'small_block': {'pos': [0.6140097595303955, -0.3535133918987863, 0.1097032402875184], 'size': [0.04461973939918376, 0.0849493067344041, 0.09534921802665242]}}"
6.098000000000371,0.6039980078945006,0.0,0.4,0.6009801682557177,-1.068891064962622e-07,0.39999440154038435,"{'table_obstacle': {'pos': [0.3825981920028062, 0.37518922255766707, 0.1646257963690813], 'size': [0.049837904948193595, 0.0813235869879147, 0.05243307039854257]}, 'pillar_obstacle': {'pos': [0.39994824830915515, -0.3824307480766307, 0.23470116647765446], 'size': [0.033663755439403885, 0.20172185302840845, 0.0]}, 'small_block': {'pos': [0.6140097595303955, -0.3535133918987863, 0.1097032402875184], 'size': [0.04461973939918376, 0.0849493067344041, 0.09534921802665242]}}"
6.0990000000003715,0.6039980078945006,0.0,0.4,0.601023092439331,-1.193929815242223e-07,0.39999446935288235,"{'table_obstacle': {'pos': [0.3825981920028062, 0.37518922255766707, 0.1646257963690813], 'size': [0.049837904948193595, 0.0813235869879147, 0.05243307039854257]}, 'pillar_obstacle': {'pos': [0.39994824830915515, -0.3824307480766307, 0.23470116647765446], 'size': [0.033663755439403885, 0.20172185302840845, 0.0]}, 'small_block': {'pos': [0.6140097595303955, -0.3535133918987863, 0.1097032402875184], 'size': [0.04461973939918376, 0.0849493067344041, 0.09534921802665242]}}"
6.100000000000372,0.6039980078945006,0.0,0.4,0.6010654071953133,-1.3153714516481614e-07,0.39999453676692365,"{'table_obstacle': {'pos': [0.3825981920028062, 0.37518922255766707, 0.1646257963690813], 'size': [0.049837904948193595, 0.0813235869879147, 0.05243307039854257]}, 'pillar_obstacle': {'pos': [0.39994824830915515, -0.3824307480766307, 0.23470116647765446], 'size': [0.033663755439403885, 0.20172185302840845, 0.0]}, 'small_block': {'pos': [0.6140097595303955, -0.3535133918987863, 0.1097032402875184], 'size': [0.04461973939918376, 0.0849493067344041, 0.09534921802665242]}}"
6.101000000000372,0.6039980078945006,0.0,0.4,0.6011071211140477,-1.4332756881449846e-07,0.39999460376434165,"{'table_obstacle': {'pos': [0.3825981920028062, 0.37518922255766707, 0.1646257963690813], 'size': [0.049837904948193595, 0.0813235869879147, 0.05243307039854257]}, 'pillar_obstacle': {'pos': [0.39994824830915515, -0.3824307480766307, 0.23470116647765446], 'size': [0.033663755439403885, 0.20172185302840845, 0.0]}, 'small_block': {'pos': [0.6140097595303955, -0.3535133918987863, 0.1097032402875184], 'size': [0.04461973939918376, 0.0849493067344041, 0.09534921802665242]}}"
6.1020000000003725,0.6039980078945006,0.0,0.4,0.6011482426725784,-1.5477039115316591e-07,0.3999946703288141,"{'table_obstacle': {'pos': [0.3825981920028062, 0.37518922255766707, 0.1646257963690813], 'size': [0.049837904948193595, 0.0813235869879147, 0.05243307039854257]}, 'pillar_obstacle': {'pos': [0.39994824830915515, -0.3824307480766307, 0.23470116647765446], 'size': [0.033663755439403885, 0.20172185302840845, 0.0]}, 'small_block': {'pos': [0.6140097595303955, -0.3535133918987863, 0.1097032402875184], 'size': [0.04461973939918376, 0.0849493067344041, 0.09534921802665242]}}"
6.103000000000373,0.6039980078945006,0.0,0.4,0.6011887802347491,-1.6587186723540873e-07,0.39999473644564404,"{'table_obstacle': {'pos': [0.3825981920028062, 0.37518922255766707, 0.1646257963690813], 'size': [0.049837904948193595, 0.0813235869879147, 0.05243307039854257]}, 'pillar_obstacle': {'pos': [0.39994824830915515, -0.3824307480766307, 0.23470116647765446], 'size': [0.033663755439403885, 0.20172185302840845, 0.0]}, 'small_block': {'pos': [0.6140097595303955, -0.3535133918987863, 0.1097032402875184], 'size': [0.04461973939918376, 0.0849493067344041, 0.09534921802665242]}}"
6.104000000000373,0.6039980078945006,0.0,0.4,0.6012287420516135,-1.766383284374022e-07,0.39999480210157295,"{'table_obstacle': {'pos': [0.3825981920028062, 0.37518922255766707, 0.1646257963690813], 'size': [0.049837904948193595, 0.0813235869879147, 0.05243307039854257]}, 'pillar_obstacle': {'pos': [0.39994824830915515, -0.3824307480766307, 0.23470116647765446], 'size': [0.033663755439403885, 0.20172185302840845, 0.0]}, 'small_block': {'pos': [0.6140097595303955, -0.3535133918987863, 0.1097032402875184], 'size': [0.04461973939918376, 0.0849493067344041, 0.09534921802665242]}}"
6.1050000000003735,0.6039980078945006,0.0,0.4,0.6012681362620562,-1.8707614808360544e-07,0.39999486728462175,"{'table_obstacle': {'pos': [0.3825981920028062, 0.37518922255766707, 0.1646257963690813], 'size': [0.049837904948193595, 0.0813235869879147, 0.05243307039854257]}, 'pillar_obstacle': {'pos': [0.39994824830915515, -0.3824307480766307, 0.23470116647765446], 'size': [0.033663755439403885, 0.20172185302840845, 0.0]}, 'small_block': {'pos': [0.6140097595303955, -0.3535133918987863, 0.1097032402875184], 'size': [0.04461973939918376, 0.0849493067344041, 0.09534921802665242]}}"
6.106000000000374,0.6039980078945006,0.0,0.4,0.6013069708935865,-1.9719171387820294e-07,0.399994931983956,"{'table_obstacle': {'pos': [0.3825981920028062, 0.37518922255766707, 0.1646257963690813], 'size': [0.049837904948193595, 0.0813235869879147, 0.05243307039854257]}, 'pillar_obstacle': {'pos': [0.39994824830915515, -0.3824307480766307, 0.23470116647765446], 'size': [0.033663755439403885, 0.20172185302840845, 0.0]}, 'small_block': {'pos': [0.6140097595303955, -0.3535133918987863, 0.1097032402875184], 'size': [0.04461973939918376, 0.0849493067344041, 0.09534921802665242]}}"
6.107000000000374,0.6039980078945006,0.0,0.4,0.6013452538632633,-2.0699140521038887e-07,0.3999949961897709,"{'table_obstacle': {'pos': [0.3825981920028062, 0.37518922255766707, 0.1646257963690813], 'size': [0.049837904948193595, 0.0813235869879147, 0.05243307039854257]}, 'pillar_obstacle': {'pos': [0.39994824830915515, -0.3824307480766307, 0.23470116647765446], 'size': [0.033663755439403885, 0.20172185302840845, 0.0]}, 'small_block': {'pos': [0.6140097595303955, -0.3535133918987863, 0.1097032402875184], 'size': [0.04461973939918376, 0.0849493067344041, 0.09534921802665242]}}"
6.1080000000003745,0.6039980078945006,0.0,0.4,0.6013829929787279,-2.164815747578023e-07,0.39999505989319023,"{'table_obstacle': {'pos': [0.3825981920028062, 0.37518922255766707, 0.1646257963690813], 'size': [0.049837904948193595, 0.0813235869879147, 0.05243307039854257]}, 'pillar_obstacle': {'pos': [0.39994824830915515, -0.3824307480766307, 0.23470116647765446], 'size': [0.033663755439403885, 0.20172185302840845, 0.0]}, 'small_block': {'pos': [0.6140097595303955, -0.3535133918987863, 0.1097032402875184], 'size': [0.04461973939918376, 0.0849493067344041, 0.09534921802665242]}}"
6.109000000000375,0.6039980078945006,0.0,0.4,0.6014201959393165,-2.256685330739016e-07,0.3999951230861825,"{'table_obstacle': {'pos': [0.3825981920028062, 0.37518922255766707, 0.1646257963690813], 'size': [0.049837904948193595, 0.0813235869879147, 0.05243307039854257]}, 'pillar_obstacle': {'pos': [0.39994824830915515, -0.3824307480766307, 0.23470116647765446], 'size': [0.033663755439403885, 0.20172185302840845, 0.0]}, 'small_block': {'pos': [0.6140097595303955, -0.3535133918987863, 0.1097032402875184], 'size': [0.04461973939918376, 0.0849493067344041, 0.09534921802665242]}}"
6.110000000000375,0.6039980078945006,0.0,0.4,0.6014568703372366,-2.3455853668519567e-07,0.399995185761487,"{'table_obstacle': {'pos': [0.3825981920028062, 0.37518922255766707, 0.1646257963690813], 'size': [0.049837904948193595, 0.0813235869879147, 0.05243307039854257]}, 'pillar_obstacle': {'pos': [0.39994824830915515, -0.3824307480766307, 0.23470116647765446], 'size': [0.033663755439403885, 0.20172185302840845, 0.0]}, 'small_block': {'pos': [0.6140097595303955, -0.3535133918987863, 0.1097032402875184], 'size': [0.04461973939918376, 0.0849493067344041, 0.09534921802665242]}}"
6.1110000000003755,0.6039980078945006,0.0,0.4,0.6014930236587903,-2.4315777765500205e-07,0.39999524791254937,"{'table_obstacle': {'pos': [0.3825981920028062, 0.37518922255766707, 0.1646257963690813], 'size': [0.049837904948193595, 0.0813235869879147, 0.05243307039854257]}, 'pillar_obstacle': {'pos': [0.39994824830915515, -0.3824307480766307, 0.23470116647765446], 'size': [0.033663755439403885, 0.20172185302840845, 0.0]}, 'small_block': {'pos': [0.6140097595303955, -0.3535133918987863, 0.1097032402875184], 'size': [0.04461973939918376, 0.0849493067344041, 0.09534921802665242]}}"
6.112000000000376,0.6039980078945006,0.0,0.4,0.6015286632856314,-2.5147237645076966e-07,0.39999530953346585,"{'table_obstacle': {'pos': [0.3825981920028062, 0.37518922255766707, 0.1646257963690813], 'size': [0.049837904948193595, 0.0813235869879147, 0.05243307039854257]}, 'pillar_obstacle': {'pos': [0.39994824830915515, -0.3824307480766307, 0.23470116647765446], 'size': [0.033663755439403885, 0.20172185302840845, 0.0]}, 'small_block': {'pos': [0.6140097595303955, -0.3535133918987863, 0.1097032402875184], 'size': [0.04461973939918376, 0.0849493067344041, 0.09534921802665242]}}"
6.113000000000376,0.6039980078945006,0.0,0.4,0.6015637964960481,-2.5950837597178196e-07,0.39999537061893453,"{'table_obstacle': {'pos': [0.3825981920028062, 0.37518922255766707, 0.1646257963690813], 'size': [0.049837904948193595, 0.0813235869879147, 0.05243307039854257]}, 'pillar_obstacle': {'pos': [0.39994824830915515, -0.3824307480766307, 0.23470116647765446], 'size': [0.033663755439403885, 0.20172185302840845, 0.0]}, 'small_block': {'pos': [0.6140097595303955, -0.3535133918987863, 0.1097032402875184], 'size': [0.04461973939918376, 0.0849493067344041, 0.09534921802665242]}}"
6.1140000000003765,0.6039980078945006,0.0,0.4,0.6015984304662615,-2.672717351212576e-07,0.39999543116421316,"{'table_obstacle': {'pos': [0.3825981920028062, 0.37518922255766707, 0.1646257963690813], 'size': [0.049837904948193595, 0.0813235869879147, 0.05243307039854257]}, 'pillar_obstacle': {'pos': [0.39994824830915515, -0.3824307480766307, 0.23470116647765446], 'size': [0.033663755439403885, 0.20172185302840845, 0.0]}, 'small_block': {'pos': [0.6140097595303955, -0.3535133918987863, 0.1097032402875184], 'size': [0.04461973939918376, 0.0849493067344041, 0.09534921802665242]}}"
6.115000000000377,0.6039980078945006,0.0,0.4,0.6016325722717336,-2.747683276549502e-07,0.39999549116507976,"{'table_obstacle': {'pos': [0.3825981920028062, 0.37518922255766707, 0.1646257963690813], 'size': [0.049837904948193595, 0.0813235869879147, 0.05243307039854257]}, 'pillar_obstacle': {'pos': [0.39994824830915515, -0.3824307480766307, 0.23470116647765446], 'size': [0.033663755439403885, 0.20172185302840845, 0.0]}, 'small_block': {'pos': [0.6140097595303955, -0.3535133918987863, 0.1097032402875184], 'size': [0.04461973939918376, 0.0849493067344041, 0.09534921802665242]}}"
6.116000000000377,0.6039980078945006,0.0,0.4,0.6016662288884816,-2.8200393724640453e-07,0.3999955506177998,"{'table_obstacle': {'pos': [0.3825981920028062, 0.37518922255766707, 0.1646257963690813], 'size': [0.049837904948193595, 0.0813235869879147, 0.05243307039854257]}, 'pillar_obstacle': {'pos': [0.39994824830915515, -0.3824307480766307, 0.23470116647765446], 'size': [0.033663755439403885, 0.20172185302840845, 0.0]}, 'small_block': {'pos': [0.6140097595303955, -0.3535133918987863, 0.1097032402875184], 'size': [0.04461973939918376, 0.0849493067344041, 0.09534921802665242]}}"
6.1170000000003775,0.6039980078945006,0.0,0.4,0.601699407194389,-2.8898425650310233e-07,0.3999956095190952,"{'table_obstacle': {'pos': [0.3825981920028062, 0.37518922255766707, 0.1646257963690813], 'size': [0.049837904948193595, 0.0813235869879147, 0.05243307039854257]}, 'pillar_obstacle': {'pos': [0.39994824830915515, -0.3824307480766307, 0.23470116647765446], 'size': [0.033663755439403885, 0.20172185302840845, 0.0]}, 'small_block': {'pos': [0.6140097595303955, -0.3535133918987863, 0.1097032402875184], 'size': [0.04461973939918376, 0.0849493067344041, 0.09534921802665242]}}"
6.118000000000378,0.6039980078945006,0.0,0.4,0.6017321139705166,-2.9571488543018795e-07,0.39999566786611795,"{'table_obstacle': {'pos': [0.3825981920028062, 0.37518922255766707, 0.1646257963690813], 'size': [0.049837904948193595, 0.0813235869879147, 0.05243307039854257]}, 'pillar_obstacle': {'pos': [0.39994824830915515, -0.3824307480766307, 0.23470116647765446], 'size': [0.033663755439403885, 0.20172185302840845, 0.0]}, 'small_block': {'pos': [0.6140097595303955, -0.3535133918987863, 0.1097032402875184], 'size': [0.04461973939918376, 0.0849493067344041, 0.09534921802665242]}}"
6.119000000000378,0.6039980078945006,0.0,0.4,0.601764355902406,-3.022013309409743e-07,0.3999957256564242,"{'table_obstacle': {'pos': [0.3825981920028062, 0.37518922255766707, 0.1646257963690813], 'size': [0.049837904948193595, 0.0813235869879147, 0.05243307039854257]}, 'pillar_obstacle': {'pos': [0.39994824830915515, -0.3824307480766307, 0.23470116647765446], 'size': [0.033663755439403885, 0.20172185302840845, 0.0]}, 'small_block': {'pos': [0.6140097595303955, -0.3535133918987863, 0.1097032402875184], 'size': [0.04461973939918376, 0.0849493067344041, 0.09534921802665242]}}"
6.1200000000003785,0.6039980078945006,0.0,0.4,0.6017961395813749,-3.084490056381857e-07,0.3999957828879526,"{'table_obstacle': {'pos': [0.3825981920028062, 0.37518922255766707, 0.1646257963690813], 'size': [0.049837904948193595, 0.0813235869879147, 0.05243307039854257]}, 'pillar_obstacle': {'pos': [0.39994824830915515, -0.3824307480766307, 0.23470116647765446], 'size': [0.033663755439403885, 0.20172185302840845, 0.0]}, 'small_block': {'pos': [0.6140097595303955, -0.3535133918987863, 0.1097032402875184], 'size': [0.04461973939918376, 0.0849493067344041, 0.09534921802665242]}}"
6.121000000000379,0.6039980078945006,0.0,0.4,0.6018274715058035,-3.1446322873436966e-07,0.3999958395590026,"{'table_obstacle': {'pos': [0.3825981920028062, 0.37518922255766707, 0.1646257963690813], 'size': [0.049837904948193595, 0.0813235869879147, 0.05243307039854257]}, 'pillar_obstacle': {'pos': [0.39994824830915515, -0.3824307480766307, 0.23470116647765446], 'size': [0.033663755439403885, 0.20172185302840845, 0.0]}, 'small_block': {'pos': [0.6140097595303955, -0.3535133918987863, 0.1097032402875184], 'size': [0.04461973939918376, 0.0849493067344041, 0.09534921802665242]}}"
6.122000000000379,0.6039980078945006,0.0,0.4,0.6018583580824088,-3.2024922565697286e-07,0.3999958956682169,"{'table_obstacle': {'pos': [0.3825981920028062, 0.37518922255766707, 0.1646257963690813], 'size': [0.049837904948193595, 0.0813235869879147, 0.05243307039854257]}, 'pillar_obstacle': {'pos': [0.39994824830915515, -0.3824307480766307, 0.23470116647765446], 'size': [0.033663755439403885, 0.20172185302840845, 0.0]}, 'small_block': {'pos': [0.6140097595303955, -0.3535133918987863, 0.1097032402875184], 'size': [0.04461973939918376, 0.0849493067344041, 0.09534921802665242]}}"
6.1230000000003795,0.6039980078945006,0.0,0.4,0.6018888056275058,-3.258121286447067e-07,0.39999595121456255,"{'table_obstacle': {'pos': [0.3825981920028062, 0.37518922255766707, 0.1646257963690813], 'size': [0.049837904948193595, 0.0813235869879147, 0.05243307039854257]}, 'pillar_obstacle': {'pos': [0.39994824830915515, -0.3824307480766307, 0.23470116647765446], 'size': [0.033663755439403885, 0.20172185302840845, 0.0]}, 'small_block': {'pos': [0.6140097595303955, -0.3535133918987863, 0.1097032402875184], 'size': [0.04461973939918376, 0.0849493067344041, 0.09534921802665242]}}"
6.12400000000038,0.6039980078945006,0.0,0.4,0.6019188203682571,-3.311569775439737e-07,0.39999600619731557,"{'table_obstacle': {'pos': [0.3825981920028062, 0.37518922255766707, 0.1646257963690813], 'size': [0.049837904948193595, 0.0813235869879147, 0.05243307039854257]}, 'pillar_obstacle': {'pos': [0.39994824830915515, -0.3824307480766307, 0.23470116647765446], 'size': [0.033663755439403885, 0.20172185302840845, 0.0]}, 'small_block': {'pos': [0.6140097595303955, -0.3535133918987863, 0.1097032402875184], 'size': [0.04461973939918376, 0.0849493067344041, 0.09534921802665242]}}"
6.12500000000038,0.6039980078945006,0.0,0.4,0.601948408443908,-3.3628872027222434e-07,0.39999606061604454,"{'table_obstacle': {'pos': [0.3825981920028062, 0.37518922255766707, 0.1646257963690813], 'size': [0.049837904948193595, 0.0813235869879147, 0.05243307039854257]}, 'pillar_obstacle': {'pos': [0.39994824830915515, -0.3824307480766307, 0.23470116647765446], 'size': [0.033663755439403885, 0.20172185302840845, 0.0]}, 'small_block': {'pos': [0.6140097595303955, -0.3535133918987863, 0.1097032402875184], 'size': [0.04461973939918376, 0.0849493067344041, 0.09534921802665242]}}"
6.1260000000003805,0.6079979209436347,0.0,0.4,0.6019775759070073,-3.412122145046298e-07,0.39999611447059713,"{'table_obstacle': {'pos': [0.3825981920028062, 0.37518922255766707, 0.1646257963690813], 'size': [0.049837904948193595, 0.0813235869879147, 0.05243307039854257]}, 'pillar_obstacle': {'pos': [0.39994824830915515, -0.3824307480766307, 0.23470116647765446], 'size': [0.033663755439403885, 0.20172185302840845, 0.0]}, 'small_block': {'pos': [0.6140097595303955, -0.3535133918987863, 0.1097032402875184], 'size': [0.04461973939918376, 0.0849493067344041, 0.09534921802665242]}}"
6.127000000000381,0.6079979209436347,0.0,0.4,0.6020169584649295,-3.0091000866510355e-07,0.39999596653038605,"{'table_obstacle': {'pos': [0.3825981920028062, 0.37518922255766707, 0.1646257963690813], 'size': [0.049837904948193595, 0.0813235869879147, 0.05243307039854257]}, 'pillar_obstacle': {'pos': [0.39994824830915515, -0.3824307480766307, 0.23470116647765446], 'size': [0.033663755439403885, 0.20172185302840845, 0.0]}, 'small_block': {'pos': [0.6140097595303955, -0.3535133918987863, 0.1097032402875184], 'size': [0.04461973939918376, 0.0849493067344041, 0.09534921802665242]}}"
6.128000000000381,0.6079979209436347,0.0,0.4,0.6020644211878649,-2.3369162431932368e-07,0.39999569440470867,"{'table_obstacle': {'pos': [0.3825981920028062, 0.37518922255766707, 0.1646257963690813], 'size': [0.049837904948193595, 0.0813235869879147, 0.05243307039854257]}, 'pillar_obstacle': {'pos': [0.39994824830915515, -0.3824307480766307, 0.23470116647765446], 'size': [0.033663755439403885, 0.20172185302840845, 0.0]}, 'small_block': {'pos': [0.6140097595303955, -0.3535133918987863, 0.1097032402875184], 'size': [0.04461973939918376, 0.0849493067344041, 0.09534921802665242]}}"
6.1290000000003815,0.6079979209436347,0.0,0.4,0.6021182313983006,-1.5251868754541356e-07,0.3999953532983934,"{'table_obstacle': {'pos': [0.3825981920028062, 0.37518922255766707, 0.1646257963690813], 'size': [0.049837904948193595, 0.0813235869879147, 0.05243307039854257]}, 'pillar_obstacle': {'pos': [0.39994824830915515, -0.3824307480766307, 0.23470116647765446], 'size': [0.033663755439403885, 0.20172185302840845, 0.0]}, 'small_block': {'pos': [0.6140097595303955, -0.3535133918987863, 0.1097032402875184], 'size': [0.04461973939918376, 0.0849493067344041, 0.09534921802665242]}}"
6.130000000000382,0.6079979209436347,0.0,0.4,0.602176983704682,-6.637674083242362e-08,0.39999498181808457,"{'table_obstacle': {'pos': [0.3825981920028062, 0.37518922255766707, 0.1646257963690813], 'size': [0.049837904948193595, 0.0813235869879147, 0.05243307039854257]}, 'pillar_obstacle': {'pos': [0.39994824830915515, -0.3824307480766307, 0.23470116647765446], 'size': [0.033663755439403885, 0.20172185302840845, 0.0]}, 'small_block': {'pos': [0.6140097595303955, -0.3535133918987863, 0.1097032402875184], 'size': [0.04461973939918376, 0.0849493067344041, 0.09534921802665242]}}"
6.131000000000382,0.6079979209436347,0.0,0.4,0.6022395388953494,1.8681870728960177e-08,0.3999946063446425,"{'table_obstacle': {'pos': [0.3825981920028062, 0.37518922255766707, 0.1646257963690813], 'size': [0.049837904948193595, 0.0813235869879147, 0.05243307039854257]}, 'pillar_obstacle': {'pos': [0.39994824830915515, -0.3824307480766307, 0.23470116647765446], 'size': [0.033663755439403885, 0.20172185302840845, 0.0]}, 'small_block': {'pos': [0.6140097595303955, -0.3535133918987863, 0.1097032402875184], 'size': [0.04461973939918376, 0.0849493067344041, 0.09534921802665242]}}"
6.1320000000003825,0.6079979209436347,0.0,0.4,0.6023049741672568,9.874816069243031e-08,0.3999942443200265,"{'table_obstacle': {'pos': [0.3825981920028062, 0.37518922255766707, 0.1646257963690813], 'size': [0.049837904948193595, 0.0813235869879147, 0.05243307039854257]}, 'pillar_obstacle': {'pos': [0.39994824830915515, -0.3824307480766307, 0.23470116647765446], 'size': [0.033663755439403885, 0.20172185302840845, 0.0]}, 'small_block': {'pos': [0.6140097595303955, -0.3535133918987863, 0.1097032402875184], 'size': [0.04461973939918376, 0.0849493067344041, 0.09534921802665242]}}"
6.133000000000383,0.6079979209436347,0.0,0.4,0.602372542611088,1.714609746031272e-07,0.3999939067117947,"{'table_obstacle': {'pos': [0.3825981920028062, 0.37518922255766707, 0.1646257963690813], 'size': [0.049837904948193595, 0.0813235869879147, 0.05243307039854257]}, 'pillar_obstacle': {'pos': [0.39994824830915515, -0.3824307480766307, 0.23470116647765446], 'size': [0.033663755439403885, 0.20172185302840845, 0.0]}, 'small_block': {'pos': [0.6140097595303955, -0.3535133918987863, 0.1097032402875184], 'size': [0.04461973939918376, 0.0849493067344041, 0.09534921802665242]}}"
6.134000000000383,0.6079979209436347,0.0,0.4,0.6024416402469628,2.3556034030382118e-07,0.3999935998545441,"{'table_obstacle': {'pos': [0.3825981920028062, 0.37518922255766707, 0.1646257963690813], 'size': [0.049837904948193595, 0.0813235869879147, 0.05243307039854257]}, 'pillar_obstacle': {'pos': [0.39994824830915515, -0.3824307480766307, 0.23470116647765446], 'size': [0.033663755439403885, 0.20172185302840845, 0.0]}, 'small_block': {'pos': [0.6140097595303955, -0.3535133918987863, 0.1097032402875184], 'size': [0.04461973939918376, 0.0849493067344041, 0.09534921802665242]}}"
6.1350000000003835,0.6079979209436347,0.0,0.4,0.6025117792137356,2.9055456978126896e-07,0.3999933268196012,"{'table_obstacle': {'pos': [0.3825981920028062, 0.37518922255766707, 0.1646257963690813], 'size': [0.049837904948193595, 0.0813235869879147, 0.05243307039854257]}, 'pillar_obstacle': {'pos': [0.39994824830915515, -0.3824307480766307, 0.23470116647765446], 'size': [0.033663755439403885, 0.20172185302840845, 0.0]}, 'small_block': {'pos': [0.6140097595303955, -0.3535133918987863, 0.1097032402875184], 'size': [0.04461973939918376, 0.0849493067344041, 0.09534921802665242]}}"
6.136000000000384,0.6079979209436347,0.0,0.4,0.6025825659697511,3.3647399631310995e-07,0.3999930884279993,"{'table_obstacle': {'pos': [0.3825981920028062, 0.37518922255766707, 0.1646257963690813], 'size': [0.049837904948193595, 0.0813235869879147, 0.05243307039854257]}, 'pillar_obstacle': {'pos': [0.39994824830915515, -0.3824307480766307, 0.23470116647765446], 'size': [0.033663755439403885, 0.20172185302840845, 0.0]}, 'small_block': {'pos': [0.6140097595303955, -0.3535133918987863, 0.1097032402875184], 'size': [0.04461973939918376, 0.0849493067344041, 0.09534921802665242]}}"
6.137000000000384,0.6079979209436347,0.0,0.4,0.6026536835725596,3.7369044540383495e-07,0.39999288399427313,"{'table_obstacle': {'pos': [0.3825981920028062, 0.37518922255766707, 0.1646257963690813], 'size': [0.049837904948193595, 0.0813235869879147, 0.05243307039854257]}, 'pillar_obstacle': {'pos': [0.39994824830915515, -0.3824307480766307, 0.23470116647765446], 'size': [0.033663755439403885, 0.20172185302840845, 0.0]}, 'small_block': {'pos': [0.6140097595303955, -0.3535133918987863, 0.1097032402875184], 'size': [0.04461973939918376, 0.0849493067344041, 0.09534921802665242]}}"
6.1380000000003845,0.6079979209436347,0.0,0.4,0.6027248772770893,4.027863639406133e-07,0.3999927118676851,"{'table_obstacle': {'pos': [0.3825981920028062, 0.37518922255766707, 0.1646257963690813], 'size': [0.049837904948193595, 0.0813235869879147, 0.05243307039854257]}, 'pillar_obstacle': {'pos': [0.39994824830915515, -0.3824307480766307, 0.23470116647765446], 'size': [0.033663755439403885, 0.20172185302840845, 0.0]}, 'small_block': {'pos': [0.6140097595303955, -0.3535133918987863, 0.1097032402875184], 'size': [0.04461973939918376, 0.0849493067344041, 0.09534921802665242]}}"
6.139000000000385,0.6079979209436347,0.0,0.4,0.6027959428325789,4.244612663640478e-07,0.3999925698215649,"{'table_obstacle': {'pos': [0.3825981920028062, 0.37518922255766707, 0.1646257963690813], 'size': [0.049837904948193595, 0.0813235869879147, 0.05243307039854257]}, 'pillar_obstacle': {'pos': [0.39994824830915515, -0.3824307480766307, 0.23470116647765446], 'size': [0.033663755439403885, 0.20172185302840845, 0.0]}, 'small_block': {'pos': [0.6140097595303955, -0.3535133918987863, 0.1097032402875184], 'size': [0.04461973939918376, 0.0849493067344041, 0.09534921802665242]}}"
6.140000000000385,0.6079979209436347,0.0,0.4,0.6028667169736704,4.3946605857361923e-07,0.399992455329278,"{'table_obstacle': {'pos': [0.3825981920028062, 0.37518922255766707, 0.1646257963690813], 'size': [0.049837904948193595, 0.0813235869879147, 0.05243307039854257]}, 'pillar_obstacle': {'pos': [0.39994824830915515, -0.3824307480766307, 0.23470116647765446], 'size': [0.033663755439403885, 0.20172185302840845, 0.0]}, 'small_block': {'pos': [0.6140097595303955, -0.3535133918987863, 0.1097032402875184], 'size': [0.04461973939918376, 0.0849493067344041, 0.09534921802665242]}}"
6.1410000000003855,0.6079979209436347,0.0,0.4,0.6029370696949992,4.4855803599663046e-07,0.39999236575604996,"{'table_obstacle': {'pos': [0.3825981920028062, 0.37518922255766707, 0.1646257963690813], 'size': [0.049837904948193595, 0.0813235869879147, 0.05243307039854257]}, 'pillar_obstacle': {'pos': [0.39994824830915515, -0.3824307480766307, 0.23470116647765446], 'size': [0.033663755439403885, 0.20172185302840845, 0.0]}, 'small_block': {'pos': [0.6140097595303955, -0.3535133918987863, 0.1097032402875184], 'size': [0.04461973939918376, 0.0849493067344041, 0.09534921802665242]}}"
6.142000000000386,0.6079979209436347,0.0,0.4,0.603006897975227,4.524710809566243e-07,0.39999229848877316,"{'table_obstacle': {'pos': [0.3825981920028062, 0.37518922255766707, 0.1646257963690813], 'size': [0.049837904948193595, 0.0813235869879147, 0.05243307039854257]}, 'pillar_obstacle': {'pos': [0.39994824830915515, -0.3824307480766307, 0.23470116647765446], 'size': [0.033663755439403885, 0.20172185302840845, 0.0]}, 'small_block': {'pos': [0.6140097595303955, -0.3535133918987863, 0.1097032402875184], 'size': [0.04461973939918376, 0.0849493067344041, 0.09534921802665242]}}"
6.143000000000386,0.6079979209436347,0.0,0.4,0.6030761206788707,4.5189692201123454e-07,0.399992251020499,"{'table_obstacle': {'pos': [0.3825981920028062, 0.37518922255766707, 0.1646257963690813], 'size': [0.049837904948193595, 0.0813235869879147, 0.05243307039854257]}, 'pillar_obstacle': {'pos': [0.39994824830915515, -0.3824307480766307, 0.23470116647765446], 'size': [0.033663755439403885, 0.20172185302840845, 0.0]}, 'small_block': {'pos': [0.6140097595303955, -0.3535133918987863, 0.1097032402875184], 'size': [0.04461973939918376, 0.0849493067344041, 0.09534921802665242]}}"
6.1440000000003865,0.6079979209436347,0.0,0.4,0.6031446744150862,4.4747433033336e-07,0.3999922210021769,"{'table_obstacle': {'pos': [0.3825981920028062, 0.37518922255766707, 0.1646257963690813], 'size': [0.049837904948193595, 0.0813235869879147, 0.05243307039854257]}, 'pillar_obstacle': {'pos': [0.39994824830915515, -0.3824307480766307, 0.23470116647765446], 'size': [0.033663755439403885, 0.20172185302840845, 0.0]}, 'small_block': {'pos': [0.6140097595303955, -0.3535133918987863, 0.1097032402875184], 'size': [0.04461973939918376, 0.0849493067344041, 0.09534921802665242]}}"
6.145000000000387,0.6079979209436347,0.0,0.4,0.6032125101739194,4.3978392573892717e-07,0.39999220627104737,"{'table_obstacle': {'pos': [0.3825981920028062, 0.37518922255766707, 0.1646257963690813], 'size': [0.049837904948193595, 0.0813235869879147, 0.05243307039854257]}, 'pillar_obstacle': {'pos': [0.39994824830915515, -0.3824307480766307, 0.23470116647765446], 'size': [0.033663755439403885, 0.20172185302840845, 0.0]}, 'small_block': {'pos': [0.6140097595303955, -0.3535133918987863, 0.1097032402875184], 'size': [0.04461973939918376, 0.0849493067344041, 0.09534921802665242]}}"
6.146000000000387,0.6079979209436347,0.0,0.4,0.6032795905941672,4.293468527335967e-07,0.3999922048626904,"{'table_obstacle': {'pos': [0.3825981920028062, 0.37518922255766707, 0.1646257963690813], 'size': [0.049837904948193595, 0.0813235869879147, 0.05243307039854257]}, 'pillar_obstacle': {'pos': [0.39994824830915515, -0.3824307480766307, 0.23470116647765446], 'size': [0.033663755439403885, 0.20172185302840845, 0.0]}, 'small_block': {'pos': [0.6140097595303955, -0.3535133918987863, 0.1097032402875184], 'size': [0.04461973939918376, 0.0849493067344041, 0.09534921802665242]}}"
6.1470000000003875,0.6079979209436347,0.0,0.4,0.603345887744321,4.166260483586453e-07,0.3999922150119067,"{'table_obstacle': {'pos': [0.3825981920028062, 0.37518922255766707, 0.1646257963690813], 'size': [0.049837904948193595, 0.0813235869879147, 0.05243307039854257]}, 'pillar_obstacle': {'pos': [0.39994824830915515, -0.3824307480766307, 0.23470116647765446], 'size': [0.033663755439403885, 0.20172185302840845, 0.0]}, 'small_block': {'pos': [0.6140097595303955, -0.3535133918987863, 0.1097032402875184], 'size': [0.04461973939918376, 0.0849493067344041, 0.09534921802665242]}}"
6.148000000000388,0.6079979209436347,0.0,0.4,0.6034113813203181,4.0202916988770187e-07,0.39999223514623405,"{'table_obstacle': {'pos': [0.3825981920028062, 0.37518922255766707, 0.1646257963690813], 'size': [0.049837904948193595, 0.0813235869879147, 0.05243307039854257]}, 'pillar_obstacle': {'pos': [0.39994824830915515, -0.3824307480766307, 0.23470116647765446], 'size': [0.033663755439403885, 0.20172185302840845, 0.0]}, 'small_block': {'pos': [0.6140097595303955, -0.3535133918987863, 0.1097032402875184], 'size': [0.04461973939918376, 0.0849493067344041, 0.09534921802665242]}}"
6.149000000000388,0.6079979209436347,0.0,0.4,0.6034760571818655,3.8591250651974686e-07,0.39999226387485187,"{'table_obstacle': {'pos': [0.3825981920028062, 0.37518922255766707, 0.1646257963690813], 'size': [0.049837904948193595, 0.0813235869879147, 0.05243307039854257]}, 'pillar_obstacle': {'pos': [0.39994824830915515, -0.3824307480766307, 0.23470116647765446], 'size': [0.033663755439403885, 0.20172185302840845, 0.0]}, 'small_block': {'pos': [0.6140097595303955, -0.3535133918987863, 0.1097032402875184], 'size': [0.04461973939918376, 0.0849493067344041, 0.09534921802665242]}}"
6.1500000000003885,0.6079979209436347,0.0,0.4,0.6035399061637967,3.6858539868360273e-07,0.3999922999748505,"{'table_obstacle': {'pos': [0.3825981920028062, 0.37518922255766707, 0.1646257963690813], 'size': [0.049837904948193595, 0.0813235869879147, 0.05243307039854257]}, 'pillar_obstacle': {'pos': [0.39994824830915515, -0.3824307480766307, 0.23470116647765446], 'size': [0.033663755439403885, 0.20172185302840845, 0.0]}, 'small_block': {'pos': [0.6140097595303955, -0.3535133918987863, 0.1097032402875184], 'size': [0.04461973939918376, 0.0849493067344041, 0.09534921802665242]}}"
6.151000000000389,0.6079979209436347,0.0,0.4,0.6036029231108407,3.503148333060264e-07,0.39999234237625825,"{'table_obstacle': {'pos': [0.3825981920028062, 0.37518922255766707, 0.1646257963690813], 'size': [0.049837904948193595, 0.0813235869879147, 0.05243307039854257]}, 'pillar_obstacle': {'pos': [0.39994824830915515, -0.3824307480766307, 0.23470116647765446], 'size': [0.033663755439403885, 0.20172185302840845, 0.0]}, 'small_block': {'pos': [0.6140097595303955, -0.3535133918987863, 0.1097032402875184], 'size': [0.04461973939918376, 0.0849493067344041, 0.09534921802665242]}}"
6.152000000000389,0.6079979209436347,0.0,0.4,0.6036651060938748,3.313299868932596e-07,0.3999923901467852,"{'table_obstacle': {'pos': [0.3825981920028062, 0.37518922255766707, 0.1646257963690813], 'size': [0.049837904948193595, 0.0813235869879147, 0.05243307039854257]}, 'pillar_obstacle': {'pos': [0.39994824830915515, -0.3824307480766307, 0.23470116647765446], 'size': [0.033663755439403885, 0.20172185302840845, 0.0]}, 'small_block': {'pos': [0.6140097595303955, -0.3535133918987863, 0.1097032402875184], 'size': [0.04461973939918376, 0.0849493067344041, 0.09534921802665242]}}"
6.1530000000003895,0.6079979209436347,0.0,0.4,0.6037264557735974,3.1182657665903867e-07,0.3999924424769219,"{'table_obstacle': {'pos': [0.3825981920028062, 0.37518922255766707, 0.1646257963690813], 'size': [0.049837904948193595, 0.0813235869879147, 0.05243307039854257]}, 'pillar_obstacle': {'pos': [0.39994824830915515, -0.3824307480766307, 0.23470116647765446], 'size': [0.033663755439403885, 0.20172185302840845, 0.0]}, 'small_block': {'pos': [0.6140097595303955, -0.3535133918987863, 0.1097032402875184], 'size': [0.04461973939918376, 0.0849493067344041, 0.09534921802665242]}}"
6.15400000000039,0.6079979209436347,0.0,0.4,0.6037869748839595,2.9197092369596023e-07,0.3999924986658046,"{'table_obstacle': {'pos': [0.3825981920028062, 0.37518922255766707, 0.1646257963690813], 'size': [0.049837904948193595, 0.0813235869879147, 0.05243307039854257]}, 'pillar_obstacle': {'pos': [0.39994824830915515, -0.3824307480766307, 0.23470116647765446], 'size': [0.033663755439403885, 0.20172185302840845, 0.0]}, 'small_block': {'pos': [0.6140097595303955, -0.3535133918987863, 0.1097032402875184], 'size': [0.04461973939918376, 0.0849493067344041, 0.09534921802665242]}}"
6.15500000000039,0.6079979209436347,0.0,0.4,0.60384666781288,2.719036851771666e-07,0.3999925581080855,"{'table_obstacle': {'pos': [0.3825981920028062, 0.37518922255766707, 0.1646257963690813], 'size': [0.049837904948193595, 0.0813235869879147, 0.05243307039854257]}, 'pillar_obstacle': {'pos': [0.39994824830915515, -0.3824307480766307, 0.23470116647765446], 'size': [0.033663755439403885, 0.20172185302840845, 0.0]}, 'small_block': {'pos': [0.6140097595303955, -0.3535133918987863, 0.1097032402875184], 'size': [0.04461973939918376, 0.0849493067344041, 0.09534921802665242]}}"
6.1560000000003905,0.6079979209436347,0.0,0.4,0.603905540261986,2.51743233877576e-07,0.39999262028193106,"{'table_obstacle': {'pos': [0.3825981920028062, 0.37518922255766707, 0.1646257963690813], 'size': [0.049837904948193595, 0.0813235869879147, 0.05243307039854257]}, 'pillar_obstacle': {'pos': [0.39994824830915515, -0.3824307480766307, 0.23470116647765446], 'size': [0.033663755439403885, 0.20172185302840845, 0.0]}, 'small_block': {'pos': [0.6140097595303955, -0.3535133918987863, 0.1097032402875184], 'size': [0.04461973939918376, 0.0849493067344041, 0.09534921802665242]}}"
6.157000000000391,0.6079979209436347,0.0,0.4,0.6039635989705568,2.3158868439329996e-07,0.39999268473819244,"{'table_obstacle': {'pos': [0.3825981920028062, 0.37518922255766707, 0.1646257963690813], 'size': [0.049837904948193595, 0.0813235869879147, 0.05243307039854257]}, 'pillar_obstacle': {'pos': [0.39994824830915515, -0.3824307480766307, 0.23470116647765446], 'size': [0.033663755439403885, 0.20172185302840845, 0.0]}, 'small_block': {'pos': [0.6140097595303955, -0.3535133918987863, 0.1097032402875184], 'size': [0.04461973939918376, 0.0849493067344041, 0.09534921802665242]}}"
6.158000000000391,0.6079979209436347,0.0,0.4,0.6040208514916187,2.1152257848635212e-07,0.39999275109072546,"{'table_obstacle': {'pos': [0.3825981920028062, 0.37518922255766707, 0.1646257963690813], 'size': [0.049837904948193595, 0.0813235869879147, 0.05243307039854257]}, 'pillar_obstacle': {'pos': [0.39994824830915515, -0.3824307480766307, 0.23470116647765446], 'size': [0.033663755439403885, 0.20172185302840845, 0.0]}, 'small_block': {'pos': [0.6140097595303955, -0.3535133918987863, 0.1097032402875184], 'size': [0.04461973939918376, 0.0849493067344041, 0.09534921802665242]}}"
6.1590000000003915,0.6079979209436347,0.0,0.4,0.6040773060104065,1.9161325075869206e-07,0.399992819007818,"{'table_obstacle': {'pos': [0.3825981920028062, 0.37518922255766707, 0.1646257963690813], 'size': [0.049837904948193595, 0.0813235869879147, 0.05243307039854257]}, 'pillar_obstacle': {'pos': [0.39994824830915515, -0.3824307480766307, 0.23470116647765446], 'size': [0.033663755439403885, 0.20172185302840845, 0.0]}, 'small_block': {'pos': [0.6140097595303955, -0.3535133918987863, 0.1097032402875184], 'size': [0.04461973939918376, 0.0849493067344041, 0.09534921802665242]}}"
6.160000000000392,0.6079979209436347,0.0,0.4,0.6041329711972484,1.719168995836986e-07,0.39999288820464507,"{'table_obstacle': {'pos': [0.3825981920028062, 0.37518922255766707, 0.1646257963690813], 'size': [0.049837904948193595, 0.0813235869879147, 0.05243307039854257]}, 'pillar_obstacle': {'pos': [0.39994824830915515, -0.3824307480766307, 0.23470116647765446], 'size': [0.033663755439403885, 0.20172185302840845, 0.0]}, 'small_block': {'pos': [0.6140097595303955, -0.3535133918987863, 0.1097032402875184], 'size': [0.04461973939918376, 0.0849493067344041, 0.09534921802665242]}}"
6.161000000000392,0.6079979209436347,0.0,0.4,0.6041878560884051,1.5247938771357295e-07,0.39999295843666927,"{'table_obstacle': {'pos': [0.3825981920028062, 0.37518922255766707, 0.1646257963690813], 'size': [0.049837904948193595, 0.0813235869879147, 0.05243307039854257]}, 'pillar_obstacle': {'pos': [0.39994824830915515, -0.3824307480766307, 0.23470116647765446], 'size': [0.033663755439403885, 0.20172185302840845, 0.0]}, 'small_block': {'pos': [0.6140097595303955, -0.3535133918987863, 0.1097032402875184], 'size': [0.04461973939918376, 0.0849493067344041, 0.09534921802665242]}}"
6.1620000000003925,0.6079979209436347,0.0,0.4,0.6042419699896281,1.3333780366327156e-07,0.39999302949389864,"{'table_obstacle': {'pos': [0.3825981920028062, 0.37518922255766707, 0.1646257963690813], 'size': [0.049837904948193595, 0.0813235869879147, 0.05243307039854257]}, 'pillar_obstacle': {'pos': [0.39994824830915515, -0.3824307480766307, 0.23470116647765446], 'size': [0.033663755439403885, 0.20172185302840845, 0.0]}, 'small_block': {'pos': [0.6140097595303955, -0.3535133918987863, 0.1097032402875184], 'size': [0.04461973939918376, 0.0849493067344041, 0.09534921802665242]}}"
6.163000000000393,0.6079979209436347,0.0,0.4,0.604295322398167,1.1452180816137763e-07,0.39999310119591136,"{'table_obstacle': {'pos': [0.3825981920028062, 0.37518922255766707, 0.1646257963690813], 'size': [0.049837904948193595, 0.0813235869879147, 0.05243307039854257]}, 'pillar_obstacle': {'pos': [0.39994824830915515, -0.3824307480766307, 0.23470116647765446], 'size': [0.033663755439403885, 0.20172185302840845, 0.0]}, 'small_block': {'pos': [0.6140097595303955, -0.3535133918987863, 0.1097032402875184], 'size': [0.04461973939918376, 0.0849493067344041, 0.09534921802665242]}}"
6.164000000000393,0.6079979209436347,0.0,0.4,0.6043479229397644,9.605479060702338e-08,0.3999931733875589,"{'table_obstacle': {'pos': [0.3825981920028062, 0.37518922255766707, 0.1646257963690813], 'size': [0.049837904948193595, 0.0813235869879147, 0.05243307039854257]}, 'pillar_obstacle': {'pos': [0.39994824830915515, -0.3824307480766307, 0.23470116647765446], 'size': [0.033663755439403885, 0.20172185302840845, 0.0]}, 'small_block': {'pos': [0.6140097595303955, -0.3535133918987863, 0.1097032402875184], 'size': [0.04461973939918376, 0.0849493067344041, 0.09534921802665242]}}"
6.1650000000003935,0.6079979209436347,0.0,0.4,0.6043997813178277,7.795485991756851e-08,0.3999932459352725,"{'table_obstacle': {'pos': [0.3825981920028062, 0.37518922255766707, 0.1646257963690813], 'size': [0.049837904948193595, 0.0813235869879147, 0.05243307039854257]}, 'pillar_obstacle': {'pos': [0.39994824830915515, -0.3824307480766307, 0.23470116647765446], 'size': [0.033663755439403885, 0.20172185302840845, 0.0]}, 'small_block': {'pos': [0.6140097595303955, -0.3535133918987863, 0.1097032402875184], 'size': [0.04461973939918376, 0.0849493067344041, 0.09534921802665242]}}"
6.166000000000394,0.6079979209436347,0.0,0.4,0.604450907272489,6.023569154876059e-08,0.39999331872389327,"{'table_obstacle': {'pos': [0.3825981920028062, 0.37518922255766707, 0.1646257963690813], 'size': [0.049837904948193595, 0.0813235869879147, 0.05243307039854257]}, 'pillar_obstacle': {'pos': [0.39994824830915515, -0.3824307480766307, 0.23470116647765446], 'size': [0.033663755439403885, 0.20172185302840845, 0.0]}, 'small_block': {'pos': [0.6140097595303955, -0.3535133918987863, 0.1097032402875184], 'size': [0.04461973939918376, 0.0849493067344041, 0.09534921802665242]}}"
6.167000000000394,0.6079979209436347,0.0,0.4,0.6045013105476954,4.2907247147275416e-08,0.39999339165395814,"{'table_obstacle': {'pos': [0.3825981920028062, 0.37518922255766707, 0.1646257963690813], 'size': [0.049837904948193595, 0.0813235869879147, 0.05243307039854257]}, 'pillar_obstacle': {'pos': [0.39994824830915515, -0.3824307480766307, 0.23470116647765446], 'size': [0.033663755439403885, 0.20172185302840845, 0.0]}, 'small_block': {'pos': [0.6140097595303955, -0.3535133918987863, 0.1097032402875184], 'size': [0.04461973939918376, 0.0849493067344041, 0.09534921802665242]}}"
6.1680000000003945,0.6079979209436347,0.0,0.4,0.604551000864822,2.5976387160959e-08,0.3999934646393873,"{'table_obstacle': {'pos': [0.3825981920028062, 0.37518922255766707, 0.1646257963690813], 'size': [0.049837904948193595, 0.0813235869879147, 0.05243307039854257]}, 'pillar_obstacle': {'pos': [0.39994824830915515, -0.3824307480766307, 0.23470116647765446], 'size': [0.033663755439403885, 0.20172185302840845, 0.0]}, 'small_block': {'pos': [0.6140097595303955, -0.3535133918987863, 0.1097032402875184], 'size': [0.04461973939918376, 0.0849493067344041, 0.09534921802665242]}}"
6.169000000000395,0.6079979209436347,0.0,0.4,0.6045999879015808,9.447390278227318e-09,0.39999353760550876,"{'table_obstacle': {'pos': [0.3825981920028062, 0.37518922255766707, 0.1646257963690813], 'size': [0.049837904948193595, 0.0813235869879147, 0.05243307039854257]}, 'pillar_obstacle': {'pos': [0.39994824830915515, -0.3824307480766307, 0.23470116647765446], 'size': [0.033663755439403885, 0.20172185302840845, 0.0]}, 'small_block': {'pos': [0.6140097595303955, -0.3535133918987863, 0.1097032402875184], 'size': [0.04461973939918376, 0.0849493067344041, 0.09534921802665242]}}"
6.170000000000395,0.6079979209436347,0.0,0.4,0.6046482812752286,-6.677608420551911e-09,0.39999361048738286,"{'table_obstacle': {'pos': [0.3825981920028062, 0.37518922255766707, 0.1646257963690813], 'size': [0.049837904948193595, 0.0813235869879147, 0.05243307039854257]}, 'pillar_obstacle': {'pos': [0.39994824830915515, -0.3824307480766307, 0.23470116647765446], 'size': [0.033663755439403885, 0.20172185302840845, 0.0]}, 'small_block': {'pos': [0.6140097595303955, -0.3535133918987863, 0.1097032402875184], 'size': [0.04461973939918376, 0.0849493067344041, 0.09534921802665242]}}"
6.1710000000003955,0.6079979209436347,0.0,0.4,0.6046958905292633,-2.2398245962985546e-08,0.3999936832283746,"{'table_obstacle': {'pos': [0.3825981920028062, 0.37518922255766707, 0.1646257963690813], 'size': [0.049837904948193595, 0.0813235869879147, 0.05243307039854257]}, 'pillar_obstacle': {'pos': [0.39994824830915515, -0.3824307480766307, 0.23470116647765446], 'size': [0.033663755439403885, 0.20172185302840845, 0.0]}, 'small_block': {'pos': [0.6140097595303955, -0.3535133918987863, 0.1097032402875184], 'size': [0.04461973939918376, 0.0849493067344041, 0.09534921802665242]}}"
6.172000000000396,0.6079979209436347,0.0,0.4,0.6047428251229546,-3.77156195952795e-08,0.3999937557789468,"{'table_obstacle': {'pos': [0.3825981920028062, 0.37518922255766707, 0.1646257963690813], 'size': [0.049837904948193595, 0.0813235869879147, 0.05243307039854257]}, 'pillar_obstacle': {'pos': [0.39994824830915515, -0.3824307480766307, 0.23470116647765446], 'size': [0.033663755439403885, 0.20172185302840845, 0.0]}, 'small_block': {'pos': [0.6140097595303955, -0.3535133918987863, 0.1097032402875184], 'size': [0.04461973939918376, 0.0849493067344041, 0.09534921802665242]}}"
6.173000000000396,0.6079979209436347,0.0,0.4,0.6047890944231676,-5.2632025362154405e-08,0.39999382809563505,"{'table_obstacle': {'pos': [0.3825981920028062, 0.37518922255766707, 0.1646257963690813], 'size': [0.049837904948193595, 0.0813235869879147, 0.05243307039854257]}, 'pillar_obstacle': {'pos': [0.39994824830915515, -0.3824307480766307, 0.23470116647765446], 'size': [0.033663755439403885, 0.20172185302840845, 0.0]}, 'small_block': {'pos': [0.6140097595303955, -0.3535133918987863, 0.1097032402875184], 'size': [0.04461973939918376, 0.0849493067344041, 0.09534921802665242]}}"
6.1740000000003965,0.6079979209436347,0.0,0.4,0.6048347076980526,-6.715073506588745e-08,0.39999390014017966,"{'table_obstacle': {'pos': [0.3825981920028062, 0.37518922255766707, 0.1646257963690813], 'size': [0.049837904948193595, 0.0813235869879147, 0.05243307039854257]}, 'pillar_obstacle': {'pos': [0.39994824830915515, -0.3824307480766307, 0.23470116647765446], 'size': [0.033663755439403885, 0.20172185302840845, 0.0]}, 'small_block': {'pos': [0.6140097595303955, -0.3535133918987863, 0.1097032402875184], 'size': [0.04461973939918376, 0.0849493067344041, 0.09534921802665242]}}"
6.175000000000397,0.6079979209436347,0.0,0.4,0.6048796741122403,-8.127581332926917e-08,0.39999397187879326,"{'table_obstacle': {'pos': [0.3825981920028062, 0.37518922255766707, 0.1646257963690813], 'size': [0.049837904948193595, 0.0813235869879147, 0.05243307039854257]}, 'pillar_obstacle': {'pos': [0.39994824830915515, -0.3824307480766307, 0.23470116647765446], 'size': [0.033663755439403885, 0.20172185302840845, 0.0]}, 'small_block': {'pos': [0.6140097595303955, -0.3535133918987863, 0.1097032402875184], 'size': [0.04461973939918376, 0.0849493067344041, 0.09534921802665242]}}"
6.176000000000397,0.6079979209436347,0.0,0.4,0.6049240027232645,-9.501196302206729e-08,0.3999940432815387,"{'table_obstacle': {'pos': [0.3825981920028062, 0.37518922255766707, 0.1646257963690813], 'size': [0.049837904948193595, 0.0813235869879147, 0.05243307039854257]}, 'pillar_obstacle': {'pos': [0.39994824830915515, -0.3824307480766307, 0.23470116647765446], 'size': [0.033663755439403885, 0.20172185302840845, 0.0]}, 'small_block': {'pos': [0.6140097595303955, -0.3535133918987863, 0.1097032402875184], 'size': [0.04461973939918376, 0.0849493067344041, 0.09534921802665242]}}"
6.1770000000003975,0.6079979209436347,0.0,0.4,0.6049677024789668,-1.083643936673034e-07,0.3999941143218047,"{'table_obstacle': {'pos': [0.3825981920028062, 0.37518922255766707, 0.1646257963690813], 'size': [0.049837904948193595, 0.0813235869879147, 0.05243307039854257]}, 'pillar_obstacle': {'pos': [0.39994824830915515, -0.3824307480766307, 0.23470116647765446], 'size': [0.033663755439403885, 0.20172185302840845, 0.0]}, 'small_block': {'pos': [0.6140097595303955, -0.3535133918987863, 0.1097032402875184], 'size': [0.04461973939918376, 0.0849493067344041, 0.09534921802665242]}}"
6.178000000000398,0.6079979209436347,0.0,0.4,0.6050107822157093,-1.2133871617377987e-07,0.39999418497586237,"{'table_obstacle': {'pos': [0.3825981920028062, 0.37518922255766707, 0.1646257963690813], 'size': [0.049837904948193595, 0.0813235869879147, 0.05243307039854257]}, 'pillar_obstacle': {'pos': [0.39994824830915515, -0.3824307480766307, 0.23470116647765446], 'size': [0.033663755439403885, 0.20172185302840845, 0.0]}, 'small_block': {'pos': [0.6140097595303955, -0.3535133918987863, 0.1097032402875184], 'size': [0.04461973939918376, 0.0849493067344041, 0.09534921802665242]}}"
6.179000000000398,0.6079979209436347,0.0,0.4,0.6050532506572264,-1.3394085175695058e-07,0.3999942552224891,"{'table_obstacle': {'pos': [0.3825981920028062, 0.37518922255766707, 0.1646257963690813], 'size': [0.049837904948193595, 0.0813235869879147, 0.05243307039854257]}, 'pillar_obstacle': {'pos': [0.39994824830915515, -0.3824307480766307, 0.23470116647765446], 'size': [0.033663755439403885, 0.20172185302840845, 0.0]}, 'small_block': {'pos': [0.6140097595303955, -0.3535133918987863, 0.1097032402875184], 'size': [0.04461973939918376, 0.0849493067344041, 0.09534921802665242]}}"
6.1800000000003985,0.6079979209436347,0.0,0.4,0.6050951164140023,-1.4617695690335984e-07,0.39999432504265003,"{'table_obstacle': {'pos': [0.3825981920028062, 0.37518922255766707, 0.1646257963690813], 'size': [0.049837904948193595, 0.0813235869879147, 0.05243307039854257]}, 'pillar_obstacle': {'pos': [0.39994824830915515, -0.3824307480766307, 0.23470116647765446], 'size': [0.033663755439403885, 0.20172185302840845, 0.0]}, 'small_block': {'pos': [0.6140097595303955, -0.3535133918987863, 0.1097032402875184], 'size': [0.04461973939918376, 0.0849493067344041, 0.09534921802665242]}}"
6.181000000000399,0.6079979209436347,0.0,0.4,0.6051363879830635,-1.5805336233999604e-07,0.39999439441923035,"{'table_obstacle': {'pos': [0.3825981920028062, 0.37518922255766707, 0.1646257963690813], 'size': [0.049837904948193595, 0.0813235869879147, 0.05243307039854257]}, 'pillar_obstacle': {'pos': [0.39994824830915515, -0.3824307480766307, 0.23470116647765446], 'size': [0.033663755439403885, 0.20172185302840845, 0.0]}, 'small_block': {'pos': [0.6140097595303955, -0.3535133918987863, 0.1097032402875184], 'size': [0.04461973939918376, 0.0849493067344041, 0.09534921802665242]}}"
6.182000000000399,0.6079979209436347,0.0,0.4,0.6051770737481127,-1.6957652062786364e-07,0.3999944633368057,"{'table_obstacle': {'pos': [0.3825981920028062, 0.37518922255766707, 0.1646257963690813], 'size': [0.049837904948193595, 0.0813235869879147, 0.05243307039854257]}, 'pillar_obstacle': {'pos': [0.39994824830915515, -0.3824307480766307, 0.23470116647765446], 'size': [0.033663755439403885, 0.20172185302840845, 0.0]}, 'small_block': {'pos': [0.6140097595303955, -0.3535133918987863, 0.1097032402875184], 'size': [0.04461973939918376, 0.0849493067344041, 0.09534921802665242]}}"
6.1830000000003995,0.6079979209436347,0.0,0.4,0.605217181979926,-1.807529641161701e-07,0.39999453178144817,"{'table_obstacle': {'pos': [0.3825981920028062, 0.37518922255766707, 0.1646257963690813], 'size': [0.049837904948193595, 0.0813235869879147, 0.05243307039854257]}, 'pillar_obstacle': {'pos': [0.39994824830915515, -0.3824307480766307, 0.23470116647765446], 'size': [0.033663755439403885, 0.20172185302840845, 0.0]}, 'small_block': {'pos': [0.6140097595303955, -0.3535133918987863, 0.1097032402875184], 'size': [0.04461973939918376, 0.0849493067344041, 0.09534921802665242]}}"
6.1840000000004,0.6079979209436347,0.0,0.4,0.6052567208369737,-1.9158927021852892e-07,0.3999945997405623,"{'table_obstacle': {'pos': [0.3825981920028062, 0.37518922255766707, 0.1646257963690813], 'size': [0.049837904948193595, 0.0813235869879147, 0.05243307039854257]}, 'pillar_obstacle': {'pos': [0.39994824830915515, -0.3824307480766307, 0.23470116647765446], 'size': [0.033663755439403885, 0.20172185302840845, 0.0]}, 'small_block': {'pos': [0.6140097595303955, -0.3535133918987863, 0.1097032402875184], 'size': [0.04461973939918376, 0.0849493067344041, 0.09534921802665242]}}"
6.1850000000004,0.6079979209436347,0.0,0.4,0.6052956983662036,-2.020920320461993e-07,0.39999466720274235,"{'table_obstacle': {'pos': [0.3825981920028062, 0.37518922255766707, 0.1646257963690813], 'size': [0.049837904948193595, 0.0813235869879147, 0.05243307039854257]}, 'pillar_obstacle': {'pos': [0.39994824830915515, -0.3824307480766307, 0.23470116647765446], 'size': [0.033663755439403885, 0.20172185302840845, 0.0]}, 'small_block': {'pos': [0.6140097595303955, -0.3535133918987863, 0.1097032402875184], 'size': [0.04461973939918376, 0.0849493067344041, 0.09534921802665242]}}"
6.1860000000004005,0.6079979209436347,0.0,0.4,0.6053341225039645,-2.122678356749665e-07,0.39999473415765385,"{'table_obstacle': {'pos': [0.3825981920028062, 0.37518922255766707, 0.1646257963690813], 'size': [0.049837904948193595, 0.0813235869879147, 0.05243307039854257]}, 'pillar_obstacle': {'pos': [0.39994824830915515, -0.3824307480766307, 0.23470116647765446], 'size': [0.033663755439403885, 0.20172185302840845, 0.0]}, 'small_block': {'pos': [0.6140097595303955, -0.3535133918987863, 0.1097032402875184], 'size': [0.04461973939918376, 0.0849493067344041, 0.09534921802665242]}}"
6.187000000000401,0.6079979209436347,0.0,0.4,0.605372001077035,-2.221232396028817e-07,0.39999480059592935,"{'table_obstacle': {'pos': [0.3825981920028062, 0.37518922255766707, 0.1646257963690813], 'size': [0.049837904948193595, 0.0813235869879147, 0.05243307039854257]}, 'pillar_obstacle': {'pos': [0.39994824830915515, -0.3824307480766307, 0.23470116647765446], 'size': [0.033663755439403885, 0.20172185302840845, 0.0]}, 'small_block': {'pos': [0.6140097595303955, -0.3535133918987863, 0.1097032402875184], 'size': [0.04461973939918376, 0.0849493067344041, 0.09534921802665242]}}"
6.188000000000401,0.6079979209436347,0.0,0.4,0.605409341803734,-2.3166476008264075e-07,0.39999486650907984,"{'table_obstacle': {'pos': [0.3825981920028062, 0.37518922255766707, 0.1646257963690813], 'size': [0.049837904948193595, 0.0813235869879147, 0.05243307039854257]}, 'pillar_obstacle': {'pos': [0.39994824830915515, -0.3824307480766307, 0.23470116647765446], 'size': [0.033663755439403885, 0.20172185302840845, 0.0]}, 'small_block': {'pos': [0.6140097595303955, -0.3535133918987863, 0.1097032402875184], 'size': [0.04461973939918376, 0.0849493067344041, 0.09534921802665242]}}"
6.1890000000004015,0.6079979209436347,0.0,0.4,0.6054461522950926,-2.408988584072142e-07,0.3999949318894183,"{'table_obstacle': {'pos': [0.3825981920028062, 0.37518922255766707, 0.1646257963690813], 'size': [0.049837904948193595, 0.0813235869879147, 0.05243307039854257]}, 'pillar_obstacle': {'pos': [0.39994824830915515, -0.3824307480766307, 0.23470116647765446], 'size': [0.033663755439403885, 0.20172185302840845, 0.0]}, 'small_block': {'pos': [0.6140097595303955, -0.3535133918987863, 0.1097032402875184], 'size': [0.04461973939918376, 0.0849493067344041, 0.09534921802665242]}}"
6.190000000000402,0.6079979209436347,0.0,0.4,0.6054824400560769,-2.4983192958386105e-07,0.3999949967299929,"{'table_obstacle': {'pos': [0.3825981920028062, 0.37518922255766707, 0.1646257963690813], 'size': [0.049837904948193595, 0.0813235869879147, 0.05243307039854257]}, 'pillar_obstacle': {'pos': [0.39994824830915515, -0.3824307480766307, 0.23470116647765446], 'size': [0.033663755439403885, 0.20172185302840845, 0.0]}, 'small_block': {'pos': [0.6140097595303955, -0.3535133918987863, 0.1097032402875184], 'size': [0.04461973939918376, 0.0849493067344041, 0.09534921802665242]}}"
6.191000000000402,0.6079979209436347,0.0,0.4,0.605518212486845,-2.584702956973079e-07,0.3999950610245291,"{'table_obstacle': {'pos': [0.3825981920028062, 0.37518922255766707, 0.1646257963690813], 'size': [0.049837904948193595, 0.0813235869879147, 0.05243307039854257]}, 'pillar_obstacle': {'pos': [0.39994824830915515, -0.3824307480766307, 0.23470116647765446], 'size': [0.033663755439403885, 0.20172185302840845, 0.0]}, 'small_block': {'pos': [0.6140097595303955, -0.3535133918987863, 0.1097032402875184], 'size': [0.04461973939918376, 0.0849493067344041, 0.09534921802665242]}}"
6.1920000000004025,0.6079979209436347,0.0,0.4,0.605553476884026,-2.6682019853050476e-07,0.39999512476737853,"{'table_obstacle': {'pos': [0.3825981920028062, 0.37518922255766707, 0.1646257963690813], 'size': [0.049837904948193595, 0.0813235869879147, 0.05243307039854257]}, 'pillar_obstacle': {'pos': [0.39994824830915515, -0.3824307480766307, 0.23470116647765446], 'size': [0.033663755439403885, 0.20172185302840845, 0.0]}, 'small_block': {'pos': [0.6140097595303955, -0.3535133918987863, 0.1097032402875184], 'size': [0.04461973939918376, 0.0849493067344041, 0.09534921802665242]}}"
6.193000000000403,0.6079979209436347,0.0,0.4,0.60558824044202,-2.748877948142995e-07,0.3999951879534756,"{'table_obstacle': {'pos': [0.3825981920028062, 0.37518922255766707, 0.1646257963690813], 'size': [0.049837904948193595, 0.0813235869879147, 0.05243307039854257]}, 'pillar_obstacle': {'pos': [0.39994824830915515, -0.3824307480766307, 0.23470116647765446], 'size': [0.033663755439403885, 0.20172185302840845, 0.0]}, 'small_block': {'pos': [0.6140097595303955, -0.3535133918987863, 0.1097032402875184], 'size': [0.04461973939918376, 0.0849493067344041, 0.09534921802665242]}}"
6.194000000000403,0.6079979209436347,0.0,0.4,0.6056225102543052,-2.826791522473479e-07,0.3999952505782962,"{'table_obstacle': {'pos': [0.3825981920028062, 0.37518922255766707, 0.1646257963690813], 'size': [0.049837904948193595, 0.0813235869879147, 0.05243307039854257]}, 'pillar_obstacle': {'pos': [0.39994824830915515, -0.3824307480766307, 0.23470116647765446], 'size': [0.033663755439403885, 0.20172185302840845, 0.0]}, 'small_block': {'pos': [0.6140097595303955, -0.3535133918987863, 0.1097032402875184], 'size': [0.04461973939918376, 0.0849493067344041, 0.09534921802665242]}}"
6.1950000000004035,0.6079979209436347,0.0,0.4,0.6056562933147493,-2.9020024680499633e-07,0.3999953126378247,"{'table_obstacle': {'pos': [0.3825981920028062, 0.37518922255766707, 0.1646257963690813], 'size': [0.049837904948193595, 0.0813235869879147, 0.05243307039854257]}, 'pillar_obstacle': {'pos': [0.39994824830915515, -0.3824307480766307, 0.23470116647765446], 'size': [0.033663755439403885, 0.20172185302840845, 0.0]}, 'small_block': {'pos': [0.6140097595303955, -0.3535133918987863, 0.1097032402875184], 'size': [0.04461973939918376, 0.0849493067344041, 0.09534921802665242]}}"
6.196000000000404,0.6079979209436347,0.0,0.4,0.6056895965189253,-2.974569608887762e-07,0.39999537412852004,"{'table_obstacle': {'pos': [0.3825981920028062, 0.37518922255766707, 0.1646257963690813], 'size': [0.049837904948193595, 0.0813235869879147, 0.05243307039854257]}, 'pillar_obstacle': {'pos': [0.39994824830915515, -0.3824307480766307, 0.23470116647765446], 'size': [0.033663755439403885, 0.20172185302840845, 0.0]}, 'small_block': {'pos': [0.6140097595303955, -0.3535133918987863, 0.1097032402875184], 'size': [0.04461973939918376, 0.0849493067344041, 0.09534921802665242]}}"
6.197000000000404,0.6079979209436347,0.0,0.4,0.6057224266654185,-3.0445508113246797e-07,0.3999954350472894,"{'table_obstacle': {'pos': [0.3825981920028062, 0.37518922255766707, 0.1646257963690813], 'size': [0.049837904948193595, 0.0813235869879147, 0.05243307039854257]}, 'pillar_obstacle': {'pos': [0.39994824830915515, -0.3824307480766307, 0.23470116647765446], 'size': [0.033663755439403885, 0.20172185302840845, 0.0]}, 'small_block': {'pos': [0.6140097595303955, -0.3535133918987863, 0.1097032402875184], 'size': [0.04461973939918376, 0.0849493067344041, 0.09534921802665242]}}"
6.1980000000004045,0.6079979209436347,0.0,0.4,0.6057547904571319,-3.112002984561389e-07,0.3999954953914615,"{'table_obstacle': {'pos': [0.3825981920028062, 0.37518922255766707, 0.1646257963690813], 'size': [0.049837904948193595, 0.0813235869879147, 0.05243307039854257]}, 'pillar_obstacle': {'pos': [0.39994824830915515, -0.3824307480766307, 0.23470116647765446], 'size': [0.033663755439403885, 0.20172185302840845, 0.0]}, 'small_block': {'pos': [0.6140097595303955, -0.3535133918987863, 0.1097032402875184], 'size': [0.04461973939918376, 0.0849493067344041, 0.09534921802665242]}}"
6.199000000000405,0.6079979209436347,0.0,0.4,0.6057866945025813,-3.1769820690737033e-07,0.3999955551587629,"{'table_obstacle': {'pos': [0.3825981920028062, 0.37518922255766707, 0.1646257963690813], 'size': [0.049837904948193595, 0.0813235869879147, 0.05243307039854257]}, 'pillar_obstacle': {'pos': [0.39994824830915515, -0.3824307480766307, 0.23470116647765446], 'size': [0.033663755439403885, 0.20172185302840845, 0.0]}, 'small_block': {'pos': [0.6140097595303955, -0.3535133918987863, 0.1097032402875184], 'size': [0.04461973939918376, 0.0849493067344041, 0.09534921802665242]}}"
6.200000000000405,0.6079979209436347,0.0,0.4,0.6058181453171824,-3.239543038724346e-07,0.3999956143472982,"{'table_obstacle': {'pos': [0.3825981920028062, 0.37518922255766707, 0.1646257963690813], 'size': [0.049837904948193595, 0.0813235869879147, 0.05243307039854257]}, 'pillar_obstacle': {'pos': [0.39994824830915515, -0.3824307480766307, 0.23470116647765446], 'size': [0.033663755439403885, 0.20172185302840845, 0.0]}, 'small_block': {'pos': [0.6140097595303955, -0.3535133918987863, 0.1097032402875184], 'size': [0.04461973939918376, 0.0849493067344041, 0.09534921802665242]}}"
6.2010000000004055,0.6079979209436347,0.0,0.4,0.6058491493245245,-3.299739902043172e-07,0.39999567295552796,"{'table_obstacle': {'pos': [0.3825981920028062, 0.37518922255766707, 0.1646257963690813], 'size': [0.049837904948193595, 0.0813235869879147, 0.05243307039854257]}, 'pillar_obstacle': {'pos': [0.39994824830915515, -0.3824307480766307, 0.23470116647765446], 'size': [0.033663755439403885, 0.20172185302840845, 0.0]}, 'small_block': {'pos': [0.6140097595303955, -0.3535133918987863, 0.1097032402875184], 'size': [0.04461973939918376, 0.0849493067344041, 0.09534921802665242]}}"
6.202000000000406,0.6079979209436347,0.0,0.4,0.6058797128576353,-3.357625713590199e-07,0.3999957309822528,"{'table_obstacle': {'pos': [0.3825981920028062, 0.37518922255766707, 0.1646257963690813], 'size': [0.049837904948193595, 0.0813235869879147, 0.05243307039854257]}, 'pillar_obstacle': {'pos': [0.39994824830915515, -0.3824307480766307, 0.23470116647765446], 'size': [0.033663755439403885, 0.20172185302840845, 0.0]}, 'small_block': {'pos': [0.6140097595303955, -0.3535133918987863, 0.1097032402875184], 'size': [0.04461973939918376, 0.0849493067344041, 0.09534921802665242]}}"
6.203000000000406,0.6079979209436347,0.0,0.4,0.6059098421602265,-3.41325256665624e-07,0.3999957884265944,"{'table_obstacle': {'pos': [0.3825981920028062, 0.37518922255766707, 0.1646257963690813], 'size': [0.049837904948193595, 0.0813235869879147, 0.05243307039854257]}, 'pillar_obstacle': {'pos': [0.39994824830915515, -0.3824307480766307, 0.23470116647765446], 'size': [0.033663755439403885, 0.20172185302840845, 0.0]}, 'small_block': {'pos': [0.6140097595303955, -0.3535133918987863, 0.1097032402875184], 'size': [0.04461973939918376, 0.0849493067344041, 0.09534921802665242]}}"
6.2040000000004065,0.6079979209436347,0.0,0.4,0.6059395433879335,-3.46667161503216e-07,0.39999584528798143,"{'table_obstacle': {'pos': [0.3825981920028062, 0.37518922255766707, 0.1646257963690813], 'size': [0.049837904948193595, 0.0813235869879147, 0.05243307039854257]}, 'pillar_obstacle': {'pos': [0.39994824830915515, -0.3824307480766307, 0.23470116647765446], 'size': [0.033663755439403885, 0.20172185302840845, 0.0]}, 'small_block': {'pos': [0.6140097595303955, -0.3535133918987863, 0.1097032402875184], 'size': [0.04461973939918376, 0.0849493067344041, 0.09534921802665242]}}"
6.205000000000407,0.6079979209436347,0.0,0.4,0.6059688226095356,-3.5179330734613687e-07,0.3999959015661326,"{'table_obstacle': {'pos': [0.3825981920028062, 0.37518922255766707, 0.1646257963690813], 'size': [0.049837904948193595, 0.0813235869879147, 0.05243307039854257]}, 'pillar_obstacle': {'pos': [0.39994824830915515, -0.3824307480766307, 0.23470116647765446], 'size': [0.033663755439403885, 0.20172185302840845, 0.0]}, 'small_block': {'pos': [0.6140097595303955, -0.3535133918987863, 0.1097032402875184], 'size': [0.04461973939918376, 0.0849493067344041, 0.09534921802665242]}}"
6.206000000000407,0.6119978257125209,0.0,0.4,0.6059976858081619,-3.56708623481716e-07,0.39999595726104464,"{'table_obstacle': {'pos': [0.3825981920028062, 0.37518922255766707, 0.1646257963690813], 'size': [0.049837904948193595, 0.0813235869879147, 0.05243307039854257]}, 'pillar_obstacle': {'pos': [0.39994824830915515, -0.3824307480766307, 0.23470116647765446], 'size': [0.033663755439403885, 0.20172185302840845, 0.0]}, 'small_block': {'pos': [0.6140097595303955, -0.3535133918987863, 0.1097032402875184], 'size': [0.04461973939918376, 0.0849493067344041, 0.09534921802665242]}}"
6.2070000000004075,0.6119978257125209,0.0,0.4,0.6060367524326418,-3.1496099431071303e-07,0.39999580252283434,"{'table_obstacle': {'pos': [0.3825981920028062, 0.37518922255766707, 0.1646257963690813], 'size': [0.049837904948193595, 0.0813235869879147, 0.05243307039854257]}, 'pillar_obstacle': {'pos': [0.39994824830915515, -0.3824307480766307, 0.23470116647765446], 'size': [0.033663755439403885, 0.20172185302840845, 0.0]}, 'small_block': {'pos': [0.6140097595303955, -0.3535133918987863, 0.1097032402875184], 'size': [0.04461973939918376, 0.0849493067344041, 0.09534921802665242]}}"
6.208000000000408,0.6119978257125209,0.0,0.4,0.6060838926821115,-2.454275213348201e-07,0.399995518259257,"{'table_obstacle': {'pos': [0.3825981920028062, 0.37518922255766707, 0.1646257963690813], 'size': [0.049837904948193595, 0.0813235869879147, 0.05243307039854257]}, 'pillar_obstacle': {'pos': [0.39994824830915515, -0.3824307480766307, 0.23470116647765446], 'size': [0.033663755439403885, 0.20172185302840845, 0.0]}, 'small_block': {'pos': [0.6140097595303955, -0.3535133918987863, 0.1097032402875184], 'size': [0.04461973939918376, 0.0849493067344041, 0.09534921802665242]}}"
6.209000000000408,0.6119978257125209,0.0,0.4,0.6061373776192261,-1.6147589308532477e-07,0.3999951620302002,"{'table_obstacle': {'pos': [0.3825981920028062, 0.37518922255766707, 0.1646257963690813], 'size': [0.049837904948193595, 0.0813235869879147, 0.05243307039854257]}, 'pillar_obstacle': {'pos': [0.39994824830915515, -0.3824307480766307, 0.23470116647765446], 'size': [0.033663755439403885, 0.20172185302840845, 0.0]}, 'small_block': {'pos': [0.6140097595303955, -0.3535133918987863, 0.1097032402875184], 'size': [0.04461973939918376, 0.0849493067344041, 0.09534921802665242]}}"
6.2100000000004085,0.6119978257125209,0.0,0.4,0.6061958045586995,-7.237660011835931e-08,0.39999477409520784,"{'table_obstacle': {'pos': [0.3825981920028062, 0.37518922255766707, 0.1646257963690813], 'size': [0.049837904948193595, 0.0813235869879147, 0.05243307039854257]}, 'pillar_obstacle': {'pos': [0.39994824830915515, -0.3824307480766307, 0.23470116647765446], 'size': [0.033663755439403885, 0.20172185302840845, 0.0]}, 'small_block': {'pos': [0.6140097595303955, -0.3535133918987863, 0.1097032402875184], 'size': [0.04461973939918376, 0.0849493067344041, 0.09534921802665242]}}"
6.211000000000409,0.6119978257125209,0.0,0.4,0.6062580362257044,1.5623243757720736e-08,0.39999438196871656,"{'table_obstacle': {'pos': [0.3825981920028062, 0.37518922255766707, 0.1646257963690813], 'size': [0.049837904948193595, 0.0813235869879147, 0.05243307039854257]}, 'pillar_obstacle': {'pos': [0.39994824830915515, -0.3824307480766307, 0.23470116647765446], 'size': [0.033663755439403885, 0.20172185302840845, 0.0]}, 'small_block': {'pos': [0.6140097595303955, -0.3535133918987863, 0.1097032402875184], 'size': [0.04461973939918376, 0.0849493067344041, 0.09534921802665242]}}"
6.212000000000409,0.6119978257125209,0.0,0.4,0.6063231511822298,9.84864509653422e-08,0.3999940038451464,"{'table_obstacle': {'pos': [0.3825981920028062, 0.37518922255766707, 0.1646257963690813], 'size': [0.049837904948193595, 0.0813235869879147, 0.05243307039854257]}, 'pillar_obstacle': {'pos': [0.39994824830915515, -0.3824307480766307, 0.23470116647765446], 'size': [0.033663755439403885, 0.20172185302840845, 0.0]}, 'small_block': {'pos': [0.6140097595303955, -0.3535133918987863, 0.1097032402875184], 'size': [0.04461973939918376, 0.0849493067344041, 0.09534921802665242]}}"
6.2130000000004095,0.6119978257125209,0.0,0.4,0.6063904034601854,1.737722794406618e-07,0.39999365116752916,"{'table_obstacle': {'pos': [0.3825981920028062, 0.37518922255766707, 0.1646257963690813], 'size': [0.049837904948193595, 0.0813235869879147, 0.05243307039854257]}, 'pillar_obstacle': {'pos': [0.39994824830915515, -0.3824307480766307, 0.23470116647765446], 'size': [0.033663755439403885, 0.20172185302840845, 0.0]}, 'small_block': {'pos': [0.6140097595303955, -0.3535133918987863, 0.1097032402875184], 'size': [0.04461973939918376, 0.0849493067344041, 0.09534921802665242]}}"
6.21400000000041,0.6119978257125209,0.0,0.4,0.60645918970805,2.401761944568881e-07,0.3999933305470795,"{'table_obstacle': {'pos': [0.3825981920028062, 0.37518922255766707, 0.1646257963690813], 'size': [0.049837904948193595, 0.0813235869879147, 0.05243307039854257]}, 'pillar_obstacle': {'pos': [0.39994824830915515, -0.3824307480766307, 0.23470116647765446], 'size': [0.033663755439403885, 0.20172185302840845, 0.0]}, 'small_block': {'pos': [0.6140097595303955, -0.3535133918987863, 0.1097032402875184], 'size': [0.04461973939918376, 0.0849493067344041, 0.09534921802665242]}}"
6.21500000000041,0.6119978257125209,0.0,0.4,0.6065290224633707,2.971867431414165e-07,0.3999930451912187,"{'table_obstacle': {'pos': [0.3825981920028062, 0.37518922255766707, 0.1646257963690813], 'size': [0.049837904948193595, 0.0813235869879147, 0.05243307039854257]}, 'pillar_obstacle': {'pos': [0.39994824830915515, -0.3824307480766307, 0.23470116647765446], 'size': [0.033663755439403885, 0.20172185302840845, 0.0]}, 'small_block': {'pos': [0.6140097595303955, -0.3535133918987863, 0.1097032402875184], 'size': [0.04461973939918376, 0.0849493067344041, 0.09534921802665242]}}"
6.2160000000004105,0.6119978257125209,0.0,0.4,0.6065995084158728,3.4483164687482816e-07,0.3999927959598407,"{'table_obstacle': {'pos': [0.3825981920028062, 0.37518922255766707, 0.1646257963690813], 'size': [0.049837904948193595, 0.0813235869879147, 0.05243307039854257]}, 'pillar_obstacle': {'pos': [0.39994824830915515, -0.3824307480766307, 0.23470116647765446], 'size': [0.033663755439403885, 0.20172185302840845, 0.0]}, 'small_block': {'pos': [0.6140097595303955, -0.3535133918987863, 0.1097032402875184], 'size': [0.04461973939918376, 0.0849493067344041, 0.09534921802665242]}}"
6.217000000000411,0.6119978257125209,0.0,0.4,0.6066703307338397,3.834916040603349e-07,0.39999258214098893,"{'table_obstacle': {'pos': [0.3825981920028062, 0.37518922255766707, 0.1646257963690813], 'size': [0.049837904948193595, 0.0813235869879147, 0.05243307039854257]}, 'pillar_obstacle': {'pos': [0.39994824830915515, -0.3824307480766307, 0.23470116647765446], 'size': [0.033663755439403885, 0.20172185302840845, 0.0]}, 'small_block': {'pos': [0.6140097595303955, -0.3535133918987863, 0.1097032402875184], 'size': [0.04461973939918376, 0.0849493067344041, 0.09534921802665242]}}"
6.218000000000411,0.6119978257125209,0.0,0.4,0.6067412346971099,4.137652563329244e-07,0.39999240201535474,"{'table_obstacle': {'pos': [0.3825981920028062, 0.37518922255766707, 0.1646257963690813], 'size': [0.049837904948193595, 0.0813235869879147, 0.05243307039854257]}, 'pillar_obstacle': {'pos': [0.39994824830915515, -0.3824307480766307, 0.23470116647765446], 'size': [0.033663755439403885, 0.20172185302840845, 0.0]}, 'small_block': {'pos': [0.6140097595303955, -0.3535133918987863, 0.1097032402875184], 'size': [0.04461973939918376, 0.0849493067344041, 0.09534921802665242]}}"
6.2190000000004115,0.6119978257125209,0.0,0.4,0.6068120160199104,4.363726182977942e-07,0.3999922532624063,"{'table_obstacle': {'pos': [0.3825981920028062, 0.37518922255766707, 0.1646257963690813], 'size': [0.049837904948193595, 0.0813235869879147, 0.05243307039854257]}, 'pillar_obstacle': {'pos': [0.39994824830915515, -0.3824307480766307, 0.23470116647765446], 'size': [0.033663755439403885, 0.20172185302840845, 0.0]}, 'small_block': {'pos': [0.6140097595303955, -0.3535133918987863, 0.1097032402875184], 'size': [0.04461973939918376, 0.0849493067344041, 0.09534921802665242]}}"
6.220000000000412,0.6119978257125209,0.0,0.4,0.6068825113611056,4.520872474841888e-07,0.39999213324829275,"{'table_obstacle': {'pos': [0.3825981920028062, 0.37518922255766707, 0.1646257963690813], 'size': [0.049837904948193595, 0.0813235869879147, 0.05243307039854257]}, 'pillar_obstacle': {'pos': [0.39994824830915515, -0.3824307480766307, 0.23470116647765446], 'size': [0.033663755439403885, 0.20172185302840845, 0.0]}, 'small_block': {'pos': [0.6140097595303955, -0.3535133918987863, 0.1097032402875184], 'size': [0.04461973939918376, 0.0849493067344041, 0.09534921802665242]}}"
6.221000000000412,0.6119978257125209,0.0,0.4,0.6069525906128632,4.616897362762866e-07,0.3999920392259964,"{'table_obstacle': {'pos': [0.3825981920028062, 0.37518922255766707, 0.1646257963690813], 'size': [0.049837904948193595, 0.0813235869879147, 0.05243307039854257]}, 'pillar_obstacle': {'pos': [0.39994824830915515, -0.3824307480766307, 0.23470116647765446], 'size': [0.033663755439403885, 0.20172185302840845, 0.0]}, 'small_block': {'pos': [0.6140097595303955, -0.3535133918987863, 0.1097032402875184], 'size': [0.04461973939918376, 0.0849493067344041, 0.09534921802665242]}}"
6.2220000000004125,0.6119978257125209,0.0,0.4,0.60702215063494,4.659368873549384e-07,0.3999919684707934,"{'table_obstacle': {'pos': [0.3825981920028062, 0.37518922255766707, 0.1646257963690813], 'size': [0.049837904948193595, 0.0813235869879147, 0.05243307039854257]}, 'pillar_obstacle': {'pos': [0.39994824830915515, -0.3824307480766307, 0.23470116647765446], 'size': [0.033663755439403885, 0.20172185302840845, 0.0]}, 'small_block': {'pos': [0.6140097595303955, -0.3535133918987863, 0.1097032402875184], 'size': [0.04461973939918376, 0.0849493067344041, 0.09534921802665242]}}"
6.223000000000413,0.6119978257125209,0.0,0.4,0.6070911101638912,4.655423029818761e-07,0.3999919183684479,"{'table_obstacle': {'pos': [0.3825981920028062, 0.37518922255766707, 0.1646257963690813], 'size': [0.049837904948193595, 0.0813235869879147, 0.05243307039854257]}, 'pillar_obstacle': {'pos': [0.39994824830915515, -0.3824307480766307, 0.23470116647765446], 'size': [0.033663755439403885, 0.20172185302840845, 0.0]}, 'small_block': {'pos': [0.6140097595303955, -0.3535133918987863, 0.1097032402875184], 'size': [0.04461973939918376, 0.0849493067344041, 0.09534921802665242]}}"
6.224000000000413,0.6119978257125209,0.0,0.4,0.6071594056770862,4.611651755065019e-07,0.3999918864692343,"{'table_obstacle': {'pos': [0.3825981920028062, 0.37518922255766707, 0.1646257963690813], 'size': [0.049837904948193595, 0.0813235869879147, 0.05243307039854257]}, 'pillar_obstacle': {'pos': [0.39994824830915515, -0.3824307480766307, 0.23470116647765446], 'size': [0.033663755439403885, 0.20172185302840845, 0.0]}, 'small_block': {'pos': [0.6140097595303955, -0.3535133918987863, 0.1097032402875184], 'size': [0.04461973939918376, 0.0849493067344041, 0.09534921802665242]}}"
6.2250000000004135,0.6119978257125209,0.0,0.4,0.6072269880326006,4.5340487204654834e-07,0.39999187051759955,"{'table_obstacle': {'pos': [0.3825981920028062, 0.37518922255766707, 0.1646257963690813], 'size': [0.049837904948193595, 0.0813235869879147, 0.05243307039854257]}, 'pillar_obstacle': {'pos': [0.39994824830915515, -0.3824307480766307, 0.23470116647765446], 'size': [0.033663755439403885, 0.20172185302840845, 0.0]}, 'small_block': {'pos': [0.6140097595303955, -0.3535133918987863, 0.1097032402875184], 'size': [0.04461973939918376, 0.0849493067344041, 0.09534921802665242]}}"
6.226000000000414,0.6119978257125209,0.0,0.4,0.607293819739523,4.427995179786982e-07,0.3999918684647703,"{'table_obstacle': {'pos': [0.3825981920028062, 0.37518922255766707, 0.1646257963690813], 'size': [0.049837904948193595, 0.0813235869879147, 0.05243307039854257]}, 'pillar_obstacle': {'pos': [0.39994824830915515, -0.3824307480766307, 0.23470116647765446], 'size': [0.033663755439403885, 0.20172185302840845, 0.0]}, 'small_block': {'pos': [0.6140097595303955, -0.3535133918987863, 0.1097032402875184], 'size': [0.04461973939918376, 0.0849493067344041, 0.09534921802665242]}}"
6.227000000000414,0.6119978257125209,0.0,0.4,0.6073598727404966,4.2982726811034766e-07,0.39999187846970397,"{'table_obstacle': {'pos': [0.3825981920028062, 0.37518922255766707, 0.1646257963690813], 'size': [0.049837904948193595, 0.0813235869879147, 0.05243307039854257]}, 'pillar_obstacle': {'pos': [0.39994824830915515, -0.3824307480766307, 0.23470116647765446], 'size': [0.033663755439403885, 0.20172185302840845, 0.0]}, 'small_block': {'pos': [0.6140097595303955, -0.3535133918987863, 0.1097032402875184], 'size': [0.04461973939918376, 0.0849493067344041, 0.09534921802665242]}}"
6.2280000000004145,0.6119978257125209,0.0,0.4,0.6074251266104221,4.1490929376976827e-07,0.3999918988923502,"{'table_obstacle': {'pos': [0.3825981920028062, 0.37518922255766707, 0.1646257963690813], 'size': [0.049837904948193595, 0.0813235869879147, 0.05243307039854257]}, 'pillar_obstacle': {'pos': [0.39994824830915515, -0.3824307480766307, 0.23470116647765446], 'size': [0.033663755439403885, 0.20172185302840845, 0.0]}, 'small_block': {'pos': [0.6140097595303955, -0.3535133918987863, 0.1097032402875184], 'size': [0.04461973939918376, 0.0849493067344041, 0.09534921802665242]}}"
6.229000000000415,0.6119978257125209,0.0,0.4,0.6074895670932935,3.9841379448560487e-07,0.399991928282098,"{'table_obstacle': {'pos': [0.3825981920028062, 0.37518922255766707, 0.1646257963690813], 'size': [0.049837904948193595, 0.0813235869879147, 0.05243307039854257]}, 'pillar_obstacle': {'pos': [0.39994824830915515, -0.3824307480766307, 0.23470116647765446], 'size': [0.033663755439403885, 0.20172185302840845, 0.0]}, 'small_block': {'pos': [0.6140097595303955, -0.3535133918987863, 0.1097032402875184], 'size': [0.04461973939918376, 0.0849493067344041, 0.09534921802665242]}}"
6.230000000000415,0.6119978257125209,0.0,0.4,0.6075531849137453,3.8066053630132033e-07,0.3999919653634676,"{'table_obstacle': {'pos': [0.3825981920028062, 0.37518922255766707, 0.1646257963690813], 'size': [0.049837904948193595, 0.0813235869879147, 0.05243307039854257]}, 'pillar_obstacle': {'pos': [0.39994824830915515, -0.3824307480766307, 0.23470116647765446], 'size': [0.033663755439403885, 0.20172185302840845, 0.0]}, 'small_block': {'pos': [0.6140097595303955, -0.3535133918987863, 0.1097032402875184], 'size': [0.04461973939918376, 0.0849493067344041, 0.09534921802665242]}}"
6.2310000000004155,0.6119978257125209,0.0,0.4,0.6076159748117966,3.619255790336729e-07,0.399992009020504,"{'table_obstacle': {'pos': [0.3825981920028062, 0.37518922255766707, 0.1646257963690813], 'size': [0.049837904948193595, 0.0813235869879147, 0.05243307039854257]}, 'pillar_obstacle': {'pos': [0.39994824830915515, -0.3824307480766307, 0.23470116647765446], 'size': [0.033663755439403885, 0.20172185302840845, 0.0]}, 'small_block': {'pos': [0.6140097595303955, -0.3535133918987863, 0.1097032402875184], 'size': [0.04461973939918376, 0.0849493067344041, 0.09534921802665242]}}"
6.232000000000416,0.6119978257125209,0.0,0.4,0.6076779347589314,3.4244595433585686e-07,0.3999920582808704,"{'table_obstacle': {'pos': [0.3825981920028062, 0.37518922255766707, 0.1646257963690813], 'size': [0.049837904948193595, 0.0813235869879147, 0.05243307039854257]}, 'pillar_obstacle': {'pos': [0.39994824830915515, -0.3824307480766307, 0.23470116647765446], 'size': [0.033663755439403885, 0.20172185302840845, 0.0]}, 'small_block': {'pos': [0.6140097595303955, -0.3535133918987863, 0.1097032402875184], 'size': [0.04461973939918376, 0.0849493067344041, 0.09534921802665242]}}"
6.233000000000416,0.6119978257125209,0.0,0.4,0.6077390653215129,3.2242414522829306e-07,0.3999921123003102,"{'table_obstacle': {'pos': [0.3825981920028062, 0.37518922255766707, 0.1646257963690813], 'size': [0.049837904948193595, 0.0813235869879147, 0.05243307039854257]}, 'pillar_obstacle': {'pos': [0.39994824830915515, -0.3824307480766307, 0.23470116647765446], 'size': [0.033663755439403885, 0.20172185302840845, 0.0]}, 'small_block': {'pos': [0.6140097595303955, -0.3535133918987863, 0.1097032402875184], 'size': [0.04461973939918376, 0.0849493067344041, 0.09534921802665242]}}"
6.2340000000004165,0.6119978257125209,0.0,0.4,0.6077993691439019,3.020322740372916e-07,0.3999921703479055,"{'table_obstacle': {'pos': [0.3825981920028062, 0.37518922255766707, 0.1646257963690813], 'size': [0.049837904948193595, 0.0813235869879147, 0.05243307039854257]}, 'pillar_obstacle': {'pos': [0.39994824830915515, -0.3824307480766307, 0.23470116647765446], 'size': [0.033663755439403885, 0.20172185302840845, 0.0]}, 'small_block': {'pos': [0.6140097595303955, -0.3535133918987863, 0.1097032402875184], 'size': [0.04461973939918376, 0.0849493067344041, 0.09534921802665242]}}"
6.235000000000417,0.6119978257125209,0.0,0.4,0.6078588505288294,2.814159519431069e-07,0.39999223179238425,"{'table_obstacle': {'pos': [0.3825981920028062, 0.37518922255766707, 0.1646257963690813], 'size': [0.049837904948193595, 0.0813235869879147, 0.05243307039854257]}, 'pillar_obstacle': {'pos': [0.39994824830915515, -0.3824307480766307, 0.23470116647765446], 'size': [0.033663755439403885, 0.20172185302840845, 0.0]}, 'small_block': {'pos': [0.6140097595303955, -0.3535133918987863, 0.1097032402875184], 'size': [0.04461973939918376, 0.0849493067344041, 0.09534921802665242]}}"
6.236000000000417,0.6119978257125209,0.0,0.4,0.6079175150968001,2.6069776220497904e-07,0.3999922960896014,"{'table_obstacle': {'pos': [0.3825981920028062, 0.37518922255766707, 0.1646257963690813], 'size': [0.049837904948193595, 0.0813235869879147, 0.05243307039854257]}, 'pillar_obstacle': {'pos': [0.39994824830915515, -0.3824307480766307, 0.23470116647765446], 'size': [0.033663755439403885, 0.20172185302840845, 0.0]}, 'small_block': {'pos': [0.6140097595303955, -0.3535133918987863, 0.1097032402875184], 'size': [0.04461973939918376, 0.0849493067344041, 0.09534921802665242]}}"
6.2370000000004175,0.6119978257125209,0.0,0.4,0.6079753695096958,2.3998038375746283e-07,0.3999923627712401,"{'table_obstacle': {'pos': [0.3825981920028062, 0.37518922255766707, 0.1646257963690813], 'size': [0.049837904948193595, 0.0813235869879147, 0.05243307039854257]}, 'pillar_obstacle': {'pos': [0.39994824830915515, -0.3824307480766307, 0.23470116647765446], 'size': [0.033663755439403885, 0.20172185302840845, 0.0]}, 'small_block': {'pos': [0.6140097595303955, -0.3535133918987863, 0.1097032402875184], 'size': [0.04461973939918376, 0.0849493067344041, 0.09534921802665242]}}"
6.238000000000418,0.6119978257125209,0.0,0.4,0.6080324212465495,2.1934936234151114e-07,0.39999243143471663,"{'table_obstacle': {'pos': [0.3825981920028062, 0.37518922255766707, 0.1646257963690813], 'size': [0.049837904948193595, 0.0813235869879147, 0.05243307039854257]}, 'pillar_obstacle': {'pos': [0.39994824830915515, -0.3824307480766307, 0.23470116647765446], 'size': [0.033663755439403885, 0.20172185302840845, 0.0]}, 'small_block': {'pos': [0.6140097595303955, -0.3535133918987863, 0.1097032402875184], 'size': [0.04461973939918376, 0.0849493067344041, 0.09534921802665242]}}"
6.239000000000418,0.6119978257125209,0.0,0.4,0.6080886784217114,1.9887555301779408e-07,0.3999925017342335,"{'table_obstacle': {'pos': [0.3825981920028062, 0.37518922255766707, 0.1646257963690813], 'size': [0.049837904948193595, 0.0813235869879147, 0.05243307039854257]}, 'pillar_obstacle': {'pos': [0.39994824830915515, -0.3824307480766307, 0.23470116647765446], 'size': [0.033663755439403885, 0.20172185302840845, 0.0]}, 'small_block': {'pos': [0.6140097595303955, -0.3535133918987863, 0.1097032402875184], 'size': [0.04461973939918376, 0.0849493067344041, 0.09534921802665242]}}"
6.2400000000004185,0.6119978257125209,0.0,0.4,0.6081441496374524,1.7861725789240043e-07,0.39999257337291,"{'table_obstacle': {'pos': [0.3825981920028062, 0.37518922255766707, 0.1646257963690813], 'size': [0.049837904948193595, 0.0813235869879147, 0.05243307039854257]}, 'pillar_obstacle': {'pos': [0.39994824830915515, -0.3824307480766307, 0.23470116647765446], 'size': [0.033663755439403885, 0.20172185302840845, 0.0]}, 'small_block': {'pos': [0.6140097595303955, -0.3535133918987863, 0.1097032402875184], 'size': [0.04461973939918376, 0.0849493067344041, 0.09534921802665242]}}"
6.241000000000419,0.6119978257125209,0.0,0.4,0.6081988438645554,1.5862208635628458e-07,0.3999926460958943,"{'table_obstacle': {'pos': [0.3825981920028062, 0.37518922255766707, 0.1646257963690813], 'size': [0.049837904948193595, 0.0813235869879147, 0.05243307039854257]}, 'pillar_obstacle': {'pos': [0.39994824830915515, -0.3824307480766307, 0.23470116647765446], 'size': [0.033663755439403885, 0.20172185302840845, 0.0]}, 'small_block': {'pos': [0.6140097595303955, -0.3535133918987863, 0.1097032402875184], 'size': [0.04461973939918376, 0.0849493067344041, 0.09534921802665242]}}"
6.242000000000419,0.6119978257125209,0.0,0.4,0.6082527703456433,1.3892856930699363e-07,0.3999927196843738,"{'table_obstacle': {'pos': [0.3825981920028062, 0.37518922255766707, 0.1646257963690813], 'size': [0.049837904948193595, 0.0813235869879147, 0.05243307039854257]}, 'pillar_obstacle': {'pos': [0.39994824830915515, -0.3824307480766307, 0.23470116647765446], 'size': [0.033663755439403885, 0.20172185302840845, 0.0]}, 'small_block': {'pos': [0.6140097595303955, -0.3535133918987863, 0.1097032402875184], 'size': [0.04461973939918376, 0.0849493067344041, 0.09534921802665242]}}"
6.2430000000004195,0.6119978257125209,0.0,0.4,0.608305938516984,1.195675481412308e-07,0.39999279395038106,"{'table_obstacle': {'pos': [0.3825981920028062, 0.37518922255766707, 0.1646257963690813], 'size': [0.049837904948193595, 0.0813235869879147, 0.05243307039854257]}, 'pillar_obstacle': {'pos': [0.39994824830915515, -0.3824307480766307, 0.23470116647765446], 'size': [0.033663755439403885, 0.20172185302840845, 0.0]}, 'small_block': {'pos': [0.6140097595303955, -0.3535133918987863, 0.1097032402875184], 'size': [0.04461973939918376, 0.0849493067344041, 0.09534921802665242]}}"
6.24400000000042,0.6119978257125209,0.0,0.4,0.6083583579453029,1.0056337251572548e-07,0.3999928687323128,"{'table_obstacle': {'pos': [0.3825981920028062, 0.37518922255766707, 0.1646257963690813], 'size': [0.049837904948193595, 0.0813235869879147, 0.05243307039854257]}, 'pillar_obstacle': {'pos': [0.39994824830915515, -0.3824307480766307, 0.23470116647765446], 'size': [0.033663755439403885, 0.20172185302840845, 0.0]}, 'small_block': {'pos': [0.6140097595303955, -0.3535133918987863, 0.1097032402875184], 'size': [0.04461973939918376, 0.0849493067344041, 0.09534921802665242]}}"
6.24500000000042,0.6119978257125209,0.0,0.4,0.6084100382767926,8.193492337121077e-08,0.3999929438910725,"{'table_obstacle': {'pos': [0.3825981920028062, 0.37518922255766707, 0.1646257963690813], 'size': [0.049837904948193595, 0.0813235869879147, 0.05243307039854257]}, 'pillar_obstacle': {'pos': [0.39994824830915515, -0.3824307480766307, 0.23470116647765446], 'size': [0.033663755439403885, 0.20172185302840845, 0.0]}, 'small_block': {'pos': [0.6140097595303955, -0.3535133918987863, 0.1097032402875184], 'size': [0.04461973939918376, 0.0849493067344041, 0.09534921802665242]}}"
6.2460000000004205,0.6119978257125209,0.0,0.4,0.60846098919603,6.369648912234683e-08,0.39999301930676434,"{'table_obstacle': {'pos': [0.3825981920028062, 0.37518922255766707, 0.1646257963690813], 'size': [0.049837904948193595, 0.0813235869879147, 0.05243307039854257]}, 'pillar_obstacle': {'pos': [0.39994824830915515, -0.3824307480766307, 0.23470116647765446], 'size': [0.033663755439403885, 0.20172185302840845, 0.0]}, 'small_block': {'pos': [0.6140097595303955, -0.3535133918987863, 0.1097032402875184], 'size': [0.04461973939918376, 0.0849493067344041, 0.09534921802665242]}}"
6.247000000000421,0.6119978257125209,0.0,0.4,0.6085112203929387,4.5858510345842e-08,0.39999309487586054,"{'table_obstacle': {'pos': [0.3825981920028062, 0.37518922255766707, 0.1646257963690813], 'size': [0.049837904948193595, 0.0813235869879147, 0.05243307039854257]}, 'pillar_obstacle': {'pos': [0.39994824830915515, -0.3824307480766307, 0.23470116647765446], 'size': [0.033663755439403885, 0.20172185302840845, 0.0]}, 'small_block': {'pos': [0.6140097595303955, -0.3535133918987863, 0.1097032402875184], 'size': [0.04461973939918376, 0.0849493067344041, 0.09534921802665242]}}"
6.248000000000421,0.6119978257125209,0.0,0.4,0.6085607415362931,2.8428213102786545e-08,0.3999931705087867,"{'table_obstacle': {'pos': [0.3825981920028062, 0.37518922255766707, 0.1646257963690813], 'size': [0.049837904948193595, 0.0813235869879147, 0.05243307039854257]}, 'pillar_obstacle': {'pos': [0.39994824830915515, -0.3824307480766307, 0.23470116647765446], 'size': [0.033663755439403885, 0.20172185302840845, 0.0]}, 'small_block': {'pos': [0.6140097595303955, -0.3535133918987863, 0.1097032402875184], 'size': [0.04461973939918376, 0.0849493067344041, 0.09534921802665242]}}"
6.2490000000004216,0.6119978257125209,0.0,0.4,0.6086095622525277,1.1410146725763132e-08,0.3999932461278618,"{'table_obstacle': {'pos': [0.3825981920028062, 0.37518922255766707, 0.1646257963690813], 'size': [0.049837904948193595, 0.0813235869879147, 0.05243307039854257]}, 'pillar_obstacle': {'pos': [0.39994824830915515, -0.3824307480766307, 0.23470116647765446], 'size': [0.033663755439403885, 0.20172185302840845, 0.0]}, 'small_block': {'pos': [0.6140097595303955, -0.3535133918987863, 0.1097032402875184], 'size': [0.04461973939918376, 0.0849493067344041, 0.09534921802665242]}}"
6.250000000000422,0.6119978257125209,0.0,0.4,0.6086576921088582,-5.193362311386241e-09,0.3999933216655475,"{'table_obstacle': {'pos': [0.3825981920028062, 0.37518922255766707, 0.1646257963690813], 'size': [0.049837904948193595, 0.0813235869879147, 0.05243307039854257]}, 'pillar_obstacle': {'pos': [0.39994824830915515, -0.3824307480766307, 0.23470116647765446], 'size': [0.033663755439403885, 0.20172185302840845, 0.0]}, 'small_block': {'pos': [0.6140097595303955, -0.3535133918987863, 0.1097032402875184], 'size': [0.04461973939918376, 0.0849493067344041, 0.09534921802665242]}}"
6.251000000000422,0.6119978257125209,0.0,0.4,0.6087051405999043,-2.1381826841175685e-08,0.39999339706296083,"{'table_obstacle': {'pos': [0.3825981920028062, 0.37518922255766707, 0.1646257963690813], 'size': [0.049837904948193595, 0.0813235869879147, 0.05243307039854257]}, 'pillar_obstacle': {'pos': [0.39994824830915515, -0.3824307480766307, 0.23470116647765446], 'size': [0.033663755439403885, 0.20172185302840845, 0.0]}, 'small_block': {'pos': [0.6140097595303955, -0.3535133918987863, 0.1097032402875184], 'size': [0.04461973939918376, 0.0849493067344041, 0.09534921802665242]}}"
6.2520000000004226,0.6119978257125209,0.0,0.4,0.60875191713715,-3.71562757343044e-08,0.3999934722686122,"{'table_obstacle': {'pos': [0.3825981920028062, 0.37518922255766707, 0.1646257963690813], 'size': [0.049837904948193595, 0.0813235869879147, 0.05243307039854257]}, 'pillar_obstacle': {'pos': [0.39994824830915515, -0.3824307480766307, 0.23470116647765446], 'size': [0.033663755439403885, 0.20172185302840845, 0.0]}, 'small_block': {'pos': [0.6140097595303955, -0.3535133918987863, 0.1097032402875184], 'size': [0.04461973939918376, 0.0849493067344041, 0.09534921802665242]}}"
6.253000000000423,0.6119978257125209,0.0,0.4,0.6087980310407116,-5.251898165255809e-08,0.3999935472373375,"{'table_obstacle': {'pos': [0.3825981920028062, 0.37518922255766707, 0.1646257963690813], 'size': [0.049837904948193595, 0.0813235869879147, 0.05243307039854257]}, 'pillar_obstacle': {'pos': [0.39994824830915515, -0.3824307480766307, 0.23470116647765446], 'size': [0.033663755439403885, 0.20172185302840845, 0.0]}, 'small_block': {'pos': [0.6140097595303955, -0.3535133918987863, 0.1097032402875184], 'size': [0.04461973939918376, 0.0849493067344041, 0.09534921802665242]}}"
6.254000000000423,0.6119978257125209,0.0,0.4,0.6088434915329728,-6.747323257318576e-08,0.39999362192939103,"{'table_obstacle': {'pos': [0.3825981920028062, 0.37518922255766707, 0.1646257963690813], 'size': [0.049837904948193595, 0.0813235869879147, 0.05243307039854257]}, 'pillar_obstacle': {'pos': [0.39994824830915515, -0.3824307480766307, 0.23470116647765446], 'size': [0.033663755439403885, 0.20172185302840845, 0.0]}, 'small_block': {'pos': [0.6140097595303955, -0.3535133918987863, 0.1097032402875184], 'size': [0.04461973939918376, 0.0849493067344041, 0.09534921802665242]}}"
6.2550000000004236,0.6119978257125209,0.0,0.4,0.6088883077337361,-8.202314038161343e-08,0.399993696309682,"{'table_obstacle': {'pos': [0.3825981920028062, 0.37518922255766707, 0.1646257963690813], 'size': [0.049837904948193595, 0.0813235869879147, 0.05243307039854257]}, 'pillar_obstacle': {'pos': [0.39994824830915515, -0.3824307480766307, 0.23470116647765446], 'size': [0.033663755439403885, 0.20172185302840845, 0.0]}, 'small_block': {'pos': [0.6140097595303955, -0.3535133918987863, 0.1097032402875184], 'size': [0.04461973939918376, 0.0849493067344041, 0.09534921802665242]}}"
6.256000000000424,0.6119978257125209,0.0,0.4,0.6089324886566019,-9.617348033327483e-08,0.39999377034712513,"{'table_obstacle': {'pos': [0.3825981920028062, 0.37518922255766707, 0.1646257963690813], 'size': [0.049837904948193595, 0.0813235869879147, 0.05243307039854257]}, 'pillar_obstacle': {'pos': [0.39994824830915515, -0.3824307480766307, 0.23470116647765446], 'size': [0.033663755439403885, 0.20172185302840845, 0.0]}, 'small_block': {'pos': [0.6140097595303955, -0.3535133918987863, 0.1097032402875184], 'size': [0.04461973939918376, 0.0849493067344041, 0.09534921802665242]}}"
6.257000000000424,0.6119978257125209,0.0,0.4,0.6089760432063395,-1.0992955744363263e-07,0.3999938440140945,"{'table_obstacle': {'pos': [0.3825981920028062, 0.37518922255766707, 0.1646257963690813], 'size': [0.049837904948193595, 0.0813235869879147, 0.05243307039854257]}, 'pillar_obstacle': {'pos': [0.39994824830915515, -0.3824307480766307, 0.23470116647765446], 'size': [0.033663755439403885, 0.20172185302840845, 0.0]}, 'small_block': {'pos': [0.6140097595303955, -0.3535133918987863, 0.1097032402875184], 'size': [0.04461973939918376, 0.0849493067344041, 0.09534921802665242]}}"
6.258000000000425,0.6119978257125209,0.0,0.4,0.6090189801770649,-1.2329709371280463e-07,0.3999939172859585,"{'table_obstacle': {'pos': [0.3825981920028062, 0.37518922255766707, 0.1646257963690813], 'size': [0.049837904948193595, 0.0813235869879147, 0.05243307039854257]}, 'pillar_obstacle': {'pos': [0.39994824830915515, -0.3824307480766307, 0.23470116647765446], 'size': [0.033663755439403885, 0.20172185302840845, 0.0]}, 'small_block': {'pos': [0.6140097595303955, -0.3535133918987863, 0.1097032402875184], 'size': [0.04461973939918376, 0.0849493067344041, 0.09534921802665242]}}"
6.259000000000425,0.6119978257125209,0.0,0.4,0.6090613082510651,-1.36282136109028e-07,0.3999939901406907,"{'table_obstacle': {'pos': [0.3825981920028062, 0.37518922255766707, 0.1646257963690813], 'size': [0.049837904948193595, 0.0813235869879147, 0.05243307039854257]}, 'pillar_obstacle': {'pos': [0.39994824830915515, -0.3824307480766307, 0.23470116647765446], 'size': [0.033663755439403885, 0.20172185302840845, 0.0]}, 'small_block': {'pos': [0.6140097595303955, -0.3535133918987863, 0.1097032402875184], 'size': [0.04461973939918376, 0.0849493067344041, 0.09534921802665242]}}"
6.260000000000425,0.6119978257125209,0.0,0.4,0.6091030359981463,-1.4889097727175607e-07,0.39999406255853626,"{'table_obstacle': {'pos': [0.3825981920028062, 0.37518922255766707, 0.1646257963690813], 'size': [0.049837904948193595, 0.0813235869879147, 0.05243307039854257]}, 'pillar_obstacle': {'pos': [0.39994824830915515, -0.3824307480766307, 0.23470116647765446], 'size': [0.033663755439403885, 0.20172185302840845, 0.0]}, 'small_block': {'pos': [0.6140097595303955, -0.3535133918987863, 0.1097032402875184], 'size': [0.04461973939918376, 0.0849493067344041, 0.09534921802665242]}}"
6.261000000000426,0.6119978257125209,0.0,0.4,0.6091441718754054,-1.6113009345948092e-07,0.39999413452173194,"{'table_obstacle': {'pos': [0.3825981920028062, 0.37518922255766707, 0.1646257963690813], 'size': [0.049837904948193595, 0.0813235869879147, 0.05243307039854257]}, 'pillar_obstacle': {'pos': [0.39994824830915515, -0.3824307480766307, 0.23470116647765446], 'size': [0.033663755439403885, 0.20172185302840845, 0.0]}, 'small_block': {'pos': [0.6140097595303955, -0.3535133918987863, 0.1097032402875184], 'size': [0.04461973939918376, 0.0849493067344041, 0.09534921802665242]}}"
6.262000000000426,0.6119978257125209,0.0,0.4,0.6091847242273397,-1.730060897472886e-07,0.39999420601426816,"{'table_obstacle': {'pos': [0.3825981920028062, 0.37518922255766707, 0.1646257963690813], 'size': [0.049837904948193595, 0.0813235869879147, 0.05243307039854257]}, 'pillar_obstacle': {'pos': [0.39994824830915515, -0.3824307480766307, 0.23470116647765446], 'size': [0.033663755439403885, 0.20172185302840845, 0.0]}, 'small_block': {'pos': [0.6140097595303955, -0.3535133918987863, 0.1097032402875184], 'size': [0.04461973939918376, 0.0849493067344041, 0.09534921802665242]}}"
6.263000000000426,0.6119978257125209,0.0,0.4,0.6092247012862263,-1.845256556216936e-07,0.39999427702168683,"{'table_obstacle': {'pos': [0.3825981920028062, 0.37518922255766707, 0.1646257963690813], 'size': [0.049837904948193595, 0.0813235869879147, 0.05243307039854257]}, 'pillar_obstacle': {'pos': [0.39994824830915515, -0.3824307480766307, 0.23470116647765446], 'size': [0.033663755439403885, 0.20172185302840845, 0.0]}, 'small_block': {'pos': [0.6140097595303955, -0.3535133918987863, 0.1097032402875184], 'size': [0.04461973939918376, 0.0849493067344041, 0.09534921802665242]}}"
6.264000000000427,0.6119978257125209,0.0,0.4,0.6092641111727208,-1.9569552961017751e-07,0.3999943475309091,"{'table_obstacle': {'pos': [0.3825981920028062, 0.37518922255766707, 0.1646257963690813], 'size': [0.049837904948193595, 0.0813235869879147, 0.05243307039854257]}, 'pillar_obstacle': {'pos': [0.39994824830915515, -0.3824307480766307, 0.23470116647765446], 'size': [0.033663755439403885, 0.20172185302840845, 0.0]}, 'small_block': {'pos': [0.6140097595303955, -0.3535133918987863, 0.1097032402875184], 'size': [0.04461973939918376, 0.0849493067344041, 0.09534921802665242]}}"
6.265000000000427,0.6119978257125209,0.0,0.4,0.6093029618966271,-2.0652246863300496e-07,0.39999441753008935,"{'table_obstacle': {'pos': [0.3825981920028062, 0.37518922255766707, 0.1646257963690813], 'size': [0.049837904948193595, 0.0813235869879147, 0.05243307039854257]}, 'pillar_obstacle': {'pos': [0.39994824830915515, -0.3824307480766307, 0.23470116647765446], 'size': [0.033663755439403885, 0.20172185302840845, 0.0]}, 'small_block': {'pos': [0.6140097595303955, -0.3535133918987863, 0.1097032402875184], 'size': [0.04461973939918376, 0.0849493067344041, 0.09534921802665242]}}"
6.266000000000427,0.6119978257125209,0.0,0.4,0.6093412613578028,-2.17013224490431e-07,0.3999944870084888,"{'table_obstacle': {'pos': [0.3825981920028062, 0.37518922255766707, 0.1646257963690813], 'size': [0.049837904948193595, 0.0813235869879147, 0.05243307039854257]}, 'pillar_obstacle': {'pos': [0.39994824830915515, -0.3824307480766307, 0.23470116647765446], 'size': [0.033663755439403885, 0.20172185302840845, 0.0]}, 'small_block': {'pos': [0.6140097595303955, -0.3535133918987863, 0.1097032402875184], 'size': [0.04461973939918376, 0.0849493067344041, 0.09534921802665242]}}"
6.267000000000428,0.6119978257125209,0.0,0.4,0.6093790173471728,-2.271745220379336e-07,0.39999455595637,"{'table_obstacle': {'pos': [0.3825981920028062, 0.37518922255766707, 0.1646257963690813], 'size': [0.049837904948193595, 0.0813235869879147, 0.05243307039854257]}, 'pillar_obstacle': {'pos': [0.39994824830915515, -0.3824307480766307, 0.23470116647765446], 'size': [0.033663755439403885, 0.20172185302840845, 0.0]}, 'small_block': {'pos': [0.6140097595303955, -0.3535133918987863, 0.1097032402875184], 'size': [0.04461973939918376, 0.0849493067344041, 0.09534921802665242]}}"
6.268000000000428,0.6119978257125209,0.0,0.4,0.609416237547826,-2.3701304476393315e-07,0.3999946243649019,"{'table_obstacle': {'pos': [0.3825981920028062, 0.37518922255766707, 0.1646257963690813], 'size': [0.049837904948193595, 0.0813235869879147, 0.05243307039854257]}, 'pillar_obstacle': {'pos': [0.39994824830915515, -0.3824307480766307, 0.23470116647765446], 'size': [0.033663755439403885, 0.20172185302840845, 0.0]}, 'small_block': {'pos': [0.6140097595303955, -0.3535133918987863, 0.1097032402875184], 'size': [0.04461973939918376, 0.0849493067344041, 0.09534921802665242]}}"
6.269000000000428,0.6119978257125209,0.0,0.4,0.6094529295361748,-2.465354200603639e-07,0.39999469222608375,"{'table_obstacle': {'pos': [0.3825981920028062, 0.37518922255766707, 0.1646257963690813], 'size': [0.049837904948193595, 0.0813235869879147, 0.05243307039854257]}, 'pillar_obstacle': {'pos': [0.39994824830915515, -0.3824307480766307, 0.23470116647765446], 'size': [0.033663755439403885, 0.20172185302840845, 0.0]}, 'small_block': {'pos': [0.6140097595303955, -0.3535133918987863, 0.1097032402875184], 'size': [0.04461973939918376, 0.0849493067344041, 0.09534921802665242]}}"
6.270000000000429,0.6119978257125209,0.0,0.4,0.6094891007831643,-2.5574820920842613e-07,0.3999947595326723,"{'table_obstacle': {'pos': [0.3825981920028062, 0.37518922255766707, 0.1646257963690813], 'size': [0.049837904948193595, 0.0813235869879147, 0.05243307039854257]}, 'pillar_obstacle': {'pos': [0.39994824830915515, -0.3824307480766307, 0.23470116647765446], 'size': [0.033663755439403885, 0.20172185302840845, 0.0]}, 'small_block': {'pos': [0.6140097595303955, -0.3535133918987863, 0.1097032402875184], 'size': [0.04461973939918376, 0.0849493067344041, 0.09534921802665242]}}"
6.271000000000429,0.6119978257125209,0.0,0.4,0.6095247586555164,-2.646578993677261e-07,0.39999482627812405,"{'table_obstacle': {'pos': [0.3825981920028062, 0.37518922255766707, 0.1646257963690813], 'size': [0.049837904948193595, 0.0813235869879147, 0.05243307039854257]}, 'pillar_obstacle': {'pos': [0.39994824830915515, -0.3824307480766307, 0.23470116647765446], 'size': [0.033663755439403885, 0.20172185302840845, 0.0]}, 'small_block': {'pos': [0.6140097595303955, -0.3535133918987863, 0.1097032402875184], 'size': [0.04461973939918376, 0.0849493067344041, 0.09534921802665242]}}"
6.272000000000429,0.6119978257125209,0.0,0.4,0.6095599104169986,-2.7327089596568186e-07,0.39999489245654213,"{'table_obstacle': {'pos': [0.3825981920028062, 0.37518922255766707, 0.1646257963690813], 'size': [0.049837904948193595, 0.0813235869879147, 0.05243307039854257]}, 'pillar_obstacle': {'pos': [0.39994824830915515, -0.3824307480766307, 0.23470116647765446], 'size': [0.033663755439403885, 0.20172185302840845, 0.0]}, 'small_block': {'pos': [0.6140097595303955, -0.3535133918987863, 0.1097032402875184], 'size': [0.04461973939918376, 0.0849493067344041, 0.09534921802665242]}}"
6.27300000000043,0.6119978257125209,0.0,0.4,0.6095945632297121,-2.815935178659478e-07,0.39999495806262986,"{'table_obstacle': {'pos': [0.3825981920028062, 0.37518922255766707, 0.1646257963690813], 'size': [0.049837904948193595, 0.0813235869879147, 0.05243307039854257]}, 'pillar_obstacle': {'pos': [0.39994824830915515, -0.3824307480766307, 0.23470116647765446], 'size': [0.033663755439403885, 0.20172185302840845, 0.0]}, 'small_block': {'pos': [0.6140097595303955, -0.3535133918987863, 0.1097032402875184], 'size': [0.04461973939918376, 0.0849493067344041, 0.09534921802665242]}}"
6.27400000000043,0.6119978257125209,0.0,0.4,0.6096287241553879,-2.8963199334097593e-07,0.39999502309164986,"{'table_obstacle': {'pos': [0.3825981920028062, 0.37518922255766707, 0.1646257963690813], 'size': [0.049837904948193595, 0.0813235869879147, 0.05243307039854257]}, 'pillar_obstacle': {'pos': [0.39994824830915515, -0.3824307480766307, 0.23470116647765446], 'size': [0.033663755439403885, 0.20172185302840845, 0.0]}, 'small_block': {'pos': [0.6140097595303955, -0.3535133918987863, 0.1097032402875184], 'size': [0.04461973939918376, 0.0849493067344041, 0.09534921802665242]}}"
6.27500000000043,0.6119978257125209,0.0,0.4,0.6096624001566892,-2.9739245687350226e-07,0.39999508753938745,"{'table_obstacle': {'pos': [0.3825981920028062, 0.37518922255766707, 0.1646257963690813], 'size': [0.049837904948193595, 0.0813235869879147, 0.05243307039854257]}, 'pillar_obstacle': {'pos': [0.39994824830915515, -0.3824307480766307, 0.23470116647765446], 'size': [0.033663755439403885, 0.20172185302840845, 0.0]}, 'small_block': {'pos': [0.6140097595303955, -0.3535133918987863, 0.1097032402875184], 'size': [0.04461973939918376, 0.0849493067344041, 0.09534921802665242]}}"
6.276000000000431,0.6119978257125209,0.0,0.4,0.6096955980985149,-3.0488094745847046e-07,0.3999951514021193,"{'table_obstacle': {'pos': [0.3825981920028062, 0.37518922255766707, 0.1646257963690813], 'size': [0.049837904948193595, 0.0813235869879147, 0.05243307039854257]}, 'pillar_obstacle': {'pos': [0.39994824830915515, -0.3824307480766307, 0.23470116647765446], 'size': [0.033663755439403885, 0.20172185302840845, 0.0]}, 'small_block': {'pos': [0.6140097595303955, -0.3535133918987863, 0.1097032402875184], 'size': [0.04461973939918376, 0.0849493067344041, 0.09534921802665242]}}"
6.277000000000431,0.6119978257125209,0.0,0.4,0.6097283247492992,-3.1210340650231724e-07,0.39999521467658244,"{'table_obstacle': {'pos': [0.3825981920028062, 0.37518922255766707, 0.1646257963690813], 'size': [0.049837904948193595, 0.0813235869879147, 0.05243307039854257]}, 'pillar_obstacle': {'pos': [0.39994824830915515, -0.3824307480766307, 0.23470116647765446], 'size': [0.033663755439403885, 0.20172185302840845, 0.0]}, 'small_block': {'pos': [0.6140097595303955, -0.3535133918987863, 0.1097032402875184], 'size': [0.04461973939918376, 0.0849493067344041, 0.09534921802665242]}}"
6.278000000000431,0.6119978257125209,0.0,0.4,0.6097605867823055,-3.190656769562457e-07,0.39999527735994905,"{'table_obstacle': {'pos': [0.3825981920028062, 0.37518922255766707, 0.1646257963690813], 'size': [0.049837904948193595, 0.0813235869879147, 0.05243307039854257]}, 'pillar_obstacle': {'pos': [0.39994824830915515, -0.3824307480766307, 0.23470116647765446], 'size': [0.033663755439403885, 0.20172185302840845, 0.0]}, 'small_block': {'pos': [0.6140097595303955, -0.3535133918987863, 0.1097032402875184], 'size': [0.04461973939918376, 0.0849493067344041, 0.09534921802665242]}}"
6.279000000000432,0.6119978257125209,0.0,0.4,0.6097923907769143,-3.257735032145991e-07,0.39999533944980165,"{'table_obstacle': {'pos': [0.3825981920028062, 0.37518922255766707, 0.1646257963690813], 'size': [0.049837904948193595, 0.0813235869879147, 0.05243307039854257]}, 'pillar_obstacle': {'pos': [0.39994824830915515, -0.3824307480766307, 0.23470116647765446], 'size': [0.033663755439403885, 0.20172185302840845, 0.0]}, 'small_block': {'pos': [0.6140097595303955, -0.3535133918987863, 0.1097032402875184], 'size': [0.04461973939918376, 0.0849493067344041, 0.09534921802665242]}}"
6.280000000000432,0.6119978257125209,0.0,0.4,0.6098237432198992,-3.3223253070849925e-07,0.39999540094411135,"{'table_obstacle': {'pos': [0.3825981920028062, 0.37518922255766707, 0.1646257963690813], 'size': [0.049837904948193595, 0.0813235869879147, 0.05243307039854257]}, 'pillar_obstacle': {'pos': [0.39994824830915515, -0.3824307480766307, 0.23470116647765446], 'size': [0.033663755439403885, 0.20172185302840845, 0.0]}, 'small_block': {'pos': [0.6140097595303955, -0.3535133918987863, 0.1097032402875184], 'size': [0.04461973939918376, 0.0849493067344041, 0.09534921802665242]}}"
6.281000000000432,0.6119978257125209,0.0,0.4,0.6098546505066939,-3.384483059096487e-07,0.3999954618412178,"{'table_obstacle': {'pos': [0.3825981920028062, 0.37518922255766707, 0.1646257963690813], 'size': [0.049837904948193595, 0.0813235869879147, 0.05243307039854257]}, 'pillar_obstacle': {'pos': [0.39994824830915515, -0.3824307480766307, 0.23470116647765446], 'size': [0.033663755439403885, 0.20172185302840845, 0.0]}, 'small_block': {'pos': [0.6140097595303955, -0.3535133918987863, 0.1097032402875184], 'size': [0.04461973939918376, 0.0849493067344041, 0.09534921802665242]}}"
6.282000000000433,0.6119978257125209,0.0,0.4,0.6098851189426457,-3.444262776931391e-07,0.3999955221398099,"{'table_obstacle': {'pos': [0.3825981920028062, 0.37518922255766707, 0.1646257963690813], 'size': [0.049837904948193595, 0.0813235869879147, 0.05243307039854257]}, 'pillar_obstacle': {'pos': [0.39994824830915515, -0.3824307480766307, 0.23470116647765446], 'size': [0.033663755439403885, 0.20172185302840845, 0.0]}, 'small_block': {'pos': [0.6140097595303955, -0.3535133918987863, 0.1097032402875184], 'size': [0.04461973939918376, 0.0849493067344041, 0.09534921802665242]}}"
6.283000000000433,0.6119978257125209,0.0,0.4,0.6099151547442568,-3.5017179652772013e-07,0.39999558183890804,"{'table_obstacle': {'pos': [0.3825981920028062, 0.37518922255766707, 0.1646257963690813], 'size': [0.049837904948193595, 0.0813235869879147, 0.05243307039854257]}, 'pillar_obstacle': {'pos': [0.39994824830915515, -0.3824307480766307, 0.23470116647765446], 'size': [0.033663755439403885, 0.20172185302840845, 0.0]}, 'small_block': {'pos': [0.6140097595303955, -0.3535133918987863, 0.1097032402875184], 'size': [0.04461973939918376, 0.0849493067344041, 0.09534921802665242]}}"
6.284000000000433,0.6119978257125209,0.0,0.4,0.6099447640404128,-3.556901164178543e-07,0.399995640937849,"{'table_obstacle': {'pos': [0.3825981920028062, 0.37518922255766707, 0.1646257963690813], 'size': [0.049837904948193595, 0.0813235869879147, 0.05243307039854257]}, 'pillar_obstacle': {'pos': [0.39994824830915515, -0.3824307480766307, 0.23470116647765446], 'size': [0.033663755439403885, 0.20172185302840845, 0.0]}, 'small_block': {'pos': [0.6140097595303955, -0.3535133918987863, 0.1097032402875184], 'size': [0.04461973939918376, 0.0849493067344041, 0.09534921802665242]}}"
6.285000000000434,0.6119978257125209,0.0,0.4,0.6099739528735932,-3.6098639560135036e-07,0.3999956994362691,"{'table_obstacle': {'pos': [0.3825981920028062, 0.37518922255766707, 0.1646257963690813], 'size': [0.049837904948193595, 0.0813235869879147, 0.05243307039854257]}, 'pillar_obstacle': {'pos': [0.39994824830915515, -0.3824307480766307, 0.23470116647765446], 'size': [0.033663755439403885, 0.20172185302840845, 0.0]}, 'small_block': {'pos': [0.6140097595303955, -0.3535133918987863, 0.1097032402875184], 'size': [0.04461973939918376, 0.0849493067344041, 0.09534921802665242]}}"
6.286000000000434,0.6159977204581554,0.0,0.4,0.6100027272010752,-3.6606569739658453e-07,0.39999575733409115,"{'table_obstacle': {'pos': [0.3825981920028062, 0.37518922255766707, 0.1646257963690813], 'size': [0.049837904948193595, 0.0813235869879147, 0.05243307039854257]}, 'pillar_obstacle': {'pos': [0.39994824830915515, -0.3824307480766307, 0.23470116647765446], 'size': [0.033663755439403885, 0.20172185302840845, 0.0]}, 'small_block': {'pos': [0.6140097595303955, -0.3535133918987863, 0.1097032402875184], 'size': [0.04461973939918376, 0.0849493067344041, 0.09534921802665242]}}"
6.287000000000434,0.6159977204581554,0.0,0.4,0.6100416889543202,-3.22976999637004e-07,0.39999559538802343,"{'table_obstacle': {'pos': [0.3825981920028062, 0.37518922255766707, 0.1646257963690813], 'size': [0.049837904948193595, 0.0813235869879147, 0.05243307039854257]}, 'pillar_obstacle': {'pos': [0.39994824830915515, -0.3824307480766307, 0.23470116647765446], 'size': [0.033663755439403885, 0.20172185302840845, 0.0]}, 'small_block': {'pos': [0.6140097595303955, -0.3535133918987863, 0.1097032402875184], 'size': [0.04461973939918376, 0.0849493067344041, 0.09534921802665242]}}"
6.288000000000435,0.6159977204581554,0.0,0.4,0.6100887138204169,-2.5118925769329585e-07,0.39999529807772927,"{'table_obstacle': {'pos': [0.3825981920028062, 0.37518922255766707, 0.1646257963690813], 'size': [0.049837904948193595, 0.0813235869879147, 0.05243307039854257]}, 'pillar_obstacle': {'pos': [0.39994824830915515, -0.3824307480766307, 0.23470116647765446], 'size': [0.033663755439403885, 0.20172185302840845, 0.0]}, 'small_block': {'pos': [0.6140097595303955, -0.3535133918987863, 0.1097032402875184], 'size': [0.04461973939918376, 0.0849493067344041, 0.09534921802665242]}}"
6.289000000000435,0.6159977204581554,0.0,0.4,0.6101420768889521,-1.6449388685629634e-07,0.3999949255161459,"{'table_obstacle': {'pos': [0.3825981920028062, 0.37518922255766707, 0.1646257963690813], 'size': [0.049837904948193595, 0.0813235869879147, 0.05243307039854257]}, 'pillar_obstacle': {'pos': [0.39994824830915515, -0.3824307480766307, 0.23470116647765446], 'size': [0.033663755439403885, 0.20172185302840845, 0.0]}, 'small_block': {'pos': [0.6140097595303955, -0.3535133918987863, 0.1097032402875184], 'size': [0.04461973939918376, 0.0849493067344041, 0.09534921802665242]}}"
6.290000000000435,0.6159977204581554,0.0,0.4,0.6102003784128764,-7.245897404566983e-08,0.39999451975727346,"{'table_obstacle': {'pos': [0.3825981920028062, 0.37518922255766707, 0.1646257963690813], 'size': [0.049837904948193595, 0.0813235869879147, 0.05243307039854257]}, 'pillar_obstacle': {'pos': [0.39994824830915515, -0.3824307480766307, 0.23470116647765446], 'size': [0.033663755439403885, 0.20172185302840845, 0.0]}, 'small_block': {'pos': [0.6140097595303955, -0.3535133918987863, 0.1097032402875184], 'size': [0.04461973939918376, 0.0849493067344041, 0.09534921802665242]}}"
6.291000000000436,0.6159977204581554,0.0,0.4,0.6102624832441251,1.846473785123908e-08,0.39999410954866227,"{'table_obstacle': {'pos': [0.3825981920028062, 0.37518922255766707, 0.1646257963690813], 'size': [0.049837904948193595, 0.0813235869879147, 0.05243307039854257]}, 'pillar_obstacle': {'pos': [0.39994824830915515, -0.3824307480766307, 0.23470116647765446], 'size': [0.033663755439403885, 0.20172185302840845, 0.0]}, 'small_block': {'pos': [0.6140097595303955, -0.3535133918987863, 0.1097032402875184], 'size': [0.04461973939918376, 0.0849493067344041, 0.09534921802665242]}}"
6.292000000000436,0.6159977204581554,0.0,0.4,0.6103274714670531,1.041058373960045e-07,0.39999371390561494,"{'table_obstacle': {'pos': [0.3825981920028062, 0.37518922255766707, 0.1646257963690813], 'size': [0.049837904948193595, 0.0813235869879147, 0.05243307039854257]}, 'pillar_obstacle': {'pos': [0.39994824830915515, -0.3824307480766307, 0.23470116647765446], 'size': [0.033663755439403885, 0.20172185302840845, 0.0]}, 'small_block': {'pos': [0.6140097595303955, -0.3535133918987863, 0.1097032402875184], 'size': [0.04461973939918376, 0.0849493067344041, 0.09534921802665242]}}"
6.293000000000436,0.6159977204581554,0.0,0.4,0.610394598186612,1.8194007998706713e-07,0.3999933447921785,"{'table_obstacle': {'pos': [0.3825981920028062, 0.37518922255766707, 0.1646257963690813], 'size': [0.049837904948193595, 0.0813235869879147, 0.05243307039854257]}, 'pillar_obstacle': {'pos': [0.39994824830915515, -0.3824307480766307, 0.23470116647765446], 'size': [0.033663755439403885, 0.20172185302840845, 0.0]}, 'small_block': {'pos': [0.6140097595303955, -0.3535133918987863, 0.1097032402875184], 'size': [0.04461973939918376, 0.0849493067344041, 0.09534921802665242]}}"
6.294000000000437,0.6159977204581554,0.0,0.4,0.6104632607913196,2.5061600192048235e-07,0.399993009125052,"{'table_obstacle': {'pos': [0.3825981920028062, 0.37518922255766707, 0.1646257963690813], 'size': [0.049837904948193595, 0.0813235869879147, 0.05243307039854257]}, 'pillar_obstacle': {'pos': [0.39994824830915515, -0.3824307480766307, 0.23470116647765446], 'size': [0.033663755439403885, 0.20172185302840845, 0.0]}, 'small_block': {'pos': [0.6140097595303955, -0.3535133918987863, 0.1097032402875184], 'size': [0.04461973939918376, 0.0849493067344041, 0.09534921802665242]}}"
6.295000000000437,0.6159977204581554,0.0,0.4,0.6105329723130857,3.0960113923997256e-07,0.39999271026460187,"{'table_obstacle': {'pos': [0.3825981920028062, 0.37518922255766707, 0.1646257963690813], 'size': [0.049837904948193595, 0.0813235869879147, 0.05243307039854257]}, 'pillar_obstacle': {'pos': [0.39994824830915515, -0.3824307480766307, 0.23470116647765446], 'size': [0.033663755439403885, 0.20172185302840845, 0.0]}, 'small_block': {'pos': [0.6140097595303955, -0.3535133918987863, 0.1097032402875184], 'size': [0.04461973939918376, 0.0849493067344041, 0.09534921802665242]}}"
6.296000000000437,0.6159977204581554,0.0,0.4,0.6106033397558825,3.5892015054050215e-07,0.39999244911789966,"{'table_obstacle': {'pos': [0.3825981920028062, 0.37518922255766707, 0.1646257963690813], 'size': [0.049837904948193595, 0.0813235869879147, 0.05243307039854257]}, 'pillar_obstacle': {'pos': [0.39994824830915515, -0.3824307480766307, 0.23470116647765446], 'size': [0.033663755439403885, 0.20172185302840845, 0.0]}, 'small_block': {'pos': [0.6140097595303955, -0.3535133918987863, 0.1097032402875184], 'size': [0.04461973939918376, 0.0849493067344041, 0.09534921802665242]}}"
6.297000000000438,0.6159977204581554,0.0,0.4,0.6106740464712933,3.989627056992138e-07,0.3999922249488752,"{'table_obstacle': {'pos': [0.3825981920028062, 0.37518922255766707, 0.1646257963690813], 'size': [0.049837904948193595, 0.0813235869879147, 0.05243307039854257]}, 'pillar_obstacle': {'pos': [0.39994824830915515, -0.3824307480766307, 0.23470116647765446], 'size': [0.033663755439403885, 0.20172185302840845, 0.0]}, 'small_block': {'pos': [0.6140097595303955, -0.3535133918987863, 0.1097032402875184], 'size': [0.04461973939918376, 0.0849493067344041, 0.09534921802665242]}}"
6.298000000000438,0.6159977204581554,0.0,0.4,0.6107448378283208,4.303441079192689e-07,0.39999203596799854,"{'table_obstacle': {'pos': [0.3825981920028062, 0.37518922255766707, 0.1646257963690813], 'size': [0.049837904948193595, 0.0813235869879147, 0.05243307039854257]}, 'pillar_obstacle': {'pos': [0.39994824830915515, -0.3824307480766307, 0.23470116647765446], 'size': [0.033663755439403885, 0.20172185302840845, 0.0]}, 'small_block': {'pos': [0.6140097595303955, -0.3535133918987863, 0.1097032402875184], 'size': [0.04461973939918376, 0.0849493067344041, 0.09534921802665242]}}"
6.299000000000438,0.6159977204581554,0.0,0.4,0.6108155095636858,4.538055697830653e-07,0.39999187975660017,"{'table_obstacle': {'pos': [0.3825981920028062, 0.37518922255766707, 0.1646257963690813], 'size': [0.049837904948193595, 0.0813235869879147, 0.05243307039854257]}, 'pillar_obstacle': {'pos': [0.39994824830915515, -0.3824307480766307, 0.23470116647765446], 'size': [0.033663755439403885, 0.20172185302840845, 0.0]}, 'small_block': {'pos': [0.6140097595303955, -0.3535133918987863, 0.1097032402875184], 'size': [0.04461973939918376, 0.0849493067344041, 0.09534921802665242]}}"
6.300000000000439,0.6159977204581554,0.0,0.4,0.6108858983124894,4.701441301570621e-07,0.39999175356773214,"{'table_obstacle': {'pos': [0.3825981920028062, 0.37518922255766707, 0.1646257963690813], 'size': [0.049837904948193595, 0.0813235869879147, 0.05243307039854257]}, 'pillar_obstacle': {'pos': [0.39994824830915515, -0.3824307480766307, 0.23470116647765446], 'size': [0.033663755439403885, 0.20172185302840845, 0.0]}, 'small_block': {'pos': [0.6140097595303955, -0.3535133918987863, 0.1097032402875184], 'size': [0.04461973939918376, 0.0849493067344041, 0.09534921802665242]}}"
6.301000000000439,0.6159977204581554,0.0,0.4,0.6109558739119618,4.801645700214334e-07,0.3999916545353696,"{'table_obstacle': {'pos': [0.3825981920028062, 0.37518922255766707, 0.1646257963690813], 'size': [0.049837904948193595, 0.0813235869879147, 0.05243307039854257]}, 'pillar_obstacle': {'pos': [0.39994824830915515, -0.3824307480766307, 0.23470116647765446], 'size': [0.033663755439403885, 0.20172185302840845, 0.0]}, 'small_block': {'pos': [0.6140097595303955, -0.3535133918987863, 0.1097032402875184], 'size': [0.04461973939918376, 0.0849493067344041, 0.09534921802665242]}}"
6.302000000000439,0.6159977204581554,0.0,0.4,0.6110253331468082,4.846475135228564e-07,0.39999157981604205,"{'table_obstacle': {'pos': [0.3825981920028062, 0.37518922255766707, 0.1646257963690813], 'size': [0.049837904948193595, 0.0813235869879147, 0.05243307039854257]}, 'pillar_obstacle': {'pos': [0.39994824830915515, -0.3824307480766307, 0.23470116647765446], 'size': [0.033663755439403885, 0.20172185302840845, 0.0]}, 'small_block': {'pos': [0.6140097595303955, -0.3535133918987863, 0.1097032402875184], 'size': [0.04461973939918376, 0.0849493067344041, 0.09534921802665242]}}"
6.30300000000044,0.6159977204581554,0.0,0.4,0.6110941946664474,4.843293170234783e-07,0.3999915266810785,"{'table_obstacle': {'pos': [0.3825981920028062, 0.37518922255766707, 0.1646257963690813], 'size': [0.049837904948193595, 0.0813235869879147, 0.05243307039854257]}, 'pillar_obstacle': {'pos': [0.39994824830915515, -0.3824307480766307, 0.23470116647765446], 'size': [0.033663755439403885, 0.20172185302840845, 0.0]}, 'small_block': {'pos': [0.6140097595303955, -0.3535133918987863, 0.1097032402875184], 'size': [0.04461973939918376, 0.0849493067344041, 0.09534921802665242]}}"
6.30400000000044,0.6159977204581554,0.0,0.4,0.611162394854791,4.798904287375398e-07,0.39999149257314565,"{'table_obstacle': {'pos': [0.3825981920028062, 0.37518922255766707, 0.1646257963690813], 'size': [0.049837904948193595, 0.0813235869879147, 0.05243307039854257]}, 'pillar_obstacle': {'pos': [0.39994824830915515, -0.3824307480766307, 0.23470116647765446], 'size': [0.033663755439403885, 0.20172185302840845, 0.0]}, 'small_block': {'pos': [0.6140097595303955, -0.3535133918987863, 0.1097032402875184], 'size': [0.04461973939918376, 0.0849493067344041, 0.09534921802665242]}}"
6.30500000000044,0.6159977204581554,0.0,0.4,0.6112298844741904,4.7194973619628293e-07,0.399991475137329,"{'table_obstacle': {'pos': [0.3825981920028062, 0.37518922255766707, 0.1646257963690813], 'size': [0.049837904948193595, 0.0813235869879147, 0.05243307039854257]}, 'pillar_obstacle': {'pos': [0.39994824830915515, -0.3824307480766307, 0.23470116647765446], 'size': [0.033663755439403885, 0.20172185302840845, 0.0]}, 'small_block': {'pos': [0.6140097595303955, -0.3535133918987863, 0.1097032402875184], 'size': [0.04461973939918376, 0.0849493067344041, 0.09534921802665242]}}"
6.306000000000441,0.6159977204581554,0.0,0.4,0.6112966259385492,4.610630559178601e-07,0.3999914722343814,"{'table_obstacle': {'pos': [0.3825981920028062, 0.37518922255766707, 0.1646257963690813], 'size': [0.049837904948193595, 0.0813235869879147, 0.05243307039854257]}, 'pillar_obstacle': {'pos': [0.39994824830915515, -0.3824307480766307, 0.23470116647765446], 'size': [0.033663755439403885, 0.20172185302840845, 0.0]}, 'small_block': {'pos': [0.6140097595303955, -0.3535133918987863, 0.1097032402875184], 'size': [0.04461973939918376, 0.0849493067344041, 0.09534921802665242]}}"
6.307000000000441,0.6159977204581554,0.0,0.4,0.6113625910977196,4.4772440048312844e-07,0.39999148194178746,"{'table_obstacle': {'pos': [0.3825981920028062, 0.37518922255766707, 0.1646257963690813], 'size': [0.049837904948193595, 0.0813235869879147, 0.05243307039854257]}, 'pillar_obstacle': {'pos': [0.39994824830915515, -0.3824307480766307, 0.23470116647765446], 'size': [0.033663755439403885, 0.20172185302840845, 0.0]}, 'small_block': {'pos': [0.6140097595303955, -0.3535133918987863, 0.1097032402875184], 'size': [0.04461973939918376, 0.0849493067344041, 0.09534921802665242]}}"
6.308000000000441,0.6159977204581554,0.0,0.4,0.6114277594373971,4.3236902730418167e-07,0.39999150254678056,"{'table_obstacle': {'pos': [0.3825981920028062, 0.37518922255766707, 0.1646257963690813], 'size': [0.049837904948193595, 0.0813235869879147, 0.05243307039854257]}, 'pillar_obstacle': {'pos': [0.39994824830915515, -0.3824307480766307, 0.23470116647765446], 'size': [0.033663755439403885, 0.20172185302840845, 0.0]}, 'small_block': {'pos': [0.6140097595303955, -0.3535133918987863, 0.1097032402875184], 'size': [0.04461973939918376, 0.0849493067344041, 0.09534921802665242]}}"
6.309000000000442,0.6159977204581554,0.0,0.4,0.6114921166166396,4.153775508973353e-07,0.3999915325343219,"{'table_obstacle': {'pos': [0.3825981920028062, 0.37518922255766707, 0.1646257963690813], 'size': [0.049837904948193595, 0.0813235869879147, 0.05243307039854257]}, 'pillar_obstacle': {'pos': [0.39994824830915515, -0.3824307480766307, 0.23470116647765446], 'size': [0.033663755439403885, 0.20172185302840845, 0.0]}, 'small_block': {'pos': [0.6140097595303955, -0.3535133918987863, 0.1097032402875184], 'size': [0.04461973939918376, 0.0849493067344041, 0.09534921802665242]}}"
6.310000000000442,0.6159977204581554,0.0,0.4,0.6115556532797556,3.970806075011188e-07,0.39999157057219453,"{'table_obstacle': {'pos': [0.3825981920028062, 0.37518922255766707, 0.1646257963690813], 'size': [0.049837904948193595, 0.0813235869879147, 0.05243307039854257]}, 'pillar_obstacle': {'pos': [0.39994824830915515, -0.3824307480766307, 0.23470116647765446], 'size': [0.033663755439403885, 0.20172185302840845, 0.0]}, 'small_block': {'pos': [0.6140097595303955, -0.3535133918987863, 0.1097032402875184], 'size': [0.04461973939918376, 0.0849493067344041, 0.09534921802665242]}}"
6.311000000000442,0.6159977204581554,0.0,0.4,0.611618364091137,3.7776371650757295e-07,0.39999161549473006,"{'table_obstacle': {'pos': [0.3825981920028062, 0.37518922255766707, 0.1646257963690813], 'size': [0.049837904948193595, 0.0813235869879147, 0.05243307039854257]}, 'pillar_obstacle': {'pos': [0.39994824830915515, -0.3824307480766307, 0.23470116647765446], 'size': [0.033663755439403885, 0.20172185302840845, 0.0]}, 'small_block': {'pos': [0.6140097595303955, -0.3535133918987863, 0.1097032402875184], 'size': [0.04461973939918376, 0.0849493067344041, 0.09534921802665242]}}"
6.312000000000443,0.6159977204581554,0.0,0.4,0.6116802469512685,3.576720977464391e-07,0.39999166628621746,"{'table_obstacle': {'pos': [0.3825981920028062, 0.37518922255766707, 0.1646257963690813], 'size': [0.049837904948193595, 0.0813235869879147, 0.05243307039854257]}, 'pillar_obstacle': {'pos': [0.39994824830915515, -0.3824307480766307, 0.23470116647765446], 'size': [0.033663755439403885, 0.20172185302840845, 0.0]}, 'small_block': {'pos': [0.6140097595303955, -0.3535133918987863, 0.1097032402875184], 'size': [0.04461973939918376, 0.0849493067344041, 0.09534921802665242]}}"
6.313000000000443,0.6159977204581554,0.0,0.4,0.6117413023599517,3.3701528598744605e-07,0.3999917220646932,"{'table_obstacle': {'pos': [0.3825981920028062, 0.37518922255766707, 0.1646257963690813], 'size': [0.049837904948193595, 0.0813235869879147, 0.05243307039854257]}, 'pillar_obstacle': {'pos': [0.39994824830915515, -0.3824307480766307, 0.23470116647765446], 'size': [0.033663755439403885, 0.20172185302840845, 0.0]}, 'small_block': {'pos': [0.6140097595303955, -0.3535133918987863, 0.1097032402875184], 'size': [0.04461973939918376, 0.0849493067344041, 0.09534921802665242]}}"
6.314000000000443,0.6159977204581554,0.0,0.4,0.6118015328991749,3.159714498275531e-07,0.3999917820665549,"{'table_obstacle': {'pos': [0.3825981920028062, 0.37518922255766707, 0.1646257963690813], 'size': [0.049837904948193595, 0.0813235869879147, 0.05243307039854257]}, 'pillar_obstacle': {'pos': [0.39994824830915515, -0.3824307480766307, 0.23470116647765446], 'size': [0.033663755439403885, 0.20172185302840845, 0.0]}, 'small_block': {'pos': [0.6140097595303955, -0.3535133918987863, 0.1097032402875184], 'size': [0.04461973939918376, 0.0849493067344041, 0.09534921802665242]}}"
6.315000000000444,0.6159977204581554,0.0,0.4,0.6118609428132001,2.946913595466195e-07,0.3999918456322699,"{'table_obstacle': {'pos': [0.3825981920028062, 0.37518922255766707, 0.1646257963690813], 'size': [0.049837904948193595, 0.0813235869879147, 0.05243307039854257]}, 'pillar_obstacle': {'pos': [0.39994824830915515, -0.3824307480766307, 0.23470116647765446], 'size': [0.033663755439403885, 0.20172185302840845, 0.0]}, 'small_block': {'pos': [0.6140097595303955, -0.3535133918987863, 0.1097032402875184], 'size': [0.04461973939918376, 0.0849493067344041, 0.09534921802665242]}}"
6.316000000000444,0.6159977204581554,0.0,0.4,0.6119195376676563,2.7330198212511776e-07,0.39999191219330776,"{'table_obstacle': {'pos': [0.3825981920028062, 0.37518922255766707, 0.1646257963690813], 'size': [0.049837904948193595, 0.0813235869879147, 0.05243307039854257]}, 'pillar_obstacle': {'pos': [0.39994824830915515, -0.3824307480766307, 0.23470116647765446], 'size': [0.033663755439403885, 0.20172185302840845, 0.0]}, 'small_block': {'pos': [0.6140097595303955, -0.3535133918987863, 0.1097032402875184], 'size': [0.04461973939918376, 0.0849493067344041, 0.09534921802665242]}}"
6.317000000000444,0.6159977204581554,0.0,0.4,0.6119773240728454,2.519097044454315e-07,0.3999919812603417,"{'table_obstacle': {'pos': [0.3825981920028062, 0.37518922255766707, 0.1646257963690813], 'size': [0.049837904948193595, 0.0813235869879147, 0.05243307039854257]}, 'pillar_obstacle': {'pos': [0.39994824830915515, -0.3824307480766307, 0.23470116647765446], 'size': [0.033663755439403885, 0.20172185302840845, 0.0]}, 'small_block': {'pos': [0.6140097595303955, -0.3535133918987863, 0.1097032402875184], 'size': [0.04461973939918376, 0.0849493067344041, 0.09534921802665242]}}"
6.318000000000445,0.6159977204581554,0.0,0.4,0.6120343094592205,2.3060319481386425e-07,0.3999920524127088,"{'table_obstacle': {'pos': [0.3825981920028062, 0.37518922255766707, 0.1646257963690813], 'size': [0.049837904948193595, 0.0813235869879147, 0.05243307039854257]}, 'pillar_obstacle': {'pos': [0.39994824830915515, -0.3824307480766307, 0.23470116647765446], 'size': [0.033663755439403885, 0.20172185302840845, 0.0]}, 'small_block': {'pos': [0.6140097595303955, -0.3535133918987863, 0.1097032402875184], 'size': [0.04461973939918376, 0.0849493067344041, 0.09534921802665242]}}"
6.319000000000445,0.6159977204581554,0.0,0.4,0.612090501895272,2.0945592471123166e-07,0.3999921252890666,"{'table_obstacle': {'pos': [0.3825981920028062, 0.37518922255766707, 0.1646257963690813], 'size': [0.049837904948193595, 0.0813235869879147, 0.05243307039854257]}, 'pillar_obstacle': {'pos': [0.39994824830915515, -0.3824307480766307, 0.23470116647765446], 'size': [0.033663755439403885, 0.20172185302840845, 0.0]}, 'small_block': {'pos': [0.6140097595303955, -0.3535133918987863, 0.1097032402875184], 'size': [0.04461973939918376, 0.0849493067344041, 0.09534921802665242]}}"
6.320000000000445,0.6159977204581554,0.0,0.4,0.6121459099398741,1.885283769081086e-07,0.3999921995791736,"{'table_obstacle': {'pos': [0.3825981920028062, 0.37518922255766707, 0.1646257963690813], 'size': [0.049837904948193595, 0.0813235869879147, 0.05243307039854257]}, 'pillar_obstacle': {'pos': [0.39994824830915515, -0.3824307480766307, 0.23470116647765446], 'size': [0.033663755439403885, 0.20172185302840845, 0.0]}, 'small_block': {'pos': [0.6140097595303955, -0.3535133918987863, 0.1097032402875184], 'size': [0.04461973939918376, 0.0849493067344041, 0.09534921802665242]}}"
6.321000000000446,0.6159977204581554,0.0,0.4,0.612200542522639,1.6786996847186342e-07,0.39999227501669704,"{'table_obstacle': {'pos': [0.3825981920028062, 0.37518922255766707, 0.1646257963690813], 'size': [0.049837904948193595, 0.0813235869879147, 0.05243307039854257]}, 'pillar_obstacle': {'pos': [0.39994824830915515, -0.3824307480766307, 0.23470116647765446], 'size': [0.033663755439403885, 0.20172185302840845, 0.0]}, 'small_block': {'pos': [0.6140097595303955, -0.3535133918987863, 0.1097032402875184], 'size': [0.04461973939918376, 0.0849493067344041, 0.09534921802665242]}}"
6.322000000000446,0.6159977204581554,0.0,0.4,0.612254408847029,1.475207179845839e-07,0.3999923513729539,"{'table_obstacle': {'pos': [0.3825981920028062, 0.37518922255766707, 0.1646257963690813], 'size': [0.049837904948193595, 0.0813235869879147, 0.05243307039854257]}, 'pillar_obstacle': {'pos': [0.39994824830915515, -0.3824307480766307, 0.23470116647765446], 'size': [0.033663755439403885, 0.20172185302840845, 0.0]}, 'small_block': {'pos': [0.6140097595303955, -0.3535133918987863, 0.1097032402875184], 'size': [0.04461973939918376, 0.0849493067344041, 0.09534921802665242]}}"
6.323000000000446,0.6159977204581554,0.0,0.4,0.6123075183119663,1.2751268276125296e-07,0.39999242845148736,"{'table_obstacle': {'pos': [0.3825981920028062, 0.37518922255766707, 0.1646257963690813], 'size': [0.049837904948193595, 0.0813235869879147, 0.05243307039854257]}, 'pillar_obstacle': {'pos': [0.39994824830915515, -0.3824307480766307, 0.23470116647765446], 'size': [0.033663755439403885, 0.20172185302840845, 0.0]}, 'small_block': {'pos': [0.6140097595303955, -0.3535133918987863, 0.1097032402875184], 'size': [0.04461973939918376, 0.0849493067344041, 0.09534921802665242]}}"
6.324000000000447,0.6159977204581554,0.0,0.4,0.6123598804484747,1.0787119595409057e-07,0.39999250608338355,"{'table_obstacle': {'pos': [0.3825981920028062, 0.37518922255766707, 0.1646257963690813], 'size': [0.049837904948193595, 0.0813235869879147, 0.05243307039854257]}, 'pillar_obstacle': {'pos': [0.39994824830915515, -0.3824307480766307, 0.23470116647765446], 'size': [0.033663755439403885, 0.20172185302840845, 0.0]}, 'small_block': {'pos': [0.6140097595303955, -0.3535133918987863, 0.1097032402875184], 'size': [0.04461973939918376, 0.0849493067344041, 0.09534921802665242]}}"
6.325000000000447,0.6159977204581554,0.0,0.4,0.6124115048685317,8.861592600240028e-08,0.3999925841232438,"{'table_obstacle': {'pos': [0.3825981920028062, 0.37518922255766707, 0.1646257963690813], 'size': [0.049837904948193595, 0.0813235869879147, 0.05243307039854257]}, 'pillar_obstacle': {'pos': [0.39994824830915515, -0.3824307480766307, 0.23470116647765446], 'size': [0.033663755439403885, 0.20172185302840845, 0.0]}, 'small_block': {'pos': [0.6140097595303955, -0.3535133918987863, 0.1097032402875184], 'size': [0.04461973939918376, 0.0849493067344041, 0.09534921802665242]}}"
6.326000000000447,0.6159977204581554,0.0,0.4,0.6124624012238506,6.976178180824862e-08,0.3999926624457271,"{'table_obstacle': {'pos': [0.3825981920028062, 0.37518922255766707, 0.1646257963690813], 'size': [0.049837904948193595, 0.0813235869879147, 0.05243307039854257]}, 'pillar_obstacle': {'pos': [0.39994824830915515, -0.3824307480766307, 0.23470116647765446], 'size': [0.033663755439403885, 0.20172185302840845, 0.0]}, 'small_block': {'pos': [0.6140097595303955, -0.3535133918987863, 0.1097032402875184], 'size': [0.04461973939918376, 0.0849493067344041, 0.09534921802665242]}}"
6.327000000000448,0.6159977204581554,0.0,0.4,0.612512579172724,5.1319684395521595e-08,0.3999927409425936,"{'table_obstacle': {'pos': [0.3825981920028062, 0.37518922255766707, 0.1646257963690813], 'size': [0.049837904948193595, 0.0813235869879147, 0.05243307039854257]}, 'pillar_obstacle': {'pos': [0.39994824830915515, -0.3824307480766307, 0.23470116647765446], 'size': [0.033663755439403885, 0.20172185302840845, 0.0]}, 'small_block': {'pos': [0.6140097595303955, -0.3535133918987863, 0.1097032402875184], 'size': [0.04461973939918376, 0.0849493067344041, 0.09534921802665242]}}"
6.328000000000448,0.6159977204581554,0.0,0.4,0.6125620483534172,3.329722144485223e-08,0.39999281952017957,"{'table_obstacle': {'pos': [0.3825981920028062, 0.37518922255766707, 0.1646257963690813], 'size': [0.049837904948193595, 0.0813235869879147, 0.05243307039854257]}, 'pillar_obstacle': {'pos': [0.39994824830915515, -0.3824307480766307, 0.23470116647765446], 'size': [0.033663755439403885, 0.20172185302840845, 0.0]}, 'small_block': {'pos': [0.6140097595303955, -0.3535133918987863, 0.1097032402875184], 'size': [0.04461973939918376, 0.0849493067344041, 0.09534921802665242]}}"
6.329000000000448,0.6159977204581554,0.0,0.4,0.6126108183628882,1.5699205487296684e-08,0.39999289809724503,"{'table_obstacle': {'pos': [0.3825981920028062, 0.37518922255766707, 0.1646257963690813], 'size': [0.049837904948193595, 0.0813235869879147, 0.05243307039854257]}, 'pillar_obstacle': {'pos': [0.39994824830915515, -0.3824307480766307, 0.23470116647765446], 'size': [0.033663755439403885, 0.20172185302840845, 0.0]}, 'small_block': {'pos': [0.6140097595303955, -0.3535133918987863, 0.1097032402875184], 'size': [0.04461973939918376, 0.0849493067344041, 0.09534921802665242]}}"
6.330000000000449,0.6159977204581554,0.0,0.4,0.6126588987398254,-1.4718588097436412e-09,0.3999929766031454,"{'table_obstacle': {'pos': [0.3825981920028062, 0.37518922255766707, 0.1646257963690813], 'size': [0.049837904948193595, 0.0813235869879147, 0.05243307039854257]}, 'pillar_obstacle': {'pos': [0.39994824830915515, -0.3824307480766307, 0.23470116647765446], 'size': [0.033663755439403885, 0.20172185302840845, 0.0]}, 'small_block': {'pos': [0.6140097595303955, -0.3535133918987863, 0.1097032402875184], 'size': [0.04461973939918376, 0.0849493067344041, 0.09534921802665242]}}"
6.331000000000449,0.6159977204581554,0.0,0.4,0.6127062989511969,-1.821537442739529e-08,0.3999930549762754,"{'table_obstacle': {'pos': [0.3825981920028062, 0.37518922255766707, 0.1646257963690813], 'size': [0.049837904948193595, 0.0813235869879147, 0.05243307039854257]}, 'pillar_obstacle': {'pos': [0.39994824830915515, -0.3824307480766307, 0.23470116647765446], 'size': [0.033663755439403885, 0.20172185302840845, 0.0]}, 'small_block': {'pos': [0.6140097595303955, -0.3535133918987863, 0.1097032402875184], 'size': [0.04461973939918376, 0.0849493067344041, 0.09534921802665242]}}"
6.332000000000449,0.6159977204581554,0.0,0.4,0.612753028381651,-3.4532319235862214e-08,0.399993133162752,"{'table_obstacle': {'pos': [0.3825981920028062, 0.37518922255766707, 0.1646257963690813], 'size': [0.049837904948193595, 0.0813235869879147, 0.05243307039854257]}, 'pillar_obstacle': {'pos': [0.39994824830915515, -0.3824307480766307, 0.23470116647765446], 'size': [0.033663755439403885, 0.20172185302840845, 0.0]}, 'small_block': {'pos': [0.6140097595303955, -0.3535133918987863, 0.1097032402875184], 'size': [0.04461973939918376, 0.0849493067344041, 0.09534921802665242]}}"
6.33300000000045,0.6159977204581554,0.0,0.4,0.6127990963252266,-5.042496224453863e-08,0.39999321111529573,"{'table_obstacle': {'pos': [0.3825981920028062, 0.37518922255766707, 0.1646257963690813], 'size': [0.049837904948193595, 0.0813235869879147, 0.05243307039854257]}, 'pillar_obstacle': {'pos': [0.39994824830915515, -0.3824307480766307, 0.23470116647765446], 'size': [0.033663755439403885, 0.20172185302840845, 0.0]}, 'small_block': {'pos': [0.6140097595303955, -0.3535133918987863, 0.1097032402875184], 'size': [0.04461973939918376, 0.0849493067344041, 0.09534921802665242]}}"
6.33400000000045,0.6159977204581554,0.0,0.4,0.612844511978941,-6.589662855856854e-08,0.39999328879228657,"{'table_obstacle': {'pos': [0.3825981920028062, 0.37518922255766707, 0.1646257963690813], 'size': [0.049837904948193595, 0.0813235869879147, 0.05243307039854257]}, 'pillar_obstacle': {'pos': [0.39994824830915515, -0.3824307480766307, 0.23470116647765446], 'size': [0.033663755439403885, 0.20172185302840845, 0.0]}, 'small_block': {'pos': [0.6140097595303955, -0.3535133918987863, 0.1097032402875184], 'size': [0.04461973939918376, 0.0849493067344041, 0.09534921802665242]}}"
6.33500000000045,0.6159977204581554,0.0,0.4,0.6128892844378978,-8.095149985236189e-08,0.3999933661569634,"{'table_obstacle': {'pos': [0.3825981920028062, 0.37518922255766707, 0.1646257963690813], 'size': [0.049837904948193595, 0.0813235869879147, 0.05243307039854257]}, 'pillar_obstacle': {'pos': [0.39994824830915515, -0.3824307480766307, 0.23470116647765446], 'size': [0.033663755439403885, 0.20172185302840845, 0.0]}, 'small_block': {'pos': [0.6140097595303955, -0.3535133918987863, 0.1097032402875184], 'size': [0.04461973939918376, 0.0849493067344041, 0.09534921802665242]}}"
6.336000000000451,0.6159977204581554,0.0,0.4,0.6129334226916281,-9.559444803557435e-08,0.3999934431767449,"{'table_obstacle': {'pos': [0.3825981920028062, 0.37518922255766707, 0.1646257963690813], 'size': [0.049837904948193595, 0.0813235869879147, 0.05243307039854257]}, 'pillar_obstacle': {'pos': [0.39994824830915515, -0.3824307480766307, 0.23470116647765446], 'size': [0.033663755439403885, 0.20172185302840845, 0.0]}, 'small_block': {'pos': [0.6140097595303955, -0.3535133918987863, 0.1097032402875184], 'size': [0.04461973939918376, 0.0849493067344041, 0.09534921802665242]}}"
6.337000000000451,0.6159977204581554,0.0,0.4,0.6129769356214319,-1.098308970212496e-07,0.3999935198226609,"{'table_obstacle': {'pos': [0.3825981920028062, 0.37518922255766707, 0.1646257963690813], 'size': [0.049837904948193595, 0.0813235869879147, 0.05243307039854257]}, 'pillar_obstacle': {'pos': [0.39994824830915515, -0.3824307480766307, 0.23470116647765446], 'size': [0.033663755439403885, 0.20172185302840845, 0.0]}, 'small_block': {'pos': [0.6140097595303955, -0.3535133918987863, 0.1097032402875184], 'size': [0.04461973939918376, 0.0849493067344041, 0.09534921802665242]}}"
6.338000000000451,0.6159977204581554,0.0,0.4,0.6130198319985201,-1.236667054318986e-07,0.39999359606886625,"{'table_obstacle': {'pos': [0.3825981920028062, 0.37518922255766707, 0.1646257963690813], 'size': [0.049837904948193595, 0.0813235869879147, 0.05243307039854257]}, 'pillar_obstacle': {'pos': [0.39994824830915515, -0.3824307480766307, 0.23470116647765446], 'size': [0.033663755439403885, 0.20172185302840845, 0.0]}, 'small_block': {'pos': [0.6140097595303955, -0.3535133918987863, 0.1097032402875184], 'size': [0.04461973939918376, 0.0849493067344041, 0.09534921802665242]}}"
6.339000000000452,0.6159977204581554,0.0,0.4,0.6130621204828184,-1.3710807081591343e-07,0.3999936718922315,"{'table_obstacle': {'pos': [0.3825981920028062, 0.37518922255766707, 0.1646257963690813], 'size': [0.049837904948193595, 0.0813235869879147, 0.05243307039854257]}, 'pillar_obstacle': {'pos': [0.39994824830915515, -0.3824307480766307, 0.23470116647765446], 'size': [0.033663755439403885, 0.20172185302840845, 0.0]}, 'small_block': {'pos': [0.6140097595303955, -0.3535133918987863, 0.1097032402875184], 'size': [0.04461973939918376, 0.0849493067344041, 0.09534921802665242]}}"
6.340000000000452,0.6159977204581554,0.0,0.4,0.613103809622289,-1.5016144931390996e-07,0.3999937472719976,"{'table_obstacle': {'pos': [0.3825981920028062, 0.37518922255766707, 0.1646257963690813], 'size': [0.049837904948193595, 0.0813235869879147, 0.05243307039854257]}, 'pillar_obstacle': {'pos': [0.39994824830915515, -0.3824307480766307, 0.23470116647765446], 'size': [0.033663755439403885, 0.20172185302840845, 0.0]}, 'small_block': {'pos': [0.6140097595303955, -0.3535133918987863, 0.1097032402875184], 'size': [0.04461973939918376, 0.0849493067344041, 0.09534921802665242]}}"
6.341000000000452,0.6159977204581554,0.0,0.4,0.6131449078526842,-1.6283348761563893e-07,0.3999938221894819,"{'table_obstacle': {'pos': [0.3825981920028062, 0.37518922255766707, 0.1646257963690813], 'size': [0.049837904948193595, 0.0813235869879147, 0.05243307039854257]}, 'pillar_obstacle': {'pos': [0.39994824830915515, -0.3824307480766307, 0.23470116647765446], 'size': [0.033663755439403885, 0.20172185302840845, 0.0]}, 'small_block': {'pos': [0.6140097595303955, -0.3535133918987863, 0.1097032402875184], 'size': [0.04461973939918376, 0.0849493067344041, 0.09534921802665242]}}"
6.342000000000453,0.6159977204581554,0.0,0.4,0.6131854234976323,-1.75130968885468e-07,0.39999389662783036,"{'table_obstacle': {'pos': [0.3825981920028062, 0.37518922255766707, 0.1646257963690813], 'size': [0.049837904948193595, 0.0813235869879147, 0.05243307039854257]}, 'pillar_obstacle': {'pos': [0.39994824830915515, -0.3824307480766307, 0.23470116647765446], 'size': [0.033663755439403885, 0.20172185302840845, 0.0]}, 'small_block': {'pos': [0.6140097595303955, -0.3535133918987863, 0.1097032402875184], 'size': [0.04461973939918376, 0.0849493067344041, 0.09534921802665242]}}"
6.343000000000453,0.6159977204581554,0.0,0.4,0.6132253647690055,-1.8706076679366387e-07,0.39999397057180536,"{'table_obstacle': {'pos': [0.3825981920028062, 0.37518922255766707, 0.1646257963690813], 'size': [0.049837904948193595, 0.0813235869879147, 0.05243307039854257]}, 'pillar_obstacle': {'pos': [0.39994824830915515, -0.3824307480766307, 0.23470116647765446], 'size': [0.033663755439403885, 0.20172185302840845, 0.0]}, 'small_block': {'pos': [0.6140097595303955, -0.3535133918987863, 0.1097032402875184], 'size': [0.04461973939918376, 0.0849493067344041, 0.09534921802665242]}}"
6.344000000000453,0.6159977204581554,0.0,0.4,0.6132647397674997,-1.986298067279111e-07,0.39999404400760685,"{'table_obstacle': {'pos': [0.3825981920028062, 0.37518922255766707, 0.1646257963690813], 'size': [0.049837904948193595, 0.0813235869879147, 0.05243307039854257]}, 'pillar_obstacle': {'pos': [0.39994824830915515, -0.3824307480766307, 0.23470116647765446], 'size': [0.033663755439403885, 0.20172185302840845, 0.0]}, 'small_block': {'pos': [0.6140097595303955, -0.3535133918987863, 0.1097032402875184], 'size': [0.04461973939918376, 0.0849493067344041, 0.09534921802665242]}}"
6.345000000000454,0.6159977204581554,0.0,0.4,0.6133035564833904,-2.0984503561545086e-07,0.39999411692271886,"{'table_obstacle': {'pos': [0.3825981920028062, 0.37518922255766707, 0.1646257963690813], 'size': [0.049837904948193595, 0.0813235869879147, 0.05243307039854257]}, 'pillar_obstacle': {'pos': [0.39994824830915515, -0.3824307480766307, 0.23470116647765446], 'size': [0.033663755439403885, 0.20172185302840845, 0.0]}, 'small_block': {'pos': [0.6140097595303955, -0.3535133918987863, 0.1097032402875184], 'size': [0.04461973939918376, 0.0849493067344041, 0.09534921802665242]}}"
6.346000000000454,0.6159977204581554,0.0,0.4,0.6133418227974269,-2.207133962887815e-07,0.39999418930578023,"{'table_obstacle': {'pos': [0.3825981920028062, 0.37518922255766707, 0.1646257963690813], 'size': [0.049837904948193595, 0.0813235869879147, 0.05243307039854257]}, 'pillar_obstacle': {'pos': [0.39994824830915515, -0.3824307480766307, 0.23470116647765446], 'size': [0.033663755439403885, 0.20172185302840845, 0.0]}, 'small_block': {'pos': [0.6140097595303955, -0.3535133918987863, 0.1097032402875184], 'size': [0.04461973939918376, 0.0849493067344041, 0.09534921802665242]}}"
6.347000000000454,0.6159977204581554,0.0,0.4,0.6133795464818316,-2.3124180600980481e-07,0.3999942611464705,"{'table_obstacle': {'pos': [0.3825981920028062, 0.37518922255766707, 0.1646257963690813], 'size': [0.049837904948193595, 0.0813235869879147, 0.05243307039854257]}, 'pillar_obstacle': {'pos': [0.39994824830915515, -0.3824307480766307, 0.23470116647765446], 'size': [0.033663755439403885, 0.20172185302840845, 0.0]}, 'small_block': {'pos': [0.6140097595303955, -0.3535133918987863, 0.1097032402875184], 'size': [0.04461973939918376, 0.0849493067344041, 0.09534921802665242]}}"
6.348000000000455,0.6159977204581554,0.0,0.4,0.6134167352013872,-2.414371403462575e-07,0.3999943324354152,"{'table_obstacle': {'pos': [0.3825981920028062, 0.37518922255766707, 0.1646257963690813], 'size': [0.049837904948193595, 0.0813235869879147, 0.05243307039854257]}, 'pillar_obstacle': {'pos': [0.39994824830915515, -0.3824307480766307, 0.23470116647765446], 'size': [0.033663755439403885, 0.20172185302840845, 0.0]}, 'small_block': {'pos': [0.6140097595303955, -0.3535133918987863, 0.1097032402875184], 'size': [0.04461973939918376, 0.0849493067344041, 0.09534921802665242]}}"
6.349000000000455,0.6159977204581554,0.0,0.4,0.6134533965145847,-2.5130621866408154e-07,0.39999440316410223,"{'table_obstacle': {'pos': [0.3825981920028062, 0.37518922255766707, 0.1646257963690813], 'size': [0.049837904948193595, 0.0813235869879147, 0.05243307039854257]}, 'pillar_obstacle': {'pos': [0.39994824830915515, -0.3824307480766307, 0.23470116647765446], 'size': [0.033663755439403885, 0.20172185302840845, 0.0]}, 'small_block': {'pos': [0.6140097595303955, -0.3535133918987863, 0.1097032402875184], 'size': [0.04461973939918376, 0.0849493067344041, 0.09534921802665242]}}"
6.350000000000455,0.6159977204581554,0.0,0.4,0.6134895378748234,-2.6085579303910953e-07,0.3999944733248101,"{'table_obstacle': {'pos': [0.3825981920028062, 0.37518922255766707, 0.1646257963690813], 'size': [0.049837904948193595, 0.0813235869879147, 0.05243307039854257]}, 'pillar_obstacle': {'pos': [0.39994824830915515, -0.3824307480766307, 0.23470116647765446], 'size': [0.033663755439403885, 0.20172185302840845, 0.0]}, 'small_block': {'pos': [0.6140097595303955, -0.3535133918987863, 0.1097032402875184], 'size': [0.04461973939918376, 0.0849493067344041, 0.09534921802665242]}}"
6.351000000000456,0.6159977204581554,0.0,0.4,0.6135251666316448,-2.7009254009547576e-07,0.39999454291054537,"{'table_obstacle': {'pos': [0.3825981920028062, 0.37518922255766707, 0.1646257963690813], 'size': [0.049837904948193595, 0.0813235869879147, 0.05243307039854257]}, 'pillar_obstacle': {'pos': [0.39994824830915515, -0.3824307480766307, 0.23470116647765446], 'size': [0.033663755439403885, 0.20172185302840845, 0.0]}, 'small_block': {'pos': [0.6140097595303955, -0.3535133918987863, 0.1097032402875184], 'size': [0.04461973939918376, 0.0849493067344041, 0.09534921802665242]}}"
6.352000000000456,0.6159977204581554,0.0,0.4,0.6135602900319945,-2.790230531206443e-07,0.39999461191498736,"{'table_obstacle': {'pos': [0.3825981920028062, 0.37518922255766707, 0.1646257963690813], 'size': [0.049837904948193595, 0.0813235869879147, 0.05243307039854257]}, 'pillar_obstacle': {'pos': [0.39994824830915515, -0.3824307480766307, 0.23470116647765446], 'size': [0.033663755439403885, 0.20172185302840845, 0.0]}, 'small_block': {'pos': [0.6140097595303955, -0.3535133918987863, 0.1097032402875184], 'size': [0.04461973939918376, 0.0849493067344041, 0.09534921802665242]}}"
6.353000000000456,0.6159977204581554,0.0,0.4,0.6135949152214992,-2.876538372294741e-07,0.39999468033244095,"{'table_obstacle': {'pos': [0.3825981920028062, 0.37518922255766707, 0.1646257963690813], 'size': [0.049837904948193595, 0.0813235869879147, 0.05243307039854257]}, 'pillar_obstacle': {'pos': [0.39994824830915515, -0.3824307480766307, 0.23470116647765446], 'size': [0.033663755439403885, 0.20172185302840845, 0.0]}, 'small_block': {'pos': [0.6140097595303955, -0.3535133918987863, 0.1097032402875184], 'size': [0.04461973939918376, 0.0849493067344041, 0.09534921802665242]}}"
6.354000000000457,0.6159977204581554,0.0,0.4,0.6136290492457579,-2.959913049956343e-07,0.39999474815779296,"{'table_obstacle': {'pos': [0.3825981920028062, 0.37518922255766707, 0.1646257963690813], 'size': [0.049837904948193595, 0.0813235869879147, 0.05243307039854257]}, 'pillar_obstacle': {'pos': [0.39994824830915515, -0.3824307480766307, 0.23470116647765446], 'size': [0.033663755439403885, 0.20172185302840845, 0.0]}, 'small_block': {'pos': [0.6140097595303955, -0.3535133918987863, 0.1097032402875184], 'size': [0.04461973939918376, 0.0849493067344041, 0.09534921802665242]}}"
6.355000000000457,0.6159977204581554,0.0,0.4,0.6136626990516338,-3.040417726890344e-07,0.3999948153864761,"{'table_obstacle': {'pos': [0.3825981920028062, 0.37518922255766707, 0.1646257963690813], 'size': [0.049837904948193595, 0.0813235869879147, 0.05243307039854257]}, 'pillar_obstacle': {'pos': [0.39994824830915515, -0.3824307480766307, 0.23470116647765446], 'size': [0.033663755439403885, 0.20172185302840845, 0.0]}, 'small_block': {'pos': [0.6140097595303955, -0.3535133918987863, 0.1097032402875184], 'size': [0.04461973939918376, 0.0849493067344041, 0.09534921802665242]}}"
6.356000000000457,0.6159977204581554,0.0,0.4,0.6136958714885535,-3.1181145904402124e-07,0.3999948820144325,"{'table_obstacle': {'pos': [0.3825981920028062, 0.37518922255766707, 0.1646257963690813], 'size': [0.049837904948193595, 0.0813235869879147, 0.05243307039854257]}, 'pillar_obstacle': {'pos': [0.39994824830915515, -0.3824307480766307, 0.23470116647765446], 'size': [0.033663755439403885, 0.20172185302840845, 0.0]}, 'small_block': {'pos': [0.6140097595303955, -0.3535133918987863, 0.1097032402875184], 'size': [0.04461973939918376, 0.0849493067344041, 0.09534921802665242]}}"
6.357000000000458,0.6159977204581554,0.0,0.4,0.6137285733097954,-3.1930648232908153e-07,0.3999949480380862,"{'table_obstacle': {'pos': [0.3825981920028062, 0.37518922255766707, 0.1646257963690813], 'size': [0.049837904948193595, 0.0813235869879147, 0.05243307039854257]}, 'pillar_obstacle': {'pos': [0.39994824830915515, -0.3824307480766307, 0.23470116647765446], 'size': [0.033663755439403885, 0.20172185302840845, 0.0]}, 'small_block': {'pos': [0.6140097595303955, -0.3535133918987863, 0.1097032402875184], 'size': [0.04461973939918376, 0.0849493067344041, 0.09534921802665242]}}"
6.358000000000458,0.6159977204581554,0.0,0.4,0.6137608111737813,-3.2653286070042536e-07,0.39999501345431354,"{'table_obstacle': {'pos': [0.3825981920028062, 0.37518922255766707, 0.1646257963690813], 'size': [0.049837904948193595, 0.0813235869879147, 0.05243307039854257]}, 'pillar_obstacle': {'pos': [0.39994824830915515, -0.3824307480766307, 0.23470116647765446], 'size': [0.033663755439403885, 0.20172185302840845, 0.0]}, 'small_block': {'pos': [0.6140097595303955, -0.3535133918987863, 0.1097032402875184], 'size': [0.04461973939918376, 0.0849493067344041, 0.09534921802665242]}}"
6.359000000000458,0.6159977204581554,0.0,0.4,0.6137925916453545,-3.3349651023729385e-07,0.3999950782604188,"{'table_obstacle': {'pos': [0.3825981920028062, 0.37518922255766707, 0.1646257963690813], 'size': [0.049837904948193595, 0.0813235869879147, 0.05243307039854257]}, 'pillar_obstacle': {'pos': [0.39994824830915515, -0.3824307480766307, 0.23470116647765446], 'size': [0.033663755439403885, 0.20172185302840845, 0.0]}, 'small_block': {'pos': [0.6140097595303955, -0.3535133918987863, 0.1097032402875184], 'size': [0.04461973939918376, 0.0849493067344041, 0.09534921802665242]}}"
6.360000000000459,0.6159977204581554,0.0,0.4,0.6138239211970512,-3.4020324628540273e-07,0.3999951424541126,"{'table_obstacle': {'pos': [0.3825981920028062, 0.37518922255766707, 0.1646257963690813], 'size': [0.049837904948193595, 0.0813235869879147, 0.05243307039854257]}, 'pillar_obstacle': {'pos': [0.39994824830915515, -0.3824307480766307, 0.23470116647765446], 'size': [0.033663755439403885, 0.20172185302840845, 0.0]}, 'small_block': {'pos': [0.6140097595303955, -0.3535133918987863, 0.1097032402875184], 'size': [0.04461973939918376, 0.0849493067344041, 0.09534921802665242]}}"
6.361000000000459,0.6159977204581554,0.0,0.4,0.6138548062103599,-3.4665878233183504e-07,0.39999520603348826,"{'table_obstacle': {'pos': [0.3825981920028062, 0.37518922255766707, 0.1646257963690813], 'size': [0.049837904948193595, 0.0813235869879147, 0.05243307039854257]}, 'pillar_obstacle': {'pos': [0.39994824830915515, -0.3824307480766307, 0.23470116647765446], 'size': [0.033663755439403885, 0.20172185302840845, 0.0]}, 'small_block': {'pos': [0.6140097595303955, -0.3535133918987863, 0.1097032402875184], 'size': [0.04461973939918376, 0.0849493067344041, 0.09534921802665242]}}"
6.362000000000459,0.6159977204581554,0.0,0.4,0.6138852529769704,-3.528687313599096e-07,0.3999952689970043,"{'table_obstacle': {'pos': [0.3825981920028062, 0.37518922255766707, 0.1646257963690813], 'size': [0.049837904948193595, 0.0813235869879147, 0.05243307039854257]}, 'pillar_obstacle': {'pos': [0.39994824830915515, -0.3824307480766307, 0.23470116647765446], 'size': [0.033663755439403885, 0.20172185302840845, 0.0]}, 'small_block': {'pos': [0.6140097595303955, -0.3535133918987863, 0.1097032402875184], 'size': [0.04461973939918376, 0.0849493067344041, 0.09534921802665242]}}"
6.36300000000046,0.6159977204581554,0.0,0.4,0.6139152677000077,-3.5883860587563897e-07,0.39999533134346615,"{'table_obstacle': {'pos': [0.3825981920028062, 0.37518922255766707, 0.1646257963690813], 'size': [0.049837904948193595, 0.0813235869879147, 0.05243307039854257]}, 'pillar_obstacle': {'pos': [0.39994824830915515, -0.3824307480766307, 0.23470116647765446], 'size': [0.033663755439403885, 0.20172185302840845, 0.0]}, 'small_block': {'pos': [0.6140097595303955, -0.3535133918987863, 0.1097032402875184], 'size': [0.04461973939918376, 0.0849493067344041, 0.09534921802665242]}}"
6.36400000000046,0.6159977204581554,0.0,0.4,0.6139448564952547,-3.645738191713141e-07,0.39999539307200793,"{'table_obstacle': {'pos': [0.3825981920028062, 0.37518922255766707, 0.1646257963690813], 'size': [0.049837904948193595, 0.0813235869879147, 0.05243307039854257]}, 'pillar_obstacle': {'pos': [0.39994824830915515, -0.3824307480766307, 0.23470116647765446], 'size': [0.033663755439403885, 0.20172185302840845, 0.0]}, 'small_block': {'pos': [0.6140097595303955, -0.3535133918987863, 0.1097032402875184], 'size': [0.04461973939918376, 0.0849493067344041, 0.09534921802665242]}}"
6.36500000000046,0.6199976028224433,0.0,0.4,0.61397402539236,-3.700796857258428e-07,0.3999954541820786,"{'table_obstacle': {'pos': [0.3825981920028062, 0.37518922255766707, 0.1646257963690813], 'size': [0.049837904948193595, 0.0813235869879147, 0.05243307039854257]}, 'pillar_obstacle': {'pos': [0.39994824830915515, -0.3824307480766307, 0.23470116647765446], 'size': [0.033663755439403885, 0.20172185302840845, 0.0]}, 'small_block': {'pos': [0.6140097595303955, -0.3535133918987863, 0.1097032402875184], 'size': [0.04461973939918376, 0.0849493067344041, 0.09534921802665242]}}"
6.366000000000461,0.6199976028224433,0.0,0.4,0.614013357464796,-3.2584769863470385e-07,0.3999952851764759,"{'table_obstacle': {'pos': [0.3825981920028062, 0.37518922255766707, 0.1646257963690813], 'size': [0.049837904948193595, 0.0813235869879147, 0.05243307039854257]}, 'pillar_obstacle': {'pos': [0.39994824830915515, -0.3824307480766307, 0.23470116647765446], 'size': [0.033663755439403885, 0.20172185302840845, 0.0]}, 'small_block': {'pos': [0.6140097595303955, -0.3535133918987863, 0.1097032402875184], 'size': [0.04461973939918376, 0.0849493067344041, 0.09534921802665242]}}"
6.367000000000461,0.6199976028224433,0.0,0.4,0.6140607342714111,-2.5196036269495123e-07,0.3999949743944143,"{'table_obstacle': {'pos': [0.3825981920028062, 0.37518922255766707, 0.1646257963690813], 'size': [0.049837904948193595, 0.0813235869879147, 0.05243307039854257]}, 'pillar_obstacle': {'pos': [0.39994824830915515, -0.3824307480766307, 0.23470116647765446], 'size': [0.033663755439403885, 0.20172185302840845, 0.0]}, 'small_block': {'pos': [0.6140097595303955, -0.3535133918987863, 0.1097032402875184], 'size': [0.04461973939918376, 0.0849493067344041, 0.09534921802665242]}}"
6.368000000000461,0.6199976028224433,0.0,0.4,0.6141144352573474,-1.6264872658655669e-07,0.39999458471245003,"{'table_obstacle': {'pos': [0.3825981920028062, 0.37518922255766707, 0.1646257963690813], 'size': [0.049837904948193595, 0.0813235869879147, 0.05243307039854257]}, 'pillar_obstacle': {'pos': [0.39994824830915515, -0.3824307480766307, 0.23470116647765446], 'size': [0.033663755439403885, 0.20172185302840845, 0.0]}, 'small_block': {'pos': [0.6140097595303955, -0.3535133918987863, 0.1097032402875184], 'size': [0.04461973939918376, 0.0849493067344041, 0.09534921802665242]}}"
6.369000000000462,0.6199976028224433,0.0,0.4,0.614173063899104,-6.778996348650436e-08,0.3999941601316666,"{'table_obstacle': {'pos': [0.3825981920028062, 0.37518922255766707, 0.1646257963690813], 'size': [0.049837904948193595, 0.0813235869879147, 0.05243307039854257]}, 'pillar_obstacle': {'pos': [0.39994824830915515, -0.3824307480766307, 0.23470116647765446], 'size': [0.033663755439403885, 0.20172185302840845, 0.0]}, 'small_block': {'pos': [0.6140097595303955, -0.3535133918987863, 0.1097032402875184], 'size': [0.04461973939918376, 0.0849493067344041, 0.09534921802665242]}}"
6.370000000000462,0.6199976028224433,0.0,0.4,0.6142354874259557,2.5953414131124952e-08,0.39999373074192596,"{'table_obstacle': {'pos': [0.3825981920028062, 0.37518922255766707, 0.1646257963690813], 'size': [0.049837904948193595, 0.0813235869879147, 0.05243307039854257]}, 'pillar_obstacle': {'pos': [0.39994824830915515, -0.3824307480766307, 0.23470116647765446], 'size': [0.033663755439403885, 0.20172185302840845, 0.0]}, 'small_block': {'pos': [0.6140097595303955, -0.3535133918987863, 0.1097032402875184], 'size': [0.04461973939918376, 0.0849493067344041, 0.09534921802665242]}}"
6.371000000000462,0.6199976028224433,0.0,0.4,0.614300787666835,1.1427015692652937e-07,0.39999331645620245,"{'table_obstacle': {'pos': [0.3825981920028062, 0.37518922255766707, 0.1646257963690813], 'size': [0.049837904948193595, 0.0813235869879147, 0.05243307039854257]}, 'pillar_obstacle': {'pos': [0.39994824830915515, -0.3824307480766307, 0.23470116647765446], 'size': [0.033663755439403885, 0.20172185302840845, 0.0]}, 'small_block': {'pos': [0.6140097595303955, -0.3535133918987863, 0.1097032402875184], 'size': [0.04461973939918376, 0.0849493067344041, 0.09534921802665242]}}"
6.372000000000463,0.6199976028224433,0.0,0.4,0.6143682209984344,1.9454879258861788e-07,0.3999929298122932,"{'table_obstacle': {'pos': [0.3825981920028062, 0.37518922255766707, 0.1646257963690813], 'size': [0.049837904948193595, 0.0813235869879147, 0.05243307039854257]}, 'pillar_obstacle': {'pos': [0.39994824830915515, -0.3824307480766307, 0.23470116647765446], 'size': [0.033663755439403885, 0.20172185302840845, 0.0]}, 'small_block': {'pos': [0.6140097595303955, -0.3535133918987863, 0.1097032402875184], 'size': [0.04461973939918376, 0.0849493067344041, 0.09534921802665242]}}"
6.373000000000463,0.6199976028224433,0.0,0.4,0.6144371857282971,2.653885985936611e-07,0.3999925780673846,"{'table_obstacle': {'pos': [0.3825981920028062, 0.37518922255766707, 0.1646257963690813], 'size': [0.049837904948193595, 0.0813235869879147, 0.05243307039854257]}, 'pillar_obstacle': {'pos': [0.39994824830915515, -0.3824307480766307, 0.23470116647765446], 'size': [0.033663755439403885, 0.20172185302840845, 0.0]}, 'small_block': {'pos': [0.6140097595303955, -0.3535133918987863, 0.1097032402875184], 'size': [0.04461973939918376, 0.0849493067344041, 0.09534921802665242]}}"
6.374000000000463,0.6199976028224433,0.0,0.4,0.6145071955450175,3.2623479058686417e-07,0.39999226475683747,"{'table_obstacle': {'pos': [0.3825981920028062, 0.37518922255766707, 0.1646257963690813], 'size': [0.049837904948193595, 0.0813235869879147, 0.05243307039854257]}, 'pillar_obstacle': {'pos': [0.39994824830915515, -0.3824307480766307, 0.23470116647765446], 'size': [0.033663755439403885, 0.20172185302840845, 0.0]}, 'small_block': {'pos': [0.6140097595303955, -0.3535133918987863, 0.1097032402875184], 'size': [0.04461973939918376, 0.0849493067344041, 0.09534921802665242]}}"
6.375000000000464,0.6199976028224433,0.0,0.4,0.6145778579149603,3.77108384921435e-07,0.39999199084758835,"{'table_obstacle': {'pos': [0.3825981920028062, 0.37518922255766707, 0.1646257963690813], 'size': [0.049837904948193595, 0.0813235869879147, 0.05243307039854257]}, 'pillar_obstacle': {'pos': [0.39994824830915515, -0.3824307480766307, 0.23470116647765446], 'size': [0.033663755439403885, 0.20172185302840845, 0.0]}, 'small_block': {'pos': [0.6140097595303955, -0.3535133918987863, 0.1097032402875184], 'size': [0.04461973939918376, 0.0849493067344041, 0.09534921802665242]}}"
6.376000000000464,0.6199976028224433,0.0,0.4,0.6146488565090428,4.184079559120397e-07,0.3999917555854741,"{'table_obstacle': {'pos': [0.3825981920028062, 0.37518922255766707, 0.1646257963690813], 'size': [0.049837904948193595, 0.0813235869879147, 0.05243307039854257]}, 'pillar_obstacle': {'pos': [0.39994824830915515, -0.3824307480766307, 0.23470116647765446], 'size': [0.033663755439403885, 0.20172185302840845, 0.0]}, 'small_block': {'pos': [0.6140097595303955, -0.3535133918987863, 0.1097032402875184], 'size': [0.04461973939918376, 0.0849493067344041, 0.09534921802665242]}}"
6.377000000000464,0.6199976028224433,0.0,0.4,0.6147199369110796,4.507657468864578e-07,0.3999915571121057,"{'table_obstacle': {'pos': [0.3825981920028062, 0.37518922255766707, 0.1646257963690813], 'size': [0.049837904948193595, 0.0813235869879147, 0.05243307039854257]}, 'pillar_obstacle': {'pos': [0.39994824830915515, -0.3824307480766307, 0.23470116647765446], 'size': [0.033663755439403885, 0.20172185302840845, 0.0]}, 'small_block': {'pos': [0.6140097595303955, -0.3535133918987863, 0.1097032402875184], 'size': [0.04461973939918376, 0.0849493067344041, 0.09534921802665242]}}"
6.378000000000465,0.6199976028224433,0.0,0.4,0.6147908949970161,4.7494467210235885e-07,0.3999913929088732,"{'table_obstacle': {'pos': [0.3825981920028062, 0.37518922255766707, 0.1646257963690813], 'size': [0.049837904948193595, 0.0813235869879147, 0.05243307039854257]}, 'pillar_obstacle': {'pos': [0.39994824830915515, -0.3824307480766307, 0.23470116647765446], 'size': [0.033663755439403885, 0.20172185302840845, 0.0]}, 'small_block': {'pos': [0.6140097595303955, -0.3535133918987863, 0.1097032402875184], 'size': [0.04461973939918376, 0.0849493067344041, 0.09534921802665242]}}"
6.379000000000465,0.6199976028224433,0.0,0.4,0.6148615674872416,4.917658887227081e-07,0.39999126011185004,"{'table_obstacle': {'pos': [0.3825981920028062, 0.37518922255766707, 0.1646257963690813], 'size': [0.049837904948193595, 0.0813235869879147, 0.05243307039854257]}, 'pillar_obstacle': {'pos': [0.39994824830915515, -0.3824307480766307, 0.23470116647765446], 'size': [0.033663755439403885, 0.20172185302840845, 0.0]}, 'small_block': {'pos': [0.6140097595303955, -0.3535133918987863, 0.1097032402875184], 'size': [0.04461973939918376, 0.0849493067344041, 0.09534921802665242]}}"
6.380000000000465,0.6199976028224433,0.0,0.4,0.614931824266478,5.020590714269183e-07,0.3999911557308487,"{'table_obstacle': {'pos': [0.3825981920028062, 0.37518922255766707, 0.1646257963690813], 'size': [0.049837904948193595, 0.0813235869879147, 0.05243307039854257]}, 'pillar_obstacle': {'pos': [0.39994824830915515, -0.3824307480766307, 0.23470116647765446], 'size': [0.033663755439403885, 0.20172185302840845, 0.0]}, 'small_block': {'pos': [0.6140097595303955, -0.3535133918987863, 0.1097032402875184], 'size': [0.04461973939918376, 0.0849493067344041, 0.09534921802665242]}}"
6.381000000000466,0.6199976028224433,0.0,0.4,0.6150015621410847,5.066293926540925e-07,0.39999107679778884,"{'table_obstacle': {'pos': [0.3825981920028062, 0.37518922255766707, 0.1646257963690813], 'size': [0.049837904948193595, 0.0813235869879147, 0.05243307039854257]}, 'pillar_obstacle': {'pos': [0.39994824830915515, -0.3824307480766307, 0.23470116647765446], 'size': [0.033663755439403885, 0.20172185302840845, 0.0]}, 'small_block': {'pos': [0.6140097595303955, -0.3535133918987863, 0.1097032402875184], 'size': [0.04461973939918376, 0.0849493067344041, 0.09534921802665242]}}"
6.382000000000466,0.6199976028224433,0.0,0.4,0.6150706997650982,5.062366783243771e-07,0.39999102046339857,"{'table_obstacle': {'pos': [0.3825981920028062, 0.37518922255766707, 0.1646257963690813], 'size': [0.049837904948193595, 0.0813235869879147, 0.05243307039854257]}, 'pillar_obstacle': {'pos': [0.39994824830915515, -0.3824307480766307, 0.23470116647765446], 'size': [0.033663755439403885, 0.20172185302840845, 0.0]}, 'small_block': {'pos': [0.6140097595303955, -0.3535133918987863, 0.1097032402875184], 'size': [0.04461973939918376, 0.0849493067344041, 0.09534921802665242]}}"
6.383000000000466,0.6199976028224433,0.0,0.4,0.6151391735164237,5.015833150580317e-07,0.3999909840565498,"{'table_obstacle': {'pos': [0.3825981920028062, 0.37518922255766707, 0.1646257963690813], 'size': [0.049837904948193595, 0.0813235869879147, 0.05243307039854257]}, 'pillar_obstacle': {'pos': [0.39994824830915515, -0.3824307480766307, 0.23470116647765446], 'size': [0.033663755439403885, 0.20172185302840845, 0.0]}, 'small_block': {'pos': [0.6140097595303955, -0.3535133918987863, 0.1097032402875184], 'size': [0.04461973939918376, 0.0849493067344041, 0.09534921802665242]}}"
6.384000000000467,0.6199976028224433,0.0,0.4,0.6152069341453973,4.93308349910196e-07,0.3999909651169409,"{'table_obstacle': {'pos': [0.3825981920028062, 0.37518922255766707, 0.1646257963690813], 'size': [0.049837904948193595, 0.0813235869879147, 0.05243307039854257]}, 'pillar_obstacle': {'pos': [0.39994824830915515, -0.3824307480766307, 0.23470116647765446], 'size': [0.033663755439403885, 0.20172185302840845, 0.0]}, 'small_block': {'pos': [0.6140097595303955, -0.3535133918987863, 0.1097032402875184], 'size': [0.04461973939918376, 0.0849493067344041, 0.09534921802665242]}}"
6.385000000000467,0.6199976028224433,0.0,0.4,0.6152739440511665,4.819858739636343e-07,0.39999096140910995,"{'table_obstacle': {'pos': [0.3825981920028062, 0.37518922255766707, 0.1646257963690813], 'size': [0.049837904948193595, 0.0813235869879147, 0.05243307039854257]}, 'pillar_obstacle': {'pos': [0.39994824830915515, -0.3824307480766307, 0.23470116647765446], 'size': [0.033663755439403885, 0.20172185302840845, 0.0]}, 'small_block': {'pos': [0.6140097595303955, -0.3535133918987863, 0.1097032402875184], 'size': [0.04461973939918376, 0.0849493067344041, 0.09534921802665242]}}"
6.386000000000467,0.6199976028224433,0.0,0.4,0.6153401750683563,4.681262848237069e-07,0.3999909709236789,"{'table_obstacle': {'pos': [0.3825981920028062, 0.37518922255766707, 0.1646257963690813], 'size': [0.049837904948193595, 0.0813235869879147, 0.05243307039854257]}, 'pillar_obstacle': {'pos': [0.39994824830915515, -0.3824307480766307, 0.23470116647765446], 'size': [0.033663755439403885, 0.20172185302840845, 0.0]}, 'small_block': {'pos': [0.6140097595303955, -0.3535133918987863, 0.1097032402875184], 'size': [0.04461973939918376, 0.0849493067344041, 0.09534921802665242]}}"
6.387000000000468,0.6199976028224433,0.0,0.4,0.6154056066684793,4.5217939577512625e-07,0.39999099187016435,"{'table_obstacle': {'pos': [0.3825981920028062, 0.37518922255766707, 0.1646257963690813], 'size': [0.049837904948193595, 0.0813235869879147, 0.05243307039854257]}, 'pillar_obstacle': {'pos': [0.39994824830915515, -0.3824307480766307, 0.23470116647765446], 'size': [0.033663755439403885, 0.20172185302840845, 0.0]}, 'small_block': {'pos': [0.6140097595303955, -0.3535133918987863, 0.1097032402875184], 'size': [0.04461973939918376, 0.0849493067344041, 0.09534921802665242]}}"
6.388000000000468,0.6199976028224433,0.0,0.4,0.6154702244984356,4.3453865071279654e-07,0.3999910226644996,"{'table_obstacle': {'pos': [0.3825981920028062, 0.37518922255766707, 0.1646257963690813], 'size': [0.049837904948193595, 0.0813235869879147, 0.05243307039854257]}, 'pillar_obstacle': {'pos': [0.39994824830915515, -0.3824307480766307, 0.23470116647765446], 'size': [0.033663755439403885, 0.20172185302840845, 0.0]}, 'small_block': {'pos': [0.6140097595303955, -0.3535133918987863, 0.1097032402875184], 'size': [0.04461973939918376, 0.0849493067344041, 0.09534921802665242]}}"
6.389000000000468,0.6199976028224433,0.0,0.4,0.6155340191929768,4.155459166058125e-07,0.39999106191352246,"{'table_obstacle': {'pos': [0.3825981920028062, 0.37518922255766707, 0.1646257963690813], 'size': [0.049837904948193595, 0.0813235869879147, 0.05243307039854257]}, 'pillar_obstacle': {'pos': [0.39994824830915515, -0.3824307480766307, 0.23470116647765446], 'size': [0.033663755439403885, 0.20172185302840845, 0.0]}, 'small_block': {'pos': [0.6140097595303955, -0.3535133918987863, 0.1097032402875184], 'size': [0.04461973939918376, 0.0849493067344041, 0.09534921802665242]}}"
6.390000000000469,0.6199976028224433,0.0,0.4,0.6155969854098372,3.954964845741967e-07,0.3999911083980224,"{'table_obstacle': {'pos': [0.3825981920028062, 0.37518922255766707, 0.1646257963690813], 'size': [0.049837904948193595, 0.0813235869879147, 0.05243307039854257]}, 'pillar_obstacle': {'pos': [0.39994824830915515, -0.3824307480766307, 0.23470116647765446], 'size': [0.033663755439403885, 0.20172185302840845, 0.0]}, 'small_block': {'pos': [0.6140097595303955, -0.3535133918987863, 0.1097032402875184], 'size': [0.04461973939918376, 0.0849493067344041, 0.09534921802665242]}}"
6.391000000000469,0.6199976028224433,0.0,0.4,0.6156591210458369,3.7464402860479907e-07,0.3999911610554413,"{'table_obstacle': {'pos': [0.3825981920028062, 0.37518922255766707, 0.1646257963690813], 'size': [0.049837904948193595, 0.0813235869879147, 0.05243307039854257]}, 'pillar_obstacle': {'pos': [0.39994824830915515, -0.3824307480766307, 0.23470116647765446], 'size': [0.033663755439403885, 0.20172185302840845, 0.0]}, 'small_block': {'pos': [0.6140097595303955, -0.3535133918987863, 0.1097032402875184], 'size': [0.04461973939918376, 0.0849493067344041, 0.09534921802665242]}}"
6.392000000000469,0.6199976028224433,0.0,0.4,0.6157204266000694,3.532053616764667e-07,0.3999912189629625,"{'table_obstacle': {'pos': [0.3825981920028062, 0.37518922255766707, 0.1646257963690813], 'size': [0.049837904948193595, 0.0813235869879147, 0.05243307039854257]}, 'pillar_obstacle': {'pos': [0.39994824830915515, -0.3824307480766307, 0.23470116647765446], 'size': [0.033663755439403885, 0.20172185302840845, 0.0]}, 'small_block': {'pos': [0.6140097595303955, -0.3535133918987863, 0.1097032402875184], 'size': [0.04461973939918376, 0.0849493067344041, 0.09534921802665242]}}"
6.39300000000047,0.6199976028224433,0.0,0.4,0.6157809046566398,3.313648866436906e-07,0.39999128132145606,"{'table_obstacle': {'pos': [0.3825981920028062, 0.37518922255766707, 0.1646257963690813], 'size': [0.049837904948193595, 0.0813235869879147, 0.05243307039854257]}, 'pillar_obstacle': {'pos': [0.39994824830915515, -0.3824307480766307, 0.23470116647765446], 'size': [0.033663755439403885, 0.20172185302840845, 0.0]}, 'small_block': {'pos': [0.6140097595303955, -0.3535133918987863, 0.1097032402875184], 'size': [0.04461973939918376, 0.0849493067344041, 0.09534921802665242]}}"
6.39400000000047,0.6199976028224433,0.0,0.4,0.615840559464567,3.092786890395054e-07,0.3999913474405574,"{'table_obstacle': {'pos': [0.3825981920028062, 0.37518922255766707, 0.1646257963690813], 'size': [0.049837904948193595, 0.0813235869879147, 0.05243307039854257]}, 'pillar_obstacle': {'pos': [0.39994824830915515, -0.3824307480766307, 0.23470116647765446], 'size': [0.033663755439403885, 0.20172185302840845, 0.0]}, 'small_block': {'pos': [0.6140097595303955, -0.3535133918987863, 0.1097032402875184], 'size': [0.04461973939918376, 0.0849493067344041, 0.09534921802665242]}}"
6.39500000000047,0.6199976028224433,0.0,0.4,0.6158993965966627,2.870782463175767e-07,0.39999141672502403,"{'table_obstacle': {'pos': [0.3825981920028062, 0.37518922255766707, 0.1646257963690813], 'size': [0.049837904948193595, 0.0813235869879147, 0.05243307039854257]}, 'pillar_obstacle': {'pos': [0.39994824830915515, -0.3824307480766307, 0.23470116647765446], 'size': [0.033663755439403885, 0.20172185302840845, 0.0]}, 'small_block': {'pos': [0.6140097595303955, -0.3535133918987863, 0.1097032402875184], 'size': [0.04461973939918376, 0.0849493067344041, 0.09534921802665242]}}"
6.396000000000471,0.6199976028224433,0.0,0.4,0.6159574226726044,2.6487375582933105e-07,0.39999148866241385,"{'table_obstacle': {'pos': [0.3825981920028062, 0.37518922255766707, 0.1646257963690813], 'size': [0.049837904948193595, 0.0813235869879147, 0.05243307039854257]}, 'pillar_obstacle': {'pos': [0.39994824830915515, -0.3824307480766307, 0.23470116647765446], 'size': [0.033663755439403885, 0.20172185302840845, 0.0]}, 'small_block': {'pos': [0.6140097595303955, -0.3535133918987863, 0.1097032402875184], 'size': [0.04461973939918376, 0.0849493067344041, 0.09534921802665242]}}"
6.397000000000471,0.6199976028224433,0.0,0.4,0.6160146451341847,2.427570874931348e-07,0.39999156281207415,"{'table_obstacle': {'pos': [0.3825981920028062, 0.37518922255766707, 0.1646257963690813], 'size': [0.049837904948193595, 0.0813235869879147, 0.05243307039854257]}, 'pillar_obstacle': {'pos': [0.39994824830915515, -0.3824307480766307, 0.23470116647765446], 'size': [0.033663755439403885, 0.20172185302840845, 0.0]}, 'small_block': {'pos': [0.6140097595303955, -0.3535133918987863, 0.1097032402875184], 'size': [0.04461973939918376, 0.0849493067344041, 0.09534921802665242]}}"
6.398000000000471,0.6199976028224433,0.0,0.4,0.616071072062971,2.2080438897306894e-07,0.39999163879538197,"{'table_obstacle': {'pos': [0.3825981920028062, 0.37518922255766707, 0.1646257963690813], 'size': [0.049837904948193595, 0.0813235869879147, 0.05243307039854257]}, 'pillar_obstacle': {'pos': [0.39994824830915515, -0.3824307480766307, 0.23470116647765446], 'size': [0.033663755439403885, 0.20172185302840845, 0.0]}, 'small_block': {'pos': [0.6140097595303955, -0.3535133918987863, 0.1097032402875184], 'size': [0.04461973939918376, 0.0849493067344041, 0.09534921802665242]}}"
6.399000000000472,0.6199976028224433,0.0,0.4,0.6161267120324398,1.990783676207562e-07,0.3999917162871537,"{'table_obstacle': {'pos': [0.3825981920028062, 0.37518922255766707, 0.1646257963690813], 'size': [0.049837904948193595, 0.0813235869879147, 0.05243307039854257]}, 'pillar_obstacle': {'pos': [0.39994824830915515, -0.3824307480766307, 0.23470116647765446], 'size': [0.033663755439403885, 0.20172185302840845, 0.0]}, 'small_block': {'pos': [0.6140097595303955, -0.3535133918987863, 0.1097032402875184], 'size': [0.04461973939918376, 0.0849493067344041, 0.09534921802665242]}}"
6.400000000000472,0.6199976028224433,0.0,0.4,0.6161815739881311,1.7763027782352443e-07,0.3999917950081305,"{'table_obstacle': {'pos': [0.3825981920028062, 0.37518922255766707, 0.1646257963690813], 'size': [0.049837904948193595, 0.0813235869879147, 0.05243307039854257]}, 'pillar_obstacle': {'pos': [0.39994824830915515, -0.3824307480766307, 0.23470116647765446], 'size': [0.033663755439403885, 0.20172185302840845, 0.0]}, 'small_block': {'pos': [0.6140097595303955, -0.3535133918987863, 0.1097032402875184], 'size': [0.04461973939918376, 0.0849493067344041, 0.09534921802665242]}}"
6.401000000000472,0.6199976028224433,0.0,0.4,0.6162356671505805,1.5650164249353683e-07,0.3999918747184357,"{'table_obstacle': {'pos': [0.3825981920028062, 0.37518922255766707, 0.1646257963690813], 'size': [0.049837904948193595, 0.0813235869879147, 0.05243307039854257]}, 'pillar_obstacle': {'pos': [0.39994824830915515, -0.3824307480766307, 0.23470116647765446], 'size': [0.033663755439403885, 0.20172185302840845, 0.0]}, 'small_block': {'pos': [0.6140097595303955, -0.3535133918987863, 0.1097032402875184], 'size': [0.04461973939918376, 0.0849493067344041, 0.09534921802665242]}}"
6.402000000000473,0.6199976028224433,0.0,0.4,0.6162890009367639,1.3572574139583877e-07,0.39999195521190584,"{'table_obstacle': {'pos': [0.3825981920028062, 0.37518922255766707, 0.1646257963690813], 'size': [0.049837904948193595, 0.0813235869879147, 0.05243307039854257]}, 'pillar_obstacle': {'pos': [0.39994824830915515, -0.3824307480766307, 0.23470116647765446], 'size': [0.033663755439403885, 0.20172185302840845, 0.0]}, 'small_block': {'pos': [0.6140097595303955, -0.3535133918987863, 0.1097032402875184], 'size': [0.04461973939918376, 0.0849493067344041, 0.09534921802665242]}}"
6.403000000000473,0.6199976028224433,0.0,0.4,0.6163415848965889,1.1532888932537869e-07,0.39999203631119407,"{'table_obstacle': {'pos': [0.3825981920028062, 0.37518922255766707, 0.1646257963690813], 'size': [0.049837904948193595, 0.0813235869879147, 0.05243307039854257]}, 'pillar_obstacle': {'pos': [0.39994824830915515, -0.3824307480766307, 0.23470116647765446], 'size': [0.033663755439403885, 0.20172185302840845, 0.0]}, 'small_block': {'pos': [0.6140097595303955, -0.3535133918987863, 0.1097032402875184], 'size': [0.04461973939918376, 0.0849493067344041, 0.09534921802665242]}}"
6.404000000000473,0.6199976028224433,0.0,0.4,0.6163934286616201,9.533153160776233e-08,0.3999921178635604,"{'table_obstacle': {'pos': [0.3825981920028062, 0.37518922255766707, 0.1646257963690813], 'size': [0.049837904948193595, 0.0813235869879147, 0.05243307039854257]}, 'pillar_obstacle': {'pos': [0.39994824830915515, -0.3824307480766307, 0.23470116647765446], 'size': [0.033663755439403885, 0.20172185302840845, 0.0]}, 'small_block': {'pos': [0.6140097595303955, -0.3535133918987863, 0.1097032402875184], 'size': [0.04461973939918376, 0.0849493067344041, 0.09534921802665242]}}"
6.405000000000474,0.6199976028224433,0.0,0.4,0.6164445419037395,7.574918245679867e-08,0.39999219973725536,"{'table_obstacle': {'pos': [0.3825981920028062, 0.37518922255766707, 0.1646257963690813], 'size': [0.049837904948193595, 0.0813235869879147, 0.05243307039854257]}, 'pillar_obstacle': {'pos': [0.39994824830915515, -0.3824307480766307, 0.23470116647765446], 'size': [0.033663755439403885, 0.20172185302840845, 0.0]}, 'small_block': {'pos': [0.6140097595303955, -0.3535133918987863, 0.1097032402875184], 'size': [0.04461973939918376, 0.0849493067344041, 0.09534921802665242]}}"
6.406000000000474,0.6199976028224433,0.0,0.4,0.6164949343018894,5.659322116651391e-08,0.39999228181842844,"{'table_obstacle': {'pos': [0.3825981920028062, 0.37518922255766707, 0.1646257963690813], 'size': [0.049837904948193595, 0.0813235869879147, 0.05243307039854257]}, 'pillar_obstacle': {'pos': [0.39994824830915515, -0.3824307480766307, 0.23470116647765446], 'size': [0.033663755439403885, 0.20172185302840845, 0.0]}, 'small_block': {'pos': [0.6140097595303955, -0.3535133918987863, 0.1097032402875184], 'size': [0.04461973939918376, 0.0849493067344041, 0.09534921802665242]}}"
6.407000000000474,0.6199976028224433,0.0,0.4,0.6165446155153781,3.787157211628279e-08,0.39999236400848687,"{'table_obstacle': {'pos': [0.3825981920028062, 0.37518922255766707, 0.1646257963690813], 'size': [0.049837904948193595, 0.0813235869879147, 0.05243307039854257]}, 'pillar_obstacle': {'pos': [0.39994824830915515, -0.3824307480766307, 0.23470116647765446], 'size': [0.033663755439403885, 0.20172185302840845, 0.0]}, 'small_block': {'pos': [0.6140097595303955, -0.3535133918987863, 0.1097032402875184], 'size': [0.04461973939918376, 0.0849493067344041, 0.09534921802665242]}}"
6.408000000000475,0.6199976028224433,0.0,0.4,0.6165935951625162,1.9589280077530918e-08,0.3999924462218462,"{'table_obstacle': {'pos': [0.3825981920028062, 0.37518922255766707, 0.1646257963690813], 'size': [0.049837904948193595, 0.0813235869879147, 0.05243307039854257]}, 'pillar_obstacle': {'pos': [0.39994824830915515, -0.3824307480766307, 0.23470116647765446], 'size': [0.033663755439403885, 0.20172185302840845, 0.0]}, 'small_block': {'pos': [0.6140097595303955, -0.3535133918987863, 0.1097032402875184], 'size': [0.04461973939918376, 0.0849493067344041, 0.09534921802665242]}}"
6.409000000000475,0.6199976028224433,0.0,0.4,0.6166418828035904,1.7489972426002486e-09,0.3999925283840143,"{'table_obstacle': {'pos': [0.3825981920028062, 0.37518922255766707, 0.1646257963690813], 'size': [0.049837904948193595, 0.0813235869879147, 0.05243307039854257]}, 'pillar_obstacle': {'pos': [0.39994824830915515, -0.3824307480766307, 0.23470116647765446], 'size': [0.033663755439403885, 0.20172185302840845, 0.0]}, 'small_block': {'pos': [0.6140097595303955, -0.3535133918987863, 0.1097032402875184], 'size': [0.04461973939918376, 0.0849493067344041, 0.09534921802665242]}}"
6.410000000000475,0.6199976028224433,0.0,0.4,0.6166894879273528,-1.5648605247012688e-08,0.3999926104299672,"{'table_obstacle': {'pos': [0.3825981920028062, 0.37518922255766707, 0.1646257963690813], 'size': [0.049837904948193595, 0.0813235869879147, 0.05243307039854257]}, 'pillar_obstacle': {'pos': [0.39994824830915515, -0.3824307480766307, 0.23470116647765446], 'size': [0.033663755439403885, 0.20172185302840845, 0.0]}, 'small_block': {'pos': [0.6140097595303955, -0.3535133918987863, 0.1097032402875184], 'size': [0.04461973939918376, 0.0849493067344041, 0.09534921802665242]}}"
6.411000000000476,0.6199976028224433,0.0,0.4,0.6167364199403694,-3.260449011738321e-08,0.3999926923027688,"{'table_obstacle': {'pos': [0.3825981920028062, 0.37518922255766707, 0.1646257963690813], 'size': [0.049837904948193595, 0.0813235869879147, 0.05243307039854257]}, 'pillar_obstacle': {'pos': [0.39994824830915515, -0.3824307480766307, 0.23470116647765446], 'size': [0.033663755439403885, 0.20172185302840845, 0.0]}, 'small_block': {'pos': [0.6140097595303955, -0.3535133918987863, 0.1097032402875184], 'size': [0.04461973939918376, 0.0849493067344041, 0.09534921802665242]}}"
6.412000000000476,0.6199976028224433,0.0,0.4,0.6167826881586864,-4.9120962248380786e-08,0.39999277395240196,"{'table_obstacle': {'pos': [0.3825981920028062, 0.37518922255766707, 0.1646257963690813], 'size': [0.049837904948193595, 0.0813235869879147, 0.05243307039854257]}, 'pillar_obstacle': {'pos': [0.39994824830915515, -0.3824307480766307, 0.23470116647765446], 'size': [0.033663755439403885, 0.20172185302840845, 0.0]}, 'small_block': {'pos': [0.6140097595303955, -0.3535133918987863, 0.1097032402875184], 'size': [0.04461973939918376, 0.0849493067344041, 0.09534921802665242]}}"
6.413000000000476,0.6199976028224433,0.0,0.4,0.6168283018013813,-6.520142256430289e-08,0.39999285533477913,"{'table_obstacle': {'pos': [0.3825981920028062, 0.37518922255766707, 0.1646257963690813], 'size': [0.049837904948193595, 0.0813235869879147, 0.05243307039854257]}, 'pillar_obstacle': {'pos': [0.39994824830915515, -0.3824307480766307, 0.23470116647765446], 'size': [0.033663755439403885, 0.20172185302840845, 0.0]}, 'small_block': {'pos': [0.6140097595303955, -0.3535133918987863, 0.1097032402875184], 'size': [0.04461973939918376, 0.0849493067344041, 0.09534921802665242]}}"
6.414000000000477,0.6199976028224433,0.0,0.4,0.6168732699856373,-8.08501628987333e-08,0.39999293641090455,"{'table_obstacle': {'pos': [0.3825981920028062, 0.37518922255766707, 0.1646257963690813], 'size': [0.049837904948193595, 0.0813235869879147, 0.05243307039854257]}, 'pillar_obstacle': {'pos': [0.39994824830915515, -0.3824307480766307, 0.23470116647765446], 'size': [0.033663755439403885, 0.20172185302840845, 0.0]}, 'small_block': {'pos': [0.6140097595303955, -0.3535133918987863, 0.1097032402875184], 'size': [0.04461973939918376, 0.0849493067344041, 0.09534921802665242]}}"
6.415000000000477,0.6199976028224433,0.0,0.4,0.6169176017230585,-9.607219307151919e-08,0.39999301714616636,"{'table_obstacle': {'pos': [0.3825981920028062, 0.37518922255766707, 0.1646257963690813], 'size': [0.049837904948193595, 0.0813235869879147, 0.05243307039854257]}, 'pillar_obstacle': {'pos': [0.39994824830915515, -0.3824307480766307, 0.23470116647765446], 'size': [0.033663755439403885, 0.20172185302840845, 0.0]}, 'small_block': {'pos': [0.6140097595303955, -0.3535133918987863, 0.1097032402875184], 'size': [0.04461973939918376, 0.0849493067344041, 0.09534921802665242]}}"
6.416000000000477,0.6199976028224433,0.0,0.4,0.6169613059169835,-1.1087309635469811e-07,0.39999309750973744,"{'table_obstacle': {'pos': [0.3825981920028062, 0.37518922255766707, 0.1646257963690813], 'size': [0.049837904948193595, 0.0813235869879147, 0.05243307039854257]}, 'pillar_obstacle': {'pos': [0.39994824830915515, -0.3824307480766307, 0.23470116647765446], 'size': [0.033663755439403885, 0.20172185302840845, 0.0]}, 'small_block': {'pos': [0.6140097595303955, -0.3535133918987863, 0.1097032402875184], 'size': [0.04461973939918376, 0.0849493067344041, 0.09534921802665242]}}"
6.417000000000478,0.6199976028224433,0.0,0.4,0.6170043913606122,-1.2525891058443687e-07,0.399993177474069,"{'table_obstacle': {'pos': [0.3825981920028062, 0.37518922255766707, 0.1646257963690813], 'size': [0.049837904948193595, 0.0813235869879147, 0.05243307039854257]}, 'pillar_obstacle': {'pos': [0.39994824830915515, -0.3824307480766307, 0.23470116647765446], 'size': [0.033663755439403885, 0.20172185302840845, 0.0]}, 'small_block': {'pos': [0.6140097595303955, -0.3535133918987863, 0.1097032402875184], 'size': [0.04461973939918376, 0.0849493067344041, 0.09534921802665242]}}"
6.418000000000478,0.6199976028224433,0.0,0.4,0.6170468667357886,-1.392360256537489e-07,0.39999325701446214,"{'table_obstacle': {'pos': [0.3825981920028062, 0.37518922255766707, 0.1646257963690813], 'size': [0.049837904948193595, 0.0813235869879147, 0.05243307039854257]}, 'pillar_obstacle': {'pos': [0.39994824830915515, -0.3824307480766307, 0.23470116647765446], 'size': [0.033663755439403885, 0.20172185302840845, 0.0]}, 'small_block': {'pos': [0.6140097595303955, -0.3535133918987863, 0.1097032402875184], 'size': [0.04461973939918376, 0.0849493067344041, 0.09534921802665242]}}"
6.419000000000478,0.6199976028224433,0.0,0.4,0.6170887406123104,-1.528111015955512e-07,0.3999933361087059,"{'table_obstacle': {'pos': [0.3825981920028062, 0.37518922255766707, 0.1646257963690813], 'size': [0.049837904948193595, 0.0813235869879147, 0.05243307039854257]}, 'pillar_obstacle': {'pos': [0.39994824830915515, -0.3824307480766307, 0.23470116647765446], 'size': [0.033663755439403885, 0.20172185302840845, 0.0]}, 'small_block': {'pos': [0.6140097595303955, -0.3535133918987863, 0.1097032402875184], 'size': [0.04461973939918376, 0.0849493067344041, 0.09534921802665242]}}"
6.420000000000479,0.6199976028224433,0.0,0.4,0.617130021447667,-1.659909986469194e-07,0.39999341473676875,"{'table_obstacle': {'pos': [0.3825981920028062, 0.37518922255766707, 0.1646257963690813], 'size': [0.049837904948193595, 0.0813235869879147, 0.05243307039854257]}, 'pillar_obstacle': {'pos': [0.39994824830915515, -0.3824307480766307, 0.23470116647765446], 'size': [0.033663755439403885, 0.20172185302840845, 0.0]}, 'small_block': {'pos': [0.6140097595303955, -0.3535133918987863, 0.1097032402875184], 'size': [0.04461973939918376, 0.0849493067344041, 0.09534921802665242]}}"
6.421000000000479,0.6199976028224433,0.0,0.4,0.6171707175871186,-1.7878271962613888e-07,0.3999934928805409,"{'table_obstacle': {'pos': [0.3825981920028062, 0.37518922255766707, 0.1646257963690813], 'size': [0.049837904948193595, 0.0813235869879147, 0.05243307039854257]}, 'pillar_obstacle': {'pos': [0.39994824830915515, -0.3824307480766307, 0.23470116647765446], 'size': [0.033663755439403885, 0.20172185302840845, 0.0]}, 'small_block': {'pos': [0.6140097595303955, -0.3535133918987863, 0.1097032402875184], 'size': [0.04461973939918376, 0.0849493067344041, 0.09534921802665242]}}"
6.422000000000479,0.6199976028224433,0.0,0.4,0.6172108372640516,-1.9119336221107042e-07,0.3999935705236105,"{'table_obstacle': {'pos': [0.3825981920028062, 0.37518922255766707, 0.1646257963690813], 'size': [0.049837904948193595, 0.0813235869879147, 0.05243307039854257]}, 'pillar_obstacle': {'pos': [0.39994824830915515, -0.3824307480766307, 0.23470116647765446], 'size': [0.033663755439403885, 0.20172185302840845, 0.0]}, 'small_block': {'pos': [0.6140097595303955, -0.3535133918987863, 0.1097032402875184], 'size': [0.04461973939918376, 0.0849493067344041, 0.09534921802665242]}}"
6.42300000000048,0.6199976028224433,0.0,0.4,0.617250388600553,-2.0323008017702727e-07,0.3999936476510771,"{'table_obstacle': {'pos': [0.3825981920028062, 0.37518922255766707, 0.1646257963690813], 'size': [0.049837904948193595, 0.0813235869879147, 0.05243307039854257]}, 'pillar_obstacle': {'pos': [0.39994824830915515, -0.3824307480766307, 0.23470116647765446], 'size': [0.033663755439403885, 0.20172185302840845, 0.0]}, 'small_block': {'pos': [0.6140097595303955, -0.3535133918987863, 0.1097032402875184], 'size': [0.04461973939918376, 0.0849493067344041, 0.09534921802665242]}}"
6.42400000000048,0.6199976028224433,0.0,0.4,0.6172893796081602,-2.149000507374962e-07,0.39999372424939195,"{'table_obstacle': {'pos': [0.3825981920028062, 0.37518922255766707, 0.1646257963690813], 'size': [0.049837904948193595, 0.0813235869879147, 0.05243307039854257]}, 'pillar_obstacle': {'pos': [0.39994824830915515, -0.3824307480766307, 0.23470116647765446], 'size': [0.033663755439403885, 0.20172185302840845, 0.0]}, 'small_block': {'pos': [0.6140097595303955, -0.3535133918987863, 0.1097032402875184], 'size': [0.04461973939918376, 0.0849493067344041, 0.09534921802665242]}}"
6.42500000000048,0.6199976028224433,0.0,0.4,0.6173278181887472,-2.2621044777425552e-07,0.3999938003062203,"{'table_obstacle': {'pos': [0.3825981920028062, 0.37518922255766707, 0.1646257963690813], 'size': [0.049837904948193595, 0.0813235869879147, 0.05243307039854257]}, 'pillar_obstacle': {'pos': [0.39994824830915515, -0.3824307480766307, 0.23470116647765446], 'size': [0.033663755439403885, 0.20172185302840845, 0.0]}, 'small_block': {'pos': [0.6140097595303955, -0.3535133918987863, 0.1097032402875184], 'size': [0.04461973939918376, 0.0849493067344041, 0.09534921802665242]}}"
6.426000000000481,0.6199976028224433,0.0,0.4,0.6173657121355217,-2.371684204707652e-07,0.399993875810324,"{'table_obstacle': {'pos': [0.3825981920028062, 0.37518922255766707, 0.1646257963690813], 'size': [0.049837904948193595, 0.0813235869879147, 0.05243307039854257]}, 'pillar_obstacle': {'pos': [0.39994824830915515, -0.3824307480766307, 0.23470116647765446], 'size': [0.033663755439403885, 0.20172185302840845, 0.0]}, 'small_block': {'pos': [0.6140097595303955, -0.3535133918987863, 0.1097032402875184], 'size': [0.04461973939918376, 0.0849493067344041, 0.09534921802665242]}}"
6.427000000000481,0.6199976028224433,0.0,0.4,0.6174030691341083,-2.477810756947546e-07,0.3999939507514619,"{'table_obstacle': {'pos': [0.3825981920028062, 0.37518922255766707, 0.1646257963690813], 'size': [0.049837904948193595, 0.0813235869879147, 0.05243307039854257]}, 'pillar_obstacle': {'pos': [0.39994824830915515, -0.3824307480766307, 0.23470116647765446], 'size': [0.033663755439403885, 0.20172185302840845, 0.0]}, 'small_block': {'pos': [0.6140097595303955, -0.3535133918987863, 0.1097032402875184], 'size': [0.04461973939918376, 0.0849493067344041, 0.09534921802665242]}}"
6.428000000000481,0.6199976028224433,0.0,0.4,0.6174398967636916,-2.5805546279178567e-07,0.399994025120301,"{'table_obstacle': {'pos': [0.3825981920028062, 0.37518922255766707, 0.1646257963690813], 'size': [0.049837904948193595, 0.0813235869879147, 0.05243307039854257]}, 'pillar_obstacle': {'pos': [0.39994824830915515, -0.3824307480766307, 0.23470116647765446], 'size': [0.033663755439403885, 0.20172185302840845, 0.0]}, 'small_block': {'pos': [0.6140097595303955, -0.3535133918987863, 0.1097032402875184], 'size': [0.04461973939918376, 0.0849493067344041, 0.09534921802665242]}}"
6.429000000000482,0.6199976028224433,0.0,0.4,0.6174762024982154,-2.679985632165411e-07,0.3999940989083434,"{'table_obstacle': {'pos': [0.3825981920028062, 0.37518922255766707, 0.1646257963690813], 'size': [0.049837904948193595, 0.0813235869879147, 0.05243307039854257]}, 'pillar_obstacle': {'pos': [0.39994824830915515, -0.3824307480766307, 0.23470116647765446], 'size': [0.033663755439403885, 0.20172185302840845, 0.0]}, 'small_block': {'pos': [0.6140097595303955, -0.3535133918987863, 0.1097032402875184], 'size': [0.04461973939918376, 0.0849493067344041, 0.09534921802665242]}}"
6.430000000000482,0.6199976028224433,0.0,0.4,0.6175119937076139,-2.7761728040644775e-07,0.399994172107859,"{'table_obstacle': {'pos': [0.3825981920028062, 0.37518922255766707, 0.1646257963690813], 'size': [0.049837904948193595, 0.0813235869879147, 0.05243307039854257]}, 'pillar_obstacle': {'pos': [0.39994824830915515, -0.3824307480766307, 0.23470116647765446], 'size': [0.033663755439403885, 0.20172185302840845, 0.0]}, 'small_block': {'pos': [0.6140097595303955, -0.3535133918987863, 0.1097032402875184], 'size': [0.04461973939918376, 0.0849493067344041, 0.09534921802665242]}}"
6.431000000000482,0.6199976028224433,0.0,0.4,0.6175472776590707,-2.8691843284478763e-07,0.39999424471182865,"{'table_obstacle': {'pos': [0.3825981920028062, 0.37518922255766707, 0.1646257963690813], 'size': [0.049837904948193595, 0.0813235869879147, 0.05243307039854257]}, 'pillar_obstacle': {'pos': [0.39994824830915515, -0.3824307480766307, 0.23470116647765446], 'size': [0.033663755439403885, 0.20172185302840845, 0.0]}, 'small_block': {'pos': [0.6140097595303955, -0.3535133918987863, 0.1097032402875184], 'size': [0.04461973939918376, 0.0849493067344041, 0.09534921802665242]}}"
6.432000000000483,0.6199976028224433,0.0,0.4,0.6175820615182963,-2.9590874801162724e-07,0.39999431671389435,"{'table_obstacle': {'pos': [0.3825981920028062, 0.37518922255766707, 0.1646257963690813], 'size': [0.049837904948193595, 0.0813235869879147, 0.05243307039854257]}, 'pillar_obstacle': {'pos': [0.39994824830915515, -0.3824307480766307, 0.23470116647765446], 'size': [0.033663755439403885, 0.20172185302840845, 0.0]}, 'small_block': {'pos': [0.6140097595303955, -0.3535133918987863, 0.1097032402875184], 'size': [0.04461973939918376, 0.0849493067344041, 0.09534921802665242]}}"
6.433000000000483,0.6199976028224433,0.0,0.4,0.6176163523508159,-3.045948586759196e-07,0.3999943881083136,"{'table_obstacle': {'pos': [0.3825981920028062, 0.37518922255766707, 0.1646257963690813], 'size': [0.049837904948193595, 0.0813235869879147, 0.05243307039854257]}, 'pillar_obstacle': {'pos': [0.39994824830915515, -0.3824307480766307, 0.23470116647765446], 'size': [0.033663755439403885, 0.20172185302840845, 0.0]}, 'small_block': {'pos': [0.6140097595303955, -0.3535133918987863, 0.1097032402875184], 'size': [0.04461973939918376, 0.0849493067344041, 0.09534921802665242]}}"
6.434000000000483,0.6199976028224433,0.0,0.4,0.6176501571232627,-3.129832983717328e-07,0.3999944588899212,"{'table_obstacle': {'pos': [0.3825981920028062, 0.37518922255766707, 0.1646257963690813], 'size': [0.049837904948193595, 0.0813235869879147, 0.05243307039854257]}, 'pillar_obstacle': {'pos': [0.39994824830915515, -0.3824307480766307, 0.23470116647765446], 'size': [0.033663755439403885, 0.20172185302840845, 0.0]}, 'small_block': {'pos': [0.6140097595303955, -0.3535133918987863, 0.1097032402875184], 'size': [0.04461973939918376, 0.0849493067344041, 0.09534921802665242]}}"
6.435000000000484,0.6199976028224433,0.0,0.4,0.6176834827046727,-3.210805001729647e-07,0.39999452905409244,"{'table_obstacle': {'pos': [0.3825981920028062, 0.37518922255766707, 0.1646257963690813], 'size': [0.049837904948193595, 0.0813235869879147, 0.05243307039854257]}, 'pillar_obstacle': {'pos': [0.39994824830915515, -0.3824307480766307, 0.23470116647765446], 'size': [0.033663755439403885, 0.20172185302840845, 0.0]}, 'small_block': {'pos': [0.6140097595303955, -0.3535133918987863, 0.1097032402875184], 'size': [0.04461973939918376, 0.0849493067344041, 0.09534921802665242]}}"
6.436000000000484,0.6199976028224433,0.0,0.4,0.6177163358677779,-3.288927937656089e-07,0.3999945985967124,"{'table_obstacle': {'pos': [0.3825981920028062, 0.37518922255766707, 0.1646257963690813], 'size': [0.049837904948193595, 0.0813235869879147, 0.05243307039854257]}, 'pillar_obstacle': {'pos': [0.39994824830915515, -0.3824307480766307, 0.23470116647765446], 'size': [0.033663755439403885, 0.20172185302840845, 0.0]}, 'small_block': {'pos': [0.6140097595303955, -0.3535133918987863, 0.1097032402875184], 'size': [0.04461973939918376, 0.0849493067344041, 0.09534921802665242]}}"
6.437000000000484,0.6199976028224433,0.0,0.4,0.6177487232902926,-3.364264058740177e-07,0.39999466751414603,"{'table_obstacle': {'pos': [0.3825981920028062, 0.37518922255766707, 0.1646257963690813], 'size': [0.049837904948193595, 0.0813235869879147, 0.05243307039854257]}, 'pillar_obstacle': {'pos': [0.39994824830915515, -0.3824307480766307, 0.23470116647765446], 'size': [0.033663755439403885, 0.20172185302840845, 0.0]}, 'small_block': {'pos': [0.6140097595303955, -0.3535133918987863, 0.1097032402875184], 'size': [0.04461973939918376, 0.0849493067344041, 0.09534921802665242]}}"
6.438000000000485,0.6199976028224433,0.0,0.4,0.6177806515561935,-3.4368745791236684e-07,0.39999473580321354,"{'table_obstacle': {'pos': [0.3825981920028062, 0.37518922255766707, 0.1646257963690813], 'size': [0.049837904948193595, 0.0813235869879147, 0.05243307039854257]}, 'pillar_obstacle': {'pos': [0.39994824830915515, -0.3824307480766307, 0.23470116647765446], 'size': [0.033663755439403885, 0.20172185302840845, 0.0]}, 'small_block': {'pos': [0.6140097595303955, -0.3535133918987863, 0.1097032402875184], 'size': [0.04461973939918376, 0.0849493067344041, 0.09534921802665242]}}"
6.439000000000485,0.6199976028224433,0.0,0.4,0.6178121271569909,-3.506819673696678e-07,0.3999948034611649,"{'table_obstacle': {'pos': [0.3825981920028062, 0.37518922255766707, 0.1646257963690813], 'size': [0.049837904948193595, 0.0813235869879147, 0.05243307039854257]}, 'pillar_obstacle': {'pos': [0.39994824830915515, -0.3824307480766307, 0.23470116647765446], 'size': [0.033663755439403885, 0.20172185302840845, 0.0]}, 'small_block': {'pos': [0.6140097595303955, -0.3535133918987863, 0.1097032402875184], 'size': [0.04461973939918376, 0.0849493067344041, 0.09534921802665242]}}"
6.440000000000485,0.6199976028224433,0.0,0.4,0.6178431564929868,-3.574158472103543e-07,0.39999487048565824,"{'table_obstacle': {'pos': [0.3825981920028062, 0.37518922255766707, 0.1646257963690813], 'size': [0.049837904948193595, 0.0813235869879147, 0.05243307039854257]}, 'pillar_obstacle': {'pos': [0.39994824830915515, -0.3824307480766307, 0.23470116647765446], 'size': [0.033663755439403885, 0.20172185302840845, 0.0]}, 'small_block': {'pos': [0.6140097595303955, -0.3535133918987863, 0.1097032402875184], 'size': [0.04461973939918376, 0.0849493067344041, 0.09534921802665242]}}"
6.441000000000486,0.6199976028224433,0.0,0.4,0.6178737458745257,-3.638949059056046e-07,0.39999493687474025,"{'table_obstacle': {'pos': [0.3825981920028062, 0.37518922255766707, 0.1646257963690813], 'size': [0.049837904948193595, 0.0813235869879147, 0.05243307039854257]}, 'pillar_obstacle': {'pos': [0.39994824830915515, -0.3824307480766307, 0.23470116647765446], 'size': [0.033663755439403885, 0.20172185302840845, 0.0]}, 'small_block': {'pos': [0.6140097595303955, -0.3535133918987863, 0.1097032402875184], 'size': [0.04461973939918376, 0.0849493067344041, 0.09534921802665242]}}"
6.442000000000486,0.6199976028224433,0.0,0.4,0.6179039015232268,-3.70124848943944e-07,0.3999950026268251,"{'table_obstacle': {'pos': [0.3825981920028062, 0.37518922255766707, 0.1646257963690813], 'size': [0.049837904948193595, 0.0813235869879147, 0.05243307039854257]}, 'pillar_obstacle': {'pos': [0.39994824830915515, -0.3824307480766307, 0.23470116647765446], 'size': [0.033663755439403885, 0.20172185302840845, 0.0]}, 'small_block': {'pos': [0.6140097595303955, -0.3535133918987863, 0.1097032402875184], 'size': [0.04461973939918376, 0.0849493067344041, 0.09534921802665242]}}"
6.443000000000486,0.6199976028224433,0.0,0.4,0.6179336295732092,-3.761112793922987e-07,0.3999950677406794,"{'table_obstacle': {'pos': [0.3825981920028062, 0.37518922255766707, 0.1646257963690813], 'size': [0.049837904948193595, 0.0813235869879147, 0.05243307039854257]}, 'pillar_obstacle': {'pos': [0.39994824830915515, -0.3824307480766307, 0.23470116647765446], 'size': [0.033663755439403885, 0.20172185302840845, 0.0]}, 'small_block': {'pos': [0.6140097595303955, -0.3535133918987863, 0.1097032402875184], 'size': [0.04461973939918376, 0.0849493067344041, 0.09534921802665242]}}"
6.444000000000487,0.6199976028224433,0.0,0.4,0.6179629360722974,-3.818596984551852e-07,0.3999951322154038,"{'table_obstacle': {'pos': [0.3825981920028062, 0.37518922255766707, 0.1646257963690813], 'size': [0.049837904948193595, 0.0813235869879147, 0.05243307039854257]}, 'pillar_obstacle': {'pos': [0.39994824830915515, -0.3824307480766307, 0.23470116647765446], 'size': [0.033663755439403885, 0.20172185302840845, 0.0]}, 'small_block': {'pos': [0.6140097595303955, -0.3535133918987863, 0.1097032402875184], 'size': [0.04461973939918376, 0.0849493067344041, 0.09534921802665242]}}"
6.445000000000487,0.6239974695042069,0.0,0.4,0.6179918269832168,-3.873755072178702e-07,0.39999519605041756,"{'table_obstacle': {'pos': [0.3825981920028062, 0.37518922255766707, 0.1646257963690813], 'size': [0.049837904948193595, 0.0813235869879147, 0.05243307039854257]}, 'pillar_obstacle': {'pos': [0.39994824830915515, -0.3824307480766307, 0.23470116647765446], 'size': [0.033663755439403885, 0.20172185302840845, 0.0]}, 'small_block': {'pos': [0.6140097595303955, -0.3535133918987863, 0.1097032402875184], 'size': [0.04461973939918376, 0.0849493067344041, 0.09534921802665242]}}"
6.446000000000487,0.6239974695042069,0.0,0.4,0.6180308645093954,-3.41499604119361e-07,0.3999950183139926,"{'table_obstacle': {'pos': [0.3825981920028062, 0.37518922255766707, 0.1646257963690813], 'size': [0.049837904948193595, 0.0813235869879147, 0.05243307039854257]}, 'pillar_obstacle': {'pos': [0.39994824830915515, -0.3824307480766307, 0.23470116647765446], 'size': [0.033663755439403885, 0.20172185302840845, 0.0]}, 'small_block': {'pos': [0.6140097595303955, -0.3535133918987863, 0.1097032402875184], 'size': [0.04461973939918376, 0.0849493067344041, 0.09534921802665242]}}"
6.447000000000488,0.6239974695042069,0.0,0.4,0.6180779365339968,-2.649635281020257e-07,0.39999469167354423,"{'table_obstacle': {'pos': [0.3825981920028062, 0.37518922255766707, 0.1646257963690813], 'size': [0.049837904948193595, 0.0813235869879147, 0.05243307039854257]}, 'pillar_obstacle': {'pos': [0.39994824830915515, -0.3824307480766307, 0.23470116647765446], 'size': [0.033663755439403885, 0.20172185302840845, 0.0]}, 'small_block': {'pos': [0.6140097595303955, -0.3535133918987863, 0.1097032402875184], 'size': [0.04461973939918376, 0.0849493067344041, 0.09534921802665242]}}"
6.448000000000488,0.6239974695042069,0.0,0.4,0.6181313271512673,-1.7246358862907918e-07,0.3999942821007872,"{'table_obstacle': {'pos': [0.3825981920028062, 0.37518922255766707, 0.1646257963690813], 'size': [0.049837904948193595, 0.0813235869879147, 0.05243307039854257]}, 'pillar_obstacle': {'pos': [0.39994824830915515, -0.3824307480766307, 0.23470116647765446], 'size': [0.033663755439403885, 0.20172185302840845, 0.0]}, 'small_block': {'pos': [0.6140097595303955, -0.3535133918987863, 0.1097032402875184], 'size': [0.04461973939918376, 0.0849493067344041, 0.09534921802665242]}}"
6.449000000000488,0.6239974695042069,0.0,0.4,0.6181896432388937,-7.420422156661087e-08,0.3999938357740676,"{'table_obstacle': {'pos': [0.3825981920028062, 0.37518922255766707, 0.1646257963690813], 'size': [0.049837904948193595, 0.0813235869879147, 0.05243307039854257]}, 'pillar_obstacle': {'pos': [0.39994824830915515, -0.3824307480766307, 0.23470116647765446], 'size': [0.033663755439403885, 0.20172185302840845, 0.0]}, 'small_block': {'pos': [0.6140097595303955, -0.3535133918987863, 0.1097032402875184], 'size': [0.04461973939918376, 0.0849493067344041, 0.09534921802665242]}}"
6.450000000000489,0.6239974695042069,0.0,0.4,0.6182517544965973,2.2927716134893194e-08,0.3999933842813008,"{'table_obstacle': {'pos': [0.3825981920028062, 0.37518922255766707, 0.1646257963690813], 'size': [0.049837904948193595, 0.0813235869879147, 0.05243307039854257]}, 'pillar_obstacle': {'pos': [0.39994824830915515, -0.3824307480766307, 0.23470116647765446], 'size': [0.033663755439403885, 0.20172185302840845, 0.0]}, 'small_block': {'pos': [0.6140097595303955, -0.3535133918987863, 0.1097032402875184], 'size': [0.04461973939918376, 0.0849493067344041, 0.09534921802665242]}}"
6.451000000000489,0.6239974695042069,0.0,0.4,0.6183167445294077,1.1447274565597265e-07,0.39999294853465267,"{'table_obstacle': {'pos': [0.3825981920028062, 0.37518922255766707, 0.1646257963690813], 'size': [0.049837904948193595, 0.0813235869879147, 0.05243307039854257]}, 'pillar_obstacle': {'pos': [0.39994824830915515, -0.3824307480766307, 0.23470116647765446], 'size': [0.033663755439403885, 0.20172185302840845, 0.0]}, 'small_block': {'pos': [0.6140097595303955, -0.3535133918987863, 0.1097032402875184], 'size': [0.04461973939918376, 0.0849493067344041, 0.09534921802665242]}}"
6.452000000000489,0.6239974695042069,0.0,0.4,0.6183838709725269,1.9772686463731187e-07,0.39999254170810117,"{'table_obstacle': {'pos': [0.3825981920028062, 0.37518922255766707, 0.1646257963690813], 'size': [0.049837904948193595, 0.0813235869879147, 0.05243307039854257]}, 'pillar_obstacle': {'pos': [0.39994824830915515, -0.3824307480766307, 0.23470116647765446], 'size': [0.033663755439403885, 0.20172185302840845, 0.0]}, 'small_block': {'pos': [0.6140097595303955, -0.3535133918987863, 0.1097032402875184], 'size': [0.04461973939918376, 0.0849493067344041, 0.09534921802665242]}}"
6.45300000000049,0.6239974695042069,0.0,0.4,0.6184525330069421,2.712370495643662e-07,0.3999921714339479,"{'table_obstacle': {'pos': [0.3825981920028062, 0.37518922255766707, 0.1646257963690813], 'size': [0.049837904948193595, 0.0813235869879147, 0.05243307039854257]}, 'pillar_obstacle': {'pos': [0.39994824830915515, -0.3824307480766307, 0.23470116647765446], 'size': [0.033663755439403885, 0.20172185302840845, 0.0]}, 'small_block': {'pos': [0.6140097595303955, -0.3535133918987863, 0.1097032402875184], 'size': [0.04461973939918376, 0.0849493067344041, 0.09534921802665242]}}"
6.45400000000049,0.6239974695042069,0.0,0.4,0.6185222449091474,3.3442477508193165e-07,0.39999184143774336,"{'table_obstacle': {'pos': [0.3825981920028062, 0.37518922255766707, 0.1646257963690813], 'size': [0.049837904948193595, 0.0813235869879147, 0.05243307039854257]}, 'pillar_obstacle': {'pos': [0.39994824830915515, -0.3824307480766307, 0.23470116647765446], 'size': [0.033663755439403885, 0.20172185302840845, 0.0]}, 'small_block': {'pos': [0.6140097595303955, -0.3535133918987863, 0.1097032402875184], 'size': [0.04461973939918376, 0.0849493067344041, 0.09534921802665242]}}"
6.45500000000049,0.6239974695042069,0.0,0.4,0.6185926145226674,3.8730714004370493e-07,0.39999155274822534,"{'table_obstacle': {'pos': [0.3825981920028062, 0.37518922255766707, 0.1646257963690813], 'size': [0.049837904948193595, 0.0813235869879147, 0.05243307039854257]}, 'pillar_obstacle': {'pos': [0.39994824830915515, -0.3824307480766307, 0.23470116647765446], 'size': [0.033663755439403885, 0.20172185302840845, 0.0]}, 'small_block': {'pos': [0.6140097595303955, -0.3535133918987863, 0.1097032402875184], 'size': [0.04461973939918376, 0.0849493067344041, 0.09534921802665242]}}"
6.456000000000491,0.6239974695042069,0.0,0.4,0.6186633257410757,4.302921303159387e-07,0.3999913045863278,"{'table_obstacle': {'pos': [0.3825981920028062, 0.37518922255766707, 0.1646257963690813], 'size': [0.049837904948193595, 0.0813235869879147, 0.05243307039854257]}, 'pillar_obstacle': {'pos': [0.39994824830915515, -0.3824307480766307, 0.23470116647765446], 'size': [0.033663755439403885, 0.20172185302840845, 0.0]}, 'small_block': {'pos': [0.6140097595303955, -0.3535133918987863, 0.1097032402875184], 'size': [0.04461973939918376, 0.0849493067344041, 0.09534921802665242]}}"
6.457000000000491,0.6239974695042069,0.0,0.4,0.6187341242585683,4.6402995314027146e-07,0.3999910950125191,"{'table_obstacle': {'pos': [0.3825981920028062, 0.37518922255766707, 0.1646257963690813], 'size': [0.049837904948193595, 0.0813235869879147, 0.05243307039854257]}, 'pillar_obstacle': {'pos': [0.39994824830915515, -0.3824307480766307, 0.23470116647765446], 'size': [0.033663755439403885, 0.20172185302840845, 0.0]}, 'small_block': {'pos': [0.6140097595303955, -0.3535133918987863, 0.1097032402875184], 'size': [0.04461973939918376, 0.0849493067344041, 0.09534921802665242]}}"
6.458000000000491,0.6239974695042069,0.0,0.4,0.6188048059808475,4.89306562279169e-07,0.3999909213928226,"{'table_obstacle': {'pos': [0.3825981920028062, 0.37518922255766707, 0.1646257963690813], 'size': [0.049837904948193595, 0.0813235869879147, 0.05243307039854257]}, 'pillar_obstacle': {'pos': [0.39994824830915515, -0.3824307480766307, 0.23470116647765446], 'size': [0.033663755439403885, 0.20172185302840845, 0.0]}, 'small_block': {'pos': [0.6140097595303955, -0.3535133918987863, 0.1097032402875184], 'size': [0.04461973939918376, 0.0849493067344041, 0.09534921802665242]}}"
6.459000000000492,0.6239974695042069,0.0,0.4,0.6188752076010944,5.069687468718563e-07,0.3999907807294189,"{'table_obstacle': {'pos': [0.3825981920028062, 0.37518922255766707, 0.1646257963690813], 'size': [0.049837904948193595, 0.0813235869879147, 0.05243307039854257]}, 'pillar_obstacle': {'pos': [0.39994824830915515, -0.3824307480766307, 0.23470116647765446], 'size': [0.033663755439403885, 0.20172185302840845, 0.0]}, 'small_block': {'pos': [0.6140097595303955, -0.3535133918987863, 0.1097032402875184], 'size': [0.04461973939918376, 0.0849493067344041, 0.09534921802665242]}}"
6.460000000000492,0.6239974695042069,0.0,0.4,0.6189451989374546,5.17872657712218e-07,0.3999906698906773,"{'table_obstacle': {'pos': [0.3825981920028062, 0.37518922255766707, 0.1646257963690813], 'size': [0.049837904948193595, 0.0813235869879147, 0.05243307039854257]}, 'pillar_obstacle': {'pos': [0.39994824830915515, -0.3824307480766307, 0.23470116647765446], 'size': [0.033663755439403885, 0.20172185302840845, 0.0]}, 'small_block': {'pos': [0.6140097595303955, -0.3535133918987863, 0.1097032402875184], 'size': [0.04461973939918376, 0.0849493067344041, 0.09534921802665242]}}"
6.461000000000492,0.6239974695042069,0.0,0.4,0.6190146767033685,5.228495981419549e-07,0.3999905857670232,"{'table_obstacle': {'pos': [0.3825981920028062, 0.37518922255766707, 0.1646257963690813], 'size': [0.049837904948193595, 0.0813235869879147, 0.05243307039854257]}, 'pillar_obstacle': {'pos': [0.39994824830915515, -0.3824307480766307, 0.23470116647765446], 'size': [0.033663755439403885, 0.20172185302840845, 0.0]}, 'small_block': {'pos': [0.6140097595303955, -0.3535133918987863, 0.1097032402875184], 'size': [0.04461973939918376, 0.0849493067344041, 0.09534921802665242]}}"
6.462000000000493,0.6239974695042069,0.0,0.4,0.6190835594431712,5.226843962391787e-07,0.3999905253725748,"{'table_obstacle': {'pos': [0.3825981920028062, 0.37518922255766707, 0.1646257963690813], 'size': [0.049837904948193595, 0.0813235869879147, 0.05243307039854257]}, 'pillar_obstacle': {'pos': [0.39994824830915515, -0.3824307480766307, 0.23470116647765446], 'size': [0.033663755439403885, 0.20172185302840845, 0.0]}, 'small_block': {'pos': [0.6140097595303955, -0.3535133918987863, 0.1097032402875184], 'size': [0.04461973939918376, 0.0849493067344041, 0.09534921802665242]}}"
6.463000000000493,0.6239974695042069,0.0,0.4,0.6191517834152365,5.181028296160532e-07,0.3999904859075579,"{'table_obstacle': {'pos': [0.3825981920028062, 0.37518922255766707, 0.1646257963690813], 'size': [0.049837904948193595, 0.0813235869879147, 0.05243307039854257]}, 'pillar_obstacle': {'pos': [0.39994824830915515, -0.3824307480766307, 0.23470116647765446], 'size': [0.033663755439403885, 0.20172185302840845, 0.0]}, 'small_block': {'pos': [0.6140097595303955, -0.3535133918987863, 0.1097032402875184], 'size': [0.04461973939918376, 0.0849493067344041, 0.09534921802665242]}}"
6.464000000000493,0.6239974695042069,0.0,0.4,0.6192192992455333,5.097654588463159e-07,0.39999046479273975,"{'table_obstacle': {'pos': [0.3825981920028062, 0.37518922255766707, 0.1646257963690813], 'size': [0.049837904948193595, 0.0813235869879147, 0.05243307039854257]}, 'pillar_obstacle': {'pos': [0.39994824830915515, -0.3824307480766307, 0.23470116647765446], 'size': [0.033663755439403885, 0.20172185302840845, 0.0]}, 'small_block': {'pos': [0.6140097595303955, -0.3535133918987863, 0.1097032402875184], 'size': [0.04461973939918376, 0.0849493067344041, 0.09534921802665242]}}"
6.465000000000494,0.6239974695042069,0.0,0.4,0.6192860692075257,4.982658960303439e-07,0.3999904596842513,"{'table_obstacle': {'pos': [0.3825981920028062, 0.37518922255766707, 0.1646257963690813], 'size': [0.049837904948193595, 0.0813235869879147, 0.05243307039854257]}, 'pillar_obstacle': {'pos': [0.39994824830915515, -0.3824307480766307, 0.23470116647765446], 'size': [0.033663755439403885, 0.20172185302840845, 0.0]}, 'small_block': {'pos': [0.6140097595303955, -0.3535133918987863, 0.1097032402875184], 'size': [0.04461973939918376, 0.0849493067344041, 0.09534921802665242]}}"
6.466000000000494,0.6239974695042069,0.0,0.4,0.619352065011269,4.841320592760562e-07,0.3999904684749976,"{'table_obstacle': {'pos': [0.3825981920028062, 0.37518922255766707, 0.1646257963690813], 'size': [0.049837904948193595, 0.0813235869879147, 0.05243307039854257]}, 'pillar_obstacle': {'pos': [0.39994824830915515, -0.3824307480766307, 0.23470116647765446], 'size': [0.033663755439403885, 0.20172185302840845, 0.0]}, 'small_block': {'pos': [0.6140097595303955, -0.3535133918987863, 0.1097032402875184], 'size': [0.04461973939918376, 0.0849493067344041, 0.09534921802665242]}}"
6.467000000000494,0.6239974695042069,0.0,0.4,0.6194172660064421,4.678293445693607e-07,0.39999048928720154,"{'table_obstacle': {'pos': [0.3825981920028062, 0.37518922255766707, 0.1646257963690813], 'size': [0.049837904948193595, 0.0813235869879147, 0.05243307039854257]}, 'pillar_obstacle': {'pos': [0.39994824830915515, -0.3824307480766307, 0.23470116647765446], 'size': [0.033663755439403885, 0.20172185302840845, 0.0]}, 'small_block': {'pos': [0.6140097595303955, -0.3535133918987863, 0.1097032402875184], 'size': [0.04461973939918376, 0.0849493067344041, 0.09534921802665242]}}"
6.468000000000495,0.6239974695042069,0.0,0.4,0.6194816577218705,4.4976494824274734e-07,0.3999905204593837,"{'table_obstacle': {'pos': [0.3825981920028062, 0.37518922255766707, 0.1646257963690813], 'size': [0.049837904948193595, 0.0813235869879147, 0.05243307039854257]}, 'pillar_obstacle': {'pos': [0.39994824830915515, -0.3824307480766307, 0.23470116647765446], 'size': [0.033663755439403885, 0.20172185302840845, 0.0]}, 'small_block': {'pos': [0.6140097595303955, -0.3535133918987863, 0.1097032402875184], 'size': [0.04461973939918376, 0.0849493067344041, 0.09534921802665242]}}"
6.469000000000495,0.6239974695042069,0.0,0.4,0.619545230678591,4.3029279311855755e-07,0.39999056053014825,"{'table_obstacle': {'pos': [0.3825981920028062, 0.37518922255766707, 0.1646257963690813], 'size': [0.049837904948193595, 0.0813235869879147, 0.05243307039854257]}, 'pillar_obstacle': {'pos': [0.39994824830915515, -0.3824307480766307, 0.23470116647765446], 'size': [0.033663755439403885, 0.20172185302840845, 0.0]}, 'small_block': {'pos': [0.6140097595303955, -0.3535133918987863, 0.1097032402875184], 'size': [0.04461973939918376, 0.0849493067344041, 0.09534921802665242]}}"
6.470000000000495,0.6239974695042069,0.0,0.4,0.6196079794252729,4.0971867652560677e-07,0.39999060822044386,"{'table_obstacle': {'pos': [0.3825981920028062, 0.37518922255766707, 0.1646257963690813], 'size': [0.049837904948193595, 0.0813235869879147, 0.05243307039854257]}, 'pillar_obstacle': {'pos': [0.39994824830915515, -0.3824307480766307, 0.23470116647765446], 'size': [0.033663755439403885, 0.20172185302840845, 0.0]}, 'small_block': {'pos': [0.6140097595303955, -0.3535133918987863, 0.1097032402875184], 'size': [0.04461973939918376, 0.0849493067344041, 0.09534921802665242]}}"
6.471000000000496,0.6239974695042069,0.0,0.4,0.6196699017543931,3.8830537919245767e-07,0.399990662415453,"{'table_obstacle': {'pos': [0.3825981920028062, 0.37518922255766707, 0.1646257963690813], 'size': [0.049837904948193595, 0.0813235869879147, 0.05243307039854257]}, 'pillar_obstacle': {'pos': [0.39994824830915515, -0.3824307480766307, 0.23470116647765446], 'size': [0.033663755439403885, 0.20172185302840845, 0.0]}, 'small_block': {'pos': [0.6140097595303955, -0.3535133918987863, 0.1097032402875184], 'size': [0.04461973939918376, 0.0849493067344041, 0.09534921802665242]}}"
6.472000000000496,0.6239974695042069,0.0,0.4,0.6197309980653564,3.662775703667453e-07,0.39999072214687986,"{'table_obstacle': {'pos': [0.3825981920028062, 0.37518922255766707, 0.1646257963690813], 'size': [0.049837904948193595, 0.0813235869879147, 0.05243307039854257]}, 'pillar_obstacle': {'pos': [0.39994824830915515, -0.3824307480766307, 0.23470116647765446], 'size': [0.033663755439403885, 0.20172185302840845, 0.0]}, 'small_block': {'pos': [0.6140097595303955, -0.3535133918987863, 0.1097032402875184], 'size': [0.04461973939918376, 0.0849493067344041, 0.09534921802665242]}}"
6.473000000000496,0.6239974695042069,0.0,0.4,0.6197912708470633,3.438263988746288e-07,0.3999907865761315,"{'table_obstacle': {'pos': [0.3825981920028062, 0.37518922255766707, 0.1646257963690813], 'size': [0.049837904948193595, 0.0813235869879147, 0.05243307039854257]}, 'pillar_obstacle': {'pos': [0.39994824830915515, -0.3824307480766307, 0.23470116647765446], 'size': [0.033663755439403885, 0.20172185302840845, 0.0]}, 'small_block': {'pos': [0.6140097595303955, -0.3535133918987863, 0.1097032402875184], 'size': [0.04461973939918376, 0.0849493067344041, 0.09534921802665242]}}"
6.474000000000497,0.6239974695042069,0.0,0.4,0.6198507242575864,3.2111371793061094e-07,0.39999085497868203,"{'table_obstacle': {'pos': [0.3825981920028062, 0.37518922255766707, 0.1646257963690813], 'size': [0.049837904948193595, 0.0813235869879147, 0.05243307039854257]}, 'pillar_obstacle': {'pos': [0.39994824830915515, -0.3824307480766307, 0.23470116647765446], 'size': [0.033663755439403885, 0.20172185302840845, 0.0]}, 'small_block': {'pos': [0.6140097595303955, -0.3535133918987863, 0.1097032402875184], 'size': [0.04461973939918376, 0.0849493067344041, 0.09534921802665242]}}"
6.475000000000497,0.6239974695042069,0.0,0.4,0.6199093637827897,2.982759161617517e-07,0.39999092672977204,"{'table_obstacle': {'pos': [0.3825981920028062, 0.37518922255766707, 0.1646257963690813], 'size': [0.049837904948193595, 0.0813235869879147, 0.05243307039854257]}, 'pillar_obstacle': {'pos': [0.39994824830915515, -0.3824307480766307, 0.23470116647765446], 'size': [0.033663755439403885, 0.20172185302840845, 0.0]}, 'small_block': {'pos': [0.6140097595303955, -0.3535133918987863, 0.1097032402875184], 'size': [0.04461973939918376, 0.0849493067344041, 0.09534921802665242]}}"
6.476000000000497,0.6239974695042069,0.0,0.4,0.6199671959591289,2.754273541240063e-07,0.3999910012914934,"{'table_obstacle': {'pos': [0.3825981920028062, 0.37518922255766707, 0.1646257963690813], 'size': [0.049837904948193595, 0.0813235869879147, 0.05243307039854257]}, 'pillar_obstacle': {'pos': [0.39994824830915515, -0.3824307480766307, 0.23470116647765446], 'size': [0.033663755439403885, 0.20172185302840845, 0.0]}, 'small_block': {'pos': [0.6140097595303955, -0.3535133918987863, 0.1097032402875184], 'size': [0.04461973939918376, 0.0849493067344041, 0.09534921802665242]}}"
6.477000000000498,0.6239974695042069,0.0,0.4,0.6200242281486237,2.5266341696419e-07,0.3999910782012443,"{'table_obstacle': {'pos': [0.3825981920028062, 0.37518922255766707, 0.1646257963690813], 'size': [0.049837904948193595, 0.0813235869879147, 0.05243307039854257]}, 'pillar_obstacle': {'pos': [0.39994824830915515, -0.3824307480766307, 0.23470116647765446], 'size': [0.033663755439403885, 0.20172185302840845, 0.0]}, 'small_block': {'pos': [0.6140097595303955, -0.3535133918987863, 0.1097032402875184], 'size': [0.04461973939918376, 0.0849493067344041, 0.09534921802665242]}}"
6.478000000000498,0.6239974695042069,0.0,0.4,0.620080468356256,2.3006320721894803e-07,0.399991157061496,"{'table_obstacle': {'pos': [0.3825981920028062, 0.37518922255766707, 0.1646257963690813], 'size': [0.049837904948193595, 0.0813235869879147, 0.05243307039854257]}, 'pillar_obstacle': {'pos': [0.39994824830915515, -0.3824307480766307, 0.23470116647765446], 'size': [0.033663755439403885, 0.20172185302840845, 0.0]}, 'small_block': {'pos': [0.6140097595303955, -0.3535133918987863, 0.1097032402875184], 'size': [0.04461973939918376, 0.0849493067344041, 0.09534921802665242]}}"
6.479000000000498,0.6239974695042069,0.0,0.4,0.6201359250818479,2.0769190408731666e-07,0.3999912375307847,"{'table_obstacle': {'pos': [0.3825981920028062, 0.37518922255766707, 0.1646257963690813], 'size': [0.049837904948193595, 0.0813235869879147, 0.05243307039854257]}, 'pillar_obstacle': {'pos': [0.39994824830915515, -0.3824307480766307, 0.23470116647765446], 'size': [0.033663755439403885, 0.20172185302840845, 0.0]}, 'small_block': {'pos': [0.6140097595303955, -0.3535133918987863, 0.1097032402875184], 'size': [0.04461973939918376, 0.0849493067344041, 0.09534921802665242]}}"
6.480000000000499,0.6239974695042069,0.0,0.4,0.6201906071999825,1.8560281909067946e-07,0.399991319315829,"{'table_obstacle': {'pos': [0.3825981920028062, 0.37518922255766707, 0.1646257963690813], 'size': [0.049837904948193595, 0.0813235869879147, 0.05243307039854257]}, 'pillar_obstacle': {'pos': [0.39994824830915515, -0.3824307480766307, 0.23470116647765446], 'size': [0.033663755439403885, 0.20172185302840845, 0.0]}, 'small_block': {'pos': [0.6140097595303955, -0.3535133918987863, 0.1097032402875184], 'size': [0.04461973939918376, 0.0849493067344041, 0.09534921802665242]}}"
6.481000000000499,0.6239974695042069,0.0,0.4,0.6202445238627189,1.6383917756491888e-07,0.3999914021646686,"{'table_obstacle': {'pos': [0.3825981920028062, 0.37518922255766707, 0.1646257963690813], 'size': [0.049837904948193595, 0.0813235869879147, 0.05243307039854257]}, 'pillar_obstacle': {'pos': [0.39994824830915515, -0.3824307480766307, 0.23470116647765446], 'size': [0.033663755439403885, 0.20172185302840845, 0.0]}, 'small_block': {'pos': [0.6140097595303955, -0.3535133918987863, 0.1097032402875184], 'size': [0.04461973939918376, 0.0849493067344041, 0.09534921802665242]}}"
6.482000000000499,0.6239974695042069,0.0,0.4,0.6202976844208382,1.4243565882179141e-07,0.3999914858607171,"{'table_obstacle': {'pos': [0.3825981920028062, 0.37518922255766707, 0.1646257963690813], 'size': [0.049837904948193595, 0.0813235869879147, 0.05243307039854257]}, 'pillar_obstacle': {'pos': [0.39994824830915515, -0.3824307480766307, 0.23470116647765446], 'size': [0.033663755439403885, 0.20172185302840845, 0.0]}, 'small_block': {'pos': [0.6140097595303955, -0.3535133918987863, 0.1097032402875184], 'size': [0.04461973939918376, 0.0849493067344041, 0.09534921802665242]}}"
6.4830000000005,0.6239974695042069,0.0,0.4,0.6203500983601585,1.2141971833006314e-07,0.3999915702176259,"{'table_obstacle': {'pos': [0.3825981920028062, 0.37518922255766707, 0.1646257963690813], 'size': [0.049837904948193595, 0.0813235869879147, 0.05243307039854257]}, 'pillar_obstacle': {'pos': [0.39994824830915515, -0.3824307480766307, 0.23470116647765446], 'size': [0.033663755439403885, 0.20172185302840845, 0.0]}, 'small_block': {'pos': [0.6140097595303955, -0.3535133918987863, 0.1097032402875184], 'size': [0.04461973939918376, 0.0849493067344041, 0.09534921802665242]}}"
6.4840000000005,0.6239974695042069,0.0,0.4,0.6204017752500943,1.0081272394918277e-07,0.3999916550748649,"{'table_obstacle': {'pos': [0.3825981920028062, 0.37518922255766707, 0.1646257963690813], 'size': [0.049837904948193595, 0.0813235869879147, 0.05243307039854257]}, 'pillar_obstacle': {'pos': [0.39994824830915515, -0.3824307480766307, 0.23470116647765446], 'size': [0.033663755439403885, 0.20172185302840845, 0.0]}, 'small_block': {'pos': [0.6140097595303955, -0.3535133918987863, 0.1097032402875184], 'size': [0.04461973939918376, 0.0849493067344041, 0.09534921802665242]}}"
6.4850000000005,0.6239974695042069,0.0,0.4,0.6204527247021792,8.063092608346414e-08,0.39999174029393114,"{'table_obstacle': {'pos': [0.3825981920028062, 0.37518922255766707, 0.1646257963690813], 'size': [0.049837904948193595, 0.0813235869879147, 0.05243307039854257]}, 'pillar_obstacle': {'pos': [0.39994824830915515, -0.3824307480766307, 0.23470116647765446], 'size': [0.033663755439403885, 0.20172185302840845, 0.0]}, 'small_block': {'pos': [0.6140097595303955, -0.3535133918987863, 0.1097032402875184], 'size': [0.04461973939918376, 0.0849493067344041, 0.09534921802665242]}}"
6.486000000000501,0.6239974695042069,0.0,0.4,0.6205029563366758,6.088628377534758e-08,0.3999918257551032,"{'table_obstacle': {'pos': [0.3825981920028062, 0.37518922255766707, 0.1646257963690813], 'size': [0.049837904948193595, 0.0813235869879147, 0.05243307039854257]}, 'pillar_obstacle': {'pos': [0.39994824830915515, -0.3824307480766307, 0.23470116647765446], 'size': [0.033663755439403885, 0.20172185302840845, 0.0]}, 'small_block': {'pos': [0.6140097595303955, -0.3535133918987863, 0.1097032402875184], 'size': [0.04461973939918376, 0.0849493067344041, 0.09534921802665242]}}"
6.487000000000501,0.6239974695042069,0.0,0.4,0.6205524797557674,4.158716797488728e-08,0.39999191135466955,"{'table_obstacle': {'pos': [0.3825981920028062, 0.37518922255766707, 0.1646257963690813], 'size': [0.049837904948193595, 0.0813235869879147, 0.05243307039854257]}, 'pillar_obstacle': {'pos': [0.39994824830915515, -0.3824307480766307, 0.23470116647765446], 'size': [0.033663755439403885, 0.20172185302840845, 0.0]}, 'small_block': {'pos': [0.6140097595303955, -0.3535133918987863, 0.1097032402875184], 'size': [0.04461973939918376, 0.0849493067344041, 0.09534921802665242]}}"
6.488000000000501,0.6239974695042069,0.0,0.4,0.6206013045220962,2.273895903706933e-08,0.39999199700256743,"{'table_obstacle': {'pos': [0.3825981920028062, 0.37518922255766707, 0.1646257963690813], 'size': [0.049837904948193595, 0.0813235869879147, 0.05243307039854257]}, 'pillar_obstacle': {'pos': [0.39994824830915515, -0.3824307480766307, 0.23470116647765446], 'size': [0.033663755439403885, 0.20172185302840845, 0.0]}, 'small_block': {'pos': [0.6140097595303955, -0.3535133918987863, 0.1097032402875184], 'size': [0.04461973939918376, 0.0849493067344041, 0.09534921802665242]}}"
6.489000000000502,0.6239974695042069,0.0,0.4,0.6206494401416439,4.34455088703553e-09,0.39999208262037417,"{'table_obstacle': {'pos': [0.3825981920028062, 0.37518922255766707, 0.1646257963690813], 'size': [0.049837904948193595, 0.0813235869879147, 0.05243307039854257]}, 'pillar_obstacle': {'pos': [0.39994824830915515, -0.3824307480766307, 0.23470116647765446], 'size': [0.033663755439403885, 0.20172185302840845, 0.0]}, 'small_block': {'pos': [0.6140097595303955, -0.3535133918987863, 0.1097032402875184], 'size': [0.04461973939918376, 0.0849493067344041, 0.09534921802665242]}}"
6.490000000000502,0.6239974695042069,0.0,0.4,0.6206968960501423,-1.3595221744118373e-08,0.3999921681395999,"{'table_obstacle': {'pos': [0.3825981920028062, 0.37518922255766707, 0.1646257963690813], 'size': [0.049837904948193595, 0.0813235869879147, 0.05243307039854257]}, 'pillar_obstacle': {'pos': [0.39994824830915515, -0.3824307480766307, 0.23470116647765446], 'size': [0.033663755439403885, 0.20172185302840845, 0.0]}, 'small_block': {'pos': [0.6140097595303955, -0.3535133918987863, 0.1097032402875184], 'size': [0.04461973939918376, 0.0849493067344041, 0.09534921802665242]}}"
6.491000000000502,0.6239974695042069,0.0,0.4,0.6207436816023516,-3.108122393708062e-08,0.3999922535002399,"{'table_obstacle': {'pos': [0.3825981920028062, 0.37518922255766707, 0.1646257963690813], 'size': [0.049837904948193595, 0.0813235869879147, 0.05243307039854257]}, 'pillar_obstacle': {'pos': [0.39994824830915515, -0.3824307480766307, 0.23470116647765446], 'size': [0.033663755439403885, 0.20172185302840845, 0.0]}, 'small_block': {'pos': [0.6140097595303955, -0.3535133918987863, 0.1097032402875184], 'size': [0.04461973939918376, 0.0849493067344041, 0.09534921802665242]}}"
6.492000000000503,0.6239974695042069,0.0,0.4,0.6207898060636639,-4.811571674006304e-08,0.39999233864954903,"{'table_obstacle': {'pos': [0.3825981920028062, 0.37518922255766707, 0.1646257963690813], 'size': [0.049837904948193595, 0.0813235869879147, 0.05243307039854257]}, 'pillar_obstacle': {'pos': [0.39994824830915515, -0.3824307480766307, 0.23470116647765446], 'size': [0.033663755439403885, 0.20172185302840845, 0.0]}, 'small_block': {'pos': [0.6140097595303955, -0.3535133918987863, 0.1097032402875184], 'size': [0.04461973939918376, 0.0849493067344041, 0.09534921802665242]}}"
6.493000000000503,0.6239974695042069,0.0,0.4,0.6208352786035978,-6.47021032891563e-08,0.39999242354100045,"{'table_obstacle': {'pos': [0.3825981920028062, 0.37518922255766707, 0.1646257963690813], 'size': [0.049837904948193595, 0.0813235869879147, 0.05243307039854257]}, 'pillar_obstacle': {'pos': [0.39994824830915515, -0.3824307480766307, 0.23470116647765446], 'size': [0.033663755439403885, 0.20172185302840845, 0.0]}, 'small_block': {'pos': [0.6140097595303955, -0.3535133918987863, 0.1097032402875184], 'size': [0.04461973939918376, 0.0849493067344041, 0.09534921802665242]}}"
6.494000000000503,0.6239974695042069,0.0,0.4,0.6208801082908239,-8.084471446564415e-08,0.3999925081334092,"{'table_obstacle': {'pos': [0.3825981920028062, 0.37518922255766707, 0.1646257963690813], 'size': [0.049837904948193595, 0.0813235869879147, 0.05243307039854257]}, 'pillar_obstacle': {'pos': [0.39994824830915515, -0.3824307480766307, 0.23470116647765446], 'size': [0.033663755439403885, 0.20172185302840845, 0.0]}, 'small_block': {'pos': [0.6140097595303955, -0.3535133918987863, 0.1097032402875184], 'size': [0.04461973939918376, 0.0849493067344041, 0.09534921802665242]}}"
6.495000000000504,0.6239974695042069,0.0,0.4,0.6209243040894346,-9.654863029026199e-08,0.3999925923901873,"{'table_obstacle': {'pos': [0.3825981920028062, 0.37518922255766707, 0.1646257963690813], 'size': [0.049837904948193595, 0.0813235869879147, 0.05243307039854257]}, 'pillar_obstacle': {'pos': [0.39994824830915515, -0.3824307480766307, 0.23470116647765446], 'size': [0.033663755439403885, 0.20172185302840845, 0.0]}, 'small_block': {'pos': [0.6140097595303955, -0.3535133918987863, 0.1097032402875184], 'size': [0.04461973939918376, 0.0849493067344041, 0.09534921802665242]}}"
6.496000000000504,0.6239974695042069,0.0,0.4,0.6209678748562196,-1.1181953024870386e-07,0.3999926762787156,"{'table_obstacle': {'pos': [0.3825981920028062, 0.37518922255766707, 0.1646257963690813], 'size': [0.049837904948193595, 0.0813235869879147, 0.05243307039854257]}, 'pillar_obstacle': {'pos': [0.39994824830915515, -0.3824307480766307, 0.23470116647765446], 'size': [0.033663755439403885, 0.20172185302840845, 0.0]}, 'small_block': {'pos': [0.6140097595303955, -0.3535133918987863, 0.1097032402875184], 'size': [0.04461973939918376, 0.0849493067344041, 0.09534921802665242]}}"
6.497000000000504,0.6239974695042069,0.0,0.4,0.6210108293387553,-1.2666356787816106e-07,0.39999275976981213,"{'table_obstacle': {'pos': [0.3825981920028062, 0.37518922255766707, 0.1646257963690813], 'size': [0.049837904948193595, 0.0813235869879147, 0.05243307039854257]}, 'pillar_obstacle': {'pos': [0.39994824830915515, -0.3824307480766307, 0.23470116647765446], 'size': [0.033663755439403885, 0.20172185302840845, 0.0]}, 'small_block': {'pos': [0.6140097595303955, -0.3535133918987863, 0.1097032402875184], 'size': [0.04461973939918376, 0.0849493067344041, 0.09534921802665242]}}"
6.498000000000505,0.6239974695042069,0.0,0.4,0.6210531761741567,-1.4108726579664775e-07,0.39999284283728287,"{'table_obstacle': {'pos': [0.3825981920028062, 0.37518922255766707, 0.1646257963690813], 'size': [0.049837904948193595, 0.0813235869879147, 0.05243307039854257]}, 'pillar_obstacle': {'pos': [0.39994824830915515, -0.3824307480766307, 0.23470116647765446], 'size': [0.033663755439403885, 0.20172185302840845, 0.0]}, 'small_block': {'pos': [0.6140097595303955, -0.3535133918987863, 0.1097032402875184], 'size': [0.04461973939918376, 0.0849493067344041, 0.09534921802665242]}}"
6.499000000000505,0.6239974695042069,0.0,0.4,0.621094923888356,-1.5509743101942975e-07,0.39999292545754117,"{'table_obstacle': {'pos': [0.3825981920028062, 0.37518922255766707, 0.1646257963690813], 'size': [0.049837904948193595, 0.0813235869879147, 0.05243307039854257]}, 'pillar_obstacle': {'pos': [0.39994824830915515, -0.3824307480766307, 0.23470116647765446], 'size': [0.033663755439403885, 0.20172185302840845, 0.0]}, 'small_block': {'pos': [0.6140097595303955, -0.3535133918987863, 0.1097032402875184], 'size': [0.04461973939918376, 0.0849493067344041, 0.09534921802665242]}}"
6.500000000000505,0.6239974695042069,0.0,0.4,0.6211360808958151,-1.687010802638667e-07,0.39999300760928563,"{'table_obstacle': {'pos': [0.3825981920028062, 0.37518922255766707, 0.1646257963690813], 'size': [0.049837904948193595, 0.0813235869879147, 0.05243307039854257]}, 'pillar_obstacle': {'pos': [0.39994824830915515, -0.3824307480766307, 0.23470116647765446], 'size': [0.033663755439403885, 0.20172185302840845, 0.0]}, 'small_block': {'pos': [0.6140097595303955, -0.3535133918987863, 0.1097032402875184], 'size': [0.04461973939918376, 0.0849493067344041, 0.09534921802665242]}}"
6.501000000000506,0.6239974695042069,0.0,0.4,0.6211766554995803,-1.8190538210147875e-07,0.39999308927322724,"{'table_obstacle': {'pos': [0.3825981920028062, 0.37518922255766707, 0.1646257963690813], 'size': [0.049837904948193595, 0.0813235869879147, 0.05243307039854257]}, 'pillar_obstacle': {'pos': [0.39994824830915515, -0.3824307480766307, 0.23470116647765446], 'size': [0.033663755439403885, 0.20172185302840845, 0.0]}, 'small_block': {'pos': [0.6140097595303955, -0.3535133918987863, 0.1097032402875184], 'size': [0.04461973939918376, 0.0849493067344041, 0.09534921802665242]}}"
6.502000000000506,0.6239974695042069,0.0,0.4,0.6212166558916152,-1.947176060398924e-07,0.3999931704318572,"{'table_obstacle': {'pos': [0.3825981920028062, 0.37518922255766707, 0.1646257963690813], 'size': [0.049837904948193595, 0.0813235869879147, 0.05243307039854257]}, 'pillar_obstacle': {'pos': [0.39994824830915515, -0.3824307480766307, 0.23470116647765446], 'size': [0.033663755439403885, 0.20172185302840845, 0.0]}, 'small_block': {'pos': [0.6140097595303955, -0.3535133918987863, 0.1097032402875184], 'size': [0.04461973939918376, 0.0849493067344041, 0.09534921802665242]}}"
6.503000000000506,0.6239974695042069,0.0,0.4,0.621256090153354,-2.0714508256999465e-07,0.3999932510692505,"{'table_obstacle': {'pos': [0.3825981920028062, 0.37518922255766707, 0.1646257963690813], 'size': [0.049837904948193595, 0.0813235869879147, 0.05243307039854257]}, 'pillar_obstacle': {'pos': [0.39994824830915515, -0.3824307480766307, 0.23470116647765446], 'size': [0.033663755439403885, 0.20172185302840845, 0.0]}, 'small_block': {'pos': [0.6140097595303955, -0.3535133918987863, 0.1097032402875184], 'size': [0.04461973939918376, 0.0849493067344041, 0.09534921802665242]}}"
6.504000000000507,0.6239974695042069,0.0,0.4,0.6212949662564299,-2.1919516894310332e-07,0.39999333117089697,"{'table_obstacle': {'pos': [0.3825981920028062, 0.37518922255766707, 0.1646257963690813], 'size': [0.049837904948193595, 0.0813235869879147, 0.05243307039854257]}, 'pillar_obstacle': {'pos': [0.39994824830915515, -0.3824307480766307, 0.23470116647765446], 'size': [0.033663755439403885, 0.20172185302840845, 0.0]}, 'small_block': {'pos': [0.6140097595303955, -0.3535133918987863, 0.1097032402875184], 'size': [0.04461973939918376, 0.0849493067344041, 0.09534921802665242]}}"
6.505000000000507,0.6239974695042069,0.0,0.4,0.6213332920635481,-2.3087522196369383e-07,0.3999934107235595,"{'table_obstacle': {'pos': [0.3825981920028062, 0.37518922255766707, 0.1646257963690813], 'size': [0.049837904948193595, 0.0813235869879147, 0.05243307039854257]}, 'pillar_obstacle': {'pos': [0.39994824830915515, -0.3824307480766307, 0.23470116647765446], 'size': [0.033663755439403885, 0.20172185302840845, 0.0]}, 'small_block': {'pos': [0.6140097595303955, -0.3535133918987863, 0.1097032402875184], 'size': [0.04461973939918376, 0.0849493067344041, 0.09534921802665242]}}"
6.506000000000507,0.6239974695042069,0.0,0.4,0.6213710753294619,-2.421925745642933e-07,0.3999934897151492,"{'table_obstacle': {'pos': [0.3825981920028062, 0.37518922255766707, 0.1646257963690813], 'size': [0.049837904948193595, 0.0813235869879147, 0.05243307039854257]}, 'pillar_obstacle': {'pos': [0.39994824830915515, -0.3824307480766307, 0.23470116647765446], 'size': [0.033663755439403885, 0.20172185302840845, 0.0]}, 'small_block': {'pos': [0.6140097595303955, -0.3535133918987863, 0.1097032402875184], 'size': [0.04461973939918376, 0.0849493067344041, 0.09534921802665242]}}"
6.507000000000508,0.6239974695042069,0.0,0.4,0.6214083237020394,-2.531545183505609e-07,0.39999356813462167,"{'table_obstacle': {'pos': [0.3825981920028062, 0.37518922255766707, 0.1646257963690813], 'size': [0.049837904948193595, 0.0813235869879147, 0.05243307039854257]}, 'pillar_obstacle': {'pos': [0.39994824830915515, -0.3824307480766307, 0.23470116647765446], 'size': [0.033663755439403885, 0.20172185302840845, 0.0]}, 'small_block': {'pos': [0.6140097595303955, -0.3535133918987863, 0.1097032402875184], 'size': [0.04461973939918376, 0.0849493067344041, 0.09534921802665242]}}"
6.508000000000508,0.6239974695042069,0.0,0.4,0.6214450447233959,-2.6376828766548834e-07,0.39999364597188475,"{'table_obstacle': {'pos': [0.3825981920028062, 0.37518922255766707, 0.1646257963690813], 'size': [0.049837904948193595, 0.0813235869879147, 0.05243307039854257]}, 'pillar_obstacle': {'pos': [0.39994824830915515, -0.3824307480766307, 0.23470116647765446], 'size': [0.033663755439403885, 0.20172185302840845, 0.0]}, 'small_block': {'pos': [0.6140097595303955, -0.3535133918987863, 0.1097032402875184], 'size': [0.04461973939918376, 0.0849493067344041, 0.09534921802665242]}}"
6.509000000000508,0.6239974695042069,0.0,0.4,0.6214812458310731,-2.740410481418628e-07,0.39999372321772025,"{'table_obstacle': {'pos': [0.3825981920028062, 0.37518922255766707, 0.1646257963690813], 'size': [0.049837904948193595, 0.0813235869879147, 0.05243307039854257]}, 'pillar_obstacle': {'pos': [0.39994824830915515, -0.3824307480766307, 0.23470116647765446], 'size': [0.033663755439403885, 0.20172185302840845, 0.0]}, 'small_block': {'pos': [0.6140097595303955, -0.3535133918987863, 0.1097032402875184], 'size': [0.04461973939918376, 0.0849493067344041, 0.09534921802665242]}}"
6.510000000000509,0.6239974695042069,0.0,0.4,0.6215169343592607,-2.839798867349789e-07,0.3999937998637154,"{'table_obstacle': {'pos': [0.3825981920028062, 0.37518922255766707, 0.1646257963690813], 'size': [0.049837904948193595, 0.0813235869879147, 0.05243307039854257]}, 'pillar_obstacle': {'pos': [0.39994824830915515, -0.3824307480766307, 0.23470116647765446], 'size': [0.033663755439403885, 0.20172185302840845, 0.0]}, 'small_block': {'pos': [0.6140097595303955, -0.3535133918987863, 0.1097032402875184], 'size': [0.04461973939918376, 0.0849493067344041, 0.09534921802665242]}}"
6.511000000000509,0.6239974695042069,0.0,0.4,0.6215521175400399,-2.9359180401180436e-07,0.3999938759022024,"{'table_obstacle': {'pos': [0.3825981920028062, 0.37518922255766707, 0.1646257963690813], 'size': [0.049837904948193595, 0.0813235869879147, 0.05243307039854257]}, 'pillar_obstacle': {'pos': [0.39994824830915515, -0.3824307480766307, 0.23470116647765446], 'size': [0.033663755439403885, 0.20172185302840845, 0.0]}, 'small_block': {'pos': [0.6140097595303955, -0.3535133918987863, 0.1097032402875184], 'size': [0.04461973939918376, 0.0849493067344041, 0.09534921802665242]}}"
6.512000000000509,0.6239974695042069,0.0,0.4,0.6215868025046491,-3.028837083712872e-07,0.3999939513262065,"{'table_obstacle': {'pos': [0.3825981920028062, 0.37518922255766707, 0.1646257963690813], 'size': [0.049837904948193595, 0.0813235869879147, 0.05243307039854257]}, 'pillar_obstacle': {'pos': [0.39994824830915515, -0.3824307480766307, 0.23470116647765446], 'size': [0.033663755439403885, 0.20172185302840845, 0.0]}, 'small_block': {'pos': [0.6140097595303955, -0.3535133918987863, 0.1097032402875184], 'size': [0.04461973939918376, 0.0849493067344041, 0.09534921802665242]}}"
6.51300000000051,0.6239974695042069,0.0,0.4,0.6216209962847593,-3.118624110727449e-07,0.3999940261293992,"{'table_obstacle': {'pos': [0.3825981920028062, 0.37518922255766707, 0.1646257963690813], 'size': [0.049837904948193595, 0.0813235869879147, 0.05243307039854257]}, 'pillar_obstacle': {'pos': [0.39994824830915515, -0.3824307480766307, 0.23470116647765446], 'size': [0.033663755439403885, 0.20172185302840845, 0.0]}, 'small_block': {'pos': [0.6140097595303955, -0.3535133918987863, 0.1097032402875184], 'size': [0.04461973939918376, 0.0849493067344041, 0.09534921802665242]}}"
6.51400000000051,0.6239974695042069,0.0,0.4,0.6216547058137549,-3.2053462299691327e-07,0.3999941003060564,"{'table_obstacle': {'pos': [0.3825981920028062, 0.37518922255766707, 0.1646257963690813], 'size': [0.049837904948193595, 0.0813235869879147, 0.05243307039854257]}, 'pillar_obstacle': {'pos': [0.39994824830915515, -0.3824307480766307, 0.23470116647765446], 'size': [0.033663755439403885, 0.20172185302840845, 0.0]}, 'small_block': {'pos': [0.6140097595303955, -0.3535133918987863, 0.1097032402875184], 'size': [0.04461973939918376, 0.0849493067344041, 0.09534921802665242]}}"
6.51500000000051,0.6239974695042069,0.0,0.4,0.6216879379280185,-3.289069518209006e-07,0.3999941738510223,"{'table_obstacle': {'pos': [0.3825981920028062, 0.37518922255766707, 0.1646257963690813], 'size': [0.049837904948193595, 0.0813235869879147, 0.05243307039854257]}, 'pillar_obstacle': {'pos': [0.39994824830915515, -0.3824307480766307, 0.23470116647765446], 'size': [0.033663755439403885, 0.20172185302840845, 0.0]}, 'small_block': {'pos': [0.6140097595303955, -0.3535133918987863, 0.1097032402875184], 'size': [0.04461973939918376, 0.0849493067344041, 0.09534921802665242]}}"
6.516000000000511,0.6239974695042069,0.0,0.4,0.6217206993682112,-3.369859003428721e-07,0.39999424675967604,"{'table_obstacle': {'pos': [0.3825981920028062, 0.37518922255766707, 0.1646257963690813], 'size': [0.049837904948193595, 0.0813235869879147, 0.05243307039854257]}, 'pillar_obstacle': {'pos': [0.39994824830915515, -0.3824307480766307, 0.23470116647765446], 'size': [0.033663755439403885, 0.20172185302840845, 0.0]}, 'small_block': {'pos': [0.6140097595303955, -0.3535133918987863, 0.1097032402875184], 'size': [0.04461973939918376, 0.0849493067344041, 0.09534921802665242]}}"
6.517000000000511,0.6239974695042069,0.0,0.4,0.6217529967805486,-3.447778650403675e-07,0.39999431902790095,"{'table_obstacle': {'pos': [0.3825981920028062, 0.37518922255766707, 0.1646257963690813], 'size': [0.049837904948193595, 0.0813235869879147, 0.05243307039854257]}, 'pillar_obstacle': {'pos': [0.39994824830915515, -0.3824307480766307, 0.23470116647765446], 'size': [0.033663755439403885, 0.20172185302840845, 0.0]}, 'small_block': {'pos': [0.6140097595303955, -0.3535133918987863, 0.1097032402875184], 'size': [0.04461973939918376, 0.0849493067344041, 0.09534921802665242]}}"
6.518000000000511,0.6239974695042069,0.0,0.4,0.6217848367180727,-3.5228913604642363e-07,0.39999439065205794,"{'table_obstacle': {'pos': [0.3825981920028062, 0.37518922255766707, 0.1646257963690813], 'size': [0.049837904948193595, 0.0813235869879147, 0.05243307039854257]}, 'pillar_obstacle': {'pos': [0.39994824830915515, -0.3824307480766307, 0.23470116647765446], 'size': [0.033663755439403885, 0.20172185302840845, 0.0]}, 'small_block': {'pos': [0.6140097595303955, -0.3535133918987863, 0.1097032402875184], 'size': [0.04461973939918376, 0.0849493067344041, 0.09534921802665242]}}"
6.519000000000512,0.6239974695042069,0.0,0.4,0.6218162256419076,-3.5952589604667017e-07,0.3999944616289607,"{'table_obstacle': {'pos': [0.3825981920028062, 0.37518922255766707, 0.1646257963690813], 'size': [0.049837904948193595, 0.0813235869879147, 0.05243307039854257]}, 'pillar_obstacle': {'pos': [0.39994824830915515, -0.3824307480766307, 0.23470116647765446], 'size': [0.033663755439403885, 0.20172185302840845, 0.0]}, 'small_block': {'pos': [0.6140097595303955, -0.3535133918987863, 0.1097032402875184], 'size': [0.04461973939918376, 0.0849493067344041, 0.09534921802665242]}}"
6.520000000000512,0.6239974695042069,0.0,0.4,0.6218471699225145,-3.6649422088188873e-07,0.39999453195585194,"{'table_obstacle': {'pos': [0.3825981920028062, 0.37518922255766707, 0.1646257963690813], 'size': [0.049837904948193595, 0.0813235869879147, 0.05243307039854257]}, 'pillar_obstacle': {'pos': [0.39994824830915515, -0.3824307480766307, 0.23470116647765446], 'size': [0.033663755439403885, 0.20172185302840845, 0.0]}, 'small_block': {'pos': [0.6140097595303955, -0.3535133918987863, 0.1097032402875184], 'size': [0.04461973939918376, 0.0849493067344041, 0.09534921802665242]}}"
6.521000000000512,0.6239974695042069,0.0,0.4,0.6218776758409253,-3.732000802479501e-07,0.39999460163038264,"{'table_obstacle': {'pos': [0.3825981920028062, 0.37518922255766707, 0.1646257963690813], 'size': [0.049837904948193595, 0.0813235869879147, 0.05243307039854257]}, 'pillar_obstacle': {'pos': [0.39994824830915515, -0.3824307480766307, 0.23470116647765446], 'size': [0.033663755439403885, 0.20172185302840845, 0.0]}, 'small_block': {'pos': [0.6140097595303955, -0.3535133918987863, 0.1097032402875184], 'size': [0.04461973939918376, 0.0849493067344041, 0.09534921802665242]}}"
6.522000000000513,0.6239974695042069,0.0,0.4,0.6219077495899712,-3.7964933737740735e-07,0.3999946706505925,"{'table_obstacle': {'pos': [0.3825981920028062, 0.37518922255766707, 0.1646257963690813], 'size': [0.049837904948193595, 0.0813235869879147, 0.05243307039854257]}, 'pillar_obstacle': {'pos': [0.39994824830915515, -0.3824307480766307, 0.23470116647765446], 'size': [0.033663755439403885, 0.20172185302840845, 0.0]}, 'small_block': {'pos': [0.6140097595303955, -0.3535133918987863, 0.1097032402875184], 'size': [0.04461973939918376, 0.0849493067344041, 0.09534921802665242]}}"
6.523000000000513,0.6239974695042069,0.0,0.4,0.621937397275495,-3.8584775094188435e-07,0.39999473901489097,"{'table_obstacle': {'pos': [0.3825981920028062, 0.37518922255766707, 0.1646257963690813], 'size': [0.049837904948193595, 0.0813235869879147, 0.05243307039854257]}, 'pillar_obstacle': {'pos': [0.39994824830915515, -0.3824307480766307, 0.23470116647765446], 'size': [0.033663755439403885, 0.20172185302840845, 0.0]}, 'small_block': {'pos': [0.6140097595303955, -0.3535133918987863, 0.1097032402875184], 'size': [0.04461973939918376, 0.0849493067344041, 0.09534921802665242]}}"
6.524000000000513,0.6279973156789407,0.0,0.4,0.6219666249175496,-3.918009756005869e-07,0.39999480672204013,"{'table_obstacle': {'pos': [0.3825981920028062, 0.37518922255766707, 0.1646257963690813], 'size': [0.049837904948193595, 0.0813235869879147, 0.05243307039854257]}, 'pillar_obstacle': {'pos': [0.39994824830915515, -0.3824307480766307, 0.23470116647765446], 'size': [0.033663755439403885, 0.20172185302840845, 0.0]}, 'small_block': {'pos': [0.6140097595303955, -0.3535133918987863, 0.1097032402875184], 'size': [0.04461973939918376, 0.0849493067344041, 0.09534921802665242]}}"
6.525000000000514,0.6279973156789407,0.0,0.4,0.6220059720397187,-3.446429489700184e-07,0.3999946202067355,"{'table_obstacle': {'pos': [0.3825981920028062, 0.37518922255766707, 0.1646257963690813], 'size': [0.049837904948193595, 0.0813235869879147, 0.05243307039854257]}, 'pillar_obstacle': {'pos': [0.39994824830915515, -0.3824307480766307, 0.23470116647765446], 'size': [0.033663755439403885, 0.20172185302840845, 0.0]}, 'small_block': {'pos': [0.6140097595303955, -0.3535133918987863, 0.1097032402875184], 'size': [0.04461973939918376, 0.0849493067344041, 0.09534921802665242]}}"
6.526000000000514,0.6279973156789407,0.0,0.4,0.6220533333167619,-2.657744683754083e-07,0.399994276862392,"{'table_obstacle': {'pos': [0.3825981920028062, 0.37518922255766707, 0.1646257963690813], 'size': [0.049837904948193595, 0.0813235869879147, 0.05243307039854257]}, 'pillar_obstacle': {'pos': [0.39994824830915515, -0.3824307480766307, 0.23470116647765446], 'size': [0.033663755439403885, 0.20172185302840845, 0.0]}, 'small_block': {'pos': [0.6140097595303955, -0.3535133918987863, 0.1097032402875184], 'size': [0.04461973939918376, 0.0849493067344041, 0.09534921802665242]}}"
6.527000000000514,0.6279973156789407,0.0,0.4,0.6221069979002762,-1.7037209475798298e-07,0.3999938460471823,"{'table_obstacle': {'pos': [0.3825981920028062, 0.37518922255766707, 0.1646257963690813], 'size': [0.049837904948193595, 0.0813235869879147, 0.05243307039854257]}, 'pillar_obstacle': {'pos': [0.39994824830915515, -0.3824307480766307, 0.23470116647765446], 'size': [0.033663755439403885, 0.20172185302840845, 0.0]}, 'small_block': {'pos': [0.6140097595303955, -0.3535133918987863, 0.1097032402875184], 'size': [0.04461973939918376, 0.0849493067344041, 0.09534921802665242]}}"
6.528000000000515,0.6279973156789407,0.0,0.4,0.6221655764305148,-6.89784964794887e-08,0.39999337632800563,"{'table_obstacle': {'pos': [0.3825981920028062, 0.37518922255766707, 0.1646257963690813], 'size': [0.049837904948193595, 0.0813235869879147, 0.05243307039854257]}, 'pillar_obstacle': {'pos': [0.39994824830915515, -0.3824307480766307, 0.23470116647765446], 'size': [0.033663755439403885, 0.20172185302840845, 0.0]}, 'small_block': {'pos': [0.6140097595303955, -0.3535133918987863, 0.1097032402875184], 'size': [0.04461973939918376, 0.0849493067344041, 0.09534921802665242]}}"
6.529000000000515,0.6279973156789407,0.0,0.4,0.6222279414006605,3.128723604701315e-08,0.39999290094218837,"{'table_obstacle': {'pos': [0.3825981920028062, 0.37518922255766707, 0.1646257963690813], 'size': [0.049837904948193595, 0.0813235869879147, 0.05243307039854257]}, 'pillar_obstacle': {'pos': [0.39994824830915515, -0.3824307480766307, 0.23470116647765446], 'size': [0.033663755439403885, 0.20172185302840845, 0.0]}, 'small_block': {'pos': [0.6140097595303955, -0.3535133918987863, 0.1097032402875184], 'size': [0.04461973939918376, 0.0849493067344041, 0.09534921802665242]}}"
6.530000000000515,0.6279973156789407,0.0,0.4,0.6222931784826616,1.2581184342447476e-07,0.39999244190772987,"{'table_obstacle': {'pos': [0.3825981920028062, 0.37518922255766707, 0.1646257963690813], 'size': [0.049837904948193595, 0.0813235869879147, 0.05243307039854257]}, 'pillar_obstacle': {'pos': [0.39994824830915515, -0.3824307480766307, 0.23470116647765446], 'size': [0.033663755439403885, 0.20172185302840845, 0.0]}, 'small_block': {'pos': [0.6140097595303955, -0.3535133918987863, 0.1097032402875184], 'size': [0.04461973939918376, 0.0849493067344041, 0.09534921802665242]}}"
6.531000000000516,0.6279973156789407,0.0,0.4,0.6223605468335603,2.1179501602530704e-07,0.39999201310824617,"{'table_obstacle': {'pos': [0.3825981920028062, 0.37518922255766707, 0.1646257963690813], 'size': [0.049837904948193595, 0.0813235869879147, 0.05243307039854257]}, 'pillar_obstacle': {'pos': [0.39994824830915515, -0.3824307480766307, 0.23470116647765446], 'size': [0.033663755439403885, 0.20172185302840845, 0.0]}, 'small_block': {'pos': [0.6140097595303955, -0.3535133918987863, 0.1097032402875184], 'size': [0.04461973939918376, 0.0849493067344041, 0.09534921802665242]}}"
6.532000000000516,0.6279973156789407,0.0,0.4,0.6224294467473349,2.877289723236254e-07,0.39999162260014376,"{'table_obstacle': {'pos': [0.3825981920028062, 0.37518922255766707, 0.1646257963690813], 'size': [0.049837904948193595, 0.0813235869879147, 0.05243307039854257]}, 'pillar_obstacle': {'pos': [0.39994824830915515, -0.3824307480766307, 0.23470116647765446], 'size': [0.033663755439403885, 0.20172185302840845, 0.0]}, 'small_block': {'pos': [0.6140097595303955, -0.3535133918987863, 0.1097032402875184], 'size': [0.04461973939918376, 0.0849493067344041, 0.09534921802665242]}}"
6.533000000000516,0.6279973156789407,0.0,0.4,0.6224993933072014,3.530099695236302e-07,0.39999127433026305,"{'table_obstacle': {'pos': [0.3825981920028062, 0.37518922255766707, 0.1646257963690813], 'size': [0.049837904948193595, 0.0813235869879147, 0.05243307039854257]}, 'pillar_obstacle': {'pos': [0.39994824830915515, -0.3824307480766307, 0.23470116647765446], 'size': [0.033663755439403885, 0.20172185302840845, 0.0]}, 'small_block': {'pos': [0.6140097595303955, -0.3535133918987863, 0.1097032402875184], 'size': [0.04461973939918376, 0.0849493067344041, 0.09534921802665242]}}"
6.534000000000517,0.6279973156789407,0.0,0.4,0.6225699949345265,4.07650423188923e-07,0.3999909694073062,"{'table_obstacle': {'pos': [0.3825981920028062, 0.37518922255766707, 0.1646257963690813], 'size': [0.049837904948193595, 0.0813235869879147, 0.05243307039854257]}, 'pillar_obstacle': {'pos': [0.39994824830915515, -0.3824307480766307, 0.23470116647765446], 'size': [0.033663755439403885, 0.20172185302840845, 0.0]}, 'small_block': {'pos': [0.6140097595303955, -0.3535133918987863, 0.1097032402875184], 'size': [0.04461973939918376, 0.0849493067344041, 0.09534921802665242]}}"
6.535000000000517,0.6279973156789407,0.0,0.4,0.6226409359303068,4.520674721534997e-07,0.3999907070362369,"{'table_obstacle': {'pos': [0.3825981920028062, 0.37518922255766707, 0.1646257963690813], 'size': [0.049837904948193595, 0.0813235869879147, 0.05243307039854257]}, 'pillar_obstacle': {'pos': [0.39994824830915515, -0.3824307480766307, 0.23470116647765446], 'size': [0.033663755439403885, 0.20172185302840845, 0.0]}, 'small_block': {'pos': [0.6140097595303955, -0.3535133918987863, 0.1097032402875184], 'size': [0.04461973939918376, 0.0849493067344041, 0.09534921802665242]}}"
6.536000000000517,0.6279973156789407,0.0,0.4,0.6227119622699191,4.869293787191078e-07,0.3999904851988498,"{'table_obstacle': {'pos': [0.3825981920028062, 0.37518922255766707, 0.1646257963690813], 'size': [0.049837904948193595, 0.0813235869879147, 0.05243307039854257]}, 'pillar_obstacle': {'pos': [0.39994824830915515, -0.3824307480766307, 0.23470116647765446], 'size': [0.033663755439403885, 0.20172185302840845, 0.0]}, 'small_block': {'pos': [0.6140097595303955, -0.3535133918987863, 0.1097032402875184], 'size': [0.04461973939918376, 0.0849493067344041, 0.09534921802665242]}}"
6.537000000000518,0.6279973156789407,0.0,0.4,0.6227828700473709,5.130454645731989e-07,0.39999030114385686,"{'table_obstacle': {'pos': [0.3825981920028062, 0.37518922255766707, 0.1646257963690813], 'size': [0.049837904948193595, 0.0813235869879147, 0.05243307039854257]}, 'pillar_obstacle': {'pos': [0.39994824830915515, -0.3824307480766307, 0.23470116647765446], 'size': [0.033663755439403885, 0.20172185302840845, 0.0]}, 'small_block': {'pos': [0.6140097595303955, -0.3535133918987863, 0.1097032402875184], 'size': [0.04461973939918376, 0.0849493067344041, 0.09534921802665242]}}"
6.538000000000518,0.6279973156789407,0.0,0.4,0.6228534960764334,5.312886221036537e-07,0.3999901517346925,"{'table_obstacle': {'pos': [0.3825981920028062, 0.37518922255766707, 0.1646257963690813], 'size': [0.049837904948193595, 0.0813235869879147, 0.05243307039854257]}, 'pillar_obstacle': {'pos': [0.39994824830915515, -0.3824307480766307, 0.23470116647765446], 'size': [0.033663755439403885, 0.20172185302840845, 0.0]}, 'small_block': {'pos': [0.6140097595303955, -0.3535133918987863, 0.1097032402875184], 'size': [0.04461973939918376, 0.0849493067344041, 0.09534921802665242]}}"
6.539000000000518,0.6279973156789407,0.0,0.4,0.6229237102470604,5.425420335464791e-07,0.39999003369162117,"{'table_obstacle': {'pos': [0.3825981920028062, 0.37518922255766707, 0.1646257963690813], 'size': [0.049837904948193595, 0.0813235869879147, 0.05243307039854257]}, 'pillar_obstacle': {'pos': [0.39994824830915515, -0.3824307480766307, 0.23470116647765446], 'size': [0.033663755439403885, 0.20172185302840845, 0.0]}, 'small_block': {'pos': [0.6140097595303955, -0.3535133918987863, 0.1097032402875184], 'size': [0.04461973939918376, 0.0849493067344041, 0.09534921802665242]}}"
6.540000000000519,0.6279973156789407,0.0,0.4,0.6229934093099071,5.476637233892111e-07,0.39998994375589114,"{'table_obstacle': {'pos': [0.3825981920028062, 0.37518922255766707, 0.1646257963690813], 'size': [0.049837904948193595, 0.0813235869879147, 0.05243307039854257]}, 'pillar_obstacle': {'pos': [0.39994824830915515, -0.3824307480766307, 0.23470116647765446], 'size': [0.033663755439403885, 0.20172185302840845, 0.0]}, 'small_block': {'pos': [0.6140097595303955, -0.3535133918987863, 0.1097032402875184], 'size': [0.04461973939918376, 0.0849493067344041, 0.09534921802665242]}}"
6.541000000000519,0.6279973156789407,0.0,0.4,0.6230625118225184,5.474641147413152e-07,0.39998987879686465,"{'table_obstacle': {'pos': [0.3825981920028062, 0.37518922255766707, 0.1646257963690813], 'size': [0.049837904948193595, 0.0813235869879147, 0.05243307039854257]}, 'pillar_obstacle': {'pos': [0.39994824830915515, -0.3824307480766307, 0.23470116647765446], 'size': [0.033663755439403885, 0.20172185302840845, 0.0]}, 'small_block': {'pos': [0.6140097595303955, -0.3535133918987863, 0.1097032402875184], 'size': [0.04461973939918376, 0.0849493067344041, 0.09534921802665242]}}"
6.542000000000519,0.6279973156789407,0.0,0.4,0.623130954040319,5.426929504840677e-07,0.3999898358779025,"{'table_obstacle': {'pos': [0.3825981920028062, 0.37518922255766707, 0.1646257963690813], 'size': [0.049837904948193595, 0.0813235869879147, 0.05243307039854257]}, 'pillar_obstacle': {'pos': [0.39994824830915515, -0.3824307480766307, 0.23470116647765446], 'size': [0.033663755439403885, 0.20172185302840845, 0.0]}, 'small_block': {'pos': [0.6140097595303955, -0.3535133918987863, 0.1097032402875184], 'size': [0.04461973939918376, 0.0849493067344041, 0.09534921802665242]}}"
6.54300000000052,0.6279973156789407,0.0,0.4,0.6231986865759411,5.34032842927067e-07,0.39998981229280406,"{'table_obstacle': {'pos': [0.3825981920028062, 0.37518922255766707, 0.1646257963690813], 'size': [0.049837904948193595, 0.0813235869879147, 0.05243307039854257]}, 'pillar_obstacle': {'pos': [0.39994824830915515, -0.3824307480766307, 0.23470116647765446], 'size': [0.033663755439403885, 0.20172185302840845, 0.0]}, 'small_block': {'pos': [0.6140097595303955, -0.3535133918987863, 0.1097032402875184], 'size': [0.04461973939918376, 0.0849493067344041, 0.09534921802665242]}}"
6.54400000000052,0.6279973156789407,0.0,0.4,0.6232656716833219,5.22097422095438e-07,0.39998980558161024,"{'table_obstacle': {'pos': [0.3825981920028062, 0.37518922255766707, 0.1646257963690813], 'size': [0.049837904948193595, 0.0813235869879147, 0.05243307039854257]}, 'pillar_obstacle': {'pos': [0.39994824830915515, -0.3824307480766307, 0.23470116647765446], 'size': [0.033663755439403885, 0.20172185302840845, 0.0]}, 'small_block': {'pos': [0.6140097595303955, -0.3535133918987863, 0.1097032402875184], 'size': [0.04461973939918376, 0.0849493067344041, 0.09534921802665242]}}"
6.54500000000052,0.6279973156789407,0.0,0.4,0.6233318810498126,5.07432574532712e-07,0.3999898135322773,"{'table_obstacle': {'pos': [0.3825981920028062, 0.37518922255766707, 0.1646257963690813], 'size': [0.049837904948193595, 0.0813235869879147, 0.05243307039854257]}, 'pillar_obstacle': {'pos': [0.39994824830915515, -0.3824307480766307, 0.23470116647765446], 'size': [0.033663755439403885, 0.20172185302840845, 0.0]}, 'small_block': {'pos': [0.6140097595303955, -0.3535133918987863, 0.1097032402875184], 'size': [0.04461973939918376, 0.0849493067344041, 0.09534921802665242]}}"
6.546000000000521,0.6279973156789407,0.0,0.4,0.623397294001333,4.905196784087131e-07,0.3999898341730058,"{'table_obstacle': {'pos': [0.3825981920028062, 0.37518922255766707, 0.1646257963690813], 'size': [0.049837904948193595, 0.0813235869879147, 0.05243307039854257]}, 'pillar_obstacle': {'pos': [0.39994824830915515, -0.3824307480766307, 0.23470116647765446], 'size': [0.033663755439403885, 0.20172185302840845, 0.0]}, 'small_block': {'pos': [0.6140097595303955, -0.3535133918987863, 0.1097032402875184], 'size': [0.04461973939918376, 0.0849493067344041, 0.09534921802665242]}}"
6.547000000000521,0.6279973156789407,0.0,0.4,0.6234618960433549,4.717800322136877e-07,0.39998986575869955,"{'table_obstacle': {'pos': [0.3825981920028062, 0.37518922255766707, 0.1646257963690813], 'size': [0.049837904948193595, 0.0813235869879147, 0.05243307039854257]}, 'pillar_obstacle': {'pos': [0.39994824830915515, -0.3824307480766307, 0.23470116647765446], 'size': [0.033663755439403885, 0.20172185302840845, 0.0]}, 'small_block': {'pos': [0.6140097595303955, -0.3535133918987863, 0.1097032402875184], 'size': [0.04461973939918376, 0.0849493067344041, 0.09534921802665242]}}"
6.548000000000521,0.6279973156789407,0.0,0.4,0.6235256776749322,4.5157991820462235e-07,0.3999899067540406,"{'table_obstacle': {'pos': [0.3825981920028062, 0.37518922255766707, 0.1646257963690813], 'size': [0.049837904948193595, 0.0813235869879147, 0.05243307039854257]}, 'pillar_obstacle': {'pos': [0.39994824830915515, -0.3824307480766307, 0.23470116647765446], 'size': [0.033663755439403885, 0.20172185302840845, 0.0]}, 'small_block': {'pos': [0.6140097595303955, -0.3535133918987863, 0.1097032402875184], 'size': [0.04461973939918376, 0.0849493067344041, 0.09534921802665242]}}"
6.549000000000522,0.6279973156789407,0.0,0.4,0.6235886334247309,4.302358987902684e-07,0.39998995581494756,"{'table_obstacle': {'pos': [0.3825981920028062, 0.37518922255766707, 0.1646257963690813], 'size': [0.049837904948193595, 0.0813235869879147, 0.05243307039854257]}, 'pillar_obstacle': {'pos': [0.39994824830915515, -0.3824307480766307, 0.23470116647765446], 'size': [0.033663755439403885, 0.20172185302840845, 0.0]}, 'small_block': {'pos': [0.6140097595303955, -0.3535133918987863, 0.1097032402875184], 'size': [0.04461973939918376, 0.0849493067344041, 0.09534921802665242]}}"
6.550000000000522,0.6279973156789407,0.0,0.4,0.6236507610675486,4.0802008030363447e-07,0.39999001176962323,"{'table_obstacle': {'pos': [0.3825981920028062, 0.37518922255766707, 0.1646257963690813], 'size': [0.049837904948193595, 0.0813235869879147, 0.05243307039854257]}, 'pillar_obstacle': {'pos': [0.39994824830915515, -0.3824307480766307, 0.23470116647765446], 'size': [0.033663755439403885, 0.20172185302840845, 0.0]}, 'small_block': {'pos': [0.6140097595303955, -0.3535133918987863, 0.1097032402875184], 'size': [0.04461973939918376, 0.0849493067344041, 0.09534921802665242]}}"
6.551000000000522,0.6279973156789407,0.0,0.4,0.6237120609875918,3.851651694896162e-07,0.3999900736000088,"{'table_obstacle': {'pos': [0.3825981920028062, 0.37518922255766707, 0.1646257963690813], 'size': [0.049837904948193595, 0.0813235869879147, 0.05243307039854257]}, 'pillar_obstacle': {'pos': [0.39994824830915515, -0.3824307480766307, 0.23470116647765446], 'size': [0.033663755439403885, 0.20172185302840845, 0.0]}, 'small_block': {'pos': [0.6140097595303955, -0.3535133918987863, 0.1097032402875184], 'size': [0.04461973939918376, 0.0849493067344041, 0.09534921802665242]}}"
6.552000000000523,0.6279973156789407,0.0,0.4,0.6237725356610752,3.6186920843528423e-07,0.3999901404241621,"{'table_obstacle': {'pos': [0.3825981920028062, 0.37518922255766707, 0.1646257963690813], 'size': [0.049837904948193595, 0.0813235869879147, 0.05243307039854257]}, 'pillar_obstacle': {'pos': [0.39994824830915515, -0.3824307480766307, 0.23470116647765446], 'size': [0.033663755439403885, 0.20172185302840845, 0.0]}, 'small_block': {'pos': [0.6140097595303955, -0.3535133918987863, 0.1097032402875184], 'size': [0.04461973939918376, 0.0849493067344041, 0.09534921802665242]}}"
6.553000000000523,0.6279973156789407,0.0,0.4,0.6238321892358348,3.382999365708246e-07,0.3999902114798725,"{'table_obstacle': {'pos': [0.3825981920028062, 0.37518922255766707, 0.1646257963690813], 'size': [0.049837904948193595, 0.0813235869879147, 0.05243307039854257]}, 'pillar_obstacle': {'pos': [0.39994824830915515, -0.3824307480766307, 0.23470116647765446], 'size': [0.033663755439403885, 0.20172185302840845, 0.0]}, 'small_block': {'pos': [0.6140097595303955, -0.3535133918987863, 0.1097032402875184], 'size': [0.04461973939918376, 0.0849493067344041, 0.09534921802665242]}}"
6.554000000000523,0.6279973156789407,0.0,0.4,0.6238910271898324,3.145987446386027e-07,0.39999028610966675,"{'table_obstacle': {'pos': [0.3825981920028062, 0.37518922255766707, 0.1646257963690813], 'size': [0.049837904948193595, 0.0813235869879147, 0.05243307039854257]}, 'pillar_obstacle': {'pos': [0.39994824830915515, -0.3824307480766307, 0.23470116647765446], 'size': [0.033663755439403885, 0.20172185302840845, 0.0]}, 'small_block': {'pos': [0.6140097595303955, -0.3535133918987863, 0.1097032402875184], 'size': [0.04461973939918376, 0.0849493067344041, 0.09534921802665242]}}"
6.555000000000524,0.6279973156789407,0.0,0.4,0.6239490560538006,2.908842246123202e-07,0.3999903637472663,"{'table_obstacle': {'pos': [0.3825981920028062, 0.37518922255766707, 0.1646257963690813], 'size': [0.049837904948193595, 0.0813235869879147, 0.05243307039854257]}, 'pillar_obstacle': {'pos': [0.39994824830915515, -0.3824307480766307, 0.23470116647765446], 'size': [0.033663755439403885, 0.20172185302840845, 0.0]}, 'small_block': {'pos': [0.6140097595303955, -0.3535133918987863, 0.1097032402875184], 'size': [0.04461973939918376, 0.0849493067344041, 0.09534921802665242]}}"
6.556000000000524,0.6279973156789407,0.0,0.4,0.6240062831860469,2.6725532510155603e-07,0.39999044390547717,"{'table_obstacle': {'pos': [0.3825981920028062, 0.37518922255766707, 0.1646257963690813], 'size': [0.049837904948193595, 0.0813235869879147, 0.05243307039854257]}, 'pillar_obstacle': {'pos': [0.39994824830915515, -0.3824307480766307, 0.23470116647765446], 'size': [0.033663755439403885, 0.20172185302840845, 0.0]}, 'small_block': {'pos': [0.6140097595303955, -0.3535133918987863, 0.1097032402875184], 'size': [0.04461973939918376, 0.0849493067344041, 0.09534921802665242]}}"
6.557000000000524,0.6279973156789407,0.0,0.4,0.6240627165896707,2.437941331374507e-07,0.3999905261654537,"{'table_obstacle': {'pos': [0.3825981920028062, 0.37518922255766707, 0.1646257963690813], 'size': [0.049837904948193595, 0.0813235869879147, 0.05243307039854257]}, 'pillar_obstacle': {'pos': [0.39994824830915515, -0.3824307480766307, 0.23470116647765446], 'size': [0.033663755439403885, 0.20172185302840845, 0.0]}, 'small_block': {'pos': [0.6140097595303955, -0.3535133918987863, 0.1097032402875184], 'size': [0.04461973939918376, 0.0849493067344041, 0.09534921802665242]}}"
6.558000000000525,0.6279973156789407,0.0,0.4,0.6241183647642672,2.2056831446217487e-07,0.3999906101672465,"{'table_obstacle': {'pos': [0.3825981920028062, 0.37518922255766707, 0.1646257963690813], 'size': [0.049837904948193595, 0.0813235869879147, 0.05243307039854257]}, 'pillar_obstacle': {'pos': [0.39994824830915515, -0.3824307480766307, 0.23470116647765446], 'size': [0.033663755439403885, 0.20172185302840845, 0.0]}, 'small_block': {'pos': [0.6140097595303955, -0.3535133918987863, 0.1097032402875184], 'size': [0.04461973939918376, 0.0849493067344041, 0.09534921802665242]}}"
6.559000000000525,0.6279973156789407,0.0,0.4,0.6241732365856749,1.976332395546624e-07,0.3999906956015303,"{'table_obstacle': {'pos': [0.3825981920028062, 0.37518922255766707, 0.1646257963690813], 'size': [0.049837904948193595, 0.0813235869879147, 0.05243307039854257]}, 'pillar_obstacle': {'pos': [0.39994824830915515, -0.3824307480766307, 0.23470116647765446], 'size': [0.033663755439403885, 0.20172185302840845, 0.0]}, 'small_block': {'pos': [0.6140097595303955, -0.3535133918987863, 0.1097032402875184], 'size': [0.04461973939918376, 0.0849493067344041, 0.09534921802665242]}}"
6.560000000000525,0.6279973156789407,0.0,0.4,0.6242273412085296,1.7503382617881361e-07,0.39999078220240064,"{'table_obstacle': {'pos': [0.3825981920028062, 0.37518922255766707, 0.1646257963690813], 'size': [0.049837904948193595, 0.0813235869879147, 0.05243307039854257]}, 'pillar_obstacle': {'pos': [0.39994824830915515, -0.3824307480766307, 0.23470116647765446], 'size': [0.033663755439403885, 0.20172185302840845, 0.0]}, 'small_block': {'pos': [0.6140097595303955, -0.3535133918987863, 0.1097032402875184], 'size': [0.04461973939918376, 0.0849493067344041, 0.09534921802665242]}}"
6.561000000000526,0.6279973156789407,0.0,0.4,0.6242806879873628,1.5280613357159478e-07,0.39999086974113063,"{'table_obstacle': {'pos': [0.3825981920028062, 0.37518922255766707, 0.1646257963690813], 'size': [0.049837904948193595, 0.0813235869879147, 0.05243307039854257]}, 'pillar_obstacle': {'pos': [0.39994824830915515, -0.3824307480766307, 0.23470116647765446], 'size': [0.033663755439403885, 0.20172185302840845, 0.0]}, 'small_block': {'pos': [0.6140097595303955, -0.3535133918987863, 0.1097032402875184], 'size': [0.04461973939918376, 0.0849493067344041, 0.09534921802665242]}}"
6.562000000000526,0.6279973156789407,0.0,0.4,0.6243332864127757,1.3097873151035623e-07,0.3999909580207795,"{'table_obstacle': {'pos': [0.3825981920028062, 0.37518922255766707, 0.1646257963690813], 'size': [0.049837904948193595, 0.0813235869879147, 0.05243307039854257]}, 'pillar_obstacle': {'pos': [0.39994824830915515, -0.3824307480766307, 0.23470116647765446], 'size': [0.033663755439403885, 0.20172185302840845, 0.0]}, 'small_block': {'pos': [0.6140097595303955, -0.3535133918987863, 0.1097032402875184], 'size': [0.04461973939918376, 0.0849493067344041, 0.09534921802665242]}}"
6.563000000000526,0.6279973156789407,0.0,0.4,0.6243851460598798,1.0957387628920728e-07,0.39999104687154946,"{'table_obstacle': {'pos': [0.3825981920028062, 0.37518922255766707, 0.1646257963690813], 'size': [0.049837904948193595, 0.0813235869879147, 0.05243307039854257]}, 'pillar_obstacle': {'pos': [0.39994824830915515, -0.3824307480766307, 0.23470116647765446], 'size': [0.033663755439403885, 0.20172185302840845, 0.0]}, 'small_block': {'pos': [0.6140097595303955, -0.3535133918987863, 0.1097032402875184], 'size': [0.04461973939918376, 0.0849493067344041, 0.09534921802665242]}}"
6.564000000000527,0.6279973156789407,0.0,0.4,0.6244362765467021,8.860851432536801e-08,0.39999113614680637,"{'table_obstacle': {'pos': [0.3825981920028062, 0.37518922255766707, 0.1646257963690813], 'size': [0.049837904948193595, 0.0813235869879147, 0.05243307039854257]}, 'pillar_obstacle': {'pos': [0.39994824830915515, -0.3824307480766307, 0.23470116647765446], 'size': [0.033663755439403885, 0.20172185302840845, 0.0]}, 'small_block': {'pos': [0.6140097595303955, -0.3535133918987863, 0.1097032402875184], 'size': [0.04461973939918376, 0.0849493067344041, 0.09534921802665242]}}"
6.565000000000527,0.6279973156789407,0.0,0.4,0.6244866875006979,6.809513946523527e-08,0.39999122571966794,"{'table_obstacle': {'pos': [0.3825981920028062, 0.37518922255766707, 0.1646257963690813], 'size': [0.049837904948193595, 0.0813235869879147, 0.05243307039854257]}, 'pillar_obstacle': {'pos': [0.39994824830915515, -0.3824307480766307, 0.23470116647765446], 'size': [0.033663755439403885, 0.20172185302840845, 0.0]}, 'small_block': {'pos': [0.6140097595303955, -0.3535133918987863, 0.1097032402875184], 'size': [0.04461973939918376, 0.0849493067344041, 0.09534921802665242]}}"
6.566000000000527,0.6279973156789407,0.0,0.4,0.6245363885318546,4.804252197569275e-08,0.3999913154800943,"{'table_obstacle': {'pos': [0.3825981920028062, 0.37518922255766707, 0.1646257963690813], 'size': [0.049837904948193595, 0.0813235869879147, 0.05243307039854257]}, 'pillar_obstacle': {'pos': [0.39994824830915515, -0.3824307480766307, 0.23470116647765446], 'size': [0.033663755439403885, 0.20172185302840845, 0.0]}, 'small_block': {'pos': [0.6140097595303955, -0.3535133918987863, 0.1097032402875184], 'size': [0.04461973939918376, 0.0849493067344041, 0.09534921802665242]}}"
6.567000000000528,0.6279973156789407,0.0,0.4,0.6245853892111487,2.8456325719658483e-08,0.39999140533240746,"{'table_obstacle': {'pos': [0.3825981920028062, 0.37518922255766707, 0.1646257963690813], 'size': [0.049837904948193595, 0.0813235869879147, 0.05243307039854257]}, 'pillar_obstacle': {'pos': [0.39994824830915515, -0.3824307480766307, 0.23470116647765446], 'size': [0.033663755439403885, 0.20172185302840845, 0.0]}, 'small_block': {'pos': [0.6140097595303955, -0.3535133918987863, 0.1097032402875184], 'size': [0.04461973939918376, 0.0849493067344041, 0.09534921802665242]}}"
6.568000000000528,0.6279973156789407,0.0,0.4,0.6246336990533596,9.339632464771129e-09,0.39999149519317767,"{'table_obstacle': {'pos': [0.3825981920028062, 0.37518922255766707, 0.1646257963690813], 'size': [0.049837904948193595, 0.0813235869879147, 0.05243307039854257]}, 'pillar_obstacle': {'pos': [0.39994824830915515, -0.3824307480766307, 0.23470116647765446], 'size': [0.033663755439403885, 0.20172185302840845, 0.0]}, 'small_block': {'pos': [0.6140097595303955, -0.3535133918987863, 0.1097032402875184], 'size': [0.04461973939918376, 0.0849493067344041, 0.09534921802665242]}}"
6.569000000000528,0.6279973156789407,0.0,0.4,0.6246813275034188,-9.306615626435756e-09,0.3999915849894323,"{'table_obstacle': {'pos': [0.3825981920028062, 0.37518922255766707, 0.1646257963690813], 'size': [0.049837904948193595, 0.0813235869879147, 0.05243307039854257]}, 'pillar_obstacle': {'pos': [0.39994824830915515, -0.3824307480766307, 0.23470116647765446], 'size': [0.033663755439403885, 0.20172185302840845, 0.0]}, 'small_block': {'pos': [0.6140097595303955, -0.3535133918987863, 0.1097032402875184], 'size': [0.04461973939918376, 0.0849493067344041, 0.09534921802665242]}}"
6.570000000000529,0.6279973156789407,0.0,0.4,0.6247282839256336,-2.7483243032362816e-08,0.3999916746571344,"{'table_obstacle': {'pos': [0.3825981920028062, 0.37518922255766707, 0.1646257963690813], 'size': [0.049837904948193595, 0.0813235869879147, 0.05243307039854257]}, 'pillar_obstacle': {'pos': [0.39994824830915515, -0.3824307480766307, 0.23470116647765446], 'size': [0.033663755439403885, 0.20172185302840845, 0.0]}, 'small_block': {'pos': [0.6140097595303955, -0.3535133918987863, 0.1097032402875184], 'size': [0.04461973939918376, 0.0849493067344041, 0.09534921802665242]}}"
6.571000000000529,0.6279973156789407,0.0,0.4,0.6247745775952462,-4.519252611753821e-08,0.39999176413989157,"{'table_obstacle': {'pos': [0.3825981920028062, 0.37518922255766707, 0.1646257963690813], 'size': [0.049837904948193595, 0.0813235869879147, 0.05243307039854257]}, 'pillar_obstacle': {'pos': [0.39994824830915515, -0.3824307480766307, 0.23470116647765446], 'size': [0.033663755439403885, 0.20172185302840845, 0.0]}, 'small_block': {'pos': [0.6140097595303955, -0.3535133918987863, 0.1097032402875184], 'size': [0.04461973939918376, 0.0849493067344041, 0.09534921802665242]}}"
6.572000000000529,0.6279973156789407,0.0,0.4,0.6248202176918863,-6.243792936550388e-08,0.399991853387865,"{'table_obstacle': {'pos': [0.3825981920028062, 0.37518922255766707, 0.1646257963690813], 'size': [0.049837904948193595, 0.0813235869879147, 0.05243307039854257]}, 'pillar_obstacle': {'pos': [0.39994824830915515, -0.3824307480766307, 0.23470116647765446], 'size': [0.033663755439403885, 0.20172185302840845, 0.0]}, 'small_block': {'pos': [0.6140097595303955, -0.3535133918987863, 0.1097032402875184], 'size': [0.04461973939918376, 0.0849493067344041, 0.09534921802665242]}}"
6.57300000000053,0.6279973156789407,0.0,0.4,0.6248652132945622,-7.922388325216976e-08,0.39999194235684565,"{'table_obstacle': {'pos': [0.3825981920028062, 0.37518922255766707, 0.1646257963690813], 'size': [0.049837904948193595, 0.0813235869879147, 0.05243307039854257]}, 'pillar_obstacle': {'pos': [0.39994824830915515, -0.3824307480766307, 0.23470116647765446], 'size': [0.033663755439403885, 0.20172185302840845, 0.0]}, 'small_block': {'pos': [0.6140097595303955, -0.3535133918987863, 0.1097032402875184], 'size': [0.04461973939918376, 0.0849493067344041, 0.09534921802665242]}}"
6.57400000000053,0.6279973156789407,0.0,0.4,0.6249095733778983,-9.555559813922785e-08,0.3999920310074713,"{'table_obstacle': {'pos': [0.3825981920028062, 0.37518922255766707, 0.1646257963690813], 'size': [0.049837904948193595, 0.0813235869879147, 0.05243307039854257]}, 'pillar_obstacle': {'pos': [0.39994824830915515, -0.3824307480766307, 0.23470116647765446], 'size': [0.033663755439403885, 0.20172185302840845, 0.0]}, 'small_block': {'pos': [0.6140097595303955, -0.3535133918987863, 0.1097032402875184], 'size': [0.04461973939918376, 0.0849493067344041, 0.09534921802665242]}}"
6.57500000000053,0.6279973156789407,0.0,0.4,0.6249533068093842,-1.1143890956485554e-07,0.3999921193045677,"{'table_obstacle': {'pos': [0.3825981920028062, 0.37518922255766707, 0.1646257963690813], 'size': [0.049837904948193595, 0.0813235869879147, 0.05243307039854257]}, 'pillar_obstacle': {'pos': [0.39994824830915515, -0.3824307480766307, 0.23470116647765446], 'size': [0.033663755439403885, 0.20172185302840845, 0.0]}, 'small_block': {'pos': [0.6140097595303955, -0.3535133918987863, 0.1097032402875184], 'size': [0.04461973939918376, 0.0849493067344041, 0.09534921802665242]}}"
6.576000000000531,0.6279973156789407,0.0,0.4,0.6249964223474428,-1.2688014761202872e-07,0.3999922072165877,"{'table_obstacle': {'pos': [0.3825981920028062, 0.37518922255766707, 0.1646257963690813], 'size': [0.049837904948193595, 0.0813235869879147, 0.05243307039854257]}, 'pillar_obstacle': {'pos': [0.39994824830915515, -0.3824307480766307, 0.23470116647765446], 'size': [0.033663755439403885, 0.20172185302840845, 0.0]}, 'small_block': {'pos': [0.6140097595303955, -0.3535133918987863, 0.1097032402875184], 'size': [0.04461973939918376, 0.0849493067344041, 0.09534921802665242]}}"
6.577000000000531,0.6279973156789407,0.0,0.4,0.6250389286401572,-1.4188602869611912e-07,0.399992294715139,"{'table_obstacle': {'pos': [0.3825981920028062, 0.37518922255766707, 0.1646257963690813], 'size': [0.049837904948193595, 0.0813235869879147, 0.05243307039854257]}, 'pillar_obstacle': {'pos': [0.39994824830915515, -0.3824307480766307, 0.23470116647765446], 'size': [0.033663755439403885, 0.20172185302840845, 0.0]}, 'small_block': {'pos': [0.6140097595303955, -0.3535133918987863, 0.1097032402875184], 'size': [0.04461973939918376, 0.0849493067344041, 0.09534921802665242]}}"
6.578000000000531,0.6279973156789407,0.0,0.4,0.625080834224536,-1.5646356503341188e-07,0.399992381774585,"{'table_obstacle': {'pos': [0.3825981920028062, 0.37518922255766707, 0.1646257963690813], 'size': [0.049837904948193595, 0.0813235869879147, 0.05243307039854257]}, 'pillar_obstacle': {'pos': [0.39994824830915515, -0.3824307480766307, 0.23470116647765446], 'size': [0.033663755439403885, 0.20172185302840845, 0.0]}, 'small_block': {'pos': [0.6140097595303955, -0.3535133918987863, 0.1097032402875184], 'size': [0.04461973939918376, 0.0849493067344041, 0.09534921802665242]}}"
6.579000000000532,0.6279973156789407,0.0,0.4,0.6251221475262076,-1.7061999099801937e-07,0.3999924683717048,"{'table_obstacle': {'pos': [0.3825981920028062, 0.37518922255766707, 0.1646257963690813], 'size': [0.049837904948193595, 0.0813235869879147, 0.05243307039854257]}, 'pillar_obstacle': {'pos': [0.39994824830915515, -0.3824307480766307, 0.23470116647765446], 'size': [0.033663755439403885, 0.20172185302840845, 0.0]}, 'small_block': {'pos': [0.6140097595303955, -0.3535133918987863, 0.1097032402875184], 'size': [0.04461973939918376, 0.0849493067344041, 0.09534921802665242]}}"
6.580000000000532,0.6279973156789407,0.0,0.4,0.6251628768594629,-1.8436269876795325e-07,0.3999925544854066,"{'table_obstacle': {'pos': [0.3825981920028062, 0.37518922255766707, 0.1646257963690813], 'size': [0.049837904948193595, 0.0813235869879147, 0.05243307039854257]}, 'pillar_obstacle': {'pos': [0.39994824830915515, -0.3824307480766307, 0.23470116647765446], 'size': [0.033663755439403885, 0.20172185302840845, 0.0]}, 'small_block': {'pos': [0.6140097595303955, -0.3535133918987863, 0.1097032402875184], 'size': [0.04461973939918376, 0.0849493067344041, 0.09534921802665242]}}"
6.581000000000532,0.6279973156789407,0.0,0.4,0.6252030304275727,-1.9769918884906175e-07,0.3999926400964834,"{'table_obstacle': {'pos': [0.3825981920028062, 0.37518922255766707, 0.1646257963690813], 'size': [0.049837904948193595, 0.0813235869879147, 0.05243307039854257]}, 'pillar_obstacle': {'pos': [0.39994824830915515, -0.3824307480766307, 0.23470116647765446], 'size': [0.033663755439403885, 0.20172185302840845, 0.0]}, 'small_block': {'pos': [0.6140097595303955, -0.3535133918987863, 0.1097032402875184], 'size': [0.04461973939918376, 0.0849493067344041, 0.09534921802665242]}}"
6.582000000000533,0.6279973156789407,0.0,0.4,0.6252426163233342,-2.106370261995201e-07,0.39999272518740636,"{'table_obstacle': {'pos': [0.3825981920028062, 0.37518922255766707, 0.1646257963690813], 'size': [0.049837904948193595, 0.0813235869879147, 0.05243307039854257]}, 'pillar_obstacle': {'pos': [0.39994824830915515, -0.3824307480766307, 0.23470116647765446], 'size': [0.033663755439403885, 0.20172185302840845, 0.0]}, 'small_block': {'pos': [0.6140097595303955, -0.3535133918987863, 0.1097032402875184], 'size': [0.04461973939918376, 0.0849493067344041, 0.09534921802665242]}}"
6.583000000000533,0.6279973156789407,0.0,0.4,0.6252816425297893,-2.2318380571557823e-07,0.3999928097421477,"{'table_obstacle': {'pos': [0.3825981920028062, 0.37518922255766707, 0.1646257963690813], 'size': [0.049837904948193595, 0.0813235869879147, 0.05243307039854257]}, 'pillar_obstacle': {'pos': [0.39994824830915515, -0.3824307480766307, 0.23470116647765446], 'size': [0.033663755439403885, 0.20172185302840845, 0.0]}, 'small_block': {'pos': [0.6140097595303955, -0.3535133918987863, 0.1097032402875184], 'size': [0.04461973939918376, 0.0849493067344041, 0.09534921802665242]}}"
6.584000000000533,0.6279973156789407,0.0,0.4,0.6253201169210865,-2.3534712287972317e-07,0.39999289374602875,"{'table_obstacle': {'pos': [0.3825981920028062, 0.37518922255766707, 0.1646257963690813], 'size': [0.049837904948193595, 0.0813235869879147, 0.05243307039854257]}, 'pillar_obstacle': {'pos': [0.39994824830915515, -0.3824307480766307, 0.23470116647765446], 'size': [0.033663755439403885, 0.20172185302840845, 0.0]}, 'small_block': {'pos': [0.6140097595303955, -0.3535133918987863, 0.1097032402875184], 'size': [0.04461973939918376, 0.0849493067344041, 0.09534921802665242]}}"
6.585000000000534,0.6279973156789407,0.0,0.4,0.6253580472634535,-2.471345509247885e-07,0.3999929771855933,"{'table_obstacle': {'pos': [0.3825981920028062, 0.37518922255766707, 0.1646257963690813], 'size': [0.049837904948193595, 0.0813235869879147, 0.05243307039854257]}, 'pillar_obstacle': {'pos': [0.39994824830915515, -0.3824307480766307, 0.23470116647765446], 'size': [0.033663755439403885, 0.20172185302840845, 0.0]}, 'small_block': {'pos': [0.6140097595303955, -0.3535133918987863, 0.1097032402875184], 'size': [0.04461973939918376, 0.0849493067344041, 0.09534921802665242]}}"
6.586000000000534,0.6279973156789407,0.0,0.4,0.6253954412162546,-2.585536210655413e-07,0.3999930600484938,"{'table_obstacle': {'pos': [0.3825981920028062, 0.37518922255766707, 0.1646257963690813], 'size': [0.049837904948193595, 0.0813235869879147, 0.05243307039854257]}, 'pillar_obstacle': {'pos': [0.39994824830915515, -0.3824307480766307, 0.23470116647765446], 'size': [0.033663755439403885, 0.20172185302840845, 0.0]}, 'small_block': {'pos': [0.6140097595303955, -0.3535133918987863, 0.1097032402875184], 'size': [0.04461973939918376, 0.0849493067344041, 0.09534921802665242]}}"
6.587000000000534,0.6279973156789407,0.0,0.4,0.6254323063331172,-2.69611807104711e-07,0.3999931423233969,"{'table_obstacle': {'pos': [0.3825981920028062, 0.37518922255766707, 0.1646257963690813], 'size': [0.049837904948193595, 0.0813235869879147, 0.05243307039854257]}, 'pillar_obstacle': {'pos': [0.39994824830915515, -0.3824307480766307, 0.23470116647765446], 'size': [0.033663755439403885, 0.20172185302840845, 0.0]}, 'small_block': {'pos': [0.6140097595303955, -0.3535133918987863, 0.1097032402875184], 'size': [0.04461973939918376, 0.0849493067344041, 0.09534921802665242]}}"
6.588000000000535,0.6279973156789407,0.0,0.4,0.625468650063108,-2.8031651283093886e-07,0.3999932239999002,"{'table_obstacle': {'pos': [0.3825981920028062, 0.37518922255766707, 0.1646257963690813], 'size': [0.049837904948193595, 0.0813235869879147, 0.05243307039854257]}, 'pillar_obstacle': {'pos': [0.39994824830915515, -0.3824307480766307, 0.23470116647765446], 'size': [0.033663755439403885, 0.20172185302840845, 0.0]}, 'small_block': {'pos': [0.6140097595303955, -0.3535133918987863, 0.1097032402875184], 'size': [0.04461973939918376, 0.0849493067344041, 0.09534921802665242]}}"
6.589000000000535,0.6279973156789407,0.0,0.4,0.6255044797519467,-2.9067506102731934e-07,0.3999933050684599,"{'table_obstacle': {'pos': [0.3825981920028062, 0.37518922255766707, 0.1646257963690813], 'size': [0.049837904948193595, 0.0813235869879147, 0.05243307039854257]}, 'pillar_obstacle': {'pos': [0.39994824830915515, -0.3824307480766307, 0.23470116647765446], 'size': [0.033663755439403885, 0.20172185302840845, 0.0]}, 'small_block': {'pos': [0.6140097595303955, -0.3535133918987863, 0.1097032402875184], 'size': [0.04461973939918376, 0.0849493067344041, 0.09534921802665242]}}"
6.590000000000535,0.6279973156789407,0.0,0.4,0.6255398026432469,-3.00694686975813e-07,0.39999338552032815,"{'table_obstacle': {'pos': [0.3825981920028062, 0.37518922255766707, 0.1646257963690813], 'size': [0.049837904948193595, 0.0813235869879147, 0.05243307039854257]}, 'pillar_obstacle': {'pos': [0.39994824830915515, -0.3824307480766307, 0.23470116647765446], 'size': [0.033663755439403885, 0.20172185302840845, 0.0]}, 'small_block': {'pos': [0.6140097595303955, -0.3535133918987863, 0.1097032402875184], 'size': [0.04461973939918376, 0.0849493067344041, 0.09534921802665242]}}"
6.591000000000536,0.6279973156789407,0.0,0.4,0.6255746258797774,-3.103825309070792e-07,0.39999346534749697,"{'table_obstacle': {'pos': [0.3825981920028062, 0.37518922255766707, 0.1646257963690813], 'size': [0.049837904948193595, 0.0813235869879147, 0.05243307039854257]}, 'pillar_obstacle': {'pos': [0.39994824830915515, -0.3824307480766307, 0.23470116647765446], 'size': [0.033663755439403885, 0.20172185302840845, 0.0]}, 'small_block': {'pos': [0.6140097595303955, -0.3535133918987863, 0.1097032402875184], 'size': [0.04461973939918376, 0.0849493067344041, 0.09534921802665242]}}"
6.592000000000536,0.6279973156789407,0.0,0.4,0.625608956504733,-3.197456336951169e-07,0.3999935445426494,"{'table_obstacle': {'pos': [0.3825981920028062, 0.37518922255766707, 0.1646257963690813], 'size': [0.049837904948193595, 0.0813235869879147, 0.05243307039854257]}, 'pillar_obstacle': {'pos': [0.39994824830915515, -0.3824307480766307, 0.23470116647765446], 'size': [0.033663755439403885, 0.20172185302840845, 0.0]}, 'small_block': {'pos': [0.6140097595303955, -0.3535133918987863, 0.1097032402875184], 'size': [0.04461973939918376, 0.0849493067344041, 0.09534921802665242]}}"
6.593000000000536,0.6279973156789407,0.0,0.4,0.6256428014630141,-3.2879093286458814e-07,0.39999362309911674,"{'table_obstacle': {'pos': [0.3825981920028062, 0.37518922255766707, 0.1646257963690813], 'size': [0.049837904948193595, 0.0813235869879147, 0.05243307039854257]}, 'pillar_obstacle': {'pos': [0.39994824830915515, -0.3824307480766307, 0.23470116647765446], 'size': [0.033663755439403885, 0.20172185302840845, 0.0]}, 'small_block': {'pos': [0.6140097595303955, -0.3535133918987863, 0.1097032402875184], 'size': [0.04461973939918376, 0.0849493067344041, 0.09534921802665242]}}"
6.594000000000537,0.6279973156789407,0.0,0.4,0.625676167602505,-3.3752526020541596e-07,0.39999370101083803,"{'table_obstacle': {'pos': [0.3825981920028062, 0.37518922255766707, 0.1646257963690813], 'size': [0.049837904948193595, 0.0813235869879147, 0.05243307039854257]}, 'pillar_obstacle': {'pos': [0.39994824830915515, -0.3824307480766307, 0.23470116647765446], 'size': [0.033663755439403885, 0.20172185302840845, 0.0]}, 'small_block': {'pos': [0.6140097595303955, -0.3535133918987863, 0.1097032402875184], 'size': [0.04461973939918376, 0.0849493067344041, 0.09534921802665242]}}"
6.595000000000537,0.6279973156789407,0.0,0.4,0.6257090616753541,-3.459553392623174e-07,0.3999937782723271,"{'table_obstacle': {'pos': [0.3825981920028062, 0.37518922255766707, 0.1646257963690813], 'size': [0.049837904948193595, 0.0813235869879147, 0.05243307039854257]}, 'pillar_obstacle': {'pos': [0.39994824830915515, -0.3824307480766307, 0.23470116647765446], 'size': [0.033663755439403885, 0.20172185302840845, 0.0]}, 'small_block': {'pos': [0.6140097595303955, -0.3535133918987863, 0.1097032402875184], 'size': [0.04461973939918376, 0.0849493067344041, 0.09534921802665242]}}"
6.596000000000537,0.6279973156789407,0.0,0.4,0.6257414903392466,-3.5408778413731116e-07,0.39999385487863903,"{'table_obstacle': {'pos': [0.3825981920028062, 0.37518922255766707, 0.1646257963690813], 'size': [0.049837904948193595, 0.0813235869879147, 0.05243307039854257]}, 'pillar_obstacle': {'pos': [0.39994824830915515, -0.3824307480766307, 0.23470116647765446], 'size': [0.033663755439403885, 0.20172185302840845, 0.0]}, 'small_block': {'pos': [0.6140097595303955, -0.3535133918987863, 0.1097032402875184], 'size': [0.04461973939918376, 0.0849493067344041, 0.09534921802665242]}}"
6.597000000000538,0.6279973156789407,0.0,0.4,0.6257734601586713,-3.619290998790044e-07,0.3999939308253425,"{'table_obstacle': {'pos': [0.3825981920028062, 0.37518922255766707, 0.1646257963690813], 'size': [0.049837904948193595, 0.0813235869879147, 0.05243307039854257]}, 'pillar_obstacle': {'pos': [0.39994824830915515, -0.3824307480766307, 0.23470116647765446], 'size': [0.033663755439403885, 0.20172185302840845, 0.0]}, 'small_block': {'pos': [0.6140097595303955, -0.3535133918987863, 0.1097032402875184], 'size': [0.04461973939918376, 0.0849493067344041, 0.09534921802665242]}}"
6.598000000000538,0.6279973156789407,0.0,0.4,0.6258049776061783,-3.6948568104433197e-07,0.399994006108493,"{'table_obstacle': {'pos': [0.3825981920028062, 0.37518922255766707, 0.1646257963690813], 'size': [0.049837904948193595, 0.0813235869879147, 0.05243307039854257]}, 'pillar_obstacle': {'pos': [0.39994824830915515, -0.3824307480766307, 0.23470116647765446], 'size': [0.033663755439403885, 0.20172185302840845, 0.0]}, 'small_block': {'pos': [0.6140097595303955, -0.3535133918987863, 0.1097032402875184], 'size': [0.04461973939918376, 0.0849493067344041, 0.09534921802665242]}}"
6.599000000000538,0.6279973156789407,0.0,0.4,0.6258360490636262,-3.7676381140055653e-07,0.3999940807246087,"{'table_obstacle': {'pos': [0.3825981920028062, 0.37518922255766707, 0.1646257963690813], 'size': [0.049837904948193595, 0.0813235869879147, 0.05243307039854257]}, 'pillar_obstacle': {'pos': [0.39994824830915515, -0.3824307480766307, 0.23470116647765446], 'size': [0.033663755439403885, 0.20172185302840845, 0.0]}, 'small_block': {'pos': [0.6140097595303955, -0.3535133918987863, 0.1097032402875184], 'size': [0.04461973939918376, 0.0849493067344041, 0.09534921802665242]}}"
6.600000000000539,0.6279973156789407,0.0,0.4,0.6258666808234196,-3.837696661790801e-07,0.39999415467064786,"{'table_obstacle': {'pos': [0.3825981920028062, 0.37518922255766707, 0.1646257963690813], 'size': [0.049837904948193595, 0.0813235869879147, 0.05243307039854257]}, 'pillar_obstacle': {'pos': [0.39994824830915515, -0.3824307480766307, 0.23470116647765446], 'size': [0.033663755439403885, 0.20172185302840845, 0.0]}, 'small_block': {'pos': [0.6140097595303955, -0.3535133918987863, 0.1097032402875184], 'size': [0.04461973939918376, 0.0849493067344041, 0.09534921802665242]}}"
6.601000000000539,0.6279973156789407,0.0,0.4,0.6258968790897308,-3.9050931022327e-07,0.3999942279439876,"{'table_obstacle': {'pos': [0.3825981920028062, 0.37518922255766707, 0.1646257963690813], 'size': [0.049837904948193595, 0.0813235869879147, 0.05243307039854257]}, 'pillar_obstacle': {'pos': [0.39994824830915515, -0.3824307480766307, 0.23470116647765446], 'size': [0.033663755439403885, 0.20172185302840845, 0.0]}, 'small_block': {'pos': [0.6140097595303955, -0.3535133918987863, 0.1097032402875184], 'size': [0.04461973939918376, 0.0849493067344041, 0.09534921802665242]}}"
6.602000000000539,0.6279973156789407,0.0,0.4,0.625926649979712,-3.969887010799321e-07,0.39999430054240587,"{'table_obstacle': {'pos': [0.3825981920028062, 0.37518922255766707, 0.1646257963690813], 'size': [0.049837904948193595, 0.0813235869879147, 0.05243307039854257]}, 'pillar_obstacle': {'pos': [0.39994824830915515, -0.3824307480766307, 0.23470116647765446], 'size': [0.033663755439403885, 0.20172185302840845, 0.0]}, 'small_block': {'pos': [0.6140097595303955, -0.3535133918987863, 0.1097032402875184], 'size': [0.04461973939918376, 0.0849493067344041, 0.09534921802665242]}}"
6.60300000000054,0.6279973156789407,0.0,0.4,0.6259559995246914,-4.0321368872149484e-07,0.39999437246406155,"{'table_obstacle': {'pos': [0.3825981920028062, 0.37518922255766707, 0.1646257963690813], 'size': [0.049837904948193595, 0.0813235869879147, 0.05243307039854257]}, 'pillar_obstacle': {'pos': [0.39994824830915515, -0.3824307480766307, 0.23470116647765446], 'size': [0.033663755439403885, 0.20172185302840845, 0.0]}, 'small_block': {'pos': [0.6140097595303955, -0.3535133918987863, 0.1097032402875184], 'size': [0.04461973939918376, 0.0849493067344041, 0.09534921802665242]}}"
6.60400000000054,0.6319971338912027,0.0,0.4,0.6259849336713577,-4.0919001679450926e-07,0.39999444370747744,"{'table_obstacle': {'pos': [0.3825981920028062, 0.37518922255766707, 0.1646257963690813], 'size': [0.049837904948193595, 0.0813235869879147, 0.05243307039854257]}, 'pillar_obstacle': {'pos': [0.39994824830915515, -0.3824307480766307, 0.23470116647765446], 'size': [0.033663755439403885, 0.20172185302840845, 0.0]}, 'small_block': {'pos': [0.6140097595303955, -0.3535133918987863, 0.1097032402875184], 'size': [0.04461973939918376, 0.0849493067344041, 0.09534921802665242]}}"
6.60500000000054,0.6319971338912027,0.0,0.4,0.6260239665559815,-3.60251654283674e-07,0.3999942463932629,"{'table_obstacle': {'pos': [0.3825981920028062, 0.37518922255766707, 0.1646257963690813], 'size': [0.049837904948193595, 0.0813235869879147, 0.05243307039854257]}, 'pillar_obstacle': {'pos': [0.39994824830915515, -0.3824307480766307, 0.23470116647765446], 'size': [0.033663755439403885, 0.20172185302840845, 0.0]}, 'small_block': {'pos': [0.6140097595303955, -0.3535133918987863, 0.1097032402875184], 'size': [0.04461973939918376, 0.0849493067344041, 0.09534921802665242]}}"
6.606000000000541,0.6319971338912027,0.0,0.4,0.6260710002449501,-2.785034381399198e-07,0.39999388328715546,"{'table_obstacle': {'pos': [0.3825981920028062, 0.37518922255766707, 0.1646257963690813], 'size': [0.049837904948193595, 0.0813235869879147, 0.05243307039854257]}, 'pillar_obstacle': {'pos': [0.39994824830915515, -0.3824307480766307, 0.23470116647765446], 'size': [0.033663755439403885, 0.20172185302840845, 0.0]}, 'small_block': {'pos': [0.6140097595303955, -0.3535133918987863, 0.1097032402875184], 'size': [0.04461973939918376, 0.0849493067344041, 0.09534921802665242]}}"
6.607000000000541,0.6319971338912027,0.0,0.4,0.6261243293592563,-1.7962744669210075e-07,0.39999342759335776,"{'table_obstacle': {'pos': [0.3825981920028062, 0.37518922255766707, 0.1646257963690813], 'size': [0.049837904948193595, 0.0813235869879147, 0.05243307039854257]}, 'pillar_obstacle': {'pos': [0.39994824830915515, -0.3824307480766307, 0.23470116647765446], 'size': [0.033663755439403885, 0.20172185302840845, 0.0]}, 'small_block': {'pos': [0.6140097595303955, -0.3535133918987863, 0.1097032402875184], 'size': [0.04461973939918376, 0.0849493067344041, 0.09534921802665242]}}"
6.608000000000541,0.6319971338912027,0.0,0.4,0.6261825685765386,-7.452262517396735e-08,0.3999929305886102,"{'table_obstacle': {'pos': [0.3825981920028062, 0.37518922255766707, 0.1646257963690813], 'size': [0.049837904948193595, 0.0813235869879147, 0.05243307039854257]}, 'pillar_obstacle': {'pos': [0.39994824830915515, -0.3824307480766307, 0.23470116647765446], 'size': [0.033663755439403885, 0.20172185302840845, 0.0]}, 'small_block': {'pos': [0.6140097595303955, -0.3535133918987863, 0.1097032402875184], 'size': [0.04461973939918376, 0.0849493067344041, 0.09534921802665242]}}"
6.609000000000542,0.6319971338912027,0.0,0.4,0.6262445933575944,2.944711404882354e-08,0.3999924273791444,"{'table_obstacle': {'pos': [0.3825981920028062, 0.37518922255766707, 0.1646257963690813], 'size': [0.049837904948193595, 0.0813235869879147, 0.05243307039854257]}, 'pillar_obstacle': {'pos': [0.39994824830915515, -0.3824307480766307, 0.23470116647765446], 'size': [0.033663755439403885, 0.20172185302840845, 0.0]}, 'small_block': {'pos': [0.6140097595303955, -0.3535133918987863, 0.1097032402875184], 'size': [0.04461973939918376, 0.0849493067344041, 0.09534921802665242]}}"
6.610000000000542,0.6319971338912027,0.0,0.4,0.626309491541313,1.2750624222616384e-07,0.39999194123391635,"{'table_obstacle': {'pos': [0.3825981920028062, 0.37518922255766707, 0.1646257963690813], 'size': [0.049837904948193595, 0.0813235869879147, 0.05243307039854257]}, 'pillar_obstacle': {'pos': [0.39994824830915515, -0.3824307480766307, 0.23470116647765446], 'size': [0.033663755439403885, 0.20172185302840845, 0.0]}, 'small_block': {'pos': [0.6140097595303955, -0.3535133918987863, 0.1097032402875184], 'size': [0.04461973939918376, 0.0849493067344041, 0.09534921802665242]}}"
6.611000000000542,0.6319971338912027,0.0,0.4,0.6263765238518342,2.1675269742401159e-07,0.39999148683747243,"{'table_obstacle': {'pos': [0.3825981920028062, 0.37518922255766707, 0.1646257963690813], 'size': [0.049837904948193595, 0.0813235869879147, 0.05243307039854257]}, 'pillar_obstacle': {'pos': [0.39994824830915515, -0.3824307480766307, 0.23470116647765446], 'size': [0.033663755439403885, 0.20172185302840845, 0.0]}, 'small_block': {'pos': [0.6140097595303955, -0.3535133918987863, 0.1097032402875184], 'size': [0.04461973939918376, 0.0849493067344041, 0.09534921802665242]}}"
6.612000000000543,0.6319971338912027,0.0,0.4,0.626445091700872,2.956207411091796e-07,0.39999107272312684,"{'table_obstacle': {'pos': [0.3825981920028062, 0.37518922255766707, 0.1646257963690813], 'size': [0.049837904948193595, 0.0813235869879147, 0.05243307039854257]}, 'pillar_obstacle': {'pos': [0.39994824830915515, -0.3824307480766307, 0.23470116647765446], 'size': [0.033663755439403885, 0.20172185302840845, 0.0]}, 'small_block': {'pos': [0.6140097595303955, -0.3535133918987863, 0.1097032402875184], 'size': [0.04461973939918376, 0.0849493067344041, 0.09534921802665242]}}"
6.613000000000543,0.6319971338912027,0.0,0.4,0.6265147109531232,3.6347983765648406e-07,0.39999070308472484,"{'table_obstacle': {'pos': [0.3825981920028062, 0.37518922255766707, 0.1646257963690813], 'size': [0.049837904948193595, 0.0813235869879147, 0.05243307039854257]}, 'pillar_obstacle': {'pos': [0.39994824830915515, -0.3824307480766307, 0.23470116647765446], 'size': [0.033663755439403885, 0.20172185302840845, 0.0]}, 'small_block': {'pos': [0.6140097595303955, -0.3535133918987863, 0.1097032402875184], 'size': [0.04461973939918376, 0.0849493067344041, 0.09534921802665242]}}"
6.6140000000005434,0.6319971338912027,0.0,0.4,0.6265849905604096,4.203373002149861e-07,0.39999037911798213,"{'table_obstacle': {'pos': [0.3825981920028062, 0.37518922255766707, 0.1646257963690813], 'size': [0.049837904948193595, 0.0813235869879147, 0.05243307039854257]}, 'pillar_obstacle': {'pos': [0.39994824830915515, -0.3824307480766307, 0.23470116647765446], 'size': [0.033663755439403885, 0.20172185302840845, 0.0]}, 'small_block': {'pos': [0.6140097595303955, -0.3535133918987863, 0.1097032402875184], 'size': [0.04461973939918376, 0.0849493067344041, 0.09534921802665242]}}"
6.615000000000544,0.6319971338912027,0.0,0.4,0.6266556151674728,4.6661980165889983e-07,0.3999901000064591,"{'table_obstacle': {'pos': [0.3825981920028062, 0.37518922255766707, 0.1646257963690813], 'size': [0.049837904948193595, 0.0813235869879147, 0.05243307039854257]}, 'pillar_obstacle': {'pos': [0.39994824830915515, -0.3824307480766307, 0.23470116647765446], 'size': [0.033663755439403885, 0.20172185302840845, 0.0]}, 'small_block': {'pos': [0.6140097595303955, -0.3535133918987863, 0.1097032402875184], 'size': [0.04461973939918376, 0.0849493067344041, 0.09534921802665242]}}"
6.616000000000544,0.6319971338912027,0.0,0.4,0.6267263309552938,5.030145751659214e-07,0.3999898636398532,"{'table_obstacle': {'pos': [0.3825981920028062, 0.37518922255766707, 0.1646257963690813], 'size': [0.049837904948193595, 0.0813235869879147, 0.05243307039854257]}, 'pillar_obstacle': {'pos': [0.39994824830915515, -0.3824307480766307, 0.23470116647765446], 'size': [0.033663755439403885, 0.20172185302840845, 0.0]}, 'small_block': {'pos': [0.6140097595303955, -0.3535133918987863, 0.1097032402875184], 'size': [0.04461973939918376, 0.0849493067344041, 0.09534921802665242]}}"
6.6170000000005444,0.6319971338912027,0.0,0.4,0.6267969341220213,5.303555601489231e-07,0.39998966713138584,"{'table_obstacle': {'pos': [0.3825981920028062, 0.37518922255766707, 0.1646257963690813], 'size': [0.049837904948193595, 0.0813235869879147, 0.05243307039854257]}, 'pillar_obstacle': {'pos': [0.39994824830915515, -0.3824307480766307, 0.23470116647765446], 'size': [0.033663755439403885, 0.20172185302840845, 0.0]}, 'small_block': {'pos': [0.6140097595303955, -0.3535133918987863, 0.1097032402875184], 'size': [0.04461973939918376, 0.0849493067344041, 0.09534921802665242]}}"
6.618000000000545,0.6319971338912027,0.0,0.4,0.6268672615117614,5.495431938605993e-07,0.3999895071850917,"{'table_obstacle': {'pos': [0.3825981920028062, 0.37518922255766707, 0.1646257963690813], 'size': [0.049837904948193595, 0.0813235869879147, 0.05243307039854257]}, 'pillar_obstacle': {'pos': [0.39994824830915515, -0.3824307480766307, 0.23470116647765446], 'size': [0.033663755439403885, 0.20172185302840845, 0.0]}, 'small_block': {'pos': [0.6140097595303955, -0.3535133918987863, 0.1097032402875184], 'size': [0.04461973939918376, 0.0849493067344041, 0.09534921802665242]}}"
6.619000000000545,0.6319971338912027,0.0,0.4,0.6269371829918183,5.614892184322102e-07,0.3999893803515977,"{'table_obstacle': {'pos': [0.3825981920028062, 0.37518922255766707, 0.1646257963690813], 'size': [0.049837904948193595, 0.0813235869879147, 0.05243307039854257]}, 'pillar_obstacle': {'pos': [0.39994824830915515, -0.3824307480766307, 0.23470116647765446], 'size': [0.033663755439403885, 0.20172185302840845, 0.0]}, 'small_block': {'pos': [0.6140097595303955, -0.3535133918987863, 0.1097032402875184], 'size': [0.04461973939918376, 0.0849493067344041, 0.09534921802665242]}}"
6.6200000000005454,0.6319971338912027,0.0,0.4,0.6270065952528285,5.670799185181966e-07,0.3999892832016322,"{'table_obstacle': {'pos': [0.3825981920028062, 0.37518922255766707, 0.1646257963690813], 'size': [0.049837904948193595, 0.0813235869879147, 0.05243307039854257]}, 'pillar_obstacle': {'pos': [0.39994824830915515, -0.3824307480766307, 0.23470116647765446], 'size': [0.033663755439403885, 0.20172185302840845, 0.0]}, 'small_block': {'pos': [0.6140097595303955, -0.3535133918987863, 0.1097032402875184], 'size': [0.04461973939918376, 0.0849493067344041, 0.09534921802665242]}}"
6.621000000000546,0.6319971338912027,0.0,0.4,0.6270754167666174,5.671528147376652e-07,0.39998921243935187,"{'table_obstacle': {'pos': [0.3825981920028062, 0.37518922255766707, 0.1646257963690813], 'size': [0.049837904948193595, 0.0813235869879147, 0.05243307039854257]}, 'pillar_obstacle': {'pos': [0.39994824830915515, -0.3824307480766307, 0.23470116647765446], 'size': [0.033663755439403885, 0.20172185302840845, 0.0]}, 'small_block': {'pos': [0.6140097595303955, -0.3535133918987863, 0.1097032402875184], 'size': [0.04461973939918376, 0.0849493067344041, 0.09534921802665242]}}"
6.622000000000546,0.6319971338912027,0.0,0.4,0.627143583685849,5.624830461216401e-07,0.39998916497211834,"{'table_obstacle': {'pos': [0.3825981920028062, 0.37518922255766707, 0.1646257963690813], 'size': [0.049837904948193595, 0.0813235869879147, 0.05243307039854257]}, 'pillar_obstacle': {'pos': [0.39994824830915515, -0.3824307480766307, 0.23470116647765446], 'size': [0.033663755439403885, 0.20172185302840845, 0.0]}, 'small_block': {'pos': [0.6140097595303955, -0.3535133918987863, 0.1097032402875184], 'size': [0.04461973939918376, 0.0849493067344041, 0.09534921802665242]}}"
6.6230000000005464,0.6319971338912027,0.0,0.4,0.6272110465097365,5.537766169423205e-07,0.3999891379491824,"{'table_obstacle': {'pos': [0.3825981920028062, 0.37518922255766707, 0.1646257963690813], 'size': [0.049837904948193595, 0.0813235869879147, 0.05243307039854257]}, 'pillar_obstacle': {'pos': [0.39994824830915515, -0.3824307480766307, 0.23470116647765446], 'size': [0.033663755439403885, 0.20172185302840845, 0.0]}, 'small_block': {'pos': [0.6140097595303955, -0.3535133918987863, 0.1097032402875184], 'size': [0.04461973939918376, 0.0849493067344041, 0.09534921802665242]}}"
6.624000000000547,0.6319971338912027,0.0,0.4,0.6272777673727963,5.416684120184982e-07,0.3999891287785611,"{'table_obstacle': {'pos': [0.3825981920028062, 0.37518922255766707, 0.1646257963690813], 'size': [0.049837904948193595, 0.0813235869879147, 0.05243307039854257]}, 'pillar_obstacle': {'pos': [0.39994824830915515, -0.3824307480766307, 0.23470116647765446], 'size': [0.033663755439403885, 0.20172185302840845, 0.0]}, 'small_block': {'pos': [0.6140097595303955, -0.3535133918987863, 0.1097032402875184], 'size': [0.04461973939918376, 0.0849493067344041, 0.09534921802665242]}}"
6.625000000000547,0.6319971338912027,0.0,0.4,0.6273437178403091,5.267234193209445e-07,0.39998913512898515,"{'table_obstacle': {'pos': [0.3825981920028062, 0.37518922255766707, 0.1646257963690813], 'size': [0.049837904948193595, 0.0813235869879147, 0.05243307039854257]}, 'pillar_obstacle': {'pos': [0.39994824830915515, -0.3824307480766307, 0.23470116647765446], 'size': [0.033663755439403885, 0.20172185302840845, 0.0]}, 'small_block': {'pos': [0.6140097595303955, -0.3535133918987863, 0.1097032402875184], 'size': [0.04461973939918376, 0.0849493067344041, 0.09534921802665242]}}"
6.6260000000005475,0.6319971338912027,0.0,0.4,0.6274088771158469,5.094400250587357e-07,0.39998915492195586,"{'table_obstacle': {'pos': [0.3825981920028062, 0.37518922255766707, 0.1646257963690813], 'size': [0.049837904948193595, 0.0813235869879147, 0.05243307039854257]}, 'pillar_obstacle': {'pos': [0.39994824830915515, -0.3824307480766307, 0.23470116647765446], 'size': [0.033663755439403885, 0.20172185302840845, 0.0]}, 'small_block': {'pos': [0.6140097595303955, -0.3535133918987863, 0.1097032402875184], 'size': [0.04461973939918376, 0.0849493067344041, 0.09534921802665242]}}"
6.627000000000548,0.6319971338912027,0.0,0.4,0.6274732305838994,4.902545549601215e-07,0.3999891863175884,"{'table_obstacle': {'pos': [0.3825981920028062, 0.37518922255766707, 0.1646257963690813], 'size': [0.049837904948193595, 0.0813235869879147, 0.05243307039854257]}, 'pillar_obstacle': {'pos': [0.39994824830915515, -0.3824307480766307, 0.23470116647765446], 'size': [0.033663755439403885, 0.20172185302840845, 0.0]}, 'small_block': {'pos': [0.6140097595303955, -0.3535133918987863, 0.1097032402875184], 'size': [0.04461973939918376, 0.0849493067344041, 0.09534921802665242]}}"
6.628000000000548,0.6319971338912027,0.0,0.4,0.6275367686249991,4.695464791139948e-07,0.3999892276968642,"{'table_obstacle': {'pos': [0.3825981920028062, 0.37518922255766707, 0.1646257963690813], 'size': [0.049837904948193595, 0.0813235869879147, 0.05243307039854257]}, 'pillar_obstacle': {'pos': [0.39994824830915515, -0.3824307480766307, 0.23470116647765446], 'size': [0.033663755439403885, 0.20172185302840845, 0.0]}, 'small_block': {'pos': [0.6140097595303955, -0.3535133918987863, 0.1097032402875184], 'size': [0.04461973939918376, 0.0849493067344041, 0.09534921802665242]}}"
6.6290000000005485,0.6319971338912027,0.0,0.4,0.6275994856524479,4.476438649201444e-07,0.39998927764215886,"{'table_obstacle': {'pos': [0.3825981920028062, 0.37518922255766707, 0.1646257963690813], 'size': [0.049837904948193595, 0.0813235869879147, 0.05243307039854257]}, 'pillar_obstacle': {'pos': [0.39994824830915515, -0.3824307480766307, 0.23470116647765446], 'size': [0.033663755439403885, 0.20172185302840845, 0.0]}, 'small_block': {'pos': [0.6140097595303955, -0.3535133918987863, 0.1097032402875184], 'size': [0.04461973939918376, 0.0849493067344041, 0.09534921802665242]}}"
6.630000000000549,0.6319971338912027,0.0,0.4,0.627661379329243,4.248288028543816e-07,0.39998933491732114,"{'table_obstacle': {'pos': [0.3825981920028062, 0.37518922255766707, 0.1646257963690813], 'size': [0.049837904948193595, 0.0813235869879147, 0.05243307039854257]}, 'pillar_obstacle': {'pos': [0.39994824830915515, -0.3824307480766307, 0.23470116647765446], 'size': [0.033663755439403885, 0.20172185302840845, 0.0]}, 'small_block': {'pos': [0.6140097595303955, -0.3535133918987863, 0.1097032402875184], 'size': [0.04461973939918376, 0.0849493067344041, 0.09534921802665242]}}"
6.631000000000549,0.6319971338912027,0.0,0.4,0.6277224499315506,4.013426202358e-07,0.39998939844816855,"{'table_obstacle': {'pos': [0.3825981920028062, 0.37518922255766707, 0.1646257963690813], 'size': [0.049837904948193595, 0.0813235869879147, 0.05243307039854257]}, 'pillar_obstacle': {'pos': [0.39994824830915515, -0.3824307480766307, 0.23470116647765446], 'size': [0.033663755439403885, 0.20172185302840845, 0.0]}, 'small_block': {'pos': [0.6140097595303955, -0.3535133918987863, 0.1097032402875184], 'size': [0.04461973939918376, 0.0849493067344041, 0.09534921802665242]}}"
6.6320000000005495,0.6319971338912027,0.0,0.4,0.627782699831351,3.7739077177035366e-07,0.39998946730394674,"{'table_obstacle': {'pos': [0.3825981920028062, 0.37518922255766707, 0.1646257963690813], 'size': [0.049837904948193595, 0.0813235869879147, 0.05243307039854257]}, 'pillar_obstacle': {'pos': [0.39994824830915515, -0.3824307480766307, 0.23470116647765446], 'size': [0.033663755439403885, 0.20172185302840845, 0.0]}, 'small_block': {'pos': [0.6140097595303955, -0.3535133918987863, 0.1097032402875184], 'size': [0.04461973939918376, 0.0849493067344041, 0.09534921802665242]}}"
6.63300000000055,0.6319971338912027,0.0,0.4,0.6278421330760036,3.5314734056740275e-07,0.39998954068008163,"{'table_obstacle': {'pos': [0.3825981920028062, 0.37518922255766707, 0.1646257963690813], 'size': [0.049837904948193595, 0.0813235869879147, 0.05243307039854257]}, 'pillar_obstacle': {'pos': [0.39994824830915515, -0.3824307480766307, 0.23470116647765446], 'size': [0.033663755439403885, 0.20172185302840845, 0.0]}, 'small_block': {'pos': [0.6140097595303955, -0.3535133918987863, 0.1097032402875184], 'size': [0.04461973939918376, 0.0849493067344041, 0.09534921802665242]}}"
6.63400000000055,0.6319971338912027,0.0,0.4,0.6279007550466289,3.2875912560790257e-07,0.3999896178823944,"{'table_obstacle': {'pos': [0.3825981920028062, 0.37518922255766707, 0.1646257963690813], 'size': [0.049837904948193595, 0.0813235869879147, 0.05243307039854257]}, 'pillar_obstacle': {'pos': [0.39994824830915515, -0.3824307480766307, 0.23470116647765446], 'size': [0.033663755439403885, 0.20172185302840845, 0.0]}, 'small_block': {'pos': [0.6140097595303955, -0.3535133918987863, 0.1097032402875184], 'size': [0.04461973939918376, 0.0849493067344041, 0.09534921802665242]}}"
6.6350000000005505,0.6319971338912027,0.0,0.4,0.627958572180597,3.0434931059913735e-07,0.3999896983128387,"{'table_obstacle': {'pos': [0.3825981920028062, 0.37518922255766707, 0.1646257963690813], 'size': [0.049837904948193595, 0.0813235869879147, 0.05243307039854257]}, 'pillar_obstacle': {'pos': [0.39994824830915515, -0.3824307480766307, 0.23470116647765446], 'size': [0.033663755439403885, 0.20172185302840845, 0.0]}, 'small_block': {'pos': [0.6140097595303955, -0.3535133918987863, 0.1097032402875184], 'size': [0.04461973939918376, 0.0849493067344041, 0.09534921802665242]}}"
6.636000000000551,0.6319971338912027,0.0,0.4,0.6280155917461442,2.800207253239675e-07,0.3999897814567457,"{'table_obstacle': {'pos': [0.3825981920028062, 0.37518922255766707, 0.1646257963690813], 'size': [0.049837904948193595, 0.0813235869879147, 0.05243307039854257]}, 'pillar_obstacle': {'pos': [0.39994824830915515, -0.3824307480766307, 0.23470116647765446], 'size': [0.033663755439403885, 0.20172185302840845, 0.0]}, 'small_block': {'pos': [0.6140097595303955, -0.3535133918987863, 0.1097032402875184], 'size': [0.04461973939918376, 0.0849493067344041, 0.09534921802665242]}}"
6.637000000000551,0.6319971338912027,0.0,0.4,0.6280718216593997,2.558587251170657e-07,0.3999898668715131,"{'table_obstacle': {'pos': [0.3825981920028062, 0.37518922255766707, 0.1646257963690813], 'size': [0.049837904948193595, 0.0813235869879147, 0.05243307039854257]}, 'pillar_obstacle': {'pos': [0.39994824830915515, -0.3824307480766307, 0.23470116647765446], 'size': [0.033663755439403885, 0.20172185302840845, 0.0]}, 'small_block': {'pos': [0.6140097595303955, -0.3535133918987863, 0.1097032402875184], 'size': [0.04461973939918376, 0.0849493067344041, 0.09534921802665242]}}"
6.6380000000005515,0.6319971338912027,0.0,0.4,0.6281272703358913,2.3193371384822735e-07,0.39998995417664496,"{'table_obstacle': {'pos': [0.3825981920028062, 0.37518922255766707, 0.1646257963690813], 'size': [0.049837904948193595, 0.0813235869879147, 0.05243307039854257]}, 'pillar_obstacle': {'pos': [0.39994824830915515, -0.3824307480766307, 0.23470116647765446], 'size': [0.033663755439403885, 0.20172185302840845, 0.0]}, 'small_block': {'pos': [0.6140097595303955, -0.3535133918987863, 0.1097032402875184], 'size': [0.04461973939918376, 0.0849493067344041, 0.09534921802665242]}}"
6.639000000000552,0.6319971338912027,0.0,0.4,0.6281819465701062,2.083033457830884e-07,0.39999004304503455,"{'table_obstacle': {'pos': [0.3825981920028062, 0.37518922255766707, 0.1646257963690813], 'size': [0.049837904948193595, 0.0813235869879147, 0.05243307039854257]}, 'pillar_obstacle': {'pos': [0.39994824830915515, -0.3824307480766307, 0.23470116647765446], 'size': [0.033663755439403885, 0.20172185302840845, 0.0]}, 'small_block': {'pos': [0.6140097595303955, -0.3535133918987863, 0.1097032402875184], 'size': [0.04461973939918376, 0.0849493067344041, 0.09534921802665242]}}"
6.640000000000552,0.6319971338912027,0.0,0.4,0.6282358594378615,1.8501443298087858e-07,0.39999013319537313,"{'table_obstacle': {'pos': [0.3825981920028062, 0.37518922255766707, 0.1646257963690813], 'size': [0.049837904948193595, 0.0813235869879147, 0.05243307039854257]}, 'pillar_obstacle': {'pos': [0.39994824830915515, -0.3824307480766307, 0.23470116647765446], 'size': [0.033663755439403885, 0.20172185302840845, 0.0]}, 'small_block': {'pos': [0.6140097595303955, -0.3535133918987863, 0.1097032402875184], 'size': [0.04461973939918376, 0.0849493067344041, 0.09534921802665242]}}"
6.6410000000005525,0.6319971338912027,0.0,0.4,0.6282890182172323,1.6210459538502345e-07,0.39999022438556653,"{'table_obstacle': {'pos': [0.3825981920028062, 0.37518922255766707, 0.1646257963690813], 'size': [0.049837904948193595, 0.0813235869879147, 0.05243307039854257]}, 'pillar_obstacle': {'pos': [0.39994824830915515, -0.3824307480766307, 0.23470116647765446], 'size': [0.033663755439403885, 0.20172185302840845, 0.0]}, 'small_block': {'pos': [0.6140097595303955, -0.3535133918987863, 0.1097032402875184], 'size': [0.04461973939918376, 0.0849493067344041, 0.09534921802665242]}}"
6.642000000000553,0.6319971338912027,0.0,0.4,0.6283414323245705,1.396036800780918e-07,0.39999031640705335,"{'table_obstacle': {'pos': [0.3825981920028062, 0.37518922255766707, 0.1646257963690813], 'size': [0.049837904948193595, 0.0813235869879147, 0.05243307039854257]}, 'pillar_obstacle': {'pos': [0.39994824830915515, -0.3824307480766307, 0.23470116647765446], 'size': [0.033663755439403885, 0.20172185302840845, 0.0]}, 'small_block': {'pos': [0.6140097595303955, -0.3535133918987863, 0.1097032402875184], 'size': [0.04461973939918376, 0.0849493067344041, 0.09534921802665242]}}"
6.643000000000553,0.6319971338912027,0.0,0.4,0.6283931112627998,1.1753497886383009e-07,0.3999904090799086,"{'table_obstacle': {'pos': [0.3825981920028062, 0.37518922255766707, 0.1646257963690813], 'size': [0.049837904948193595, 0.0813235869879147, 0.05243307039854257]}, 'pillar_obstacle': {'pos': [0.39994824830915515, -0.3824307480766307, 0.23470116647765446], 'size': [0.033663755439403885, 0.20172185302840845, 0.0]}, 'small_block': {'pos': [0.6140097595303955, -0.3535133918987863, 0.1097032402875184], 'size': [0.04461973939918376, 0.0849493067344041, 0.09534921802665242]}}"
6.6440000000005535,0.6319971338912027,0.0,0.4,0.628444064579688,9.591626957277766e-08,0.3999905022486465,"{'table_obstacle': {'pos': [0.3825981920028062, 0.37518922255766707, 0.1646257963690813], 'size': [0.049837904948193595, 0.0813235869879147, 0.05243307039854257]}, 'pillar_obstacle': {'pos': [0.39994824830915515, -0.3824307480766307, 0.23470116647765446], 'size': [0.033663755439403885, 0.20172185302840845, 0.0]}, 'small_block': {'pos': [0.6140097595303955, -0.3535133918987863, 0.1097032402875184], 'size': [0.04461973939918376, 0.0849493067344041, 0.09534921802665242]}}"
6.645000000000554,0.6319971338912027,0.0,0.4,0.6284943018342449,7.476070438030254e-08,0.39999059577862406,"{'table_obstacle': {'pos': [0.3825981920028062, 0.37518922255766707, 0.1646257963690813], 'size': [0.049837904948193595, 0.0813235869879147, 0.05243307039854257]}, 'pillar_obstacle': {'pos': [0.39994824830915515, -0.3824307480766307, 0.23470116647765446], 'size': [0.033663755439403885, 0.20172185302840845, 0.0]}, 'small_block': {'pos': [0.6140097595303955, -0.3535133918987863, 0.1097032402875184], 'size': [0.04461973939918376, 0.0849493067344041, 0.09534921802665242]}}"
6.646000000000554,0.6319971338912027,0.0,0.4,0.6285438325697134,5.407756469470167e-08,0.3999906895529721,"{'table_obstacle': {'pos': [0.3825981920028062, 0.37518922255766707, 0.1646257963690813], 'size': [0.049837904948193595, 0.0813235869879147, 0.05243307039854257]}, 'pillar_obstacle': {'pos': [0.39994824830915515, -0.3824307480766307, 0.23470116647765446], 'size': [0.033663755439403885, 0.20172185302840845, 0.0]}, 'small_block': {'pos': [0.6140097595303955, -0.3535133918987863, 0.1097032402875184], 'size': [0.04461973939918376, 0.0849493067344041, 0.09534921802665242]}}"
6.6470000000005545,0.6319971338912027,0.0,0.4,0.6285926662919331,3.387290307582015e-08,0.3999907834699767,"{'table_obstacle': {'pos': [0.3825981920028062, 0.37518922255766707, 0.1646257963690813], 'size': [0.049837904948193595, 0.0813235869879147, 0.05243307039854257]}, 'pillar_obstacle': {'pos': [0.39994824830915515, -0.3824307480766307, 0.23470116647765446], 'size': [0.033663755439403885, 0.20172185302840845, 0.0]}, 'small_block': {'pos': [0.6140097595303955, -0.3535133918987863, 0.1097032402875184], 'size': [0.04461973939918376, 0.0849493067344041, 0.09534921802665242]}}"
6.648000000000555,0.6319971338912027,0.0,0.4,0.6286408124520665,1.4150086559122546e-08,0.3999908774408532,"{'table_obstacle': {'pos': [0.3825981920028062, 0.37518922255766707, 0.1646257963690813], 'size': [0.049837904948193595, 0.0813235869879147, 0.05243307039854257]}, 'pillar_obstacle': {'pos': [0.39994824830915515, -0.3824307480766307, 0.23470116647765446], 'size': [0.033663755439403885, 0.20172185302840845, 0.0]}, 'small_block': {'pos': [0.6140097595303955, -0.3535133918987863, 0.1097032402875184], 'size': [0.04461973939918376, 0.0849493067344041, 0.09534921802665242]}}"
6.649000000000555,0.6319971338912027,0.0,0.4,0.6286882804328694,-5.08974495697689e-09,0.3999909713878542,"{'table_obstacle': {'pos': [0.3825981920028062, 0.37518922255766707, 0.1646257963690813], 'size': [0.049837904948193595, 0.0813235869879147, 0.05243307039854257]}, 'pillar_obstacle': {'pos': [0.39994824830915515, -0.3824307480766307, 0.23470116647765446], 'size': [0.033663755439403885, 0.20172185302840845, 0.0]}, 'small_block': {'pos': [0.6140097595303955, -0.3535133918987863, 0.1097032402875184], 'size': [0.04461973939918376, 0.0849493067344041, 0.09534921802665242]}}"
6.6500000000005555,0.6319971338912027,0.0,0.4,0.6287350795378477,-2.3847290021288447e-08,0.3999910652426642,"{'table_obstacle': {'pos': [0.3825981920028062, 0.37518922255766707, 0.1646257963690813], 'size': [0.049837904948193595, 0.0813235869879147, 0.05243307039854257]}, 'pillar_obstacle': {'pos': [0.39994824830915515, -0.3824307480766307, 0.23470116647765446], 'size': [0.033663755439403885, 0.20172185302840845, 0.0]}, 'small_block': {'pos': [0.6140097595303955, -0.3535133918987863, 0.1097032402875184], 'size': [0.04461973939918376, 0.0849493067344041, 0.09534921802665242]}}"
6.651000000000556,0.6319971338912027,0.0,0.4,0.628781218982749,-4.212476057398213e-08,0.3999911589450389,"{'table_obstacle': {'pos': [0.3825981920028062, 0.37518922255766707, 0.1646257963690813], 'size': [0.049837904948193595, 0.0813235869879147, 0.05243307039854257]}, 'pillar_obstacle': {'pos': [0.39994824830915515, -0.3824307480766307, 0.23470116647765446], 'size': [0.033663755439403885, 0.20172185302840845, 0.0]}, 'small_block': {'pos': [0.6140097595303955, -0.3535133918987863, 0.1097032402875184], 'size': [0.04461973939918376, 0.0849493067344041, 0.09534921802665242]}}"
6.652000000000556,0.6319971338912027,0.0,0.4,0.6288267078889632,-5.992560618501626e-08,0.3999912524416536,"{'table_obstacle': {'pos': [0.3825981920028062, 0.37518922255766707, 0.1646257963690813], 'size': [0.049837904948193595, 0.0813235869879147, 0.05243307039854257]}, 'pillar_obstacle': {'pos': [0.39994824830915515, -0.3824307480766307, 0.23470116647765446], 'size': [0.033663755439403885, 0.20172185302840845, 0.0]}, 'small_block': {'pos': [0.6140097595303955, -0.3535133918987863, 0.1097032402875184], 'size': [0.04461973939918376, 0.0849493067344041, 0.09534921802665242]}}"
6.6530000000005565,0.6319971338912027,0.0,0.4,0.628871555278461,-7.72542848630041e-08,0.3999913456851276,"{'table_obstacle': {'pos': [0.3825981920028062, 0.37518922255766707, 0.1646257963690813], 'size': [0.049837904948193595, 0.0813235869879147, 0.05243307039854257]}, 'pillar_obstacle': {'pos': [0.39994824830915515, -0.3824307480766307, 0.23470116647765446], 'size': [0.033663755439403885, 0.20172185302840845, 0.0]}, 'small_block': {'pos': [0.6140097595303955, -0.3535133918987863, 0.1097032402875184], 'size': [0.04461973939918376, 0.0849493067344041, 0.09534921802665242]}}"
6.654000000000557,0.6319971338912027,0.0,0.4,0.6289157700699861,-9.411606887093175e-08,0.39999143863319875,"{'table_obstacle': {'pos': [0.3825981920028062, 0.37518922255766707, 0.1646257963690813], 'size': [0.049837904948193595, 0.0813235869879147, 0.05243307039854257]}, 'pillar_obstacle': {'pos': [0.39994824830915515, -0.3824307480766307, 0.23470116647765446], 'size': [0.033663755439403885, 0.20172185302840845, 0.0]}, 'small_block': {'pos': [0.6140097595303955, -0.3535133918987863, 0.1097032402875184], 'size': [0.04461973939918376, 0.0849493067344041, 0.09534921802665242]}}"
6.655000000000557,0.6319971338912027,0.0,0.4,0.6289593610762628,-1.1051688385348923e-07,0.39999153124802816,"{'table_obstacle': {'pos': [0.3825981920028062, 0.37518922255766707, 0.1646257963690813], 'size': [0.049837904948193595, 0.0813235869879147, 0.05243307039854257]}, 'pillar_obstacle': {'pos': [0.39994824830915515, -0.3824307480766307, 0.23470116647765446], 'size': [0.033663755439403885, 0.20172185302840845, 0.0]}, 'small_block': {'pos': [0.6140097595303955, -0.3535133918987863, 0.1097032402875184], 'size': [0.04461973939918376, 0.0849493067344041, 0.09534921802665242]}}"
6.6560000000005575,0.6319971338912027,0.0,0.4,0.6290023370020259,-1.2646317283499505e-07,0.3999916234956085,"{'table_obstacle': {'pos': [0.3825981920028062, 0.37518922255766707, 0.1646257963690813], 'size': [0.049837904948193595, 0.0813235869879147, 0.05243307039854257]}, 'pillar_obstacle': {'pos': [0.39994824830915515, -0.3824307480766307, 0.23470116647765446], 'size': [0.033663755439403885, 0.20172185302840845, 0.0]}, 'small_block': {'pos': [0.6140097595303955, -0.3535133918987863, 0.1097032402875184], 'size': [0.04461973939918376, 0.0849493067344041, 0.09534921802665242]}}"
6.657000000000558,0.6319971338912027,0.0,0.4,0.6290447064427143,-1.4196178497832588e-07,0.3999917153452657,"{'table_obstacle': {'pos': [0.3825981920028062, 0.37518922255766707, 0.1646257963690813], 'size': [0.049837904948193595, 0.0813235869879147, 0.05243307039854257]}, 'pillar_obstacle': {'pos': [0.39994824830915515, -0.3824307480766307, 0.23470116647765446], 'size': [0.033663755439403885, 0.20172185302840845, 0.0]}, 'small_block': {'pos': [0.6140097595303955, -0.3535133918987863, 0.1097032402875184], 'size': [0.04461973939918376, 0.0849493067344041, 0.09534921802665242]}}"
6.658000000000558,0.6319971338912027,0.0,0.4,0.6290864778837053,-1.5701987996053022e-07,0.3999918067692365,"{'table_obstacle': {'pos': [0.3825981920028062, 0.37518922255766707, 0.1646257963690813], 'size': [0.049837904948193595, 0.0813235869879147, 0.05243307039854257]}, 'pillar_obstacle': {'pos': [0.39994824830915515, -0.3824307480766307, 0.23470116647765446], 'size': [0.033663755439403885, 0.20172185302840845, 0.0]}, 'small_block': {'pos': [0.6140097595303955, -0.3535133918987863, 0.1097032402875184], 'size': [0.04461973939918376, 0.0849493067344041, 0.09534921802665242]}}"
6.6590000000005585,0.6319971338912027,0.0,0.4,0.6291276596999784,-1.7164485125414696e-07,0.3999918977423128,"{'table_obstacle': {'pos': [0.3825981920028062, 0.37518922255766707, 0.1646257963690813], 'size': [0.049837904948193595, 0.0813235869879147, 0.05243307039854257]}, 'pillar_obstacle': {'pos': [0.39994824830915515, -0.3824307480766307, 0.23470116647765446], 'size': [0.033663755439403885, 0.20172185302840845, 0.0]}, 'small_block': {'pos': [0.6140097595303955, -0.3535133918987863, 0.1097032402875184], 'size': [0.04461973939918376, 0.0849493067344041, 0.09534921802665242]}}"
6.660000000000559,0.6319971338912027,0.0,0.4,0.6291682601561318,-1.8584426107542376e-07,0.3999919882415352,"{'table_obstacle': {'pos': [0.3825981920028062, 0.37518922255766707, 0.1646257963690813], 'size': [0.049837904948193595, 0.0813235869879147, 0.05243307039854257]}, 'pillar_obstacle': {'pos': [0.39994824830915515, -0.3824307480766307, 0.23470116647765446], 'size': [0.033663755439403885, 0.20172185302840845, 0.0]}, 'small_block': {'pos': [0.6140097595303955, -0.3535133918987863, 0.1097032402875184], 'size': [0.04461973939918376, 0.0849493067344041, 0.09534921802665242]}}"
6.661000000000559,0.6319971338912027,0.0,0.4,0.6292082874066781,-1.996257858868441e-07,0.3999920782459394,"{'table_obstacle': {'pos': [0.3825981920028062, 0.37518922255766707, 0.1646257963690813], 'size': [0.049837904948193595, 0.0813235869879147, 0.05243307039854257]}, 'pillar_obstacle': {'pos': [0.39994824830915515, -0.3824307480766307, 0.23470116647765446], 'size': [0.033663755439403885, 0.20172185302840845, 0.0]}, 'small_block': {'pos': [0.6140097595303955, -0.3535133918987863, 0.1097032402875184], 'size': [0.04461973939918376, 0.0849493067344041, 0.09534921802665242]}}"
6.6620000000005595,0.6319971338912027,0.0,0.4,0.6292477494965624,-2.1299717326440436e-07,0.3999921677363349,"{'table_obstacle': {'pos': [0.3825981920028062, 0.37518922255766707, 0.1646257963690813], 'size': [0.049837904948193595, 0.0813235869879147, 0.05243307039854257]}, 'pillar_obstacle': {'pos': [0.39994824830915515, -0.3824307480766307, 0.23470116647765446], 'size': [0.033663755439403885, 0.20172185302840845, 0.0]}, 'small_block': {'pos': [0.6140097595303955, -0.3535133918987863, 0.1097032402875184], 'size': [0.04461973939918376, 0.0849493067344041, 0.09534921802665242]}}"
6.66300000000056,0.6319971338912027,0.0,0.4,0.6292866543618637,-2.2596620437183372e-07,0.39999225669512045,"{'table_obstacle': {'pos': [0.3825981920028062, 0.37518922255766707, 0.1646257963690813], 'size': [0.049837904948193595, 0.0813235869879147, 0.05243307039854257]}, 'pillar_obstacle': {'pos': [0.39994824830915515, -0.3824307480766307, 0.23470116647765446], 'size': [0.033663755439403885, 0.20172185302840845, 0.0]}, 'small_block': {'pos': [0.6140097595303955, -0.3535133918987863, 0.1097032402875184], 'size': [0.04461973939918376, 0.0849493067344041, 0.09534921802665242]}}"
6.66400000000056,0.6319971338912027,0.0,0.4,0.629325009830634,-2.385406647118869e-07,0.39999234510612375,"{'table_obstacle': {'pos': [0.3825981920028062, 0.37518922255766707, 0.1646257963690813], 'size': [0.049837904948193595, 0.0813235869879147, 0.05243307039854257]}, 'pillar_obstacle': {'pos': [0.39994824830915515, -0.3824307480766307, 0.23470116647765446], 'size': [0.033663755439403885, 0.20172185302840845, 0.0]}, 'small_block': {'pos': [0.6140097595303955, -0.3535133918987863, 0.1097032402875184], 'size': [0.04461973939918376, 0.0849493067344041, 0.09534921802665242]}}"
6.6650000000005605,0.6319971338912027,0.0,0.4,0.6293628236238531,-2.5072831868560595e-07,0.3999924329544655,"{'table_obstacle': {'pos': [0.3825981920028062, 0.37518922255766707, 0.1646257963690813], 'size': [0.049837904948193595, 0.0813235869879147, 0.05243307039854257]}, 'pillar_obstacle': {'pos': [0.39994824830915515, -0.3824307480766307, 0.23470116647765446], 'size': [0.033663755439403885, 0.20172185302840845, 0.0]}, 'small_block': {'pos': [0.6140097595303955, -0.3535133918987863, 0.1097032402875184], 'size': [0.04461973939918376, 0.0849493067344041, 0.09534921802665242]}}"
6.666000000000561,0.6319971338912027,0.0,0.4,0.6294001033564663,-2.62536890107451e-07,0.39999252022644266,"{'table_obstacle': {'pos': [0.3825981920028062, 0.37518922255766707, 0.1646257963690813], 'size': [0.049837904948193595, 0.0813235869879147, 0.05243307039854257]}, 'pillar_obstacle': {'pos': [0.39994824830915515, -0.3824307480766307, 0.23470116647765446], 'size': [0.033663755439403885, 0.20172185302840845, 0.0]}, 'small_block': {'pos': [0.6140097595303955, -0.3535133918987863, 0.1097032402875184], 'size': [0.04461973939918376, 0.0849493067344041, 0.09534921802665242]}}"
6.667000000000561,0.6319971338912027,0.0,0.4,0.629436856538495,-2.739740451104644e-07,0.399992606909427,"{'table_obstacle': {'pos': [0.3825981920028062, 0.37518922255766707, 0.1646257963690813], 'size': [0.049837904948193595, 0.0813235869879147, 0.05243307039854257]}, 'pillar_obstacle': {'pos': [0.39994824830915515, -0.3824307480766307, 0.23470116647765446], 'size': [0.033663755439403885, 0.20172185302840845, 0.0]}, 'small_block': {'pos': [0.6140097595303955, -0.3535133918987863, 0.1097032402875184], 'size': [0.04461973939918376, 0.0849493067344041, 0.09534921802665242]}}"
6.6680000000005615,0.6319971338912027,0.0,0.4,0.6294730905761958,-2.8504737985115185e-07,0.399992692991778,"{'table_obstacle': {'pos': [0.3825981920028062, 0.37518922255766707, 0.1646257963690813], 'size': [0.049837904948193595, 0.0813235869879147, 0.05243307039854257]}, 'pillar_obstacle': {'pos': [0.39994824830915515, -0.3824307480766307, 0.23470116647765446], 'size': [0.033663755439403885, 0.20172185302840845, 0.0]}, 'small_block': {'pos': [0.6140097595303955, -0.3535133918987863, 0.1097032402875184], 'size': [0.04461973939918376, 0.0849493067344041, 0.09534921802665242]}}"
6.669000000000562,0.6319971338912027,0.0,0.4,0.6295088127732577,-2.957644096937879e-07,0.39999277846276643,"{'table_obstacle': {'pos': [0.3825981920028062, 0.37518922255766707, 0.1646257963690813], 'size': [0.049837904948193595, 0.0813235869879147, 0.05243307039854257]}, 'pillar_obstacle': {'pos': [0.39994824830915515, -0.3824307480766307, 0.23470116647765446], 'size': [0.033663755439403885, 0.20172185302840845, 0.0]}, 'small_block': {'pos': [0.6140097595303955, -0.3535133918987863, 0.1097032402875184], 'size': [0.04461973939918376, 0.0849493067344041, 0.09534921802665242]}}"
6.670000000000562,0.6319971338912027,0.0,0.4,0.6295440303320285,-3.06132559822012e-07,0.3999928633125083,"{'table_obstacle': {'pos': [0.3825981920028062, 0.37518922255766707, 0.1646257963690813], 'size': [0.049837904948193595, 0.0813235869879147, 0.05243307039854257]}, 'pillar_obstacle': {'pos': [0.39994824830915515, -0.3824307480766307, 0.23470116647765446], 'size': [0.033663755439403885, 0.20172185302840845, 0.0]}, 'small_block': {'pos': [0.6140097595303955, -0.3535133918987863, 0.1097032402875184], 'size': [0.04461973939918376, 0.0849493067344041, 0.09534921802665242]}}"
6.6710000000005625,0.6319971338912027,0.0,0.4,0.6295787503547617,-3.1615916039821525e-07,0.39999294753190745,"{'table_obstacle': {'pos': [0.3825981920028062, 0.37518922255766707, 0.1646257963690813], 'size': [0.049837904948193595, 0.0813235869879147, 0.05243307039854257]}, 'pillar_obstacle': {'pos': [0.39994824830915515, -0.3824307480766307, 0.23470116647765446], 'size': [0.033663755439403885, 0.20172185302840845, 0.0]}, 'small_block': {'pos': [0.6140097595303955, -0.3535133918987863, 0.1097032402875184], 'size': [0.04461973939918376, 0.0849493067344041, 0.09534921802665242]}}"
6.672000000000563,0.6319971338912027,0.0,0.4,0.6296129798448717,-3.2585143939078294e-07,0.3999930311126015,"{'table_obstacle': {'pos': [0.3825981920028062, 0.37518922255766707, 0.1646257963690813], 'size': [0.049837904948193595, 0.0813235869879147, 0.05243307039854257]}, 'pillar_obstacle': {'pos': [0.39994824830915515, -0.3824307480766307, 0.23470116647765446], 'size': [0.033663755439403885, 0.20172185302840845, 0.0]}, 'small_block': {'pos': [0.6140097595303955, -0.3535133918987863, 0.1097032402875184], 'size': [0.04461973939918376, 0.0849493067344041, 0.09534921802665242]}}"
6.673000000000563,0.6319971338912027,0.0,0.4,0.629646725708201,-3.3521652006025394e-07,0.3999931140469179,"{'table_obstacle': {'pos': [0.3825981920028062, 0.37518922255766707, 0.1646257963690813], 'size': [0.049837904948193595, 0.0813235869879147, 0.05243307039854257]}, 'pillar_obstacle': {'pos': [0.39994824830915515, -0.3824307480766307, 0.23470116647765446], 'size': [0.033663755439403885, 0.20172185302840845, 0.0]}, 'small_block': {'pos': [0.6140097595303955, -0.3535133918987863, 0.1097032402875184], 'size': [0.04461973939918376, 0.0849493067344041, 0.09534921802665242]}}"
6.6740000000005635,0.6319971338912027,0.0,0.4,0.629679994754284,-3.442614176402061e-07,0.3999931963278332,"{'table_obstacle': {'pos': [0.3825981920028062, 0.37518922255766707, 0.1646257963690813], 'size': [0.049837904948193595, 0.0813235869879147, 0.05243307039854257]}, 'pillar_obstacle': {'pos': [0.39994824830915515, -0.3824307480766307, 0.23470116647765446], 'size': [0.033663755439403885, 0.20172185302840845, 0.0]}, 'small_block': {'pos': [0.6140097595303955, -0.3535133918987863, 0.1097032402875184], 'size': [0.04461973939918376, 0.0849493067344041, 0.09534921802665242]}}"
6.675000000000564,0.6319971338912027,0.0,0.4,0.6297127936976141,-3.529930368078409e-07,0.39999327794893536,"{'table_obstacle': {'pos': [0.3825981920028062, 0.37518922255766707, 0.1646257963690813], 'size': [0.049837904948193595, 0.0813235869879147, 0.05243307039854257]}, 'pillar_obstacle': {'pos': [0.39994824830915515, -0.3824307480766307, 0.23470116647765446], 'size': [0.033663755439403885, 0.20172185302840845, 0.0]}, 'small_block': {'pos': [0.6140097595303955, -0.3535133918987863, 0.1097032402875184], 'size': [0.04461973939918376, 0.0849493067344041, 0.09534921802665242]}}"
6.676000000000564,0.6319971338912027,0.0,0.4,0.6297451291589052,-3.614181711804777e-07,0.39999335890439086,"{'table_obstacle': {'pos': [0.3825981920028062, 0.37518922255766707, 0.1646257963690813], 'size': [0.049837904948193595, 0.0813235869879147, 0.05243307039854257]}, 'pillar_obstacle': {'pos': [0.39994824830915515, -0.3824307480766307, 0.23470116647765446], 'size': [0.033663755439403885, 0.20172185302840845, 0.0]}, 'small_block': {'pos': [0.6140097595303955, -0.3535133918987863, 0.1097032402875184], 'size': [0.04461973939918376, 0.0849493067344041, 0.09534921802665242]}}"
6.6770000000005645,0.6319971338912027,0.0,0.4,0.6297770076663444,-3.6954350167063903e-07,0.39999343918891367,"{'table_obstacle': {'pos': [0.3825981920028062, 0.37518922255766707, 0.1646257963690813], 'size': [0.049837904948193595, 0.0813235869879147, 0.05243307039854257]}, 'pillar_obstacle': {'pos': [0.39994824830915515, -0.3824307480766307, 0.23470116647765446], 'size': [0.033663755439403885, 0.20172185302840845, 0.0]}, 'small_block': {'pos': [0.6140097595303955, -0.3535133918987863, 0.1097032402875184], 'size': [0.04461973939918376, 0.0849493067344041, 0.09534921802665242]}}"
6.678000000000565,0.6319971338912027,0.0,0.4,0.629808435656838,-3.773755969646479e-07,0.39999351879773953,"{'table_obstacle': {'pos': [0.3825981920028062, 0.37518922255766707, 0.1646257963690813], 'size': [0.049837904948193595, 0.0813235869879147, 0.05243307039854257]}, 'pillar_obstacle': {'pos': [0.39994824830915515, -0.3824307480766307, 0.23470116647765446], 'size': [0.033663755439403885, 0.20172185302840845, 0.0]}, 'small_block': {'pos': [0.6140097595303955, -0.3535133918987863, 0.1097032402875184], 'size': [0.04461973939918376, 0.0849493067344041, 0.09534921802665242]}}"
6.679000000000565,0.6319971338912027,0.0,0.4,0.629839419477248,-3.849209127494174e-07,0.399993597726598,"{'table_obstacle': {'pos': [0.3825981920028062, 0.37518922255766707, 0.1646257963690813], 'size': [0.049837904948193595, 0.0813235869879147, 0.05243307039854257]}, 'pillar_obstacle': {'pos': [0.39994824830915515, -0.3824307480766307, 0.23470116647765446], 'size': [0.033663755439403885, 0.20172185302840845, 0.0]}, 'small_block': {'pos': [0.6140097595303955, -0.3535133918987863, 0.1097032402875184], 'size': [0.04461973939918376, 0.0849493067344041, 0.09534921802665242]}}"
6.6800000000005655,0.6319971338912027,0.0,0.4,0.6298699653856157,-3.921857927525736e-07,0.399993675971691,"{'table_obstacle': {'pos': [0.3825981920028062, 0.37518922255766707, 0.1646257963690813], 'size': [0.049837904948193595, 0.0813235869879147, 0.05243307039854257]}, 'pillar_obstacle': {'pos': [0.39994824830915515, -0.3824307480766307, 0.23470116647765446], 'size': [0.033663755439403885, 0.20172185302840845, 0.0]}, 'small_block': {'pos': [0.6140097595303955, -0.3535133918987863, 0.1097032402875184], 'size': [0.04461973939918376, 0.0849493067344041, 0.09534921802665242]}}"
6.681000000000566,0.6319971338912027,0.0,0.4,0.6299000795523745,-3.991764686467199e-07,0.3999937535296694,"{'table_obstacle': {'pos': [0.3825981920028062, 0.37518922255766707, 0.1646257963690813], 'size': [0.049837904948193595, 0.0813235869879147, 0.05243307039854257]}, 'pillar_obstacle': {'pos': [0.39994824830915515, -0.3824307480766307, 0.23470116647765446], 'size': [0.033663755439403885, 0.20172185302840845, 0.0]}, 'small_block': {'pos': [0.6140097595303955, -0.3535133918987863, 0.1097032402875184], 'size': [0.04461973939918376, 0.0849493067344041, 0.09534921802665242]}}"
6.682000000000566,0.6319971338912027,0.0,0.4,0.6299297680615502,-4.0589906156840827e-07,0.39999383039761305,"{'table_obstacle': {'pos': [0.3825981920028062, 0.37518922255766707, 0.1646257963690813], 'size': [0.049837904948193595, 0.0813235869879147, 0.05243307039854257]}, 'pillar_obstacle': {'pos': [0.39994824830915515, -0.3824307480766307, 0.23470116647765446], 'size': [0.033663755439403885, 0.20172185302840845, 0.0]}, 'small_block': {'pos': [0.6140097595303955, -0.3535133918987863, 0.1097032402875184], 'size': [0.04461973939918376, 0.0849493067344041, 0.09534921802665242]}}"
6.6830000000005665,0.6359969117167,0.0,0.4,0.629959036911945,-4.123595823017659e-07,0.3999939065730122,"{'table_obstacle': {'pos': [0.3825981920028062, 0.37518922255766707, 0.1646257963690813], 'size': [0.049837904948193595, 0.0813235869879147, 0.05243307039854257]}, 'pillar_obstacle': {'pos': [0.39994824830915515, -0.3824307480766307, 0.23470116647765446], 'size': [0.033663755439403885, 0.20172185302840845, 0.0]}, 'small_block': {'pos': [0.6140097595303955, -0.3535133918987863, 0.1097032402875184], 'size': [0.04461973939918376, 0.0849493067344041, 0.09534921802665242]}}"
6.684000000000567,0.6359969117167,0.0,0.4,0.6299983721878357,-3.620443282215814e-07,0.39999369807244306,"{'table_obstacle': {'pos': [0.3825981920028062, 0.37518922255766707, 0.1646257963690813], 'size': [0.049837904948193595, 0.0813235869879147, 0.05243307039854257]}, 'pillar_obstacle': {'pos': [0.39994824830915515, -0.3824307480766307, 0.23470116647765446], 'size': [0.033663755439403885, 0.20172185302840845, 0.0]}, 'small_block': {'pos': [0.6140097595303955, -0.3535133918987863, 0.1097032402875184], 'size': [0.04461973939918376, 0.0849493067344041, 0.09534921802665242]}}"
6.685000000000567,0.6359969117167,0.0,0.4,0.6300456839369981,-2.7777813982563797e-07,0.39999331363391233,"{'table_obstacle': {'pos': [0.3825981920028062, 0.37518922255766707, 0.1646257963690813], 'size': [0.049837904948193595, 0.0813235869879147, 0.05243307039854257]}, 'pillar_obstacle': {'pos': [0.39994824830915515, -0.3824307480766307, 0.23470116647765446], 'size': [0.033663755439403885, 0.20172185302840845, 0.0]}, 'small_block': {'pos': [0.6140097595303955, -0.3535133918987863, 0.1097032402875184], 'size': [0.04461973939918376, 0.0849493067344041, 0.09534921802665242]}}"
6.6860000000005675,0.6359969117167,0.0,0.4,0.6300992727643173,-1.7576071120295652e-07,0.39999283074532777,"{'table_obstacle': {'pos': [0.3825981920028062, 0.37518922255766707, 0.1646257963690813], 'size': [0.049837904948193595, 0.0813235869879147, 0.05243307039854257]}, 'pillar_obstacle': {'pos': [0.39994824830915515, -0.3824307480766307, 0.23470116647765446], 'size': [0.033663755439403885, 0.20172185302840845, 0.0]}, 'small_block': {'pos': [0.6140097595303955, -0.3535133918987863, 0.1097032402875184], 'size': [0.04461973939918376, 0.0849493067344041, 0.09534921802665242]}}"
6.687000000000568,0.6359969117167,0.0,0.4,0.6301577578401635,-6.725634027343853e-08,0.39999230370941846,"{'table_obstacle': {'pos': [0.3825981920028062, 0.37518922255766707, 0.1646257963690813], 'size': [0.049837904948193595, 0.0813235869879147, 0.05243307039854257]}, 'pillar_obstacle': {'pos': [0.39994824830915515, -0.3824307480766307, 0.23470116647765446], 'size': [0.033663755439403885, 0.20172185302840845, 0.0]}, 'small_block': {'pos': [0.6140097595303955, -0.3535133918987863, 0.1097032402875184], 'size': [0.04461973939918376, 0.0849493067344041, 0.09534921802665242]}}"
6.688000000000568,0.6359969117167,0.0,0.4,0.6302200179999328,4.011952199042785e-08,0.39999176972674316,"{'table_obstacle': {'pos': [0.3825981920028062, 0.37518922255766707, 0.1646257963690813], 'size': [0.049837904948193595, 0.0813235869879147, 0.05243307039854257]}, 'pillar_obstacle': {'pos': [0.39994824830915515, -0.3824307480766307, 0.23470116647765446], 'size': [0.033663755439403885, 0.20172185302840845, 0.0]}, 'small_block': {'pos': [0.6140097595303955, -0.3535133918987863, 0.1097032402875184], 'size': [0.04461973939918376, 0.0849493067344041, 0.09534921802665242]}}"
6.6890000000005685,0.6359969117167,0.0,0.4,0.6302851436156113,1.4142419498696946e-07,0.39999125347518566,"{'table_obstacle': {'pos': [0.3825981920028062, 0.37518922255766707, 0.1646257963690813], 'size': [0.049837904948193595, 0.0813235869879147, 0.05243307039854257]}, 'pillar_obstacle': {'pos': [0.39994824830915515, -0.3824307480766307, 0.23470116647765446], 'size': [0.033663755439403885, 0.20172185302840845, 0.0]}, 'small_block': {'pos': [0.6140097595303955, -0.3535133918987863, 0.1097032402875184], 'size': [0.04461973939918376, 0.0849493067344041, 0.09534921802665242]}}"
6.690000000000569,0.6359969117167,0.0,0.4,0.6303523973093257,2.3365040322710423e-07,0.39999077054832377,"{'table_obstacle': {'pos': [0.3825981920028062, 0.37518922255766707, 0.1646257963690813], 'size': [0.049837904948193595, 0.0813235869879147, 0.05243307039854257]}, 'pillar_obstacle': {'pos': [0.39994824830915515, -0.3824307480766307, 0.23470116647765446], 'size': [0.033663755439403885, 0.20172185302840845, 0.0]}, 'small_block': {'pos': [0.6140097595303955, -0.3535133918987863, 0.1097032402875184], 'size': [0.04461973939918376, 0.0849493067344041, 0.09534921802665242]}}"
6.691000000000569,0.6359969117167,0.0,0.4,0.6304211819104907,3.151720745253165e-07,0.3999903300278637,"{'table_obstacle': {'pos': [0.3825981920028062, 0.37518922255766707, 0.1646257963690813], 'size': [0.049837904948193595, 0.0813235869879147, 0.05243307039854257]}, 'pillar_obstacle': {'pos': [0.39994824830915515, -0.3824307480766307, 0.23470116647765446], 'size': [0.033663755439403885, 0.20172185302840845, 0.0]}, 'small_block': {'pos': [0.6140097595303955, -0.3535133918987863, 0.1097032402875184], 'size': [0.04461973939918376, 0.0849493067344041, 0.09534921802665242]}}"
6.6920000000005695,0.6359969117167,0.0,0.4,0.6304910143379053,3.853303305499715e-07,0.39998993639949026,"{'table_obstacle': {'pos': [0.3825981920028062, 0.37518922255766707, 0.1646257963690813], 'size': [0.049837904948193595, 0.0813235869879147, 0.05243307039854257]}, 'pillar_obstacle': {'pos': [0.39994824830915515, -0.3824307480766307, 0.23470116647765446], 'size': [0.033663755439403885, 0.20172185302840845, 0.0]}, 'small_block': {'pos': [0.6140097595303955, -0.3535133918987863, 0.1097032402875184], 'size': [0.04461973939918376, 0.0849493067344041, 0.09534921802665242]}}"
6.69300000000057,0.6359969117167,0.0,0.4,0.6305615043221864,4.441264470064034e-07,0.39998959097159087,"{'table_obstacle': {'pos': [0.3825981920028062, 0.37518922255766707, 0.1646257963690813], 'size': [0.049837904948193595, 0.0813235869879147, 0.05243307039854257]}, 'pillar_obstacle': {'pos': [0.39994824830915515, -0.3824307480766307, 0.23470116647765446], 'size': [0.033663755439403885, 0.20172185302840845, 0.0]}, 'small_block': {'pos': [0.6140097595303955, -0.3535133918987863, 0.1097032402875184], 'size': [0.04461973939918376, 0.0849493067344041, 0.09534921802665242]}}"
6.69400000000057,0.6359969117167,0.0,0.4,0.6306323370785815,4.919961504008031e-07,0.39998929291838575,"{'table_obstacle': {'pos': [0.3825981920028062, 0.37518922255766707, 0.1646257963690813], 'size': [0.049837904948193595, 0.0813235869879147, 0.05243307039854257]}, 'pillar_obstacle': {'pos': [0.39994824830915515, -0.3824307480766307, 0.23470116647765446], 'size': [0.033663755439403885, 0.20172185302840845, 0.0]}, 'small_block': {'pos': [0.6140097595303955, -0.3535133918987863, 0.1097032402875184], 'size': [0.04461973939918376, 0.0849493067344041, 0.09534921802665242]}}"
6.6950000000005705,0.6359969117167,0.0,0.4,0.6307032592012808,5.296454889223861e-07,0.39998904004008606,"{'table_obstacle': {'pos': [0.3825981920028062, 0.37518922255766707, 0.1646257963690813], 'size': [0.049837904948193595, 0.0813235869879147, 0.05243307039854257]}, 'pillar_obstacle': {'pos': [0.39994824830915515, -0.3824307480766307, 0.23470116647765446], 'size': [0.033663755439403885, 0.20172185302840845, 0.0]}, 'small_block': {'pos': [0.6140097595303955, -0.3535133918987863, 0.1097032402875184], 'size': [0.04461973939918376, 0.0849493067344041, 0.09534921802665242]}}"
6.696000000000571,0.6359969117167,0.0,0.4,0.6307740671831976,5.579330916259814e-07,0.39998882931063867,"{'table_obstacle': {'pos': [0.3825981920028062, 0.37518922255766707, 0.1646257963690813], 'size': [0.049837904948193595, 0.0813235869879147, 0.05243307039854257]}, 'pillar_obstacle': {'pos': [0.39994824830915515, -0.3824307480766307, 0.23470116647765446], 'size': [0.033663755439403885, 0.20172185302840845, 0.0]}, 'small_block': {'pos': [0.6140097595303955, -0.3535133918987863, 0.1097032402875184], 'size': [0.04461973939918376, 0.0849493067344041, 0.09534921802665242]}}"
6.697000000000571,0.6359969117167,0.0,0.4,0.6308445980743875,5.777871652472853e-07,0.3999886572667411,"{'table_obstacle': {'pos': [0.3825981920028062, 0.37518922255766707, 0.1646257963690813], 'size': [0.049837904948193595, 0.0813235869879147, 0.05243307039854257]}, 'pillar_obstacle': {'pos': [0.39994824830915515, -0.3824307480766307, 0.23470116647765446], 'size': [0.033663755439403885, 0.20172185302840845, 0.0]}, 'small_block': {'pos': [0.6140097595303955, -0.3535133918987863, 0.1097032402875184], 'size': [0.04461973939918376, 0.0849493067344041, 0.09534921802665242]}}"
6.6980000000005715,0.6359969117167,0.0,0.4,0.6309147218818784,5.901483295163827e-07,0.39998852027890897,"{'table_obstacle': {'pos': [0.3825981920028062, 0.37518922255766707, 0.1646257963690813], 'size': [0.049837904948193595, 0.0813235869879147, 0.05243307039854257]}, 'pillar_obstacle': {'pos': [0.39994824830915515, -0.3824307480766307, 0.23470116647765446], 'size': [0.033663755439403885, 0.20172185302840845, 0.0]}, 'small_block': {'pos': [0.6140097595303955, -0.3535133918987863, 0.1097032402875184], 'size': [0.04461973939918376, 0.0849493067344041, 0.09534921802665242]}}"
6.699000000000572,0.6359969117167,0.0,0.4,0.6309843353870148,5.959315029311352e-07,0.39998841473550073,"{'table_obstacle': {'pos': [0.3825981920028062, 0.37518922255766707, 0.1646257963690813], 'size': [0.049837904948193595, 0.0813235869879147, 0.05243307039854257]}, 'pillar_obstacle': {'pos': [0.39994824830915515, -0.3824307480766307, 0.23470116647765446], 'size': [0.033663755439403885, 0.20172185302840845, 0.0]}, 'small_block': {'pos': [0.6140097595303955, -0.3535133918987863, 0.1097032402875184], 'size': [0.04461973939918376, 0.0849493067344041, 0.09534921802665242]}}"
6.700000000000572,0.6359969117167,0.0,0.4,0.6310533571163945,5.960016981982897e-07,0.3999883371630544,"{'table_obstacle': {'pos': [0.3825981920028062, 0.37518922255766707, 0.1646257963690813], 'size': [0.049837904948193595, 0.0813235869879147, 0.05243307039854257]}, 'pillar_obstacle': {'pos': [0.39994824830915515, -0.3824307480766307, 0.23470116647765446], 'size': [0.033663755439403885, 0.20172185302840845, 0.0]}, 'small_block': {'pos': [0.6140097595303955, -0.3535133918987863, 0.1097032402875184], 'size': [0.04461973939918376, 0.0849493067344041, 0.09534921802665242]}}"
6.7010000000005725,0.6359969117167,0.0,0.4,0.631121723251442,5.911598448123131e-07,0.3999882843005136,"{'table_obstacle': {'pos': [0.3825981920028062, 0.37518922255766707, 0.1646257963690813], 'size': [0.049837904948193595, 0.0813235869879147, 0.05243307039854257]}, 'pillar_obstacle': {'pos': [0.39994824830915515, -0.3824307480766307, 0.23470116647765446], 'size': [0.033663755439403885, 0.20172185302840845, 0.0]}, 'small_block': {'pos': [0.6140097595303955, -0.3535133918987863, 0.1097032402875184], 'size': [0.04461973939918376, 0.0849493067344041, 0.09534921802665242]}}"
6.702000000000573,0.6359969117167,0.0,0.4,0.6311893843016093,5.821357198779613e-07,0.3999882531405263,"{'table_obstacle': {'pos': [0.3825981920028062, 0.37518922255766707, 0.1646257963690813], 'size': [0.049837904948193595, 0.0813235869879147, 0.05243307039854257]}, 'pillar_obstacle': {'pos': [0.39994824830915515, -0.3824307480766307, 0.23470116647765446], 'size': [0.033663755439403885, 0.20172185302840845, 0.0]}, 'small_block': {'pos': [0.6140097595303955, -0.3535133918987863, 0.1097032402875184], 'size': [0.04461973939918376, 0.0849493067344041, 0.09534921802665242]}}"
6.703000000000573,0.6359969117167,0.0,0.4,0.6312563023987637,5.695858195261183e-07,0.39998824094763086,"{'table_obstacle': {'pos': [0.3825981920028062, 0.37518922255766707, 0.1646257963690813], 'size': [0.049837904948193595, 0.0813235869879147, 0.05243307039854257]}, 'pillar_obstacle': {'pos': [0.39994824830915515, -0.3824307480766307, 0.23470116647765446], 'size': [0.033663755439403885, 0.20172185302840845, 0.0]}, 'small_block': {'pos': [0.6140097595303955, -0.3535133918987863, 0.1097032402875184], 'size': [0.04461973939918376, 0.0849493067344041, 0.09534921802665242]}}"
6.7040000000005735,0.6359969117167,0.0,0.4,0.6313224490968535,5.540945583114547e-07,0.3999882452606086,"{'table_obstacle': {'pos': [0.3825981920028062, 0.37518922255766707, 0.1646257963690813], 'size': [0.049837904948193595, 0.0813235869879147, 0.05243307039854257]}, 'pillar_obstacle': {'pos': [0.39994824830915515, -0.3824307480766307, 0.23470116647765446], 'size': [0.033663755439403885, 0.20172185302840845, 0.0]}, 'small_block': {'pos': [0.6140097595303955, -0.3535133918987863, 0.1097032402875184], 'size': [0.04461973939918376, 0.0849493067344041, 0.09534921802665242]}}"
6.705000000000574,0.6359969117167,0.0,0.4,0.6313878035825514,5.361776214331274e-07,0.3999882638843377,"{'table_obstacle': {'pos': [0.3825981920028062, 0.37518922255766707, 0.1646257963690813], 'size': [0.049837904948193595, 0.0813235869879147, 0.05243307039854257]}, 'pillar_obstacle': {'pos': [0.39994824830915515, -0.3824307480766307, 0.23470116647765446], 'size': [0.033663755439403885, 0.20172185302840845, 0.0]}, 'small_block': {'pos': [0.6140097595303955, -0.3535133918987863, 0.1097032402875184], 'size': [0.04461973939918376, 0.0849493067344041, 0.09534921802665242]}}"
6.706000000000574,0.6359969117167,0.0,0.4,0.6314523512201641,5.162866200031946e-07,0.3999882948750341,"{'table_obstacle': {'pos': [0.3825981920028062, 0.37518922255766707, 0.1646257963690813], 'size': [0.049837904948193595, 0.0813235869879147, 0.05243307039854257]}, 'pillar_obstacle': {'pos': [0.39994824830915515, -0.3824307480766307, 0.23470116647765446], 'size': [0.033663755439403885, 0.20172185302840845, 0.0]}, 'small_block': {'pos': [0.6140097595303955, -0.3535133918987863, 0.1097032402875184], 'size': [0.04461973939918376, 0.0849493067344041, 0.09534921802665242]}}"
6.7070000000005745,0.6359969117167,0.0,0.4,0.6315160823684121,4.948144339704264e-07,0.3999883365216686,"{'table_obstacle': {'pos': [0.3825981920028062, 0.37518922255766707, 0.1646257963690813], 'size': [0.049837904948193595, 0.0813235869879147, 0.05243307039854257]}, 'pillar_obstacle': {'pos': [0.39994824830915515, -0.3824307480766307, 0.23470116647765446], 'size': [0.033663755439403885, 0.20172185302840845, 0.0]}, 'small_block': {'pos': [0.6140097595303955, -0.3535133918987863, 0.1097032402875184], 'size': [0.04461973939918376, 0.0849493067344041, 0.09534921802665242]}}"
6.708000000000575,0.6359969117167,0.0,0.4,0.6315789914183285,4.7210082563265963e-07,0.3999883873255258,"{'table_obstacle': {'pos': [0.3825981920028062, 0.37518922255766707, 0.1646257963690813], 'size': [0.049837904948193595, 0.0813235869879147, 0.05243307039854257]}, 'pillar_obstacle': {'pos': [0.39994824830915515, -0.3824307480766307, 0.23470116647765446], 'size': [0.033663755439403885, 0.20172185302840845, 0.0]}, 'small_block': {'pos': [0.6140097595303955, -0.3535133918987863, 0.1097032402875184], 'size': [0.04461973939918376, 0.0849493067344041, 0.09534921802665242]}}"
6.709000000000575,0.6359969117167,0.0,0.4,0.6316410760110046,4.484380277563373e-07,0.3999884459792675,"{'table_obstacle': {'pos': [0.3825981920028062, 0.37518922255766707, 0.1646257963690813], 'size': [0.049837904948193595, 0.0813235869879147, 0.05243307039854257]}, 'pillar_obstacle': {'pos': [0.39994824830915515, -0.3824307480766307, 0.23470116647765446], 'size': [0.033663755439403885, 0.20172185302840845, 0.0]}, 'small_block': {'pos': [0.6140097595303955, -0.3535133918987863, 0.1097032402875184], 'size': [0.04461973939918376, 0.0849493067344041, 0.09534921802665242]}}"
6.7100000000005755,0.6359969117167,0.0,0.4,0.6317023364016088,4.240761194561262e-07,0.3999885113464118,"{'table_obstacle': {'pos': [0.3825981920028062, 0.37518922255766707, 0.1646257963690813], 'size': [0.049837904948193595, 0.0813235869879147, 0.05243307039854257]}, 'pillar_obstacle': {'pos': [0.39994824830915515, -0.3824307480766307, 0.23470116647765446], 'size': [0.033663755439403885, 0.20172185302840845, 0.0]}, 'small_block': {'pos': [0.6140097595303955, -0.3535133918987863, 0.1097032402875184], 'size': [0.04461973939918376, 0.0849493067344041, 0.09534921802665242]}}"
6.711000000000576,0.6359969117167,0.0,0.4,0.6317627749423839,3.9922807039691296e-07,0.3999885824418153,"{'table_obstacle': {'pos': [0.3825981920028062, 0.37518922255766707, 0.1646257963690813], 'size': [0.049837904948193595, 0.0813235869879147, 0.05243307039854257]}, 'pillar_obstacle': {'pos': [0.39994824830915515, -0.3824307480766307, 0.23470116647765446], 'size': [0.033663755439403885, 0.20172185302840845, 0.0]}, 'small_block': {'pos': [0.6140097595303955, -0.3535133918987863, 0.1097032402875184], 'size': [0.04461973939918376, 0.0849493067344041, 0.09534921802665242]}}"
6.712000000000576,0.6359969117167,0.0,0.4,0.6318223956624156,3.740743883817911e-07,0.39998865841350634,"{'table_obstacle': {'pos': [0.3825981920028062, 0.37518922255766707, 0.1646257963690813], 'size': [0.049837904948193595, 0.0813235869879147, 0.05243307039854257]}, 'pillar_obstacle': {'pos': [0.39994824830915515, -0.3824307480766307, 0.23470116647765446], 'size': [0.033663755439403885, 0.20172185302840845, 0.0]}, 'small_block': {'pos': [0.6140097595303955, -0.3535133918987863, 0.1097032402875184], 'size': [0.04461973939918376, 0.0849493067344041, 0.09534921802665242]}}"
6.7130000000005765,0.6359969117167,0.0,0.4,0.6318812039261176,3.4876734025745826e-07,0.3999887385260515,"{'table_obstacle': {'pos': [0.3825981920028062, 0.37518922255766707, 0.1646257963690813], 'size': [0.049837904948193595, 0.0813235869879147, 0.05243307039854257]}, 'pillar_obstacle': {'pos': [0.39994824830915515, -0.3824307480766307, 0.23470116647765446], 'size': [0.033663755439403885, 0.20172185302840845, 0.0]}, 'small_block': {'pos': [0.6140097595303955, -0.3535133918987863, 0.1097032402875184], 'size': [0.04461973939918376, 0.0849493067344041, 0.09534921802665242]}}"
6.714000000000577,0.6359969117167,0.0,0.4,0.6319392061557425,3.234347412503938e-07,0.3999888221455206,"{'table_obstacle': {'pos': [0.3825981920028062, 0.37518922255766707, 0.1646257963690813], 'size': [0.049837904948193595, 0.0813235869879147, 0.05243307039854257]}, 'pillar_obstacle': {'pos': [0.39994824830915515, -0.3824307480766307, 0.23470116647765446], 'size': [0.033663755439403885, 0.20172185302840845, 0.0]}, 'small_block': {'pos': [0.6140097595303955, -0.3535133918987863, 0.1097032402875184], 'size': [0.04461973939918376, 0.0849493067344041, 0.09534921802665242]}}"
6.715000000000577,0.6359969117167,0.0,0.4,0.6319964096059804,2.9818332751019435e-07,0.399988908726039,"{'table_obstacle': {'pos': [0.3825981920028062, 0.37518922255766707, 0.1646257963690813], 'size': [0.049837904948193595, 0.0813235869879147, 0.05243307039854257]}, 'pillar_obstacle': {'pos': [0.39994824830915515, -0.3824307480766307, 0.23470116647765446], 'size': [0.033663755439403885, 0.20172185302840845, 0.0]}, 'small_block': {'pos': [0.6140097595303955, -0.3535133918987863, 0.1097032402875184], 'size': [0.04461973939918376, 0.0849493067344041, 0.09534921802665242]}}"
6.7160000000005775,0.6359969117167,0.0,0.4,0.6320528221809205,2.731017323022281e-07,0.39998899779785696,"{'table_obstacle': {'pos': [0.3825981920028062, 0.37518922255766707, 0.1646257963690813], 'size': [0.049837904948193595, 0.0813235869879147, 0.05243307039854257]}, 'pillar_obstacle': {'pos': [0.39994824830915515, -0.3824307480766307, 0.23470116647765446], 'size': [0.033663755439403885, 0.20172185302840845, 0.0]}, 'small_block': {'pos': [0.6140097595303955, -0.3535133918987863, 0.1097032402875184], 'size': [0.04461973939918376, 0.0849493067344041, 0.09534921802665242]}}"
6.717000000000578,0.6359969117167,0.0,0.4,0.632108452285484,2.482630957585682e-07,0.3999890889568424,"{'table_obstacle': {'pos': [0.3825981920028062, 0.37518922255766707, 0.1646257963690813], 'size': [0.049837904948193595, 0.0813235869879147, 0.05243307039854257]}, 'pillar_obstacle': {'pos': [0.39994824830915515, -0.3824307480766307, 0.23470116647765446], 'size': [0.033663755439403885, 0.20172185302840845, 0.0]}, 'small_block': {'pos': [0.6140097595303955, -0.3535133918987863, 0.1097032402875184], 'size': [0.04461973939918376, 0.0849493067344041, 0.09534921802665242]}}"
6.718000000000578,0.6359969117167,0.0,0.4,0.6321633087048882,2.237273428394061e-07,0.3999891818552829,"{'table_obstacle': {'pos': [0.3825981920028062, 0.37518922255766707, 0.1646257963690813], 'size': [0.049837904948193595, 0.0813235869879147, 0.05243307039854257]}, 'pillar_obstacle': {'pos': [0.39994824830915515, -0.3824307480766307, 0.23470116647765446], 'size': [0.033663755439403885, 0.20172185302840845, 0.0]}, 'small_block': {'pos': [0.6140097595303955, -0.3535133918987863, 0.1097032402875184], 'size': [0.04461973939918376, 0.0849493067344041, 0.09534921802665242]}}"
6.7190000000005785,0.6359969117167,0.0,0.4,0.6322174005069253,1.9954315779205798e-07,0.3999892761938735,"{'table_obstacle': {'pos': [0.3825981920028062, 0.37518922255766707, 0.1646257963690813], 'size': [0.049837904948193595, 0.0813235869879147, 0.05243307039854257]}, 'pillar_obstacle': {'pos': [0.39994824830915515, -0.3824307480766307, 0.23470116647765446], 'size': [0.033663755439403885, 0.20172185302840845, 0.0]}, 'small_block': {'pos': [0.6140097595303955, -0.3535133918987863, 0.1097032402875184], 'size': [0.04461973939918376, 0.0849493067344041, 0.09534921802665242]}}"
6.720000000000579,0.6359969117167,0.0,0.4,0.6322707369627907,1.7574969159655648e-07,0.39998937171476895,"{'table_obstacle': {'pos': [0.3825981920028062, 0.37518922255766707, 0.1646257963690813], 'size': [0.049837904948193595, 0.0813235869879147, 0.05243307039854257]}, 'pillar_obstacle': {'pos': [0.39994824830915515, -0.3824307480766307, 0.23470116647765446], 'size': [0.033663755439403885, 0.20172185302840845, 0.0]}, 'small_block': {'pos': [0.6140097595303955, -0.3535133918987863, 0.1097032402875184], 'size': [0.04461973939918376, 0.0849493067344041, 0.09534921802665242]}}"
6.721000000000579,0.6359969117167,0.0,0.4,0.6323233274830061,1.5237803220437677e-07,0.3999894681955815,"{'table_obstacle': {'pos': [0.3825981920028062, 0.37518922255766707, 0.1646257963690813], 'size': [0.049837904948193595, 0.0813235869879147, 0.05243307039854257]}, 'pillar_obstacle': {'pos': [0.39994824830915515, -0.3824307480766307, 0.23470116647765446], 'size': [0.033663755439403885, 0.20172185302840845, 0.0]}, 'small_block': {'pos': [0.6140097595303955, -0.3535133918987863, 0.1097032402875184], 'size': [0.04461973939918376, 0.0849493067344041, 0.09534921802665242]}}"
6.7220000000005795,0.6359969117167,0.0,0.4,0.6323751815656256,1.294524654702696e-07,0.39998956544421527,"{'table_obstacle': {'pos': [0.3825981920028062, 0.37518922255766707, 0.1646257963690813], 'size': [0.049837904948193595, 0.0813235869879147, 0.05243307039854257]}, 'pillar_obstacle': {'pos': [0.39994824830915515, -0.3824307480766307, 0.23470116647765446], 'size': [0.033663755439403885, 0.20172185302840845, 0.0]}, 'small_block': {'pos': [0.6140097595303955, -0.3535133918987863, 0.1097032402875184], 'size': [0.04461973939918376, 0.0849493067344041, 0.09534921802665242]}}"
6.72300000000058,0.6359969117167,0.0,0.4,0.6324263087544233,1.0699155403032119e-07,0.3999896632944293,"{'table_obstacle': {'pos': [0.3825981920028062, 0.37518922255766707, 0.1646257963690813], 'size': [0.049837904948193595, 0.0813235869879147, 0.05243307039854257]}, 'pillar_obstacle': {'pos': [0.39994824830915515, -0.3824307480766307, 0.23470116647765446], 'size': [0.033663755439403885, 0.20172185302840845, 0.0]}, 'small_block': {'pos': [0.6140097595303955, -0.3535133918987863, 0.1097032402875184], 'size': [0.04461973939918376, 0.0849493067344041, 0.09534921802665242]}}"
6.72400000000058,0.6359969117167,0.0,0.4,0.6324767186052113,8.500905753502705e-08,0.39998976160204147,"{'table_obstacle': {'pos': [0.3825981920028062, 0.37518922255766707, 0.1646257963690813], 'size': [0.049837904948193595, 0.0813235869879147, 0.05243307039854257]}, 'pillar_obstacle': {'pos': [0.39994824830915515, -0.3824307480766307, 0.23470116647765446], 'size': [0.033663755439403885, 0.20172185302840845, 0.0]}, 'small_block': {'pos': [0.6140097595303955, -0.3535133918987863, 0.1097032402875184], 'size': [0.04461973939918376, 0.0849493067344041, 0.09534921802665242]}}"
6.7250000000005805,0.6359969117167,0.0,0.4,0.6325264206587589,6.351471626307226e-08,0.39998986024168454,"{'table_obstacle': {'pos': [0.3825981920028062, 0.37518922255766707, 0.1646257963690813], 'size': [0.049837904948193595, 0.0813235869879147, 0.05243307039854257]}, 'pillar_obstacle': {'pos': [0.39994824830915515, -0.3824307480766307, 0.23470116647765446], 'size': [0.033663755439403885, 0.20172185302840845, 0.0]}, 'small_block': {'pos': [0.6140097595303955, -0.3535133918987863, 0.1097032402875184], 'size': [0.04461973939918376, 0.0849493067344041, 0.09534921802665242]}}"
6.726000000000581,0.6359969117167,0.0,0.4,0.632575424419094,4.251491581357979e-08,0.3999899591040403,"{'table_obstacle': {'pos': [0.3825981920028062, 0.37518922255766707, 0.1646257963690813], 'size': [0.049837904948193595, 0.0813235869879147, 0.05243307039854257]}, 'pillar_obstacle': {'pos': [0.39994824830915515, -0.3824307480766307, 0.23470116647765446], 'size': [0.033663755439403885, 0.20172185302840845, 0.0]}, 'small_block': {'pos': [0.6140097595303955, -0.3535133918987863, 0.1097032402875184], 'size': [0.04461973939918376, 0.0849493067344041, 0.09534921802665242]}}"
6.727000000000581,0.6359969117167,0.0,0.4,0.6326237393361661,2.2013249669602573e-08,0.3999900580934875,"{'table_obstacle': {'pos': [0.3825981920028062, 0.37518922255766707, 0.1646257963690813], 'size': [0.049837904948193595, 0.0813235869879147, 0.05243307039854257]}, 'pillar_obstacle': {'pos': [0.39994824830915515, -0.3824307480766307, 0.23470116647765446], 'size': [0.033663755439403885, 0.20172185302840845, 0.0]}, 'small_block': {'pos': [0.6140097595303955, -0.3535133918987863, 0.1097032402875184], 'size': [0.04461973939918376, 0.0849493067344041, 0.09534921802665242]}}"
6.7280000000005815,0.6359969117167,0.0,0.4,0.6326713747920658,2.010997397926096e-09,0.3999901571261008,"{'table_obstacle': {'pos': [0.3825981920028062, 0.37518922255766707, 0.1646257963690813], 'size': [0.049837904948193595, 0.0813235869879147, 0.05243307039854257]}, 'pillar_obstacle': {'pos': [0.39994824830915515, -0.3824307480766307, 0.23470116647765446], 'size': [0.033663755439403885, 0.20172185302840845, 0.0]}, 'small_block': {'pos': [0.6140097595303955, -0.3535133918987863, 0.1097032402875184], 'size': [0.04461973939918376, 0.0849493067344041, 0.09534921802665242]}}"
6.729000000000582,0.6359969117167,0.0,0.4,0.6327183400901332,-1.749247513086436e-08,0.3999902561279559,"{'table_obstacle': {'pos': [0.3825981920028062, 0.37518922255766707, 0.1646257963690813], 'size': [0.049837904948193595, 0.0813235869879147, 0.05243307039854257]}, 'pillar_obstacle': {'pos': [0.39994824830915515, -0.3824307480766307, 0.23470116647765446], 'size': [0.033663755439403885, 0.20172185302840845, 0.0]}, 'small_block': {'pos': [0.6140097595303955, -0.3535133918987863, 0.1097032402875184], 'size': [0.04461973939918376, 0.0849493067344041, 0.09534921802665242]}}"
6.730000000000582,0.6359969117167,0.0,0.4,0.6327646444464099,-3.649937545399409e-08,0.39999035503368874,"{'table_obstacle': {'pos': [0.3825981920028062, 0.37518922255766707, 0.1646257963690813], 'size': [0.049837904948193595, 0.0813235869879147, 0.05243307039854257]}, 'pillar_obstacle': {'pos': [0.39994824830915515, -0.3824307480766307, 0.23470116647765446], 'size': [0.033663755439403885, 0.20172185302840845, 0.0]}, 'small_block': {'pos': [0.6140097595303955, -0.3535133918987863, 0.1097032402875184], 'size': [0.04461973939918376, 0.0849493067344041, 0.09534921802665242]}}"
6.7310000000005825,0.6359969117167,0.0,0.4,0.6328102969829965,-5.5013201315979764e-08,0.399990453785279,"{'table_obstacle': {'pos': [0.3825981920028062, 0.37518922255766707, 0.1646257963690813], 'size': [0.049837904948193595, 0.0813235869879147, 0.05243307039854257]}, 'pillar_obstacle': {'pos': [0.39994824830915515, -0.3824307480766307, 0.23470116647765446], 'size': [0.033663755439403885, 0.20172185302840845, 0.0]}, 'small_block': {'pos': [0.6140097595303955, -0.3535133918987863, 0.1097032402875184], 'size': [0.04461973939918376, 0.0849493067344041, 0.09534921802665242]}}"
6.732000000000583,0.6359969117167,0.0,0.4,0.6328553067229621,-7.303849945887373e-08,0.3999905523310192,"{'table_obstacle': {'pos': [0.3825981920028062, 0.37518922255766707, 0.1646257963690813], 'size': [0.049837904948193595, 0.0813235869879147, 0.05243307039854257]}, 'pillar_obstacle': {'pos': [0.39994824830915515, -0.3824307480766307, 0.23470116647765446], 'size': [0.033663755439403885, 0.20172185302840845, 0.0]}, 'small_block': {'pos': [0.6140097595303955, -0.3535133918987863, 0.1097032402875184], 'size': [0.04461973939918376, 0.0849493067344041, 0.09534921802665242]}}"
6.733000000000583,0.6359969117167,0.0,0.4,0.6328996825865049,-9.058066658958519e-08,0.39999065062464045,"{'table_obstacle': {'pos': [0.3825981920028062, 0.37518922255766707, 0.1646257963690813], 'size': [0.049837904948193595, 0.0813235869879147, 0.05243307039854257]}, 'pillar_obstacle': {'pos': [0.39994824830915515, -0.3824307480766307, 0.23470116647765446], 'size': [0.033663755439403885, 0.20172185302840845, 0.0]}, 'small_block': {'pos': [0.6140097595303955, -0.3535133918987863, 0.1097032402875184], 'size': [0.04461973939918376, 0.0849493067344041, 0.09534921802665242]}}"
6.7340000000005835,0.6359969117167,0.0,0.4,0.6329434333881326,-1.0764578039954341e-07,0.3999907486245769,"{'table_obstacle': {'pos': [0.3825981920028062, 0.37518922255766707, 0.1646257963690813], 'size': [0.049837904948193595, 0.0813235869879147, 0.05243307039854257]}, 'pillar_obstacle': {'pos': [0.39994824830915515, -0.3824307480766307, 0.23470116647765446], 'size': [0.033663755439403885, 0.20172185302840845, 0.0]}, 'small_block': {'pos': [0.6140097595303955, -0.3535133918987863, 0.1097032402875184], 'size': [0.04461973939918376, 0.0849493067344041, 0.09534921802665242]}}"
6.735000000000584,0.6359969117167,0.0,0.4,0.6329865678346691,-1.2424046001425025e-07,0.399990846293341,"{'table_obstacle': {'pos': [0.3825981920028062, 0.37518922255766707, 0.1646257963690813], 'size': [0.049837904948193595, 0.0813235869879147, 0.05243307039854257]}, 'pillar_obstacle': {'pos': [0.39994824830915515, -0.3824307480766307, 0.23470116647765446], 'size': [0.033663755439403885, 0.20172185302840845, 0.0]}, 'small_block': {'pos': [0.6140097595303955, -0.3535133918987863, 0.1097032402875184], 'size': [0.04461973939918376, 0.0849493067344041, 0.09534921802665242]}}"
6.736000000000584,0.6359969117167,0.0,0.4,0.6330290945239272,-1.4037174741242052e-07,0.3999909435969948,"{'table_obstacle': {'pos': [0.3825981920028062, 0.37518922255766707, 0.1646257963690813], 'size': [0.049837904948193595, 0.0813235869879147, 0.05243307039854257]}, 'pillar_obstacle': {'pos': [0.39994824830915515, -0.3824307480766307, 0.23470116647765446], 'size': [0.033663755439403885, 0.20172185302840845, 0.0]}, 'small_block': {'pos': [0.6140097595303955, -0.3535133918987863, 0.1097032402875184], 'size': [0.04461973939918376, 0.0849493067344041, 0.09534921802665242]}}"
6.7370000000005845,0.6359969117167,0.0,0.4,0.633071021943923,-1.5604701221057073e-07,0.3999910405047052,"{'table_obstacle': {'pos': [0.3825981920028062, 0.37518922255766707, 0.1646257963690813], 'size': [0.049837904948193595, 0.0813235869879147, 0.05243307039854257]}, 'pillar_obstacle': {'pos': [0.39994824830915515, -0.3824307480766307, 0.23470116647765446], 'size': [0.033663755439403885, 0.20172185302840845, 0.0]}, 'small_block': {'pos': [0.6140097595303955, -0.3535133918987863, 0.1097032402875184], 'size': [0.04461973939918376, 0.0849493067344041, 0.09534921802665242]}}"
6.738000000000585,0.6359969117167,0.0,0.4,0.6331123584725233,-1.7127386767682805e-07,0.39999113698836325,"{'table_obstacle': {'pos': [0.3825981920028062, 0.37518922255766707, 0.1646257963690813], 'size': [0.049837904948193595, 0.0813235869879147, 0.05243307039854257]}, 'pillar_obstacle': {'pos': [0.39994824830915515, -0.3824307480766307, 0.23470116647765446], 'size': [0.033663755439403885, 0.20172185302840845, 0.0]}, 'small_block': {'pos': [0.6140097595303955, -0.3535133918987863, 0.1097032402875184], 'size': [0.04461973939918376, 0.0849493067344041, 0.09534921802665242]}}"
6.739000000000585,0.6359969117167,0.0,0.4,0.633153112377448,-1.860601057019566e-07,0.3999912330222653,"{'table_obstacle': {'pos': [0.3825981920028062, 0.37518922255766707, 0.1646257963690813], 'size': [0.049837904948193595, 0.0813235869879147, 0.05243307039854257]}, 'pillar_obstacle': {'pos': [0.39994824830915515, -0.3824307480766307, 0.23470116647765446], 'size': [0.033663755439403885, 0.20172185302840845, 0.0]}, 'small_block': {'pos': [0.6140097595303955, -0.3535133918987863, 0.1097032402875184], 'size': [0.04461973939918376, 0.0849493067344041, 0.09534921802665242]}}"
6.7400000000005855,0.6359969117167,0.0,0.4,0.6331932918165487,-2.004136390213124e-07,0.3999913285828399,"{'table_obstacle': {'pos': [0.3825981920028062, 0.37518922255766707, 0.1646257963690813], 'size': [0.049837904948193595, 0.0813235869879147, 0.05243307039854257]}, 'pillar_obstacle': {'pos': [0.39994824830915515, -0.3824307480766307, 0.23470116647765446], 'size': [0.033663755439403885, 0.20172185302840845, 0.0]}, 'small_block': {'pos': [0.6140097595303955, -0.3535133918987863, 0.1097032402875184], 'size': [0.04461973939918376, 0.0849493067344041, 0.09534921802665242]}}"
6.741000000000586,0.6359969117167,0.0,0.4,0.6332329048383187,-2.1434245673392685e-07,0.39999142364841633,"{'table_obstacle': {'pos': [0.3825981920028062, 0.37518922255766707, 0.1646257963690813], 'size': [0.049837904948193595, 0.0813235869879147, 0.05243307039854257]}, 'pillar_obstacle': {'pos': [0.39994824830915515, -0.3824307480766307, 0.23470116647765446], 'size': [0.033663755439403885, 0.20172185302840845, 0.0]}, 'small_block': {'pos': [0.6140097595303955, -0.3535133918987863, 0.1097032402875184], 'size': [0.04461973939918376, 0.0849493067344041, 0.09534921802665242]}}"
6.742000000000586,0.6359969117167,0.0,0.4,0.6332719593825795,-2.2785458477605955e-07,0.39999151819902745,"{'table_obstacle': {'pos': [0.3825981920028062, 0.37518922255766707, 0.1646257963690813], 'size': [0.049837904948193595, 0.0813235869879147, 0.05243307039854257]}, 'pillar_obstacle': {'pos': [0.39994824830915515, -0.3824307480766307, 0.23470116647765446], 'size': [0.033663755439403885, 0.20172185302840845, 0.0]}, 'small_block': {'pos': [0.6140097595303955, -0.3535133918987863, 0.1097032402875184], 'size': [0.04461973939918376, 0.0849493067344041, 0.09534921802665242]}}"
6.7430000000005865,0.6359969117167,0.0,0.4,0.6333104632813116,-2.409580560449032e-07,0.3999916122162407,"{'table_obstacle': {'pos': [0.3825981920028062, 0.37518922255766707, 0.1646257963690813], 'size': [0.049837904948193595, 0.0813235869879147, 0.05243307039854257]}, 'pillar_obstacle': {'pos': [0.39994824830915515, -0.3824307480766307, 0.23470116647765446], 'size': [0.033663755439403885, 0.20172185302840845, 0.0]}, 'small_block': {'pos': [0.6140097595303955, -0.3535133918987863, 0.1097032402875184], 'size': [0.04461973939918376, 0.0849493067344041, 0.09534921802665242]}}"
6.744000000000587,0.6359969117167,0.0,0.4,0.6333484242595975,-2.536608826955809e-07,0.3999917056830139,"{'table_obstacle': {'pos': [0.3825981920028062, 0.37518922255766707, 0.1646257963690813], 'size': [0.049837904948193595, 0.0813235869879147, 0.05243307039854257]}, 'pillar_obstacle': {'pos': [0.39994824830915515, -0.3824307480766307, 0.23470116647765446], 'size': [0.033663755439403885, 0.20172185302840845, 0.0]}, 'small_block': {'pos': [0.6140097595303955, -0.3535133918987863, 0.1097032402875184], 'size': [0.04461973939918376, 0.0849493067344041, 0.09534921802665242]}}"
6.745000000000587,0.6359969117167,0.0,0.4,0.6333858499366555,-2.6597103761253065e-07,0.39999179858357137,"{'table_obstacle': {'pos': [0.3825981920028062, 0.37518922255766707, 0.1646257963690813], 'size': [0.049837904948193595, 0.0813235869879147, 0.05243307039854257]}, 'pillar_obstacle': {'pos': [0.39994824830915515, -0.3824307480766307, 0.23470116647765446], 'size': [0.033663755439403885, 0.20172185302840845, 0.0]}, 'small_block': {'pos': [0.6140097595303955, -0.3535133918987863, 0.1097032402875184], 'size': [0.04461973939918376, 0.0849493067344041, 0.09534921802665242]}}"
6.7460000000005875,0.6359969117167,0.0,0.4,0.6334227478269369,-2.7789643467440853e-07,0.39999189090329723,"{'table_obstacle': {'pos': [0.3825981920028062, 0.37518922255766707, 0.1646257963690813], 'size': [0.049837904948193595, 0.0813235869879147, 0.05243307039854257]}, 'pillar_obstacle': {'pos': [0.39994824830915515, -0.3824307480766307, 0.23470116647765446], 'size': [0.033663755439403885, 0.20172185302840845, 0.0]}, 'small_block': {'pos': [0.6140097595303955, -0.3535133918987863, 0.1097032402875184], 'size': [0.04461973939918376, 0.0849493067344041, 0.09534921802665242]}}"
6.747000000000588,0.6359969117167,0.0,0.4,0.6334591253412795,-2.8944491747362713e-07,0.3999919826286417,"{'table_obstacle': {'pos': [0.3825981920028062, 0.37518922255766707, 0.1646257963690813], 'size': [0.049837904948193595, 0.0813235869879147, 0.05243307039854257]}, 'pillar_obstacle': {'pos': [0.39994824830915515, -0.3824307480766307, 0.23470116647765446], 'size': [0.033663755439403885, 0.20172185302840845, 0.0]}, 'small_block': {'pos': [0.6140097595303955, -0.3535133918987863, 0.1097032402875184], 'size': [0.04461973939918376, 0.0849493067344041, 0.09534921802665242]}}"
6.748000000000588,0.6359969117167,0.0,0.4,0.6334949897880996,-3.006242467275909e-07,0.3999920737470415,"{'table_obstacle': {'pos': [0.3825981920028062, 0.37518922255766707, 0.1646257963690813], 'size': [0.049837904948193595, 0.0813235869879147, 0.05243307039854257]}, 'pillar_obstacle': {'pos': [0.39994824830915515, -0.3824307480766307, 0.23470116647765446], 'size': [0.033663755439403885, 0.20172185302840845, 0.0]}, 'small_block': {'pos': [0.6140097595303955, -0.3535133918987863, 0.1097032402875184], 'size': [0.04461973939918376, 0.0849493067344041, 0.09534921802665242]}}"
6.7490000000005885,0.6359969117167,0.0,0.4,0.6335303483746093,-3.1144209161972615e-07,0.3999921642468487,"{'table_obstacle': {'pos': [0.3825981920028062, 0.37518922255766707, 0.1646257963690813], 'size': [0.049837904948193595, 0.0813235869879147, 0.05243307039854257]}, 'pillar_obstacle': {'pos': [0.39994824830915515, -0.3824307480766307, 0.23470116647765446], 'size': [0.033663755439403885, 0.20172185302840845, 0.0]}, 'small_block': {'pos': [0.6140097595303955, -0.3535133918987863, 0.1097032402875184], 'size': [0.04461973939918376, 0.0849493067344041, 0.09534921802665242]}}"
6.750000000000589,0.6359969117167,0.0,0.4,0.6335652082080587,-3.219060232158752e-07,0.39999225411726896,"{'table_obstacle': {'pos': [0.3825981920028062, 0.37518922255766707, 0.1646257963690813], 'size': [0.049837904948193595, 0.0813235869879147, 0.05243307039854257]}, 'pillar_obstacle': {'pos': [0.39994824830915515, -0.3824307480766307, 0.23470116647765446], 'size': [0.033663755439403885, 0.20172185302840845, 0.0]}, 'small_block': {'pos': [0.6140097595303955, -0.3535133918987863, 0.1097032402875184], 'size': [0.04461973939918376, 0.0849493067344041, 0.09534921802665242]}}"
6.751000000000589,0.6359969117167,0.0,0.4,0.6335995762969845,-3.3202350883221866e-07,0.399992343348307,"{'table_obstacle': {'pos': [0.3825981920028062, 0.37518922255766707, 0.1646257963690813], 'size': [0.049837904948193595, 0.0813235869879147, 0.05243307039854257]}, 'pillar_obstacle': {'pos': [0.39994824830915515, -0.3824307480766307, 0.23470116647765446], 'size': [0.033663755439403885, 0.20172185302840845, 0.0]}, 'small_block': {'pos': [0.6140097595303955, -0.3535133918987863, 0.1097032402875184], 'size': [0.04461973939918376, 0.0849493067344041, 0.09534921802665242]}}"
6.7520000000005895,0.6359969117167,0.0,0.4,0.6336334595524715,-3.418019077433626e-07,0.3999924319307178,"{'table_obstacle': {'pos': [0.3825981920028062, 0.37518922255766707, 0.1646257963690813], 'size': [0.049837904948193595, 0.0813235869879147, 0.05243307039854257]}, 'pillar_obstacle': {'pos': [0.39994824830915515, -0.3824307480766307, 0.23470116647765446], 'size': [0.033663755439403885, 0.20172185302840845, 0.0]}, 'small_block': {'pos': [0.6140097595303955, -0.3535133918987863, 0.1097032402875184], 'size': [0.04461973939918376, 0.0849493067344041, 0.09534921802665242]}}"
6.75300000000059,0.6359969117167,0.0,0.4,0.6336668647894133,-3.5124846829367487e-07,0.39999251985596285,"{'table_obstacle': {'pos': [0.3825981920028062, 0.37518922255766707, 0.1646257963690813], 'size': [0.049837904948193595, 0.0813235869879147, 0.05243307039854257]}, 'pillar_obstacle': {'pos': [0.39994824830915515, -0.3824307480766307, 0.23470116647765446], 'size': [0.033663755439403885, 0.20172185302840845, 0.0]}, 'small_block': {'pos': [0.6140097595303955, -0.3535133918987863, 0.1097032402875184], 'size': [0.04461973939918376, 0.0849493067344041, 0.09534921802665242]}}"
6.75400000000059,0.6359969117167,0.0,0.4,0.6336997987277709,-3.6037032587929257e-07,0.3999926071161715,"{'table_obstacle': {'pos': [0.3825981920028062, 0.37518922255766707, 0.1646257963690813], 'size': [0.049837904948193595, 0.0813235869879147, 0.05243307039854257]}, 'pillar_obstacle': {'pos': [0.39994824830915515, -0.3824307480766307, 0.23470116647765446], 'size': [0.033663755439403885, 0.20172185302840845, 0.0]}, 'small_block': {'pos': [0.6140097595303955, -0.3535133918987863, 0.1097032402875184], 'size': [0.04461973939918376, 0.0849493067344041, 0.09534921802665242]}}"
6.7550000000005905,0.6359969117167,0.0,0.4,0.6337322679938324,-3.691745010834714e-07,0.3999926937041059,"{'table_obstacle': {'pos': [0.3825981920028062, 0.37518922255766707, 0.1646257963690813], 'size': [0.049837904948193595, 0.0813235869879147, 0.05243307039854257]}, 'pillar_obstacle': {'pos': [0.39994824830915515, -0.3824307480766307, 0.23470116647765446], 'size': [0.033663755439403885, 0.20172185302840845, 0.0]}, 'small_block': {'pos': [0.6140097595303955, -0.3535133918987863, 0.1097032402875184], 'size': [0.04461973939918376, 0.0849493067344041, 0.09534921802665242]}}"
6.756000000000591,0.6359969117167,0.0,0.4,0.6337642791214588,-3.776678988396964e-07,0.39999277961312674,"{'table_obstacle': {'pos': [0.3825981920028062, 0.37518922255766707, 0.1646257963690813], 'size': [0.049837904948193595, 0.0813235869879147, 0.05243307039854257]}, 'pillar_obstacle': {'pos': [0.39994824830915515, -0.3824307480766307, 0.23470116647765446], 'size': [0.033663755439403885, 0.20172185302840845, 0.0]}, 'small_block': {'pos': [0.6140097595303955, -0.3535133918987863, 0.1097032402875184], 'size': [0.04461973939918376, 0.0849493067344041, 0.09534921802665242]}}"
6.757000000000591,0.6359969117167,0.0,0.4,0.633795838553327,-3.8585730835647987e-07,0.3999928648371666,"{'table_obstacle': {'pos': [0.3825981920028062, 0.37518922255766707, 0.1646257963690813], 'size': [0.049837904948193595, 0.0813235869879147, 0.05243307039854257]}, 'pillar_obstacle': {'pos': [0.39994824830915515, -0.3824307480766307, 0.23470116647765446], 'size': [0.033663755439403885, 0.20172185302840845, 0.0]}, 'small_block': {'pos': [0.6140097595303955, -0.3535133918987863, 0.1097032402875184], 'size': [0.04461973939918376, 0.0849493067344041, 0.09534921802665242]}}"
6.7580000000005915,0.6359969117167,0.0,0.4,0.6338269526421619,-3.9374940291787936e-07,0.3999929493707012,"{'table_obstacle': {'pos': [0.3825981920028062, 0.37518922255766707, 0.1646257963690813], 'size': [0.049837904948193595, 0.0813235869879147, 0.05243307039854257]}, 'pillar_obstacle': {'pos': [0.39994824830915515, -0.3824307480766307, 0.23470116647765446], 'size': [0.033663755439403885, 0.20172185302840845, 0.0]}, 'small_block': {'pos': [0.6140097595303955, -0.3535133918987863, 0.1097032402875184], 'size': [0.04461973939918376, 0.0849493067344041, 0.09534921802665242]}}"
6.759000000000592,0.6359969117167,0.0,0.4,0.6338576276519551,-4.0135074030114146e-07,0.39999303320872387,"{'table_obstacle': {'pos': [0.3825981920028062, 0.37518922255766707, 0.1646257963690813], 'size': [0.049837904948193595, 0.0813235869879147, 0.05243307039854257]}, 'pillar_obstacle': {'pos': [0.39994824830915515, -0.3824307480766307, 0.23470116647765446], 'size': [0.033663755439403885, 0.20172185302840845, 0.0]}, 'small_block': {'pos': [0.6140097595303955, -0.3535133918987863, 0.1097032402875184], 'size': [0.04461973939918376, 0.0849493067344041, 0.09534921802665242]}}"
6.760000000000592,0.6359969117167,0.0,0.4,0.6338878697591741,-4.086677628139895e-07,0.3999931163467234,"{'table_obstacle': {'pos': [0.3825981920028062, 0.37518922255766707, 0.1646257963690813], 'size': [0.049837904948193595, 0.0813235869879147, 0.05243307039854257]}, 'pillar_obstacle': {'pos': [0.39994824830915515, -0.3824307480766307, 0.23470116647765446], 'size': [0.033663755439403885, 0.20172185302840845, 0.0]}, 'small_block': {'pos': [0.6140097595303955, -0.3535133918987863, 0.1097032402875184], 'size': [0.04461973939918376, 0.0849493067344041, 0.09534921802665242]}}"
6.7610000000005925,0.6359969117167,0.0,0.4,0.6339176850539584,-4.1570679900773764e-07,0.3999931987806606,"{'table_obstacle': {'pos': [0.3825981920028062, 0.37518922255766707, 0.1646257963690813], 'size': [0.049837904948193595, 0.0813235869879147, 0.05243307039854257]}, 'pillar_obstacle': {'pos': [0.39994824830915515, -0.3824307480766307, 0.23470116647765446], 'size': [0.033663755439403885, 0.20172185302840845, 0.0]}, 'small_block': {'pos': [0.6140097595303955, -0.3535133918987863, 0.1097032402875184], 'size': [0.04461973939918376, 0.0849493067344041, 0.09534921802665242]}}"
6.762000000000593,0.6359969117167,0.0,0.4,0.6339470795413011,-4.2247406394480587e-07,0.3999932805069498,"{'table_obstacle': {'pos': [0.3825981920028062, 0.37518922255766707, 0.1646257963690813], 'size': [0.049837904948193595, 0.0813235869879147, 0.05243307039854257]}, 'pillar_obstacle': {'pos': [0.39994824830915515, -0.3824307480766307, 0.23470116647765446], 'size': [0.033663755439403885, 0.20172185302840845, 0.0]}, 'small_block': {'pos': [0.6140097595303955, -0.3535133918987863, 0.1097032402875184], 'size': [0.04461973939918376, 0.0849493067344041, 0.09534921802665242]}}"
6.763000000000593,0.6399966260858243,0.0,0.4,0.6339760591422182,-4.2897566093555996e-07,0.39999336152243736,"{'table_obstacle': {'pos': [0.3825981920028062, 0.37518922255766707, 0.1646257963690813], 'size': [0.049837904948193595, 0.0813235869879147, 0.05243307039854257]}, 'pillar_obstacle': {'pos': [0.39994824830915515, -0.3824307480766307, 0.23470116647765446], 'size': [0.033663755439403885, 0.20172185302840845, 0.0]}, 'small_block': {'pos': [0.6140097595303955, -0.3535133918987863, 0.1097032402875184], 'size': [0.04461973939918376, 0.0849493067344041, 0.09534921802665242]}}"
6.7640000000005935,0.6399966260858243,0.0,0.4,0.6340150779363258,-3.7677193648687394e-07,0.3999931391842854,"{'table_obstacle': {'pos': [0.3825981920028062, 0.37518922255766707, 0.1646257963690813], 'size': [0.049837904948193595, 0.0813235869879147, 0.05243307039854257]}, 'pillar_obstacle': {'pos': [0.39994824830915515, -0.3824307480766307, 0.23470116647765446], 'size': [0.033663755439403885, 0.20172185302840845, 0.0]}, 'small_block': {'pos': [0.6140097595303955, -0.3535133918987863, 0.1097032402875184], 'size': [0.04461973939918376, 0.0849493067344041, 0.09534921802665242]}}"
6.765000000000594,0.6399966260858243,0.0,0.4,0.6340620547764838,-2.894357239115933e-07,0.3999927291584095,"{'table_obstacle': {'pos': [0.3825981920028062, 0.37518922255766707, 0.1646257963690813], 'size': [0.049837904948193595, 0.0813235869879147, 0.05243307039854257]}, 'pillar_obstacle': {'pos': [0.39994824830915515, -0.3824307480766307, 0.23470116647765446], 'size': [0.033663755439403885, 0.20172185302840845, 0.0]}, 'small_block': {'pos': [0.6140097595303955, -0.3535133918987863, 0.1097032402875184], 'size': [0.04461973939918376, 0.0849493067344041, 0.09534921802665242]}}"
6.766000000000594,0.6399966260858243,0.0,0.4,0.6341152968437002,-1.837049450952315e-07,0.3999922138986419,"{'table_obstacle': {'pos': [0.3825981920028062, 0.37518922255766707, 0.1646257963690813], 'size': [0.049837904948193595, 0.0813235869879147, 0.05243307039854257]}, 'pillar_obstacle': {'pos': [0.39994824830915515, -0.3824307480766307, 0.23470116647765446], 'size': [0.033663755439403885, 0.20172185302840845, 0.0]}, 'small_block': {'pos': [0.6140097595303955, -0.3535133918987863, 0.1097032402875184], 'size': [0.04461973939918376, 0.0849493067344041, 0.09534921802665242]}}"
6.7670000000005945,0.6399966260858243,0.0,0.4,0.6341734282244705,-7.122420224973532e-08,0.3999916512132981,"{'table_obstacle': {'pos': [0.3825981920028062, 0.37518922255766707, 0.1646257963690813], 'size': [0.049837904948193595, 0.0813235869879147, 0.05243307039854257]}, 'pillar_obstacle': {'pos': [0.39994824830915515, -0.3824307480766307, 0.23470116647765446], 'size': [0.033663755439403885, 0.20172185302840845, 0.0]}, 'small_block': {'pos': [0.6140097595303955, -0.3535133918987863, 0.1097032402875184], 'size': [0.04461973939918376, 0.0849493067344041, 0.09534921802665242]}}"
6.768000000000595,0.6399966260858243,0.0,0.4,0.6342353314276762,4.012889521448573e-08,0.39999108072750067,"{'table_obstacle': {'pos': [0.3825981920028062, 0.37518922255766707, 0.1646257963690813], 'size': [0.049837904948193595, 0.0813235869879147, 0.05243307039854257]}, 'pillar_obstacle': {'pos': [0.39994824830915515, -0.3824307480766307, 0.23470116647765446], 'size': [0.033663755439403885, 0.20172185302840845, 0.0]}, 'small_block': {'pos': [0.6140097595303955, -0.3535133918987863, 0.1097032402875184], 'size': [0.04461973939918376, 0.0849493067344041, 0.09534921802665242]}}"
6.769000000000595,0.6399966260858243,0.0,0.4,0.6343000995644856,1.452371958169835e-07,0.3999905287489452,"{'table_obstacle': {'pos': [0.3825981920028062, 0.37518922255766707, 0.1646257963690813], 'size': [0.049837904948193595, 0.0813235869879147, 0.05243307039854257]}, 'pillar_obstacle': {'pos': [0.39994824830915515, -0.3824307480766307, 0.23470116647765446], 'size': [0.033663755439403885, 0.20172185302840845, 0.0]}, 'small_block': {'pos': [0.6140097595303955, -0.3535133918987863, 0.1097032402875184], 'size': [0.04461973939918376, 0.0849493067344041, 0.09534921802665242]}}"
6.7700000000005955,0.6399966260858243,0.0,0.4,0.634366997291224,2.4098338582841826e-07,0.399990011921751,"{'table_obstacle': {'pos': [0.3825981920028062, 0.37518922255766707, 0.1646257963690813], 'size': [0.049837904948193595, 0.0813235869879147, 0.05243307039854257]}, 'pillar_obstacle': {'pos': [0.39994824830915515, -0.3824307480766307, 0.23470116647765446], 'size': [0.033663755439403885, 0.20172185302840845, 0.0]}, 'small_block': {'pos': [0.6140097595303955, -0.3535133918987863, 0.1097032402875184], 'size': [0.04461973939918376, 0.0849493067344041, 0.09534921802665242]}}"
6.771000000000596,0.6399966260858243,0.0,0.4,0.6344354289381199,3.256781047223817e-07,0.39998953996054504,"{'table_obstacle': {'pos': [0.3825981920028062, 0.37518922255766707, 0.1646257963690813], 'size': [0.049837904948193595, 0.0813235869879147, 0.05243307039854257]}, 'pillar_obstacle': {'pos': [0.39994824830915515, -0.3824307480766307, 0.23470116647765446], 'size': [0.033663755439403885, 0.20172185302840845, 0.0]}, 'small_block': {'pos': [0.6140097595303955, -0.3535133918987863, 0.1097032402875184], 'size': [0.04461973939918376, 0.0849493067344041, 0.09534921802665242]}}"
6.772000000000596,0.6399966260858243,0.0,0.4,0.6345049125205057,3.986325540302993e-07,0.39998911768705864,"{'table_obstacle': {'pos': [0.3825981920028062, 0.37518922255766707, 0.1646257963690813], 'size': [0.049837904948193595, 0.0813235869879147, 0.05243307039854257]}, 'pillar_obstacle': {'pos': [0.39994824830915515, -0.3824307480766307, 0.23470116647765446], 'size': [0.033663755439403885, 0.20172185302840845, 0.0]}, 'small_block': {'pos': [0.6140097595303955, -0.3535133918987863, 0.1097032402875184], 'size': [0.04461973939918376, 0.0849493067344041, 0.09534921802665242]}}"
6.7730000000005965,0.6399966260858243,0.0,0.4,0.6345750585588493,4.598413975911609e-07,0.39998874653856625,"{'table_obstacle': {'pos': [0.3825981920028062, 0.37518922255766707, 0.1646257963690813], 'size': [0.049837904948193595, 0.0813235869879147, 0.05243307039854257]}, 'pillar_obstacle': {'pos': [0.39994824830915515, -0.3824307480766307, 0.23470116647765446], 'size': [0.033663755439403885, 0.20172185302840845, 0.0]}, 'small_block': {'pos': [0.6140097595303955, -0.3535133918987863, 0.1097032402875184], 'size': [0.04461973939918376, 0.0849493067344041, 0.09534921802665242]}}"
6.774000000000597,0.6399966260858243,0.0,0.4,0.634645552825636,5.097495497952381e-07,0.3999884256772322,"{'table_obstacle': {'pos': [0.3825981920028062, 0.37518922255766707, 0.1646257963690813], 'size': [0.049837904948193595, 0.0813235869879147, 0.05243307039854257]}, 'pillar_obstacle': {'pos': [0.39994824830915515, -0.3824307480766307, 0.23470116647765446], 'size': [0.033663755439403885, 0.20172185302840845, 0.0]}, 'small_block': {'pos': [0.6140097595303955, -0.3535133918987863, 0.1097032402875184], 'size': [0.04461973939918376, 0.0849493067344041, 0.09534921802665242]}}"
6.775000000000597,0.6399966260858243,0.0,0.4,0.6347161422960684,5.490824960860279e-07,0.3999881527987452,"{'table_obstacle': {'pos': [0.3825981920028062, 0.37518922255766707, 0.1646257963690813], 'size': [0.049837904948193595, 0.0813235869879147, 0.05243307039854257]}, 'pillar_obstacle': {'pos': [0.39994824830915515, -0.3824307480766307, 0.23470116647765446], 'size': [0.033663755439403885, 0.20172185302840845, 0.0]}, 'small_block': {'pos': [0.6140097595303955, -0.3535133918987863, 0.1097032402875184], 'size': [0.04461973939918376, 0.0849493067344041, 0.09534921802665242]}}"
6.7760000000005975,0.6399966260858243,0.0,0.4,0.6347866237108819,5.787244952260073e-07,0.39998792471518807,"{'table_obstacle': {'pos': [0.3825981920028062, 0.37518922255766707, 0.1646257963690813], 'size': [0.049837904948193595, 0.0813235869879147, 0.05243307039854257]}, 'pillar_obstacle': {'pos': [0.39994824830915515, -0.3824307480766307, 0.23470116647765446], 'size': [0.033663755439403885, 0.20172185302840845, 0.0]}, 'small_block': {'pos': [0.6140097595303955, -0.3535133918987863, 0.1097032402875184], 'size': [0.04461973939918376, 0.0849493067344041, 0.09534921802665242]}}"
6.777000000000598,0.6399966260858243,0.0,0.4,0.6348568342676509,5.996326578452792e-07,0.39998773776917074,"{'table_obstacle': {'pos': [0.3825981920028062, 0.37518922255766707, 0.1646257963690813], 'size': [0.049837904948193595, 0.0813235869879147, 0.05243307039854257]}, 'pillar_obstacle': {'pos': [0.39994824830915515, -0.3824307480766307, 0.23470116647765446], 'size': [0.033663755439403885, 0.20172185302840845, 0.0]}, 'small_block': {'pos': [0.6140097595303955, -0.3535133918987863, 0.1097032402875184], 'size': [0.04461973939918376, 0.0849493067344041, 0.09534921802665242]}}"
6.778000000000598,0.6399966260858243,0.0,0.4,0.6349266440457723,6.127777161562478e-07,0.3999875881225618,"{'table_obstacle': {'pos': [0.3825981920028062, 0.37518922255766707, 0.1646257963690813], 'size': [0.049837904948193595, 0.0813235869879147, 0.05243307039854257]}, 'pillar_obstacle': {'pos': [0.39994824830915515, -0.3824307480766307, 0.23470116647765446], 'size': [0.033663755439403885, 0.20172185302840845, 0.0]}, 'small_block': {'pos': [0.6140097595303955, -0.3535133918987863, 0.1097032402875184], 'size': [0.04461973939918376, 0.0849493067344041, 0.09534921802665242]}}"
6.7790000000005985,0.6399966260858243,0.0,0.4,0.6349959498430449,6.191044896318338e-07,0.39998747195265066,"{'table_obstacle': {'pos': [0.3825981920028062, 0.37518922255766707, 0.1646257963690813], 'size': [0.049837904948193595, 0.0813235869879147, 0.05243307039854257]}, 'pillar_obstacle': {'pos': [0.39994824830915515, -0.3824307480766307, 0.23470116647765446], 'size': [0.033663755439403885, 0.20172185302840845, 0.0]}, 'small_block': {'pos': [0.6140097595303955, -0.3535133918987863, 0.1097032402875184], 'size': [0.04461973939918376, 0.0849493067344041, 0.09534921802665242]}}"
6.780000000000599,0.6399966260858243,0.0,0.4,0.6350646701613043,6.195067388436488e-07,0.3999873855805602,"{'table_obstacle': {'pos': [0.3825981920028062, 0.37518922255766707, 0.1646257963690813], 'size': [0.049837904948193595, 0.0813235869879147, 0.05243307039854257]}, 'pillar_obstacle': {'pos': [0.39994824830915515, -0.3824307480766307, 0.23470116647765446], 'size': [0.033663755439403885, 0.20172185302840845, 0.0]}, 'small_block': {'pos': [0.6140097595303955, -0.3535133918987863, 0.1097032402875184], 'size': [0.04461973939918376, 0.0849493067344041, 0.09534921802665242]}}"
6.781000000000599,0.6399966260858243,0.0,0.4,0.6351327411272055,6.148123937010834e-07,0.39998732555059635,"{'table_obstacle': {'pos': [0.3825981920028062, 0.37518922255766707, 0.1646257963690813], 'size': [0.049837904948193595, 0.0813235869879147, 0.05243307039854257]}, 'pillar_obstacle': {'pos': [0.39994824830915515, -0.3824307480766307, 0.23470116647765446], 'size': [0.033663755439403885, 0.20172185302840845, 0.0]}, 'small_block': {'pos': [0.6140097595303955, -0.3535133918987863, 0.1097032402875184], 'size': [0.04461973939918376, 0.0849493067344041, 0.09534921802665242]}}"
6.7820000000005995,0.6399966260858243,0.0,0.4,0.6352001131739491,6.057761489234768e-07,0.3999872886745422,"{'table_obstacle': {'pos': [0.3825981920028062, 0.37518922255766707, 0.1646257963690813], 'size': [0.049837904948193595, 0.0813235869879147, 0.05243307039854257]}, 'pillar_obstacle': {'pos': [0.39994824830915515, -0.3824307480766307, 0.23470116647765446], 'size': [0.033663755439403885, 0.20172185302840845, 0.0]}, 'small_block': {'pos': [0.6140097595303955, -0.3535133918987863, 0.1097032402875184], 'size': [0.04461973939918376, 0.0849493067344041, 0.09534921802665242]}}"
6.7830000000006,0.6399966260858243,0.0,0.4,0.6352667483421279,5.930771789260895e-07,0.3999872720513378,"{'table_obstacle': {'pos': [0.3825981920028062, 0.37518922255766707, 0.1646257963690813], 'size': [0.049837904948193595, 0.0813235869879147, 0.05243307039854257]}, 'pillar_obstacle': {'pos': [0.39994824830915515, -0.3824307480766307, 0.23470116647765446], 'size': [0.033663755439403885, 0.20172185302840845, 0.0]}, 'small_block': {'pos': [0.6140097595303955, -0.3535133918987863, 0.1097032402875184], 'size': [0.04461973939918376, 0.0849493067344041, 0.09534921802665242]}}"
6.7840000000006,0.6399966260858243,0.0,0.4,0.6353326180842677,5.773203080650686e-07,0.39998727306988135,"{'table_obstacle': {'pos': [0.3825981920028062, 0.37518922255766707, 0.1646257963690813], 'size': [0.049837904948193595, 0.0813235869879147, 0.05243307039854257]}, 'pillar_obstacle': {'pos': [0.39994824830915515, -0.3824307480766307, 0.23470116647765446], 'size': [0.033663755439403885, 0.20172185302840845, 0.0]}, 'small_block': {'pos': [0.6140097595303955, -0.3535133918987863, 0.1097032402875184], 'size': [0.04461973939918376, 0.0849493067344041, 0.09534921802665242]}}"
6.7850000000006006,0.6399966260858243,0.0,0.4,0.6353977014791183,5.590394208776366e-07,0.3999872894006293,"{'table_obstacle': {'pos': [0.3825981920028062, 0.37518922255766707, 0.1646257963690813], 'size': [0.049837904948193595, 0.0813235869879147, 0.05243307039854257]}, 'pillar_obstacle': {'pos': [0.39994824830915515, -0.3824307480766307, 0.23470116647765446], 'size': [0.033663755439403885, 0.20172185302840845, 0.0]}, 'small_block': {'pos': [0.6140097595303955, -0.3535133918987863, 0.1097032402875184], 'size': [0.04461973939918376, 0.0849493067344041, 0.09534921802665242]}}"
6.786000000000601,0.6399966260858243,0.0,0.4,0.6354619837792824,5.387022281577677e-07,0.39998731898013146,"{'table_obstacle': {'pos': [0.3825981920028062, 0.37518922255766707, 0.1646257963690813], 'size': [0.049837904948193595, 0.0813235869879147, 0.05243307039854257]}, 'pillar_obstacle': {'pos': [0.39994824830915515, -0.3824307480766307, 0.23470116647765446], 'size': [0.033663755439403885, 0.20172185302840845, 0.0]}, 'small_block': {'pos': [0.6140097595303955, -0.3535133918987863, 0.1097032402875184], 'size': [0.04461973939918376, 0.0849493067344041, 0.09534921802665242]}}"
6.787000000000601,0.6399966260858243,0.0,0.4,0.6355254552299902,5.167157563714911e-07,0.39998735999146523,"{'table_obstacle': {'pos': [0.3825981920028062, 0.37518922255766707, 0.1646257963690813], 'size': [0.049837904948193595, 0.0813235869879147, 0.05243307039854257]}, 'pillar_obstacle': {'pos': [0.39994824830915515, -0.3824307480766307, 0.23470116647765446], 'size': [0.033663755439403885, 0.20172185302840845, 0.0]}, 'small_block': {'pos': [0.6140097595303955, -0.3535133918987863, 0.1097032402875184], 'size': [0.04461973939918376, 0.0849493067344041, 0.09534921802665242]}}"
6.7880000000006016,0.6399966260858243,0.0,0.4,0.6355881101084522,4.934321240897607e-07,0.3999874108426675,"{'table_obstacle': {'pos': [0.3825981920028062, 0.37518922255766707, 0.1646257963690813], 'size': [0.049837904948193595, 0.0813235869879147, 0.05243307039854257]}, 'pillar_obstacle': {'pos': [0.39994824830915515, -0.3824307480766307, 0.23470116647765446], 'size': [0.033663755439403885, 0.20172185302840845, 0.0]}, 'small_block': {'pos': [0.6140097595303955, -0.3535133918987863, 0.1097032402875184], 'size': [0.04461973939918376, 0.0849493067344041, 0.09534921802665242]}}"
6.789000000000602,0.6399966260858243,0.0,0.4,0.6356499459426406,4.6915429820637446e-07,0.39998747014461294,"{'table_obstacle': {'pos': [0.3825981920028062, 0.37518922255766707, 0.1646257963690813], 'size': [0.049837904948193595, 0.0813235869879147, 0.05243307039854257]}, 'pillar_obstacle': {'pos': [0.39994824830915515, -0.3824307480766307, 0.23470116647765446], 'size': [0.033663755439403885, 0.20172185302840845, 0.0]}, 'small_block': {'pos': [0.6140097595303955, -0.3535133918987863, 0.1097032402875184], 'size': [0.04461973939918376, 0.0849493067344041, 0.09534921802665242]}}"
6.790000000000602,0.6399966260858243,0.0,0.4,0.6357109628760362,4.4414163865666083e-07,0.3999875366893133,"{'table_obstacle': {'pos': [0.3825981920028062, 0.37518922255766707, 0.1646257963690813], 'size': [0.049837904948193595, 0.0813235869879147, 0.05243307039854257]}, 'pillar_obstacle': {'pos': [0.39994824830915515, -0.3824307480766307, 0.23470116647765446], 'size': [0.033663755439403885, 0.20172185302840845, 0.0]}, 'small_block': {'pos': [0.6140097595303955, -0.3535133918987863, 0.1097032402875184], 'size': [0.04461973939918376, 0.0849493067344041, 0.09534921802665242]}}"
6.7910000000006026,0.6399966260858243,0.0,0.4,0.6357711631511115,4.18615102674275e-07,0.39998760942926365,"{'table_obstacle': {'pos': [0.3825981920028062, 0.37518922255766707, 0.1646257963690813], 'size': [0.049837904948193595, 0.0813235869879147, 0.05243307039854257]}, 'pillar_obstacle': {'pos': [0.39994824830915515, -0.3824307480766307, 0.23470116647765446], 'size': [0.033663755439403885, 0.20172185302840845, 0.0]}, 'small_block': {'pos': [0.6140097595303955, -0.3535133918987863, 0.1097032402875184], 'size': [0.04461973939918376, 0.0849493067344041, 0.09534921802665242]}}"
6.792000000000603,0.6399966260858243,0.0,0.4,0.6358305506894163,3.9276204353744206e-07,0.39998768745820795,"{'table_obstacle': {'pos': [0.3825981920028062, 0.37518922255766707, 0.1646257963690813], 'size': [0.049837904948193595, 0.0813235869879147, 0.05243307039854257]}, 'pillar_obstacle': {'pos': [0.39994824830915515, -0.3824307480766307, 0.23470116647765446], 'size': [0.033663755439403885, 0.20172185302840845, 0.0]}, 'small_block': {'pos': [0.6140097595303955, -0.3535133918987863, 0.1097032402875184], 'size': [0.04461973939918376, 0.0849493067344041, 0.09534921802665242]}}"
6.793000000000603,0.6399966260858243,0.0,0.4,0.6358891307502479,3.6674056991521816e-07,0.39998776999352176,"{'table_obstacle': {'pos': [0.3825981920028062, 0.37518922255766707, 0.1646257963690813], 'size': [0.049837904948193595, 0.0813235869879147, 0.05243307039854257]}, 'pillar_obstacle': {'pos': [0.39994824830915515, -0.3824307480766307, 0.23470116647765446], 'size': [0.033663755439403885, 0.20172185302840845, 0.0]}, 'small_block': {'pos': [0.6140097595303955, -0.3535133918987863, 0.1097032402875184], 'size': [0.04461973939918376, 0.0849493067344041, 0.09534921802665242]}}"
6.794000000000604,0.6399966260858243,0.0,0.4,0.6359469096532552,3.4068346445176007e-07,0.3999878563602836,"{'table_obstacle': {'pos': [0.3825981920028062, 0.37518922255766707, 0.1646257963690813], 'size': [0.049837904948193595, 0.0813235869879147, 0.05243307039854257]}, 'pillar_obstacle': {'pos': [0.39994824830915515, -0.3824307480766307, 0.23470116647765446], 'size': [0.033663755439403885, 0.20172185302840845, 0.0]}, 'small_block': {'pos': [0.6140097595303955, -0.3535133918987863, 0.1097032402875184], 'size': [0.04461973939918376, 0.0849493067344041, 0.09534921802665242]}}"
6.795000000000604,0.6399966260858243,0.0,0.4,0.6360038945530626,3.1470166769907963e-07,0.3999879459770207,"{'table_obstacle': {'pos': [0.3825981920028062, 0.37518922255766707, 0.1646257963690813], 'size': [0.049837904948193595, 0.0813235869879147, 0.05243307039854257]}, 'pillar_obstacle': {'pos': [0.39994824830915515, -0.3824307480766307, 0.23470116647765446], 'size': [0.033663755439403885, 0.20172185302840845, 0.0]}, 'small_block': {'pos': [0.6140097595303955, -0.3535133918987863, 0.1097032402875184], 'size': [0.04461973939918376, 0.0849493067344041, 0.09534921802665242]}}"
6.796000000000604,0.6399966260858243,0.0,0.4,0.636060093256214,2.888873580603617e-07,0.3999880383430623,"{'table_obstacle': {'pos': [0.3825981920028062, 0.37518922255766707, 0.1646257963690813], 'size': [0.049837904948193595, 0.0813235869879147, 0.05243307039854257]}, 'pillar_obstacle': {'pos': [0.39994824830915515, -0.3824307480766307, 0.23470116647765446], 'size': [0.033663755439403885, 0.20172185302840845, 0.0]}, 'small_block': {'pos': [0.6140097595303955, -0.3535133918987863, 0.1097032402875184], 'size': [0.04461973939918376, 0.0849493067344041, 0.09534921802665242]}}"
6.797000000000605,0.6399966260858243,0.0,0.4,0.6361155140725494,2.633166521120792e-07,0.39998813302740005,"{'table_obstacle': {'pos': [0.3825981920028062, 0.37518922255766707, 0.1646257963690813], 'size': [0.049837904948193595, 0.0813235869879147, 0.05243307039854257]}, 'pillar_obstacle': {'pos': [0.39994824830915515, -0.3824307480766307, 0.23470116647765446], 'size': [0.033663755439403885, 0.20172185302840845, 0.0]}, 'small_block': {'pos': [0.6140097595303955, -0.3535133918987863, 0.1097032402875184], 'size': [0.04461973939918376, 0.0849493067344041, 0.09534921802665242]}}"
6.798000000000605,0.6399966260858243,0.0,0.4,0.6361701656946,2.380519606590865e-07,0.3999882296589306,"{'table_obstacle': {'pos': [0.3825981920028062, 0.37518922255766707, 0.1646257963690813], 'size': [0.049837904948193595, 0.0813235869879147, 0.05243307039854257]}, 'pillar_obstacle': {'pos': [0.39994824830915515, -0.3824307480766307, 0.23470116647765446], 'size': [0.033663755439403885, 0.20172185302840845, 0.0]}, 'small_block': {'pos': [0.6140097595303955, -0.3535133918987863, 0.1097032402875184], 'size': [0.04461973939918376, 0.0849493067344041, 0.09534921802665242]}}"
6.799000000000605,0.6399966260858243,0.0,0.4,0.6362240570997808,2.1314403428436792e-07,0.3999883279179588,"{'table_obstacle': {'pos': [0.3825981920028062, 0.37518922255766707, 0.1646257963690813], 'size': [0.049837904948193595, 0.0813235869879147, 0.05243307039854257]}, 'pillar_obstacle': {'pos': [0.39994824830915515, -0.3824307480766307, 0.23470116647765446], 'size': [0.033663755439403885, 0.20172185302840845, 0.0]}, 'small_block': {'pos': [0.6140097595303955, -0.3535133918987863, 0.1097032402875184], 'size': [0.04461973939918376, 0.0849493067344041, 0.09534921802665242]}}"
6.800000000000606,0.6399966260858243,0.0,0.4,0.6362771974711283,1.886337315086018e-07,0.3999884275288245,"{'table_obstacle': {'pos': [0.3825981920028062, 0.37518922255766707, 0.1646257963690813], 'size': [0.049837904948193595, 0.0813235869879147, 0.05243307039854257]}, 'pillar_obstacle': {'pos': [0.39994824830915515, -0.3824307480766307, 0.23470116647765446], 'size': [0.033663755439403885, 0.20172185302840845, 0.0]}, 'small_block': {'pos': [0.6140097595303955, -0.3535133918987863, 0.1097032402875184], 'size': [0.04461973939918376, 0.0849493067344041, 0.09534921802665242]}}"
6.801000000000606,0.6399966260858243,0.0,0.4,0.6363295961331333,1.6455354123768293e-07,0.3999885282535365,"{'table_obstacle': {'pos': [0.3825981920028062, 0.37518922255766707, 0.1646257963690813], 'size': [0.049837904948193595, 0.0813235869879147, 0.05243307039854257]}, 'pillar_obstacle': {'pos': [0.39994824830915515, -0.3824307480766307, 0.23470116647765446], 'size': [0.033663755439403885, 0.20172185302840845, 0.0]}, 'small_block': {'pos': [0.6140097595303955, -0.3535133918987863, 0.1097032402875184], 'size': [0.04461973939918376, 0.0849493067344041, 0.09534921802665242]}}"
6.802000000000606,0.6399966260858243,0.0,0.4,0.6363812624998519,1.4092888928627143e-07,0.39998862988628753,"{'table_obstacle': {'pos': [0.3825981920028062, 0.37518922255766707, 0.1646257963690813], 'size': [0.049837904948193595, 0.0813235869879147, 0.05243307039854257]}, 'pillar_obstacle': {'pos': [0.39994824830915515, -0.3824307480766307, 0.23470116647765446], 'size': [0.033663755439403885, 0.20172185302840845, 0.0]}, 'small_block': {'pos': [0.6140097595303955, -0.3535133918987863, 0.1097032402875184], 'size': [0.04461973939918376, 0.0849493067344041, 0.09534921802665242]}}"
6.803000000000607,0.6399966260858243,0.0,0.4,0.6364322060330079,1.1777925749168224e-07,0.39998873224874676,"{'table_obstacle': {'pos': [0.3825981920028062, 0.37518922255766707, 0.1646257963690813], 'size': [0.049837904948193595, 0.0813235869879147, 0.05243307039854257]}, 'pillar_obstacle': {'pos': [0.39994824830915515, -0.3824307480766307, 0.23470116647765446], 'size': [0.033663755439403885, 0.20172185302840845, 0.0]}, 'small_block': {'pos': [0.6140097595303955, -0.3535133918987863, 0.1097032402875184], 'size': [0.04461973939918376, 0.0849493067344041, 0.09534921802665242]}}"
6.804000000000607,0.6399966260858243,0.0,0.4,0.6364824362082243,9.511913725293025e-08,0.39998883518602923,"{'table_obstacle': {'pos': [0.3825981920028062, 0.37518922255766707, 0.1646257963690813], 'size': [0.049837904948193595, 0.0813235869879147, 0.05243307039854257]}, 'pillar_obstacle': {'pos': [0.39994824830915515, -0.3824307480766307, 0.23470116647765446], 'size': [0.033663755439403885, 0.20172185302840845, 0.0]}, 'small_block': {'pos': [0.6140097595303955, -0.3535133918987863, 0.1097032402875184], 'size': [0.04461973939918376, 0.0849493067344041, 0.09534921802665242]}}"
6.805000000000607,0.6399966260858243,0.0,0.4,0.6365319624878654,7.295884171162621e-08,0.3999889385632524,"{'table_obstacle': {'pos': [0.3825981920028062, 0.37518922255766707, 0.1646257963690813], 'size': [0.049837904948193595, 0.0813235869879147, 0.05243307039854257]}, 'pillar_obstacle': {'pos': [0.39994824830915515, -0.3824307480766307, 0.23470116647765446], 'size': [0.033663755439403885, 0.20172185302840845, 0.0]}, 'small_block': {'pos': [0.6140097595303955, -0.3535133918987863, 0.1097032402875184], 'size': [0.04461973939918376, 0.0849493067344041, 0.09534921802665242]}}"
6.806000000000608,0.6399966260858243,0.0,0.4,0.6365807942992608,5.130519589962692e-08,0.3999890422625987,"{'table_obstacle': {'pos': [0.3825981920028062, 0.37518922255766707, 0.1646257963690813], 'size': [0.049837904948193595, 0.0813235869879147, 0.05243307039854257]}, 'pillar_obstacle': {'pos': [0.39994824830915515, -0.3824307480766307, 0.23470116647765446], 'size': [0.033663755439403885, 0.20172185302840845, 0.0]}, 'small_block': {'pos': [0.6140097595303955, -0.3535133918987863, 0.1097032402875184], 'size': [0.04461973939918376, 0.0849493067344041, 0.09534921802665242]}}"
6.807000000000608,0.6399966260858243,0.0,0.4,0.6366289410173014,3.01621206914783e-08,0.39998914618081766,"{'table_obstacle': {'pos': [0.3825981920028062, 0.37518922255766707, 0.1646257963690813], 'size': [0.049837904948193595, 0.0813235869879147, 0.05243307039854257]}, 'pillar_obstacle': {'pos': [0.39994824830915515, -0.3824307480766307, 0.23470116647765446], 'size': [0.033663755439403885, 0.20172185302840845, 0.0]}, 'small_block': {'pos': [0.6140097595303955, -0.3535133918987863, 0.1097032402875184], 'size': [0.04461973939918376, 0.0849493067344041, 0.09534921802665242]}}"
6.808000000000608,0.6399966260858243,0.0,0.4,0.6366764119505964,9.531128243207672e-09,0.399989250227102,"{'table_obstacle': {'pos': [0.3825981920028062, 0.37518922255766707, 0.1646257963690813], 'size': [0.049837904948193595, 0.0813235869879147, 0.05243307039854257]}, 'pillar_obstacle': {'pos': [0.39994824830915515, -0.3824307480766307, 0.23470116647765446], 'size': [0.033663755439403885, 0.20172185302840845, 0.0]}, 'small_block': {'pos': [0.6140097595303955, -0.3535133918987863, 0.1097032402875184], 'size': [0.04461973939918376, 0.0849493067344041, 0.09534921802665242]}}"
6.809000000000609,0.6399966260858243,0.0,0.4,0.6367232163305208,-1.058826208033501e-08,0.3999893543212851,"{'table_obstacle': {'pos': [0.3825981920028062, 0.37518922255766707, 0.1646257963690813], 'size': [0.049837904948193595, 0.0813235869879147, 0.05243307039854257]}, 'pillar_obstacle': {'pos': [0.39994824830915515, -0.3824307480766307, 0.23470116647765446], 'size': [0.033663755439403885, 0.20172185302840845, 0.0]}, 'small_block': {'pos': [0.6140097595303955, -0.3535133918987863, 0.1097032402875184], 'size': [0.04461973939918376, 0.0849493067344041, 0.09534921802665242]}}"
6.810000000000609,0.6399966260858243,0.0,0.4,0.6367693633026136,-3.019817028542007e-08,0.3999894583923138,"{'table_obstacle': {'pos': [0.3825981920028062, 0.37518922255766707, 0.1646257963690813], 'size': [0.049837904948193595, 0.0813235869879147, 0.05243307039854257]}, 'pillar_obstacle': {'pos': [0.39994824830915515, -0.3824307480766307, 0.23470116647765446], 'size': [0.033663755439403885, 0.20172185302840845, 0.0]}, 'small_block': {'pos': [0.6140097595303955, -0.3535133918987863, 0.1097032402875184], 'size': [0.04461973939918376, 0.0849493067344041, 0.09534921802665242]}}"
6.811000000000609,0.6399966260858243,0.0,0.4,0.6368148619198876,-4.9302061151535356e-08,0.39998956237695277,"{'table_obstacle': {'pos': [0.3825981920028062, 0.37518922255766707, 0.1646257963690813], 'size': [0.049837904948193595, 0.0813235869879147, 0.05243307039854257]}, 'pillar_obstacle': {'pos': [0.39994824830915515, -0.3824307480766307, 0.23470116647765446], 'size': [0.033663755439403885, 0.20172185302840845, 0.0]}, 'small_block': {'pos': [0.6140097595303955, -0.3535133918987863, 0.1097032402875184], 'size': [0.04461973939918376, 0.0849493067344041, 0.09534921802665242]}}"
6.81200000000061,0.6399966260858243,0.0,0.4,0.6368597211376903,-6.790449478286286e-08,0.39998966621869075,"{'table_obstacle': {'pos': [0.3825981920028062, 0.37518922255766707, 0.1646257963690813], 'size': [0.049837904948193595, 0.0813235869879147, 0.05243307039854257]}, 'pillar_obstacle': {'pos': [0.39994824830915515, -0.3824307480766307, 0.23470116647765446], 'size': [0.033663755439403885, 0.20172185302840845, 0.0]}, 'small_block': {'pos': [0.6140097595303955, -0.3535133918987863, 0.1097032402875184], 'size': [0.04461973939918376, 0.0849493067344041, 0.09534921802665242]}}"
6.81300000000061,0.6399966260858243,0.0,0.4,0.6369039498098242,-8.601091890914952e-08,0.39998976986681295,"{'table_obstacle': {'pos': [0.3825981920028062, 0.37518922255766707, 0.1646257963690813], 'size': [0.049837904948193595, 0.0813235869879147, 0.05243307039854257]}, 'pillar_obstacle': {'pos': [0.39994824830915515, -0.3824307480766307, 0.23470116647765446], 'size': [0.033663755439403885, 0.20172185302840845, 0.0]}, 'small_block': {'pos': [0.6140097595303955, -0.3535133918987863, 0.1097032402875184], 'size': [0.04461973939918376, 0.0849493067344041, 0.09534921802665242]}}"
6.81400000000061,0.6399966260858243,0.0,0.4,0.6369475566856876,-1.0362749282244995e-07,0.399989873275617,"{'table_obstacle': {'pos': [0.3825981920028062, 0.37518922255766707, 0.1646257963690813], 'size': [0.049837904948193595, 0.0813235869879147, 0.05243307039854257]}, 'pillar_obstacle': {'pos': [0.39994824830915515, -0.3824307480766307, 0.23470116647765446], 'size': [0.033663755439403885, 0.20172185302840845, 0.0]}, 'small_block': {'pos': [0.6140097595303955, -0.3535133918987863, 0.1097032402875184], 'size': [0.04461973939918376, 0.0849493067344041, 0.09534921802665242]}}"
6.815000000000611,0.6399966260858243,0.0,0.4,0.6369905504082451,-1.20760943518118e-07,0.39998997640375034,"{'table_obstacle': {'pos': [0.3825981920028062, 0.37518922255766707, 0.1646257963690813], 'size': [0.049837904948193595, 0.0813235869879147, 0.05243307039854257]}, 'pillar_obstacle': {'pos': [0.39994824830915515, -0.3824307480766307, 0.23470116647765446], 'size': [0.033663755439403885, 0.20172185302840845, 0.0]}, 'small_block': {'pos': [0.6140097595303955, -0.3535133918987863, 0.1097032402875184], 'size': [0.04461973939918376, 0.0849493067344041, 0.09534921802665242]}}"
6.816000000000611,0.6399966260858243,0.0,0.4,0.6370329395126667,-1.374184416784779e-07,0.39999007921364954,"{'table_obstacle': {'pos': [0.3825981920028062, 0.37518922255766707, 0.1646257963690813], 'size': [0.049837904948193595, 0.0813235869879147, 0.05243307039854257]}, 'pillar_obstacle': {'pos': [0.39994824830915515, -0.3824307480766307, 0.23470116647765446], 'size': [0.033663755439403885, 0.20172185302840845, 0.0]}, 'small_block': {'pos': [0.6140097595303955, -0.3535133918987863, 0.1097032402875184], 'size': [0.04461973939918376, 0.0849493067344041, 0.09534921802665242]}}"
6.817000000000611,0.6399966260858243,0.0,0.4,0.6370747324255109,-1.5360750138256108e-07,0.3999901816710648,"{'table_obstacle': {'pos': [0.3825981920028062, 0.37518922255766707, 0.1646257963690813], 'size': [0.049837904948193595, 0.0813235869879147, 0.05243307039854257]}, 'pillar_obstacle': {'pos': [0.39994824830915515, -0.3824307480766307, 0.23470116647765446], 'size': [0.033663755439403885, 0.20172185302840845, 0.0]}, 'small_block': {'pos': [0.6140097595303955, -0.3535133918987863, 0.1097032402875184], 'size': [0.04461973939918376, 0.0849493067344041, 0.09534921802665242]}}"
6.818000000000612,0.6399966260858243,0.0,0.4,0.6371159374643434,-1.6933589546366765e-07,0.39999028374465934,"{'table_obstacle': {'pos': [0.3825981920028062, 0.37518922255766707, 0.1646257963690813], 'size': [0.049837904948193595, 0.0813235869879147, 0.05243307039854257]}, 'pillar_obstacle': {'pos': [0.39994824830915515, -0.3824307480766307, 0.23470116647765446], 'size': [0.033663755439403885, 0.20172185302840845, 0.0]}, 'small_block': {'pos': [0.6140097595303955, -0.3535133918987863, 0.1097032402875184], 'size': [0.04461973939918376, 0.0849493067344041, 0.09534921802665242]}}"
6.819000000000612,0.6399966260858243,0.0,0.4,0.637156562837711,-1.8461158513427568e-07,0.3999903854056669,"{'table_obstacle': {'pos': [0.3825981920028062, 0.37518922255766707, 0.1646257963690813], 'size': [0.049837904948193595, 0.0813235869879147, 0.05243307039854257]}, 'pillar_obstacle': {'pos': [0.39994824830915515, -0.3824307480766307, 0.23470116647765446], 'size': [0.033663755439403885, 0.20172185302840845, 0.0]}, 'small_block': {'pos': [0.6140097595303955, -0.3535133918987863, 0.1097032402875184], 'size': [0.04461973939918376, 0.0849493067344041, 0.09534921802665242]}}"
6.820000000000612,0.6399966260858243,0.0,0.4,0.6371966166453961,-1.994426610147883e-07,0.3999904866276036,"{'table_obstacle': {'pos': [0.3825981920028062, 0.37518922255766707, 0.1646257963690813], 'size': [0.049837904948193595, 0.0813235869879147, 0.05243307039854257]}, 'pillar_obstacle': {'pos': [0.39994824830915515, -0.3824307480766307, 0.23470116647765446], 'size': [0.033663755439403885, 0.20172185302840845, 0.0]}, 'small_block': {'pos': [0.6140097595303955, -0.3535133918987863, 0.1097032402875184], 'size': [0.04461973939918376, 0.0849493067344041, 0.09534921802665242]}}"
6.821000000000613,0.6399966260858243,0.0,0.4,0.6372361068789009,-2.1383729694860601e-07,0.3999905873860224,"{'table_obstacle': {'pos': [0.3825981920028062, 0.37518922255766707, 0.1646257963690813], 'size': [0.049837904948193595, 0.0813235869879147, 0.05243307039854257]}, 'pillar_obstacle': {'pos': [0.39994824830915515, -0.3824307480766307, 0.23470116647765446], 'size': [0.033663755439403885, 0.20172185302840845, 0.0]}, 'small_block': {'pos': [0.6140097595303955, -0.3535133918987863, 0.1097032402875184], 'size': [0.04461973939918376, 0.0849493067344041, 0.09534921802665242]}}"
6.822000000000613,0.6399966260858243,0.0,0.4,0.6372750414221111,-2.2780370790011623e-07,0.39999068765830115,"{'table_obstacle': {'pos': [0.3825981920028062, 0.37518922255766707, 0.1646257963690813], 'size': [0.049837904948193595, 0.0813235869879147, 0.05243307039854257]}, 'pillar_obstacle': {'pos': [0.39994824830915515, -0.3824307480766307, 0.23470116647765446], 'size': [0.033663755439403885, 0.20172185302840845, 0.0]}, 'small_block': {'pos': [0.6140097595303955, -0.3535133918987863, 0.1097032402875184], 'size': [0.04461973939918376, 0.0849493067344041, 0.09534921802665242]}}"
6.823000000000613,0.6399966260858243,0.0,0.4,0.6373134280521066,-2.4135011930293957e-07,0.3999907874234658,"{'table_obstacle': {'pos': [0.3825981920028062, 0.37518922255766707, 0.1646257963690813], 'size': [0.049837904948193595, 0.0813235869879147, 0.05243307039854257]}, 'pillar_obstacle': {'pos': [0.39994824830915515, -0.3824307480766307, 0.23470116647765446], 'size': [0.033663755439403885, 0.20172185302840845, 0.0]}, 'small_block': {'pos': [0.6140097595303955, -0.3535133918987863, 0.1097032402875184], 'size': [0.04461973939918376, 0.0849493067344041, 0.09534921802665242]}}"
6.824000000000614,0.6399966260858243,0.0,0.4,0.6373512744400798,-2.5448473890332e-07,0.3999908866620362,"{'table_obstacle': {'pos': [0.3825981920028062, 0.37518922255766707, 0.1646257963690813], 'size': [0.049837904948193595, 0.0813235869879147, 0.05243307039854257]}, 'pillar_obstacle': {'pos': [0.39994824830915515, -0.3824307480766307, 0.23470116647765446], 'size': [0.033663755439403885, 0.20172185302840845, 0.0]}, 'small_block': {'pos': [0.6140097595303955, -0.3535133918987863, 0.1097032402875184], 'size': [0.04461973939918376, 0.0849493067344041, 0.09534921802665242]}}"
6.825000000000614,0.6399966260858243,0.0,0.4,0.6373885881523516,-2.672157355209351e-07,0.3999909853558939,"{'table_obstacle': {'pos': [0.3825981920028062, 0.37518922255766707, 0.1646257963690813], 'size': [0.049837904948193595, 0.0813235869879147, 0.05243307039854257]}, 'pillar_obstacle': {'pos': [0.39994824830915515, -0.3824307480766307, 0.23470116647765446], 'size': [0.033663755439403885, 0.20172185302840845, 0.0]}, 'small_block': {'pos': [0.6140097595303955, -0.3535133918987863, 0.1097032402875184], 'size': [0.04461973939918376, 0.0849493067344041, 0.09534921802665242]}}"
6.826000000000614,0.6399966260858243,0.0,0.4,0.6374253766514505,-2.795512208681594e-07,0.3999910834881697,"{'table_obstacle': {'pos': [0.3825981920028062, 0.37518922255766707, 0.1646257963690813], 'size': [0.049837904948193595, 0.0813235869879147, 0.05243307039854257]}, 'pillar_obstacle': {'pos': [0.39994824830915515, -0.3824307480766307, 0.23470116647765446], 'size': [0.033663755439403885, 0.20172185302840845, 0.0]}, 'small_block': {'pos': [0.6140097595303955, -0.3535133918987863, 0.1097032402875184], 'size': [0.04461973939918376, 0.0849493067344041, 0.09534921802665242]}}"
6.827000000000615,0.6399966260858243,0.0,0.4,0.6374616472972447,-2.914992352819587e-07,0.3999911810431433,"{'table_obstacle': {'pos': [0.3825981920028062, 0.37518922255766707, 0.1646257963690813], 'size': [0.049837904948193595, 0.0813235869879147, 0.05243307039854257]}, 'pillar_obstacle': {'pos': [0.39994824830915515, -0.3824307480766307, 0.23470116647765446], 'size': [0.033663755439403885, 0.20172185302840845, 0.0]}, 'small_block': {'pos': [0.6140097595303955, -0.3535133918987863, 0.1097032402875184], 'size': [0.04461973939918376, 0.0849493067344041, 0.09534921802665242]}}"
6.828000000000615,0.6399966260858243,0.0,0.4,0.6374974073481183,-3.0306773572907097e-07,0.3999912780061603,"{'table_obstacle': {'pos': [0.3825981920028062, 0.37518922255766707, 0.1646257963690813], 'size': [0.049837904948193595, 0.0813235869879147, 0.05243307039854257]}, 'pillar_obstacle': {'pos': [0.39994824830915515, -0.3824307480766307, 0.23470116647765446], 'size': [0.033663755439403885, 0.20172185302840845, 0.0]}, 'small_block': {'pos': [0.6140097595303955, -0.3535133918987863, 0.1097032402875184], 'size': [0.04461973939918376, 0.0849493067344041, 0.09534921802665242]}}"
6.829000000000615,0.6399966260858243,0.0,0.4,0.6375326639621699,-3.142645871918948e-07,0.39999137436355453,"{'table_obstacle': {'pos': [0.3825981920028062, 0.37518922255766707, 0.1646257963690813], 'size': [0.049837904948193595, 0.0813235869879147, 0.05243307039854257]}, 'pillar_obstacle': {'pos': [0.39994824830915515, -0.3824307480766307, 0.23470116647765446], 'size': [0.033663755439403885, 0.20172185302840845, 0.0]}, 'small_block': {'pos': [0.6140097595303955, -0.3535133918987863, 0.1097032402875184], 'size': [0.04461973939918376, 0.0849493067344041, 0.09534921802665242]}}"
6.830000000000616,0.6399966260858243,0.0,0.4,0.637567424198438,-3.2509755501735665e-07,0.39999147010258423,"{'table_obstacle': {'pos': [0.3825981920028062, 0.37518922255766707, 0.1646257963690813], 'size': [0.049837904948193595, 0.0813235869879147, 0.05243307039854257]}, 'pillar_obstacle': {'pos': [0.39994824830915515, -0.3824307480766307, 0.23470116647765446], 'size': [0.033663755439403885, 0.20172185302840845, 0.0]}, 'small_block': {'pos': [0.6140097595303955, -0.3535133918987863, 0.1097032402875184], 'size': [0.04461973939918376, 0.0849493067344041, 0.09534921802665242]}}"
6.831000000000616,0.6399966260858243,0.0,0.4,0.6376016950181349,-3.355742986201601e-07,0.3999915652113733,"{'table_obstacle': {'pos': [0.3825981920028062, 0.37518922255766707, 0.1646257963690813], 'size': [0.049837904948193595, 0.0813235869879147, 0.05243307039854257]}, 'pillar_obstacle': {'pos': [0.39994824830915515, -0.3824307480766307, 0.23470116647765446], 'size': [0.033663755439403885, 0.20172185302840845, 0.0]}, 'small_block': {'pos': [0.6140097595303955, -0.3535133918987863, 0.1097032402875184], 'size': [0.04461973939918376, 0.0849493067344041, 0.09534921802665242]}}"
6.832000000000616,0.6399966260858243,0.0,0.4,0.6376354832858899,-3.4570236807753903e-07,0.3999916596788601,"{'table_obstacle': {'pos': [0.3825981920028062, 0.37518922255766707, 0.1646257963690813], 'size': [0.049837904948193595, 0.0813235869879147, 0.05243307039854257]}, 'pillar_obstacle': {'pos': [0.39994824830915515, -0.3824307480766307, 0.23470116647765446], 'size': [0.033663755439403885, 0.20172185302840845, 0.0]}, 'small_block': {'pos': [0.6140097595303955, -0.3535133918987863, 0.1097032402875184], 'size': [0.04461973939918376, 0.0849493067344041, 0.09534921802665242]}}"
6.833000000000617,0.6399966260858243,0.0,0.4,0.6376687957709951,-3.554892003904318e-07,0.39999175349475,"{'table_obstacle': {'pos': [0.3825981920028062, 0.37518922255766707, 0.1646257963690813], 'size': [0.049837904948193595, 0.0813235869879147, 0.05243307039854257]}, 'pillar_obstacle': {'pos': [0.39994824830915515, -0.3824307480766307, 0.23470116647765446], 'size': [0.033663755439403885, 0.20172185302840845, 0.0]}, 'small_block': {'pos': [0.6140097595303955, -0.3535133918987863, 0.1097032402875184], 'size': [0.04461973939918376, 0.0849493067344041, 0.09534921802665242]}}"
6.834000000000617,0.6399966260858243,0.0,0.4,0.6377016391486509,-3.6494211663461814e-07,0.3999918466494757,"{'table_obstacle': {'pos': [0.3825981920028062, 0.37518922255766707, 0.1646257963690813], 'size': [0.049837904948193595, 0.0813235869879147, 0.05243307039854257]}, 'pillar_obstacle': {'pos': [0.39994824830915515, -0.3824307480766307, 0.23470116647765446], 'size': [0.033663755439403885, 0.20172185302840845, 0.0]}, 'small_block': {'pos': [0.6140097595303955, -0.3535133918987863, 0.1097032402875184], 'size': [0.04461973939918376, 0.0849493067344041, 0.09534921802665242]}}"
6.835000000000617,0.6399966260858243,0.0,0.4,0.6377340200012062,-3.740683218365793e-07,0.39999193913415826,"{'table_obstacle': {'pos': [0.3825981920028062, 0.37518922255766707, 0.1646257963690813], 'size': [0.049837904948193595, 0.0813235869879147, 0.05243307039854257]}, 'pillar_obstacle': {'pos': [0.39994824830915515, -0.3824307480766307, 0.23470116647765446], 'size': [0.033663755439403885, 0.20172185302840845, 0.0]}, 'small_block': {'pos': [0.6140097595303955, -0.3535133918987863, 0.1097032402875184], 'size': [0.04461973939918376, 0.0849493067344041, 0.09534921802665242]}}"
6.836000000000618,0.6399966260858243,0.0,0.4,0.637765944819396,-3.8287490222896527e-07,0.3999920309405734,"{'table_obstacle': {'pos': [0.3825981920028062, 0.37518922255766707, 0.1646257963690813], 'size': [0.049837904948193595, 0.0813235869879147, 0.05243307039854257]}, 'pillar_obstacle': {'pos': [0.39994824830915515, -0.3824307480766307, 0.23470116647765446], 'size': [0.033663755439403885, 0.20172185302840845, 0.0]}, 'small_block': {'pos': [0.6140097595303955, -0.3535133918987863, 0.1097032402875184], 'size': [0.04461973939918376, 0.0849493067344041, 0.09534921802665242]}}"
6.837000000000618,0.6399966260858243,0.0,0.4,0.6377974200035641,-3.9136882576287225e-07,0.3999921220611202,"{'table_obstacle': {'pos': [0.3825981920028062, 0.37518922255766707, 0.1646257963690813], 'size': [0.049837904948193595, 0.0813235869879147, 0.05243307039854257]}, 'pillar_obstacle': {'pos': [0.39994824830915515, -0.3824307480766307, 0.23470116647765446], 'size': [0.033663755439403885, 0.20172185302840845, 0.0]}, 'small_block': {'pos': [0.6140097595303955, -0.3535133918987863, 0.1097032402875184], 'size': [0.04461973939918376, 0.0849493067344041, 0.09534921802665242]}}"
6.838000000000618,0.6399966260858243,0.0,0.4,0.6378284518648849,-3.995569418267152e-07,0.3999922124887917,"{'table_obstacle': {'pos': [0.3825981920028062, 0.37518922255766707, 0.1646257963690813], 'size': [0.049837904948193595, 0.0813235869879147, 0.05243307039854257]}, 'pillar_obstacle': {'pos': [0.39994824830915515, -0.3824307480766307, 0.23470116647765446], 'size': [0.033663755439403885, 0.20172185302840845, 0.0]}, 'small_block': {'pos': [0.6140097595303955, -0.3535133918987863, 0.1097032402875184], 'size': [0.04461973939918376, 0.0849493067344041, 0.09534921802665242]}}"
6.839000000000619,0.6399966260858243,0.0,0.4,0.637859046626567,-4.0744598199299953e-07,0.39999230221714893,"{'table_obstacle': {'pos': [0.3825981920028062, 0.37518922255766707, 0.1646257963690813], 'size': [0.049837904948193595, 0.0813235869879147, 0.05243307039854257]}, 'pillar_obstacle': {'pos': [0.39994824830915515, -0.3824307480766307, 0.23470116647765446], 'size': [0.033663755439403885, 0.20172185302840845, 0.0]}, 'small_block': {'pos': [0.6140097595303955, -0.3535133918987863, 0.1097032402875184], 'size': [0.04461973939918376, 0.0849493067344041, 0.09534921802665242]}}"
6.840000000000619,0.6399966260858243,0.0,0.4,0.6378892104250505,-4.150425595670302e-07,0.39999239124029584,"{'table_obstacle': {'pos': [0.3825981920028062, 0.37518922255766707, 0.1646257963690813], 'size': [0.049837904948193595, 0.0813235869879147, 0.05243307039854257]}, 'pillar_obstacle': {'pos': [0.39994824830915515, -0.3824307480766307, 0.23470116647765446], 'size': [0.033663755439403885, 0.20172185302840845, 0.0]}, 'small_block': {'pos': [0.6140097595303955, -0.3535133918987863, 0.1097032402875184], 'size': [0.04461973939918376, 0.0849493067344041, 0.09534921802665242]}}"
6.841000000000619,0.6399966260858243,0.0,0.4,0.637918949311187,-4.2235317121259683e-07,0.3999924795528558,"{'table_obstacle': {'pos': [0.3825981920028062, 0.37518922255766707, 0.1646257963690813], 'size': [0.049837904948193595, 0.0813235869879147, 0.05243307039854257]}, 'pillar_obstacle': {'pos': [0.39994824830915515, -0.3824307480766307, 0.23470116647765446], 'size': [0.033663755439403885, 0.20172185302840845, 0.0]}, 'small_block': {'pos': [0.6140097595303955, -0.3535133918987863, 0.1097032402875184], 'size': [0.04461973939918376, 0.0849493067344041, 0.09534921802665242]}}"
6.84200000000062,0.6439962262607044,0.0,0.4,0.6379482692514119,-4.2938419785218855e-07,0.3999925671499495,"{'table_obstacle': {'pos': [0.3825981920028062, 0.37518922255766707, 0.1646257963690813], 'size': [0.049837904948193595, 0.0813235869879147, 0.05243307039854257]}, 'pillar_obstacle': {'pos': [0.39994824830915515, -0.3824307480766307, 0.23470116647765446], 'size': [0.033663755439403885, 0.20172185302840845, 0.0]}, 'small_block': {'pos': [0.6140097595303955, -0.3535133918987863, 0.1097032402875184], 'size': [0.04461973939918376, 0.0849493067344041, 0.09534921802665242]}}"
6.84300000000062,0.6439962262607044,0.0,0.4,0.6379875879947754,-3.7575634128061496e-07,0.39999232983981353,"{'table_obstacle': {'pos': [0.3825981920028062, 0.37518922255766707, 0.1646257963690813], 'size': [0.049837904948193595, 0.0813235869879147, 0.05243307039854257]}, 'pillar_obstacle': {'pos': [0.39994824830915515, -0.3824307480766307, 0.23470116647765446], 'size': [0.033663755439403885, 0.20172185302840845, 0.0]}, 'small_block': {'pos': [0.6140097595303955, -0.3535133918987863, 0.1097032402875184], 'size': [0.04461973939918376, 0.0849493067344041, 0.09534921802665242]}}"
6.84400000000062,0.6439962262607044,0.0,0.4,0.6380348340036749,-2.857917323054011e-07,0.399991891189419,"{'table_obstacle': {'pos': [0.3825981920028062, 0.37518922255766707, 0.1646257963690813], 'size': [0.049837904948193595, 0.0813235869879147, 0.05243307039854257]}, 'pillar_obstacle': {'pos': [0.39994824830915515, -0.3824307480766307, 0.23470116647765446], 'size': [0.033663755439403885, 0.20172185302840845, 0.0]}, 'small_block': {'pos': [0.6140097595303955, -0.3535133918987863, 0.1097032402875184], 'size': [0.04461973939918376, 0.0849493067344041, 0.09534921802665242]}}"
6.845000000000621,0.6439962262607044,0.0,0.4,0.6380883217378265,-1.7676838502274445e-07,0.3999913393261739,"{'table_obstacle': {'pos': [0.3825981920028062, 0.37518922255766707, 0.1646257963690813], 'size': [0.049837904948193595, 0.0813235869879147, 0.05243307039854257]}, 'pillar_obstacle': {'pos': [0.39994824830915515, -0.3824307480766307, 0.23470116647765446], 'size': [0.033663755439403885, 0.20172185302840845, 0.0]}, 'small_block': {'pos': [0.6140097595303955, -0.3535133918987863, 0.1097032402875184], 'size': [0.04461973939918376, 0.0849493067344041, 0.09534921802665242]}}"
6.846000000000621,0.6439962262607044,0.0,0.4,0.638146680823578,-6.07133192974142e-08,0.39999073607343794,"{'table_obstacle': {'pos': [0.3825981920028062, 0.37518922255766707, 0.1646257963690813], 'size': [0.049837904948193595, 0.0813235869879147, 0.05243307039854257]}, 'pillar_obstacle': {'pos': [0.39994824830915515, -0.3824307480766307, 0.23470116647765446], 'size': [0.033663755439403885, 0.20172185302840845, 0.0]}, 'small_block': {'pos': [0.6140097595303955, -0.3535133918987863, 0.1097032402875184], 'size': [0.04461973939918376, 0.0849493067344041, 0.09534921802665242]}}"
6.847000000000621,0.6439962262607044,0.0,0.4,0.6382087980026219,5.423155507482246e-08,0.3999901238428812,"{'table_obstacle': {'pos': [0.3825981920028062, 0.37518922255766707, 0.1646257963690813], 'size': [0.049837904948193595, 0.0813235869879147, 0.05243307039854257]}, 'pillar_obstacle': {'pos': [0.39994824830915515, -0.3824307480766307, 0.23470116647765446], 'size': [0.033663755439403885, 0.20172185302840845, 0.0]}, 'small_block': {'pos': [0.6140097595303955, -0.3535133918987863, 0.1097032402875184], 'size': [0.04461973939918376, 0.0849493067344041, 0.09534921802665242]}}"
6.848000000000622,0.6439962262607044,0.0,0.4,0.638273769629724,1.6277259062904467e-07,0.3999895308247243,"{'table_obstacle': {'pos': [0.3825981920028062, 0.37518922255766707, 0.1646257963690813], 'size': [0.049837904948193595, 0.0813235869879147, 0.05243307039854257]}, 'pillar_obstacle': {'pos': [0.39994824830915515, -0.3824307480766307, 0.23470116647765446], 'size': [0.033663755439403885, 0.20172185302840845, 0.0]}, 'small_block': {'pos': [0.6140097595303955, -0.3535133918987863, 0.1097032402875184], 'size': [0.04461973939918376, 0.0849493067344041, 0.09534921802665242]}}"
6.849000000000622,0.6439962262607044,0.0,0.4,0.6383408628515654,2.6168060925391066e-07,0.39998897488583074,"{'table_obstacle': {'pos': [0.3825981920028062, 0.37518922255766707, 0.1646257963690813], 'size': [0.049837904948193595, 0.0813235869879147, 0.05243307039854257]}, 'pillar_obstacle': {'pos': [0.39994824830915515, -0.3824307480766307, 0.23470116647765446], 'size': [0.033663755439403885, 0.20172185302840845, 0.0]}, 'small_block': {'pos': [0.6140097595303955, -0.3535133918987863, 0.1097032402875184], 'size': [0.04461973939918376, 0.0849493067344041, 0.09534921802665242]}}"
6.850000000000622,0.6439962262607044,0.0,0.4,0.6384094839121509,3.492013718244327e-07,0.39998846648705016,"{'table_obstacle': {'pos': [0.3825981920028062, 0.37518922255766707, 0.1646257963690813], 'size': [0.049837904948193595, 0.0813235869879147, 0.05243307039854257]}, 'pillar_obstacle': {'pos': [0.39994824830915515, -0.3824307480766307, 0.23470116647765446], 'size': [0.033663755439403885, 0.20172185302840845, 0.0]}, 'small_block': {'pos': [0.6140097595303955, -0.3535133918987863, 0.1097032402875184], 'size': [0.04461973939918376, 0.0849493067344041, 0.09534921802665242]}}"
6.851000000000623,0.6439962262607044,0.0,0.4,0.6384791522973002,4.246148154187708e-07,0.39998801085676167,"{'table_obstacle': {'pos': [0.3825981920028062, 0.37518922255766707, 0.1646257963690813], 'size': [0.049837904948193595, 0.0813235869879147, 0.05243307039854257]}, 'pillar_obstacle': {'pos': [0.39994824830915515, -0.3824307480766307, 0.23470116647765446], 'size': [0.033663755439403885, 0.20172185302840845, 0.0]}, 'small_block': {'pos': [0.6140097595303955, -0.3535133918987863, 0.1097032402875184], 'size': [0.04461973939918376, 0.0849493067344041, 0.09534921802665242]}}"
6.852000000000623,0.6439962262607044,0.0,0.4,0.6385494796559528,4.87907881847086e-07,0.39998760960113167,"{'table_obstacle': {'pos': [0.3825981920028062, 0.37518922255766707, 0.1646257963690813], 'size': [0.049837904948193595, 0.0813235869879147, 0.05243307039854257]}, 'pillar_obstacle': {'pos': [0.39994824830915515, -0.3824307480766307, 0.23470116647765446], 'size': [0.033663755439403885, 0.20172185302840845, 0.0]}, 'small_block': {'pos': [0.6140097595303955, -0.3535133918987863, 0.1097032402875184], 'size': [0.04461973939918376, 0.0849493067344041, 0.09534921802665242]}}"
6.853000000000623,0.6439962262607044,0.0,0.4,0.6386201526244762,5.395337745575854e-07,0.39998726188868516,"{'table_obstacle': {'pos': [0.3825981920028062, 0.37518922255766707, 0.1646257963690813], 'size': [0.049837904948193595, 0.0813235869879147, 0.05243307039854257]}, 'pillar_obstacle': {'pos': [0.39994824830915515, -0.3824307480766307, 0.23470116647765446], 'size': [0.033663755439403885, 0.20172185302840845, 0.0]}, 'small_block': {'pos': [0.6140097595303955, -0.3535133918987863, 0.1097032402875184], 'size': [0.04461973939918376, 0.0849493067344041, 0.09534921802665242]}}"
6.854000000000624,0.6439962262607044,0.0,0.4,0.6386909188368949,5.802367031156643e-07,0.39998696531407946,"{'table_obstacle': {'pos': [0.3825981920028062, 0.37518922255766707, 0.1646257963690813], 'size': [0.049837904948193595, 0.0813235869879147, 0.05243307039854257]}, 'pillar_obstacle': {'pos': [0.39994824830915515, -0.3824307480766307, 0.23470116647765446], 'size': [0.033663755439403885, 0.20172185302840845, 0.0]}, 'small_block': {'pos': [0.6140097595303955, -0.3535133918987863, 0.1097032402875184], 'size': [0.04461973939918376, 0.0849493067344041, 0.09534921802665242]}}"
6.855000000000624,0.6439962262607044,0.0,0.4,0.6387615755336664,6.10926000215971e-07,0.39998671652099704,"{'table_obstacle': {'pos': [0.3825981920028062, 0.37518922255766707, 0.1646257963690813], 'size': [0.049837904948193595, 0.0813235869879147, 0.05243307039854257]}, 'pillar_obstacle': {'pos': [0.39994824830915515, -0.3824307480766307, 0.23470116647765446], 'size': [0.033663755439403885, 0.20172185302840845, 0.0]}, 'small_block': {'pos': [0.6140097595303955, -0.3535133918987863, 0.1097032402875184], 'size': [0.04461973939918376, 0.0849493067344041, 0.09534921802665242]}}"
6.856000000000624,0.6439962262607044,0.0,0.4,0.6388319602886223,6.325872525011824e-07,0.39998651164497007,"{'table_obstacle': {'pos': [0.3825981920028062, 0.37518922255766707, 0.1646257963690813], 'size': [0.049837904948193595, 0.0813235869879147, 0.05243307039854257]}, 'pillar_obstacle': {'pos': [0.39994824830915515, -0.3824307480766307, 0.23470116647765446], 'size': [0.033663755439403885, 0.20172185302840845, 0.0]}, 'small_block': {'pos': [0.6140097595303955, -0.3535133918987863, 0.1097032402875184], 'size': [0.04461973939918376, 0.0849493067344041, 0.09534921802665242]}}"
6.857000000000625,0.6439962262607044,0.0,0.4,0.6389019434616497,6.462209811277253e-07,0.3999863466223463,"{'table_obstacle': {'pos': [0.3825981920028062, 0.37518922255766707, 0.1646257963690813], 'size': [0.049837904948193595, 0.0813235869879147, 0.05243307039854257]}, 'pillar_obstacle': {'pos': [0.39994824830915515, -0.3824307480766307, 0.23470116647765446], 'size': [0.033663755439403885, 0.20172185302840845, 0.0]}, 'small_block': {'pos': [0.6140097595303955, -0.3535133918987863, 0.1097032402875184], 'size': [0.04461973939918376, 0.0849493067344041, 0.09534921802665242]}}"
6.858000000000625,0.6439962262607044,0.0,0.4,0.6389714220568536,6.52801666714369e-07,0.3999862174004164,"{'table_obstacle': {'pos': [0.3825981920028062, 0.37518922255766707, 0.1646257963690813], 'size': [0.049837904948193595, 0.0813235869879147, 0.05243307039854257]}, 'pillar_obstacle': {'pos': [0.39994824830915515, -0.3824307480766307, 0.23470116647765446], 'size': [0.033663755439403885, 0.20172185302840845, 0.0]}, 'small_block': {'pos': [0.6140097595303955, -0.3535133918987863, 0.1097032402875184], 'size': [0.04461973939918376, 0.0849493067344041, 0.09534921802665242]}}"
6.859000000000625,0.6439962262607044,0.0,0.4,0.6390403147250254,6.532516394343876e-07,0.39998612007518275,"{'table_obstacle': {'pos': [0.3825981920028062, 0.37518922255766707, 0.1646257963690813], 'size': [0.049837904948193595, 0.0813235869879147, 0.05243307039854257]}, 'pillar_obstacle': {'pos': [0.39994824830915515, -0.3824307480766307, 0.23470116647765446], 'size': [0.033663755439403885, 0.20172185302840845, 0.0]}, 'small_block': {'pos': [0.6140097595303955, -0.3535133918987863, 0.1097032402875184], 'size': [0.04461973939918376, 0.0849493067344041, 0.09534921802665242]}}"
6.860000000000626,0.6439962262607044,0.0,0.4,0.6391085576975739,6.484257006807903e-07,0.39998605097669854,"{'table_obstacle': {'pos': [0.3825981920028062, 0.37518922255766707, 0.1646257963690813], 'size': [0.049837904948193595, 0.0813235869879147, 0.05243307039854257]}, 'pillar_obstacle': {'pos': [0.39994824830915515, -0.3824307480766307, 0.23470116647765446], 'size': [0.033663755439403885, 0.20172185302840845, 0.0]}, 'small_block': {'pos': [0.6140097595303955, -0.3535133918987863, 0.1097032402875184], 'size': [0.04461973939918376, 0.0849493067344041, 0.09534921802665242]}}"
6.861000000000626,0.6439962262607044,0.0,0.4,0.6391761014785156,6.39103368276773e-07,0.3999860067169288,"{'table_obstacle': {'pos': [0.3825981920028062, 0.37518922255766707, 0.1646257963690813], 'size': [0.049837904948193595, 0.0813235869879147, 0.05243307039854257]}, 'pillar_obstacle': {'pos': [0.39994824830915515, -0.3824307480766307, 0.23470116647765446], 'size': [0.033663755439403885, 0.20172185302840845, 0.0]}, 'small_block': {'pos': [0.6140097595303955, -0.3535133918987863, 0.1097032402875184], 'size': [0.04461973939918376, 0.0849493067344041, 0.09534921802665242]}}"
6.862000000000626,0.6439962262607044,0.0,0.4,0.6392429081533341,6.259864247275578e-07,0.3999859842112763,"{'table_obstacle': {'pos': [0.3825981920028062, 0.37518922255766707, 0.1646257963690813], 'size': [0.049837904948193595, 0.0813235869879147, 0.05243307039854257]}, 'pillar_obstacle': {'pos': [0.39994824830915515, -0.3824307480766307, 0.23470116647765446], 'size': [0.033663755439403885, 0.20172185302840845, 0.0]}, 'small_block': {'pos': [0.6140097595303955, -0.3535133918987863, 0.1097032402875184], 'size': [0.04461973939918376, 0.0849493067344041, 0.09534921802665242]}}"
6.863000000000627,0.6439962262607044,0.0,0.4,0.6393089491997649,6.097000522824865e-07,0.3999859806820312,"{'table_obstacle': {'pos': [0.3825981920028062, 0.37518922255766707, 0.1646257963690813], 'size': [0.049837904948193595, 0.0813235869879147, 0.05243307039854257]}, 'pillar_obstacle': {'pos': [0.39994824830915515, -0.3824307480766307, 0.23470116647765446], 'size': [0.033663755439403885, 0.20172185302840845, 0.0]}, 'small_block': {'pos': [0.6140097595303955, -0.3535133918987863, 0.1097032402875184], 'size': [0.04461973939918376, 0.0849493067344041, 0.09534921802665242]}}"
6.864000000000627,0.6439962262607044,0.0,0.4,0.6393742037069475,5.907962927465278e-07,0.3999859936498079,"{'table_obstacle': {'pos': [0.3825981920028062, 0.37518922255766707, 0.1646257963690813], 'size': [0.049837904948193595, 0.0813235869879147, 0.05243307039854257]}, 'pillar_obstacle': {'pos': [0.39994824830915515, -0.3824307480766307, 0.23470116647765446], 'size': [0.033663755439403885, 0.20172185302840845, 0.0]}, 'small_block': {'pos': [0.6140097595303955, -0.3535133918987863, 0.1097032402875184], 'size': [0.04461973939918376, 0.0849493067344041, 0.09534921802665242]}}"
6.865000000000627,0.6439962262607044,0.0,0.4,0.6394386569268293,5.697589206249506e-07,0.399986020917389,"{'table_obstacle': {'pos': [0.3825981920028062, 0.37518922255766707, 0.1646257963690813], 'size': [0.049837904948193595, 0.0813235869879147, 0.05243307039854257]}, 'pillar_obstacle': {'pos': [0.39994824830915515, -0.3824307480766307, 0.23470116647765446], 'size': [0.033663755439403885, 0.20172185302840845, 0.0]}, 'small_block': {'pos': [0.6140097595303955, -0.3535133918987863, 0.1097032402875184], 'size': [0.04461973939918376, 0.0849493067344041, 0.09534921802665242]}}"
6.866000000000628,0.6439962262607044,0.0,0.4,0.6395022990958616,5.47009076792352e-07,0.39998606054914304,"{'table_obstacle': {'pos': [0.3825981920028062, 0.37518922255766707, 0.1646257963690813], 'size': [0.049837904948193595, 0.0813235869879147, 0.05243307039854257]}, 'pillar_obstacle': {'pos': [0.39994824830915515, -0.3824307480766307, 0.23470116647765446], 'size': [0.033663755439403885, 0.20172185302840845, 0.0]}, 'small_block': {'pos': [0.6140097595303955, -0.3535133918987863, 0.1097032402875184], 'size': [0.04461973939918376, 0.0849493067344041, 0.09534921802665242]}}"
6.867000000000628,0.6439962262607044,0.0,0.4,0.6395651244766068,5.229112025029284e-07,0.3999861108482625,"{'table_obstacle': {'pos': [0.3825981920028062, 0.37518922255766707, 0.1646257963690813], 'size': [0.049837904948193595, 0.0813235869879147, 0.05243307039854257]}, 'pillar_obstacle': {'pos': [0.39994824830915515, -0.3824307480766307, 0.23470116647765446], 'size': [0.033663755439403885, 0.20172185302840845, 0.0]}, 'small_block': {'pos': [0.6140097595303955, -0.3535133918987863, 0.1097032402875184], 'size': [0.04461973939918376, 0.0849493067344041, 0.09534921802665242]}}"
6.868000000000628,0.6439962262607044,0.0,0.4,0.6396271305782523,4.977789664029432e-07,0.3999861703333735,"{'table_obstacle': {'pos': [0.3825981920028062, 0.37518922255766707, 0.1646257963690813], 'size': [0.049837904948193595, 0.0813235869879147, 0.05243307039854257]}, 'pillar_obstacle': {'pos': [0.39994824830915515, -0.3824307480766307, 0.23470116647765446], 'size': [0.033663755439403885, 0.20172185302840845, 0.0]}, 'small_block': {'pos': [0.6140097595303955, -0.3535133918987863, 0.1097032402875184], 'size': [0.04461973939918376, 0.0849493067344041, 0.09534921802665242]}}"
6.869000000000629,0.6439962262607044,0.0,0.4,0.6396883175226764,4.718809717769714e-07,0.3999862377155613,"{'table_obstacle': {'pos': [0.3825981920028062, 0.37518922255766707, 0.1646257963690813], 'size': [0.049837904948193595, 0.0813235869879147, 0.05243307039854257]}, 'pillar_obstacle': {'pos': [0.39994824830915515, -0.3824307480766307, 0.23470116647765446], 'size': [0.033663755439403885, 0.20172185302840845, 0.0]}, 'small_block': {'pos': [0.6140097595303955, -0.3535133918987863, 0.1097032402875184], 'size': [0.04461973939918376, 0.0849493067344041, 0.09534921802665242]}}"
6.870000000000629,0.6439962262607044,0.0,0.4,0.6397486875289402,4.4544612453900304e-07,0.39998631187648276,"{'table_obstacle': {'pos': [0.3825981920028062, 0.37518922255766707, 0.1646257963690813], 'size': [0.049837904948193595, 0.0813235869879147, 0.05243307039854257]}, 'pillar_obstacle': {'pos': [0.39994824830915515, -0.3824307480766307, 0.23470116647765446], 'size': [0.033663755439403885, 0.20172185302840845, 0.0]}, 'small_block': {'pos': [0.6140097595303955, -0.3535133918987863, 0.1097032402875184], 'size': [0.04461973939918376, 0.0849493067344041, 0.09534921802665242]}}"
6.871000000000629,0.6439962262607044,0.0,0.4,0.6398082444941262,4.1866858037445644e-07,0.39998639184797113,"{'table_obstacle': {'pos': [0.3825981920028062, 0.37518922255766707, 0.1646257963690813], 'size': [0.049837904948193595, 0.0813235869879147, 0.05243307039854257]}, 'pillar_obstacle': {'pos': [0.39994824830915515, -0.3824307480766307, 0.23470116647765446], 'size': [0.033663755439403885, 0.20172185302840845, 0.0]}, 'small_block': {'pos': [0.6140097595303955, -0.3535133918987863, 0.1097032402875184], 'size': [0.04461973939918376, 0.0849493067344041, 0.09534921802665242]}}"
6.87200000000063,0.6439962262607044,0.0,0.4,0.6398669936525737,3.917122449298434e-07,0.39998647679334265,"{'table_obstacle': {'pos': [0.3825981920028062, 0.37518922255766707, 0.1646257963690813], 'size': [0.049837904948193595, 0.0813235869879147, 0.05243307039854257]}, 'pillar_obstacle': {'pos': [0.39994824830915515, -0.3824307480766307, 0.23470116647765446], 'size': [0.033663755439403885, 0.20172185302840845, 0.0]}, 'small_block': {'pos': [0.6140097595303955, -0.3535133918987863, 0.1097032402875184], 'size': [0.04461973939918376, 0.0849493067344041, 0.09534921802665242]}}"
6.87300000000063,0.6439962262607044,0.0,0.4,0.6399249412988985,3.647148168474434e-07,0.39998656599048943,"{'table_obstacle': {'pos': [0.3825981920028062, 0.37518922255766707, 0.1646257963690813], 'size': [0.049837904948193595, 0.0813235869879147, 0.05243307039854257]}, 'pillar_obstacle': {'pos': [0.39994824830915515, -0.3824307480766307, 0.23470116647765446], 'size': [0.033663755439403885, 0.20172185302840845, 0.0]}, 'small_block': {'pos': [0.6140097595303955, -0.3535133918987863, 0.1097032402875184], 'size': [0.04461973939918376, 0.0849493067344041, 0.09534921802665242]}}"
6.87400000000063,0.6439962262607044,0.0,0.4,0.639982094562919,3.3779138915456823e-07,0.3999866588167411,"{'table_obstacle': {'pos': [0.3825981920028062, 0.37518922255766707, 0.1646257963690813], 'size': [0.049837904948193595, 0.0813235869879147, 0.05243307039854257]}, 'pillar_obstacle': {'pos': [0.39994824830915515, -0.3824307480766307, 0.23470116647765446], 'size': [0.033663755439403885, 0.20172185302840845, 0.0]}, 'small_block': {'pos': [0.6140097595303955, -0.3535133918987863, 0.1097032402875184], 'size': [0.04461973939918376, 0.0849493067344041, 0.09534921802665242]}}"
6.875000000000631,0.6439962262607044,0.0,0.4,0.6400384612268142,3.1103763007708936e-07,0.39998675473543244,"{'table_obstacle': {'pos': [0.3825981920028062, 0.37518922255766707, 0.1646257963690813], 'size': [0.049837904948193595, 0.0813235869879147, 0.05243307039854257]}, 'pillar_obstacle': {'pos': [0.39994824830915515, -0.3824307480766307, 0.23470116647765446], 'size': [0.033663755439403885, 0.20172185302840845, 0.0]}, 'small_block': {'pos': [0.6140097595303955, -0.3535133918987863, 0.1097032402875184], 'size': [0.04461973939918376, 0.0849493067344041, 0.09534921802665242]}}"
6.876000000000631,0.6439962262607044,0.0,0.4,0.640094049576648,2.845325727577656e-07,0.39998685328406386,"{'table_obstacle': {'pos': [0.3825981920028062, 0.37518922255766707, 0.1646257963690813], 'size': [0.049837904948193595, 0.0813235869879147, 0.05243307039854257]}, 'pillar_obstacle': {'pos': [0.39994824830915515, -0.3824307480766307, 0.23470116647765446], 'size': [0.033663755439403885, 0.20172185302840845, 0.0]}, 'small_block': {'pos': [0.6140097595303955, -0.3535133918987863, 0.1097032402875184], 'size': [0.04461973939918376, 0.0849493067344041, 0.09534921802665242]}}"
6.877000000000631,0.6439962262607044,0.0,0.4,0.6401488682818655,2.583410542871745e-07,0.399986954063933,"{'table_obstacle': {'pos': [0.3825981920028062, 0.37518922255766707, 0.1646257963690813], 'size': [0.049837904948193595, 0.0813235869879147, 0.05243307039854257]}, 'pillar_obstacle': {'pos': [0.39994824830915515, -0.3824307480766307, 0.23470116647765446], 'size': [0.033663755439403885, 0.20172185302840845, 0.0]}, 'small_block': {'pos': [0.6140097595303955, -0.3535133918987863, 0.1097032402875184], 'size': [0.04461973939918376, 0.0849493067344041, 0.09534921802665242]}}"
6.878000000000632,0.6439962262607044,0.0,0.4,0.6402029262975428,2.325158282505932e-07,0.3999870567310993,"{'table_obstacle': {'pos': [0.3825981920028062, 0.37518922255766707, 0.1646257963690813], 'size': [0.049837904948193595, 0.0813235869879147, 0.05243307039854257]}, 'pillar_obstacle': {'pos': [0.39994824830915515, -0.3824307480766307, 0.23470116647765446], 'size': [0.033663755439403885, 0.20172185302840845, 0.0]}, 'small_block': {'pos': [0.6140097595303955, -0.3535133918987863, 0.1097032402875184], 'size': [0.04461973939918376, 0.0849493067344041, 0.09534921802665242]}}"
6.879000000000632,0.6439962262607044,0.0,0.4,0.6402562327851626,2.0709939605453217e-07,0.3999871609885456,"{'table_obstacle': {'pos': [0.3825981920028062, 0.37518922255766707, 0.1646257963690813], 'size': [0.049837904948193595, 0.0813235869879147, 0.05243307039854257]}, 'pillar_obstacle': {'pos': [0.39994824830915515, -0.3824307480766307, 0.23470116647765446], 'size': [0.033663755439403885, 0.20172185302840845, 0.0]}, 'small_block': {'pos': [0.6140097595303955, -0.3535133918987863, 0.1097032402875184], 'size': [0.04461973939918376, 0.0849493067344041, 0.09534921802665242]}}"
6.880000000000632,0.6439962262607044,0.0,0.4,0.6403087970484567,1.821255812015809e-07,0.3999872665794039,"{'table_obstacle': {'pos': [0.3825981920028062, 0.37518922255766707, 0.1646257963690813], 'size': [0.049837904948193595, 0.0813235869879147, 0.05243307039854257]}, 'pillar_obstacle': {'pos': [0.39994824830915515, -0.3824307480766307, 0.23470116647765446], 'size': [0.033663755439403885, 0.20172185302840845, 0.0]}, 'small_block': {'pos': [0.6140097595303955, -0.3535133918987863, 0.1097032402875184], 'size': [0.04461973939918376, 0.0849493067344041, 0.09534921802665242]}}"
6.881000000000633,0.6439962262607044,0.0,0.4,0.6403606284815184,1.5762088350871823e-07,0.3999873732811237,"{'table_obstacle': {'pos': [0.3825981920028062, 0.37518922255766707, 0.1646257963690813], 'size': [0.049837904948193595, 0.0813235869879147, 0.05243307039854257]}, 'pillar_obstacle': {'pos': [0.39994824830915515, -0.3824307480766307, 0.23470116647765446], 'size': [0.033663755439403885, 0.20172185302840845, 0.0]}, 'small_block': {'pos': [0.6140097595303955, -0.3535133918987863, 0.1097032402875184], 'size': [0.04461973939918376, 0.0849493067344041, 0.09534921802665242]}}"
6.882000000000633,0.6439962262607044,0.0,0.4,0.6404117365268938,1.3360563531620413e-07,0.39998748090046,"{'table_obstacle': {'pos': [0.3825981920028062, 0.37518922255766707, 0.1646257963690813], 'size': [0.049837904948193595, 0.0813235869879147, 0.05243307039854257]}, 'pillar_obstacle': {'pos': [0.39994824830915515, -0.3824307480766307, 0.23470116647765446], 'size': [0.033663755439403885, 0.20172185302840845, 0.0]}, 'small_block': {'pos': [0.6140097595303955, -0.3535133918987863, 0.1097032402875184], 'size': [0.04461973939918376, 0.0849493067344041, 0.09534921802665242]}}"
6.883000000000633,0.6439962262607044,0.0,0.4,0.6404621306417941,1.1009499114172844e-07,0.3999875892691859,"{'table_obstacle': {'pos': [0.3825981920028062, 0.37518922255766707, 0.1646257963690813], 'size': [0.049837904948193595, 0.0813235869879147, 0.05243307039854257]}, 'pillar_obstacle': {'pos': [0.39994824830915515, -0.3824307480766307, 0.23470116647765446], 'size': [0.033663755439403885, 0.20172185302840845, 0.0]}, 'small_block': {'pos': [0.6140097595303955, -0.3535133918987863, 0.1097032402875184], 'size': [0.04461973939918376, 0.0849493067344041, 0.09534921802665242]}}"
6.884000000000634,0.6439962262607044,0.0,0.4,0.640511820270918,8.709976817362837e-08,0.3999876982404254,"{'table_obstacle': {'pos': [0.3825981920028062, 0.37518922255766707, 0.1646257963690813], 'size': [0.049837904948193595, 0.0813235869879147, 0.05243307039854257]}, 'pillar_obstacle': {'pos': [0.39994824830915515, -0.3824307480766307, 0.23470116647765446], 'size': [0.033663755439403885, 0.20172185302840845, 0.0]}, 'small_block': {'pos': [0.6140097595303955, -0.3535133918987863, 0.1097032402875184], 'size': [0.04461973939918376, 0.0849493067344041, 0.09534921802665242]}}"
6.885000000000634,0.6439962262607044,0.0,0.4,0.6405608148246494,6.462716143993545e-08,0.3999878076855283,"{'table_obstacle': {'pos': [0.3825981920028062, 0.37518922255766707, 0.1646257963690813], 'size': [0.049837904948193595, 0.0813235869879147, 0.05243307039854257]}, 'pillar_obstacle': {'pos': [0.39994824830915515, -0.3824307480766307, 0.23470116647765446], 'size': [0.033663755439403885, 0.20172185302840845, 0.0]}, 'small_block': {'pos': [0.6140097595303955, -0.3535133918987863, 0.1097032402875184], 'size': [0.04461973939918376, 0.0849493067344041, 0.09534921802665242]}}"
6.886000000000634,0.6439962262607044,0.0,0.4,0.6406091236616291,4.268134958435829e-08,0.39998791749140905,"{'table_obstacle': {'pos': [0.3825981920028062, 0.37518922255766707, 0.1646257963690813], 'size': [0.049837904948193595, 0.0813235869879147, 0.05243307039854257]}, 'pillar_obstacle': {'pos': [0.39994824830915515, -0.3824307480766307, 0.23470116647765446], 'size': [0.033663755439403885, 0.20172185302840845, 0.0]}, 'small_block': {'pos': [0.6140097595303955, -0.3535133918987863, 0.1097032402875184], 'size': [0.04461973939918376, 0.0849493067344041, 0.09534921802665242]}}"
6.887000000000635,0.6439962262607044,0.0,0.4,0.6406567560748851,2.1264008039680622e-08,0.39998802755828466,"{'table_obstacle': {'pos': [0.3825981920028062, 0.37518922255766707, 0.1646257963690813], 'size': [0.049837904948193595, 0.0813235869879147, 0.05243307039854257]}, 'pillar_obstacle': {'pos': [0.39994824830915515, -0.3824307480766307, 0.23470116647765446], 'size': [0.033663755439403885, 0.20172185302840845, 0.0]}, 'small_block': {'pos': [0.6140097595303955, -0.3535133918987863, 0.1097032402875184], 'size': [0.04461973939918376, 0.0849493067344041, 0.09534921802665242]}}"
6.888000000000635,0.6439962262607044,0.0,0.4,0.6407037212808537,3.7474083863513e-10,0.3999881377977556,"{'table_obstacle': {'pos': [0.3825981920028062, 0.37518922255766707, 0.1646257963690813], 'size': [0.049837904948193595, 0.0813235869879147, 0.05243307039854257]}, 'pillar_obstacle': {'pos': [0.39994824830915515, -0.3824307480766307, 0.23470116647765446], 'size': [0.033663755439403885, 0.20172185302840845, 0.0]}, 'small_block': {'pos': [0.6140097595303955, -0.3535133918987863, 0.1097032402875184], 'size': [0.04461973939918376, 0.0849493067344041, 0.09534921802665242]}}"
6.889000000000635,0.6439962262607044,0.0,0.4,0.640750028410754,-1.9988553519520674e-08,0.39998824813117817,"{'table_obstacle': {'pos': [0.3825981920028062, 0.37518922255766707, 0.1646257963690813], 'size': [0.049837904948193595, 0.0813235869879147, 0.05243307039854257]}, 'pillar_obstacle': {'pos': [0.39994824830915515, -0.3824307480766307, 0.23470116647765446], 'size': [0.033663755439403885, 0.20172185302840845, 0.0]}, 'small_block': {'pos': [0.6140097595303955, -0.3535133918987863, 0.1097032402875184], 'size': [0.04461973939918376, 0.0849493067344041, 0.09534921802665242]}}"
6.890000000000636,0.6439962262607044,0.0,0.4,0.640795686503874,-3.982937564462528e-08,0.3999883584882846,"{'table_obstacle': {'pos': [0.3825981920028062, 0.37518922255766707, 0.1646257963690813], 'size': [0.049837904948193595, 0.0813235869879147, 0.05243307039854257]}, 'pillar_obstacle': {'pos': [0.39994824830915515, -0.3824307480766307, 0.23470116647765446], 'size': [0.033663755439403885, 0.20172185302840845, 0.0]}, 'small_block': {'pos': [0.6140097595303955, -0.3535133918987863, 0.1097032402875184], 'size': [0.04461973939918376, 0.0849493067344041, 0.09534921802665242]}}"
6.891000000000636,0.6439962262607044,0.0,0.4,0.6408407045024069,-5.915236727542002e-08,0.3999884688060175,"{'table_obstacle': {'pos': [0.3825981920028062, 0.37518922255766707, 0.1646257963690813], 'size': [0.049837904948193595, 0.0813235869879147, 0.05243307039854257]}, 'pillar_obstacle': {'pos': [0.39994824830915515, -0.3824307480766307, 0.23470116647765446], 'size': [0.033663755439403885, 0.20172185302840845, 0.0]}, 'small_block': {'pos': [0.6140097595303955, -0.3535133918987863, 0.1097032402875184], 'size': [0.04461973939918376, 0.0849493067344041, 0.09534921802665242]}}"
6.892000000000636,0.6439962262607044,0.0,0.4,0.640885091247552,-7.796309369974786e-08,0.39998857902753954,"{'table_obstacle': {'pos': [0.3825981920028062, 0.37518922255766707, 0.1646257963690813], 'size': [0.049837904948193595, 0.0813235869879147, 0.05243307039854257]}, 'pillar_obstacle': {'pos': [0.39994824830915515, -0.3824307480766307, 0.23470116647765446], 'size': [0.033663755439403885, 0.20172185302840845, 0.0]}, 'small_block': {'pos': [0.6140097595303955, -0.3535133918987863, 0.1097032402875184], 'size': [0.04461973939918376, 0.0849493067344041, 0.09534921802665242]}}"
6.893000000000637,0.6439962262607044,0.0,0.4,0.640928855476634,-9.626786390493503e-08,0.39998868910140006,"{'table_obstacle': {'pos': [0.3825981920028062, 0.37518922255766707, 0.1646257963690813], 'size': [0.049837904948193595, 0.0813235869879147, 0.05243307039854257]}, 'pillar_obstacle': {'pos': [0.39994824830915515, -0.3824307480766307, 0.23470116647765446], 'size': [0.033663755439403885, 0.20172185302840845, 0.0]}, 'small_block': {'pos': [0.6140097595303955, -0.3535133918987863, 0.1097032402875184], 'size': [0.04461973939918376, 0.0849493067344041, 0.09534921802665242]}}"
6.894000000000637,0.6439962262607044,0.0,0.4,0.6409720058210562,-1.1407357814368975e-07,0.39998879898082745,"{'table_obstacle': {'pos': [0.3825981920028062, 0.37518922255766707, 0.1646257963690813], 'size': [0.049837904948193595, 0.0813235869879147, 0.05243307039854257]}, 'pillar_obstacle': {'pos': [0.39994824830915515, -0.3824307480766307, 0.23470116647765446], 'size': [0.033663755439403885, 0.20172185302840845, 0.0]}, 'small_block': {'pos': [0.6140097595303955, -0.3535133918987863, 0.1097032402875184], 'size': [0.04461973939918376, 0.0849493067344041, 0.09534921802665242]}}"
6.895000000000637,0.6439962262607044,0.0,0.4,0.6410145508049193,-1.313876014532536e-07,0.3999889086231307,"{'table_obstacle': {'pos': [0.3825981920028062, 0.37518922255766707, 0.1646257963690813], 'size': [0.049837904948193595, 0.0813235869879147, 0.05243307039854257]}, 'pillar_obstacle': {'pos': [0.39994824830915515, -0.3824307480766307, 0.23470116647765446], 'size': [0.033663755439403885, 0.20172185302840845, 0.0]}, 'small_block': {'pos': [0.6140097595303955, -0.3535133918987863, 0.1097032402875184], 'size': [0.04461973939918376, 0.0849493067344041, 0.09534921802665242]}}"
6.896000000000638,0.6439962262607044,0.0,0.4,0.6410564988441911,-1.482176581272186e-07,0.39998901798919373,"{'table_obstacle': {'pos': [0.3825981920028062, 0.37518922255766707, 0.1646257963690813], 'size': [0.049837904948193595, 0.0813235869879147, 0.05243307039854257]}, 'pillar_obstacle': {'pos': [0.39994824830915515, -0.3824307480766307, 0.23470116647765446], 'size': [0.033663755439403885, 0.20172185302840845, 0.0]}, 'small_block': {'pos': [0.6140097595303955, -0.3535133918987863, 0.1097032402875184], 'size': [0.04461973939918376, 0.0849493067344041, 0.09534921802665242]}}"
6.897000000000638,0.6439962262607044,0.0,0.4,0.6410978582463075,-1.6457174376539842e-07,0.3999891270430463,"{'table_obstacle': {'pos': [0.3825981920028062, 0.37518922255766707, 0.1646257963690813], 'size': [0.049837904948193595, 0.0813235869879147, 0.05243307039854257]}, 'pillar_obstacle': {'pos': [0.39994824830915515, -0.3824307480766307, 0.23470116647765446], 'size': [0.033663755439403885, 0.20172185302840845, 0.0]}, 'small_block': {'pos': [0.6140097595303955, -0.3535133918987863, 0.1097032402875184], 'size': [0.04461973939918376, 0.0849493067344041, 0.09534921802665242]}}"
6.898000000000638,0.6439962262607044,0.0,0.4,0.6411386372101318,-1.8045805233425965e-07,0.39998923575150014,"{'table_obstacle': {'pos': [0.3825981920028062, 0.37518922255766707, 0.1646257963690813], 'size': [0.049837904948193595, 0.0813235869879147, 0.05243307039854257]}, 'pillar_obstacle': {'pos': [0.39994824830915515, -0.3824307480766307, 0.23470116647765446], 'size': [0.033663755439403885, 0.20172185302840845, 0.0]}, 'small_block': {'pos': [0.6140097595303955, -0.3535133918987863, 0.1097032402875184], 'size': [0.04461973939918376, 0.0849493067344041, 0.09534921802665242]}}"
6.899000000000639,0.6439962262607044,0.0,0.4,0.6411788438261967,-1.958849152074964e-07,0.3999893440838407,"{'table_obstacle': {'pos': [0.3825981920028062, 0.37518922255766707, 0.1646257963690813], 'size': [0.049837904948193595, 0.0813235869879147, 0.05243307039854257]}, 'pillar_obstacle': {'pos': [0.39994824830915515, -0.3824307480766307, 0.23470116647765446], 'size': [0.033663755439403885, 0.20172185302840845, 0.0]}, 'small_block': {'pos': [0.6140097595303955, -0.3535133918987863, 0.1097032402875184], 'size': [0.04461973939918376, 0.0849493067344041, 0.09534921802665242]}}"
6.900000000000639,0.6439962262607044,0.0,0.4,0.6412184860771752,-2.1086075195302477e-07,0.3999894520115636,"{'table_obstacle': {'pos': [0.3825981920028062, 0.37518922255766707, 0.1646257963690813], 'size': [0.049837904948193595, 0.0813235869879147, 0.05243307039854257]}, 'pillar_obstacle': {'pos': [0.39994824830915515, -0.3824307480766307, 0.23470116647765446], 'size': [0.033663755439403885, 0.20172185302840845, 0.0]}, 'small_block': {'pos': [0.6140097595303955, -0.3535133918987863, 0.1097032402875184], 'size': [0.04461973939918376, 0.0849493067344041, 0.09534921802665242]}}"
6.901000000000639,0.6439962262607044,0.0,0.4,0.6412575718385315,-2.2539402848656485e-07,0.3999895595081523,"{'table_obstacle': {'pos': [0.3825981920028062, 0.37518922255766707, 0.1646257963690813], 'size': [0.049837904948193595, 0.0813235869879147, 0.05243307039854257]}, 'pillar_obstacle': {'pos': [0.39994824830915515, -0.3824307480766307, 0.23470116647765446], 'size': [0.033663755439403885, 0.20172185302840845, 0.0]}, 'small_block': {'pos': [0.6140097595303955, -0.3535133918987863, 0.1097032402875184], 'size': [0.04461973939918376, 0.0849493067344041, 0.09534921802665242]}}"
6.90200000000064,0.6439962262607044,0.0,0.4,0.6412961088793198,-2.3949322198690585e-07,0.39998966654888524,"{'table_obstacle': {'pos': [0.3825981920028062, 0.37518922255766707, 0.1646257963690813], 'size': [0.049837904948193595, 0.0813235869879147, 0.05243307039854257]}, 'pillar_obstacle': {'pos': [0.39994824830915515, -0.3824307480766307, 0.23470116647765446], 'size': [0.033663755439403885, 0.20172185302840845, 0.0]}, 'small_block': {'pos': [0.6140097595303955, -0.3535133918987863, 0.1097032402875184], 'size': [0.04461973939918376, 0.0849493067344041, 0.09534921802665242]}}"
6.90300000000064,0.6439962262607044,0.0,0.4,0.6413341048630946,-2.5316679493655554e-07,0.39998977311067374,"{'table_obstacle': {'pos': [0.3825981920028062, 0.37518922255766707, 0.1646257963690813], 'size': [0.049837904948193595, 0.0813235869879147, 0.05243307039854257]}, 'pillar_obstacle': {'pos': [0.39994824830915515, -0.3824307480766307, 0.23470116647765446], 'size': [0.033663755439403885, 0.20172185302840845, 0.0]}, 'small_block': {'pos': [0.6140097595303955, -0.3535133918987863, 0.1097032402875184], 'size': [0.04461973939918376, 0.0849493067344041, 0.09534921802665242]}}"
6.90400000000064,0.6439962262607044,0.0,0.4,0.641371567348913,-2.66423170940675e-07,0.39998987917191836,"{'table_obstacle': {'pos': [0.3825981920028062, 0.37518922255766707, 0.1646257963690813], 'size': [0.049837904948193595, 0.0813235869879147, 0.05243307039854257]}, 'pillar_obstacle': {'pos': [0.39994824830915515, -0.3824307480766307, 0.23470116647765446], 'size': [0.033663755439403885, 0.20172185302840845, 0.0]}, 'small_block': {'pos': [0.6140097595303955, -0.3535133918987863, 0.1097032402875184], 'size': [0.04461973939918376, 0.0849493067344041, 0.09534921802665242]}}"
6.905000000000641,0.6439962262607044,0.0,0.4,0.6414085037924042,-2.7927071599591337e-07,0.3999899847123909,"{'table_obstacle': {'pos': [0.3825981920028062, 0.37518922255766707, 0.1646257963690813], 'size': [0.049837904948193595, 0.0813235869879147, 0.05243307039854257]}, 'pillar_obstacle': {'pos': [0.39994824830915515, -0.3824307480766307, 0.23470116647765446], 'size': [0.033663755439403885, 0.20172185302840845, 0.0]}, 'small_block': {'pos': [0.6140097595303955, -0.3535133918987863, 0.1097032402875184], 'size': [0.04461973939918376, 0.0849493067344041, 0.09534921802665242]}}"
6.906000000000641,0.6439962262607044,0.0,0.4,0.6414449215468939,-2.9171772385390214e-07,0.3999900897131266,"{'table_obstacle': {'pos': [0.3825981920028062, 0.37518922255766707, 0.1646257963690813], 'size': [0.049837904948193595, 0.0813235869879147, 0.05243307039854257]}, 'pillar_obstacle': {'pos': [0.39994824830915515, -0.3824307480766307, 0.23470116647765446], 'size': [0.033663755439403885, 0.20172185302840845, 0.0]}, 'small_block': {'pos': [0.6140097595303955, -0.3535133918987863, 0.1097032402875184], 'size': [0.04461973939918376, 0.0849493067344041, 0.09534921802665242]}}"
6.907000000000641,0.6439962262607044,0.0,0.4,0.64148082786457,-3.0377240411219233e-07,0.3999901941563336,"{'table_obstacle': {'pos': [0.3825981920028062, 0.37518922255766707, 0.1646257963690813], 'size': [0.049837904948193595, 0.0813235869879147, 0.05243307039854257]}, 'pillar_obstacle': {'pos': [0.39994824830915515, -0.3824307480766307, 0.23470116647765446], 'size': [0.033663755439403885, 0.20172185302840845, 0.0]}, 'small_block': {'pos': [0.6140097595303955, -0.3535133918987863, 0.1097032402875184], 'size': [0.04461973939918376, 0.0849493067344041, 0.09534921802665242]}}"
6.908000000000642,0.6439962262607044,0.0,0.4,0.6415162298976734,-3.1544287157797786e-07,0.3999902980253122,"{'table_obstacle': {'pos': [0.3825981920028062, 0.37518922255766707, 0.1646257963690813], 'size': [0.049837904948193595, 0.0813235869879147, 0.05243307039854257]}, 'pillar_obstacle': {'pos': [0.39994824830915515, -0.3824307480766307, 0.23470116647765446], 'size': [0.033663755439403885, 0.20172185302840845, 0.0]}, 'small_block': {'pos': [0.6140097595303955, -0.3535133918987863, 0.1097032402875184], 'size': [0.04461973939918376, 0.0849493067344041, 0.09534921802665242]}}"
6.909000000000642,0.6439962262607044,0.0,0.4,0.6415511346997131,-3.267371395211491e-07,0.3999904013043855,"{'table_obstacle': {'pos': [0.3825981920028062, 0.37518922255766707, 0.1646257963690813], 'size': [0.049837904948193595, 0.0813235869879147, 0.05243307039854257]}, 'pillar_obstacle': {'pos': [0.39994824830915515, -0.3824307480766307, 0.23470116647765446], 'size': [0.033663755439403885, 0.20172185302840845, 0.0]}, 'small_block': {'pos': [0.6140097595303955, -0.3535133918987863, 0.1097032402875184], 'size': [0.04461973939918376, 0.0849493067344041, 0.09534921802665242]}}"
6.910000000000642,0.6439962262607044,0.0,0.4,0.6415855492266935,-3.3766311318093384e-07,0.3999905039788357,"{'table_obstacle': {'pos': [0.3825981920028062, 0.37518922255766707, 0.1646257963690813], 'size': [0.049837904948193595, 0.0813235869879147, 0.05243307039854257]}, 'pillar_obstacle': {'pos': [0.39994824830915515, -0.3824307480766307, 0.23470116647765446], 'size': [0.033663755439403885, 0.20172185302840845, 0.0]}, 'small_block': {'pos': [0.6140097595303955, -0.3535133918987863, 0.1097032402875184], 'size': [0.04461973939918376, 0.0849493067344041, 0.09534921802665242]}}"
6.911000000000643,0.6439962262607044,0.0,0.4,0.64161948033835,-3.4822858515512354e-07,0.3999906060348501,"{'table_obstacle': {'pos': [0.3825981920028062, 0.37518922255766707, 0.1646257963690813], 'size': [0.049837904948193595, 0.0813235869879147, 0.05243307039854257]}, 'pillar_obstacle': {'pos': [0.39994824830915515, -0.3824307480766307, 0.23470116647765446], 'size': [0.033663755439403885, 0.20172185302840845, 0.0]}, 'small_block': {'pos': [0.6140097595303955, -0.3535133918987863, 0.1097032402875184], 'size': [0.04461973939918376, 0.0849493067344041, 0.09534921802665242]}}"
6.912000000000643,0.6439962262607044,0.0,0.4,0.6416529347993855,-3.584412320761064e-07,0.39999070745947013,"{'table_obstacle': {'pos': [0.3825981920028062, 0.37518922255766707, 0.1646257963690813], 'size': [0.049837904948193595, 0.0813235869879147, 0.05243307039854257]}, 'pillar_obstacle': {'pos': [0.39994824830915515, -0.3824307480766307, 0.23470116647765446], 'size': [0.033663755439403885, 0.20172185302840845, 0.0]}, 'small_block': {'pos': [0.6140097595303955, -0.3535133918987863, 0.1097032402875184], 'size': [0.04461973939918376, 0.0849493067344041, 0.09534921802665242]}}"
6.913000000000643,0.6439962262607044,0.0,0.4,0.6416859192807093,-3.6830861194254495e-07,0.39999080824054845,"{'table_obstacle': {'pos': [0.3825981920028062, 0.37518922255766707, 0.1646257963690813], 'size': [0.049837904948193595, 0.0813235869879147, 0.05243307039854257]}, 'pillar_obstacle': {'pos': [0.39994824830915515, -0.3824307480766307, 0.23470116647765446], 'size': [0.033663755439403885, 0.20172185302840845, 0.0]}, 'small_block': {'pos': [0.6140097595303955, -0.3535133918987863, 0.1097032402875184], 'size': [0.04461973939918376, 0.0849493067344041, 0.09534921802665242]}}"
6.914000000000644,0.6439962262607044,0.0,0.4,0.64171844036067,-3.778381623320694e-07,0.39999090836670675,"{'table_obstacle': {'pos': [0.3825981920028062, 0.37518922255766707, 0.1646257963690813], 'size': [0.049837904948193595, 0.0813235869879147, 0.05243307039854257]}, 'pillar_obstacle': {'pos': [0.39994824830915515, -0.3824307480766307, 0.23470116647765446], 'size': [0.033663755439403885, 0.20172185302840845, 0.0]}, 'small_block': {'pos': [0.6140097595303955, -0.3535133918987863, 0.1097032402875184], 'size': [0.04461973939918376, 0.0849493067344041, 0.09534921802665242]}}"
6.915000000000644,0.6439962262607044,0.0,0.4,0.6417505045262853,-3.8703720020318596e-07,0.3999910078273001,"{'table_obstacle': {'pos': [0.3825981920028062, 0.37518922255766707, 0.1646257963690813], 'size': [0.049837904948193595, 0.0813235869879147, 0.05243307039854257]}, 'pillar_obstacle': {'pos': [0.39994824830915515, -0.3824307480766307, 0.23470116647765446], 'size': [0.033663755439403885, 0.20172185302840845, 0.0]}, 'small_block': {'pos': [0.6140097595303955, -0.3535133918987863, 0.1097032402875184], 'size': [0.04461973939918376, 0.0849493067344041, 0.09534921802665242]}}"
6.916000000000644,0.6439962262607044,0.0,0.4,0.64178211817446,-3.959129198102377e-07,0.39999110661238335,"{'table_obstacle': {'pos': [0.3825981920028062, 0.37518922255766707, 0.1646257963690813], 'size': [0.049837904948193595, 0.0813235869879147, 0.05243307039854257]}, 'pillar_obstacle': {'pos': [0.39994824830915515, -0.3824307480766307, 0.23470116647765446], 'size': [0.033663755439403885, 0.20172185302840845, 0.0]}, 'small_block': {'pos': [0.6140097595303955, -0.3535133918987863, 0.1097032402875184], 'size': [0.04461973939918376, 0.0849493067344041, 0.09534921802665242]}}"
6.917000000000645,0.6439962262607044,0.0,0.4,0.6418132876131972,-4.0447239352558386e-07,0.3999912047126786,"{'table_obstacle': {'pos': [0.3825981920028062, 0.37518922255766707, 0.1646257963690813], 'size': [0.049837904948193595, 0.0813235869879147, 0.05243307039854257]}, 'pillar_obstacle': {'pos': [0.39994824830915515, -0.3824307480766307, 0.23470116647765446], 'size': [0.033663755439403885, 0.20172185302840845, 0.0]}, 'small_block': {'pos': [0.6140097595303955, -0.3535133918987863, 0.1097032402875184], 'size': [0.04461973939918376, 0.0849493067344041, 0.09534921802665242]}}"
6.918000000000645,0.6439962262607044,0.0,0.4,0.6418440190628,-4.127225726474626e-07,0.399991302119548,"{'table_obstacle': {'pos': [0.3825981920028062, 0.37518922255766707, 0.1646257963690813], 'size': [0.049837904948193595, 0.0813235869879147, 0.05243307039854257]}, 'pillar_obstacle': {'pos': [0.39994824830915515, -0.3824307480766307, 0.23470116647765446], 'size': [0.033663755439403885, 0.20172185302840845, 0.0]}, 'small_block': {'pos': [0.6140097595303955, -0.3535133918987863, 0.1097032402875184], 'size': [0.04461973939918376, 0.0849493067344041, 0.09534921802665242]}}"
6.919000000000645,0.6439962262607044,0.0,0.4,0.6418743186570565,-4.2067028665078685e-07,0.39999139882496587,"{'table_obstacle': {'pos': [0.3825981920028062, 0.37518922255766707, 0.1646257963690813], 'size': [0.049837904948193595, 0.0813235869879147, 0.05243307039854257]}, 'pillar_obstacle': {'pos': [0.39994824830915515, -0.3824307480766307, 0.23470116647765446], 'size': [0.033663755439403885, 0.20172185302840845, 0.0]}, 'small_block': {'pos': [0.6140097595303955, -0.3535133918987863, 0.1097032402875184], 'size': [0.04461973939918376, 0.0849493067344041, 0.09534921802665242]}}"
6.920000000000646,0.6439962262607044,0.0,0.4,0.6419041924444199,-4.2832224498812926e-07,0.3999914948214937,"{'table_obstacle': {'pos': [0.3825981920028062, 0.37518922255766707, 0.1646257963690813], 'size': [0.049837904948193595, 0.0813235869879147, 0.05243307039854257]}, 'pillar_obstacle': {'pos': [0.39994824830915515, -0.3824307480766307, 0.23470116647765446], 'size': [0.033663755439403885, 0.20172185302840845, 0.0]}, 'small_block': {'pos': [0.6140097595303955, -0.3535133918987863, 0.1097032402875184], 'size': [0.04461973939918376, 0.0849493067344041, 0.09534921802665242]}}"
6.921000000000646,0.6439962262607044,0.0,0.4,0.6419336463891683,-4.3568503706891804e-07,0.3999915901022575,"{'table_obstacle': {'pos': [0.3825981920028062, 0.37518922255766707, 0.1646257963690813], 'size': [0.049837904948193595, 0.0813235869879147, 0.05243307039854257]}, 'pillar_obstacle': {'pos': [0.39994824830915515, -0.3824307480766307, 0.23470116647765446], 'size': [0.033663755439403885, 0.20172185302840845, 0.0]}, 'small_block': {'pos': [0.6140097595303955, -0.3535133918987863, 0.1097032402875184], 'size': [0.04461973939918376, 0.0849493067344041, 0.09534921802665242]}}"
6.922000000000646,0.6479955601240316,0.0,0.4,0.6419626863725578,-4.4276513495839784e-07,0.3999916846609231,"{'table_obstacle': {'pos': [0.3825981920028062, 0.37518922255766707, 0.1646257963690813], 'size': [0.049837904948193595, 0.0813235869879147, 0.05243307039854257]}, 'pillar_obstacle': {'pos': [0.39994824830915515, -0.3824307480766307, 0.23470116647765446], 'size': [0.033663755439403885, 0.20172185302840845, 0.0]}, 'small_block': {'pos': [0.6140097595303955, -0.3535133918987863, 0.1097032402875184], 'size': [0.04461973939918376, 0.0849493067344041, 0.09534921802665242]}}"
6.923000000000647,0.6479955601240316,0.0,0.4,0.6420016871320886,-3.8722547639373184e-07,0.3999914285041306,"{'table_obstacle': {'pos': [0.3825981920028062, 0.37518922255766707, 0.1646257963690813], 'size': [0.049837904948193595, 0.0813235869879147, 0.05243307039854257]}, 'pillar_obstacle': {'pos': [0.39994824830915515, -0.3824307480766307, 0.23470116647765446], 'size': [0.033663755439403885, 0.20172185302840845, 0.0]}, 'small_block': {'pos': [0.6140097595303955, -0.3535133918987863, 0.1097032402875184], 'size': [0.04461973939918376, 0.0849493067344041, 0.09534921802665242]}}"
6.924000000000647,0.6479955601240316,0.0,0.4,0.6420485879888148,-2.941402169076014e-07,0.39999095464333895,"{'table_obstacle': {'pos': [0.3825981920028062, 0.37518922255766707, 0.1646257963690813], 'size': [0.049837904948193595, 0.0813235869879147, 0.05243307039854257]}, 'pillar_obstacle': {'pos': [0.39994824830915515, -0.3824307480766307, 0.23470116647765446], 'size': [0.033663755439403885, 0.20172185302840845, 0.0]}, 'small_block': {'pos': [0.6140097595303955, -0.3535133918987863, 0.1097032402875184], 'size': [0.04461973939918376, 0.0849493067344041, 0.09534921802665242]}}"
6.925000000000647,0.6479955601240316,0.0,0.4,0.6421017116260384,-1.8133043435944667e-07,0.39999035798525717,"{'table_obstacle': {'pos': [0.3825981920028062, 0.37518922255766707, 0.1646257963690813], 'size': [0.049837904948193595, 0.0813235869879147, 0.05243307039854257]}, 'pillar_obstacle': {'pos': [0.39994824830915515, -0.3824307480766307, 0.23470116647765446], 'size': [0.033663755439403885, 0.20172185302840845, 0.0]}, 'small_block': {'pos': [0.6140097595303955, -0.3535133918987863, 0.1097032402875184], 'size': [0.04461973939918376, 0.0849493067344041, 0.09534921802665242]}}"
6.926000000000648,0.6479955601240316,0.0,0.4,0.642159693933011,-6.120849320422393e-08,0.39998970514964044,"{'table_obstacle': {'pos': [0.3825981920028062, 0.37518922255766707, 0.1646257963690813], 'size': [0.049837904948193595, 0.0813235869879147, 0.05243307039854257]}, 'pillar_obstacle': {'pos': [0.39994824830915515, -0.3824307480766307, 0.23470116647765446], 'size': [0.033663755439403885, 0.20172185302840845, 0.0]}, 'small_block': {'pos': [0.6140097595303955, -0.3535133918987863, 0.1097032402875184], 'size': [0.04461973939918376, 0.0849493067344041, 0.09534921802665242]}}"
6.927000000000648,0.6479955601240316,0.0,0.4,0.6422214264421724,5.781672134749447e-08,0.39998904187679385,"{'table_obstacle': {'pos': [0.3825981920028062, 0.37518922255766707, 0.1646257963690813], 'size': [0.049837904948193595, 0.0813235869879147, 0.05243307039854257]}, 'pillar_obstacle': {'pos': [0.39994824830915515, -0.3824307480766307, 0.23470116647765446], 'size': [0.033663755439403885, 0.20172185302840845, 0.0]}, 'small_block': {'pos': [0.6140097595303955, -0.3535133918987863, 0.1097032402875184], 'size': [0.04461973939918376, 0.0849493067344041, 0.09534921802665242]}}"
6.928000000000648,0.6479955601240316,0.0,0.4,0.6422860091843017,1.702727535505005e-07,0.3999883986061362,"{'table_obstacle': {'pos': [0.3825981920028062, 0.37518922255766707, 0.1646257963690813], 'size': [0.049837904948193595, 0.0813235869879147, 0.05243307039854257]}, 'pillar_obstacle': {'pos': [0.39994824830915515, -0.3824307480766307, 0.23470116647765446], 'size': [0.033663755439403885, 0.20172185302840845, 0.0]}, 'small_block': {'pos': [0.6140097595303955, -0.3535133918987863, 0.1097032402875184], 'size': [0.04461973939918376, 0.0849493067344041, 0.09534921802665242]}}"
6.929000000000649,0.6479955601240316,0.0,0.4,0.6423527121314914,2.7281666708036994e-07,0.3999877946663379,"{'table_obstacle': {'pos': [0.3825981920028062, 0.37518922255766707, 0.1646257963690813], 'size': [0.049837904948193595, 0.0813235869879147, 0.05243307039854257]}, 'pillar_obstacle': {'pos': [0.39994824830915515, -0.3824307480766307, 0.23470116647765446], 'size': [0.033663755439403885, 0.20172185302840845, 0.0]}, 'small_block': {'pos': [0.6140097595303955, -0.3535133918987863, 0.1097032402875184], 'size': [0.04461973939918376, 0.0849493067344041, 0.09534921802665242]}}"
6.930000000000649,0.6479955601240316,0.0,0.4,0.6424209436996638,3.636278728606408e-07,0.39998724141162095,"{'table_obstacle': {'pos': [0.3825981920028062, 0.37518922255766707, 0.1646257963690813], 'size': [0.049837904948193595, 0.0813235869879147, 0.05243307039854257]}, 'pillar_obstacle': {'pos': [0.39994824830915515, -0.3824307480766307, 0.23470116647765446], 'size': [0.033663755439403885, 0.20172185302840845, 0.0]}, 'small_block': {'pos': [0.6140097595303955, -0.3535133918987863, 0.1097032402875184], 'size': [0.04461973939918376, 0.0849493067344041, 0.09534921802665242]}}"
6.931000000000649,0.6479955601240316,0.0,0.4,0.6424902250415265,4.41953967621908e-07,0.39998674455880673,"{'table_obstacle': {'pos': [0.3825981920028062, 0.37518922255766707, 0.1646257963690813], 'size': [0.049837904948193595, 0.0813235869879147, 0.05243307039854257]}, 'pillar_obstacle': {'pos': [0.39994824830915515, -0.3824307480766307, 0.23470116647765446], 'size': [0.033663755439403885, 0.20172185302840845, 0.0]}, 'small_block': {'pos': [0.6140097595303955, -0.3535133918987863, 0.1097032402875184], 'size': [0.04461973939918376, 0.0849493067344041, 0.09534921802665242]}}"
6.93200000000065,0.6479955601240316,0.0,0.4,0.6425601690806785,5.077734462852372e-07,0.39998630591906037,"{'table_obstacle': {'pos': [0.3825981920028062, 0.37518922255766707, 0.1646257963690813], 'size': [0.049837904948193595, 0.0813235869879147, 0.05243307039854257]}, 'pillar_obstacle': {'pos': [0.39994824830915515, -0.3824307480766307, 0.23470116647765446], 'size': [0.033663755439403885, 0.20172185302840845, 0.0]}, 'small_block': {'pos': [0.6140097595303955, -0.3535133918987863, 0.1097032402875184], 'size': [0.04461973939918376, 0.0849493067344041, 0.09534921802665242]}}"
6.93300000000065,0.6479955601240316,0.0,0.4,0.6426304634223167,5.615473778493825e-07,0.39998592467216093,"{'table_obstacle': {'pos': [0.3825981920028062, 0.37518922255766707, 0.1646257963690813], 'size': [0.049837904948193595, 0.0813235869879147, 0.05243307039854257]}, 'pillar_obstacle': {'pos': [0.39994824830915515, -0.3824307480766307, 0.23470116647765446], 'size': [0.033663755439403885, 0.20172185302840845, 0.0]}, 'small_block': {'pos': [0.6140097595303955, -0.3535133918987863, 0.1097032402875184], 'size': [0.04461973939918376, 0.0849493067344041, 0.09534921802665242]}}"
6.93400000000065,0.6479955601240316,0.0,0.4,0.6427008564300943,6.040385173800108e-07,0.3999855982959942,"{'table_obstacle': {'pos': [0.3825981920028062, 0.37518922255766707, 0.1646257963690813], 'size': [0.049837904948193595, 0.0813235869879147, 0.05243307039854257]}, 'pillar_obstacle': {'pos': [0.39994824830915515, -0.3824307480766307, 0.23470116647765446], 'size': [0.033663755439403885, 0.20172185302840845, 0.0]}, 'small_block': {'pos': [0.6140097595303955, -0.3535133918987863, 0.1097032402875184], 'size': [0.04461973939918376, 0.0849493067344041, 0.09534921802665242]}}"
6.935000000000651,0.6479955601240316,0.0,0.4,0.6427711458866077,6.361812895894618e-07,0.39998532323712266,"{'table_obstacle': {'pos': [0.3825981920028062, 0.37518922255766707, 0.1646257963690813], 'size': [0.049837904948193595, 0.0813235869879147, 0.05243307039854257]}, 'pillar_obstacle': {'pos': [0.39994824830915515, -0.3824307480766307, 0.23470116647765446], 'size': [0.033663755439403885, 0.20172185302840845, 0.0]}, 'small_block': {'pos': [0.6140097595303955, -0.3535133918987863, 0.1097032402875184], 'size': [0.04461973939918376, 0.0849493067344041, 0.09534921802665242]}}"
6.936000000000651,0.6479955601240316,0.0,0.4,0.6428411697606757,6.589899237616927e-07,0.39998509538777105,"{'table_obstacle': {'pos': [0.3825981920028062, 0.37518922255766707, 0.1646257963690813], 'size': [0.049837904948193595, 0.0813235869879147, 0.05243307039854257]}, 'pillar_obstacle': {'pos': [0.39994824830915515, -0.3824307480766307, 0.23470116647765446], 'size': [0.033663755439403885, 0.20172185302840845, 0.0]}, 'small_block': {'pos': [0.6140097595303955, -0.3535133918987863, 0.1097032402875184], 'size': [0.04461973939918376, 0.0849493067344041, 0.09534921802665242]}}"
6.937000000000651,0.6479955601240316,0.0,0.4,0.6429107986916288,6.734950086290071e-07,0.39998491041887907,"{'table_obstacle': {'pos': [0.3825981920028062, 0.37518922255766707, 0.1646257963690813], 'size': [0.049837904948193595, 0.0813235869879147, 0.05243307039854257]}, 'pillar_obstacle': {'pos': [0.39994824830915515, -0.3824307480766307, 0.23470116647765446], 'size': [0.033663755439403885, 0.20172185302840845, 0.0]}, 'small_block': {'pos': [0.6140097595303955, -0.3535133918987863, 0.1097032402875184], 'size': [0.04461973939918376, 0.0849493067344041, 0.09534921802665242]}}"
6.938000000000652,0.6479955601240316,0.0,0.4,0.6429799298723148,6.807010387584697e-07,0.39998476400684846,"{'table_obstacle': {'pos': [0.3825981920028062, 0.37518922255766707, 0.1646257963690813], 'size': [0.049837904948193595, 0.0813235869879147, 0.05243307039854257]}, 'pillar_obstacle': {'pos': [0.39994824830915515, -0.3824307480766307, 0.23470116647765446], 'size': [0.033663755439403885, 0.20172185302840845, 0.0]}, 'small_block': {'pos': [0.6140097595303955, -0.3535133918987863, 0.1097032402875184], 'size': [0.04461973939918376, 0.0849493067344041, 0.09534921802665242]}}"
6.939000000000652,0.6479955601240316,0.0,0.4,0.6430484820711604,6.815593172012076e-07,0.3999846519824389,"{'table_obstacle': {'pos': [0.3825981920028062, 0.37518922255766707, 0.1646257963690813], 'size': [0.049837904948193595, 0.0813235869879147, 0.05243307039854257]}, 'pillar_obstacle': {'pos': [0.39994824830915515, -0.3824307480766307, 0.23470116647765446], 'size': [0.033663755439403885, 0.20172185302840845, 0.0]}, 'small_block': {'pos': [0.6140097595303955, -0.3535133918987863, 0.1097032402875184], 'size': [0.04461973939918376, 0.0849493067344041, 0.09534921802665242]}}"
6.940000000000652,0.6479955601240316,0.0,0.4,0.64311639158157,6.769519480624244e-07,0.39998457042323343,"{'table_obstacle': {'pos': [0.3825981920028062, 0.37518922255766707, 0.1646257963690813], 'size': [0.049837904948193595, 0.0813235869879147, 0.05243307039854257]}, 'pillar_obstacle': {'pos': [0.39994824830915515, -0.3824307480766307, 0.23470116647765446], 'size': [0.033663755439403885, 0.20172185302840845, 0.0]}, 'small_block': {'pos': [0.6140097595303955, -0.3535133918987863, 0.1097032402875184], 'size': [0.04461973939918376, 0.0849493067344041, 0.09534921802665242]}}"
6.941000000000653,0.6479955601240316,0.0,0.4,0.643183608926153,6.676837139014509e-07,0.3999845157057433,"{'table_obstacle': {'pos': [0.3825981920028062, 0.37518922255766707, 0.1646257963690813], 'size': [0.049837904948193595, 0.0813235869879147, 0.05243307039854257]}, 'pillar_obstacle': {'pos': [0.39994824830915515, -0.3824307480766307, 0.23470116647765446], 'size': [0.033663755439403885, 0.20172185302840845, 0.0]}, 'small_block': {'pos': [0.6140097595303955, -0.3535133918987863, 0.1097032402875184], 'size': [0.04461973939918376, 0.0849493067344041, 0.09534921802665242]}}"
6.942000000000653,0.6479955601240316,0.0,0.4,0.6432500961752666,6.544794468056854e-07,0.39998448452913105,"{'table_obstacle': {'pos': [0.3825981920028062, 0.37518922255766707, 0.1646257963690813], 'size': [0.049837904948193595, 0.0813235869879147, 0.05243307039854257]}, 'pillar_obstacle': {'pos': [0.39994824830915515, -0.3824307480766307, 0.23470116647765446], 'size': [0.033663755439403885, 0.20172185302840845, 0.0]}, 'small_block': {'pos': [0.6140097595303955, -0.3535133918987863, 0.1097032402875184], 'size': [0.04461973939918376, 0.0849493067344041, 0.09534921802665242]}}"
6.943000000000653,0.6479955601240316,0.0,0.4,0.6433158247654633,6.379851155521327e-07,0.3999844739194347,"{'table_obstacle': {'pos': [0.3825981920028062, 0.37518922255766707, 0.1646257963690813], 'size': [0.049837904948193595, 0.0813235869879147, 0.05243307039854257]}, 'pillar_obstacle': {'pos': [0.39994824830915515, -0.3824307480766307, 0.23470116647765446], 'size': [0.033663755439403885, 0.20172185302840845, 0.0]}, 'small_block': {'pos': [0.6140097595303955, -0.3535133918987863, 0.1097032402875184], 'size': [0.04461973939918376, 0.0849493067344041, 0.09534921802665242]}}"
6.944000000000654,0.6479955601240316,0.0,0.4,0.6433807737247124,6.187713319740315e-07,0.39998448122081665,"{'table_obstacle': {'pos': [0.3825981920028062, 0.37518922255766707, 0.1646257963690813], 'size': [0.049837904948193595, 0.0813235869879147, 0.05243307039854257]}, 'pillar_obstacle': {'pos': [0.39994824830915515, -0.3824307480766307, 0.23470116647765446], 'size': [0.033663755439403885, 0.20172185302840845, 0.0]}, 'small_block': {'pos': [0.6140097595303955, -0.3535133918987863, 0.1097032402875184], 'size': [0.04461973939918376, 0.0849493067344041, 0.09534921802665242]}}"
6.945000000000654,0.6479955601240316,0.0,0.4,0.6434449282285899,5.97338326985397e-07,0.39998450407858904,"{'table_obstacle': {'pos': [0.3825981920028062, 0.37518922255766707, 0.1646257963690813], 'size': [0.049837904948193595, 0.0813235869879147, 0.05243307039854257]}, 'pillar_obstacle': {'pos': [0.39994824830915515, -0.3824307480766307, 0.23470116647765446], 'size': [0.033663755439403885, 0.20172185302840845, 0.0]}, 'small_block': {'pos': [0.6140097595303955, -0.3535133918987863, 0.1097032402875184], 'size': [0.04461973939918376, 0.0849493067344041, 0.09534921802665242]}}"
6.946000000000654,0.6479955601240316,0.0,0.4,0.6435082784257667,5.741217219297373e-07,0.3999845404174309,"{'table_obstacle': {'pos': [0.3825981920028062, 0.37518922255766707, 0.1646257963690813], 'size': [0.049837904948193595, 0.0813235869879147, 0.05243307039854257]}, 'pillar_obstacle': {'pos': [0.39994824830915515, -0.3824307480766307, 0.23470116647765446], 'size': [0.033663755439403885, 0.20172185302840845, 0.0]}, 'small_block': {'pos': [0.6140097595303955, -0.3535133918987863, 0.1097032402875184], 'size': [0.04461973939918376, 0.0849493067344041, 0.09534921802665242]}}"
6.947000000000655,0.6479955601240316,0.0,0.4,0.6435708184825957,5.494986261044131e-07,0.39998458841721213,"{'table_obstacle': {'pos': [0.3825981920028062, 0.37518922255766707, 0.1646257963690813], 'size': [0.049837904948193595, 0.0813235869879147, 0.05243307039854257]}, 'pillar_obstacle': {'pos': [0.39994824830915515, -0.3824307480766307, 0.23470116647765446], 'size': [0.033663755439403885, 0.20172185302840845, 0.0]}, 'small_block': {'pos': [0.6140097595303955, -0.3535133918987863, 0.1097032402875184], 'size': [0.04461973939918376, 0.0849493067344041, 0.09534921802665242]}}"
6.948000000000655,0.6479955601240316,0.0,0.4,0.6436325458059717,5.237937264238888e-07,0.3999846464881033,"{'table_obstacle': {'pos': [0.3825981920028062, 0.37518922255766707, 0.1646257963690813], 'size': [0.049837904948193595, 0.0813235869879147, 0.05243307039854257]}, 'pillar_obstacle': {'pos': [0.39994824830915515, -0.3824307480766307, 0.23470116647765446], 'size': [0.033663755439403885, 0.20172185302840845, 0.0]}, 'small_block': {'pos': [0.6140097595303955, -0.3535133918987863, 0.1097032402875184], 'size': [0.04461973939918376, 0.0849493067344041, 0.09534921802665242]}}"
6.949000000000655,0.6479955601240316,0.0,0.4,0.6436934604112377,4.9728516577709e-07,0.3999847132460917,"{'table_obstacle': {'pos': [0.3825981920028062, 0.37518922255766707, 0.1646257963690813], 'size': [0.049837904948193595, 0.0813235869879147, 0.05243307039854257]}, 'pillar_obstacle': {'pos': [0.39994824830915515, -0.3824307480766307, 0.23470116647765446], 'size': [0.033663755439403885, 0.20172185302840845, 0.0]}, 'small_block': {'pos': [0.6140097595303955, -0.3535133918987863, 0.1097032402875184], 'size': [0.04461973939918376, 0.0849493067344041, 0.09534921802665242]}}"
6.950000000000656,0.6479955601240316,0.0,0.4,0.6437535644081146,4.7021006910032206e-07,0.39998478748963723,"{'table_obstacle': {'pos': [0.3825981920028062, 0.37518922255766707, 0.1646257963690813], 'size': [0.049837904948193595, 0.0813235869879147, 0.05243307039854257]}, 'pillar_obstacle': {'pos': [0.39994824830915515, -0.3824307480766307, 0.23470116647765446], 'size': [0.033663755439403885, 0.20172185302840845, 0.0]}, 'small_block': {'pos': [0.6140097595303955, -0.3535133918987863, 0.1097032402875184], 'size': [0.04461973939918376, 0.0849493067344041, 0.09534921802665242]}}"
6.951000000000656,0.6479955601240316,0.0,0.4,0.6438128615826587,4.4276964411612834e-07,0.3999848681778998,"{'table_obstacle': {'pos': [0.3825981920028062, 0.37518922255766707, 0.1646257963690813], 'size': [0.049837904948193595, 0.0813235869879147, 0.05243307039854257]}, 'pillar_obstacle': {'pos': [0.39994824830915515, -0.3824307480766307, 0.23470116647765446], 'size': [0.033663755439403885, 0.20172185302840845, 0.0]}, 'small_block': {'pos': [0.6140097595303955, -0.3535133918987863, 0.1097032402875184], 'size': [0.04461973939918376, 0.0849493067344041, 0.09534921802665242]}}"
6.952000000000656,0.6479955601240316,0.0,0.4,0.6438713570573658,4.1513382173019256e-07,0.3999849544107765,"{'table_obstacle': {'pos': [0.3825981920028062, 0.37518922255766707, 0.1646257963690813], 'size': [0.049837904948193595, 0.0813235869879147, 0.05243307039854257]}, 'pillar_obstacle': {'pos': [0.39994824830915515, -0.3824307480766307, 0.23470116647765446], 'size': [0.033663755439403885, 0.20172185302840845, 0.0]}, 'small_block': {'pos': [0.6140097595303955, -0.3535133918987863, 0.1097032402875184], 'size': [0.04461973939918376, 0.0849493067344041, 0.09534921802665242]}}"
6.953000000000657,0.6479955601240316,0.0,0.4,0.6439290570148595,3.8744542830749713e-07,0.3999850454108347,"{'table_obstacle': {'pos': [0.3825981920028062, 0.37518922255766707, 0.1646257963690813], 'size': [0.049837904948193595, 0.0813235869879147, 0.05243307039854257]}, 'pillar_obstacle': {'pos': [0.39994824830915515, -0.3824307480766307, 0.23470116647765446], 'size': [0.033663755439403885, 0.20172185302840845, 0.0]}, 'small_block': {'pos': [0.6140097595303955, -0.3535133918987863, 0.1097032402875184], 'size': [0.04461973939918376, 0.0849493067344041, 0.09534921802665242]}}"
6.954000000000657,0.6479955601240316,0.0,0.4,0.6439859684733279,3.5982390185832635e-07,0.39998514050713135,"{'table_obstacle': {'pos': [0.3825981920028062, 0.37518922255766707, 0.1646257963690813], 'size': [0.049837904948193595, 0.0813235869879147, 0.05243307039854257]}, 'pillar_obstacle': {'pos': [0.39994824830915515, -0.3824307480766307, 0.23470116647765446], 'size': [0.033663755439403885, 0.20172185302840845, 0.0]}, 'small_block': {'pos': [0.6140097595303955, -0.3535133918987863, 0.1097032402875184], 'size': [0.04461973939918376, 0.0849493067344041, 0.09534921802665242]}}"
6.955000000000657,0.6479955601240316,0.0,0.4,0.6440420991040695,3.323685776639779e-07,0.3999852391208487,"{'table_obstacle': {'pos': [0.3825981920028062, 0.37518922255766707, 0.1646257963690813], 'size': [0.049837904948193595, 0.0813235869879147, 0.05243307039854257]}, 'pillar_obstacle': {'pos': [0.39994824830915515, -0.3824307480766307, 0.23470116647765446], 'size': [0.033663755439403885, 0.20172185302840845, 0.0]}, 'small_block': {'pos': [0.6140097595303955, -0.3535133918987863, 0.1097032402875184], 'size': [0.04461973939918376, 0.0849493067344041, 0.09534921802665242]}}"
6.956000000000658,0.6479955601240316,0.0,0.4,0.6440974570833106,3.0516157091352365e-07,0.39998534075263087,"{'table_obstacle': {'pos': [0.3825981920028062, 0.37518922255766707, 0.1646257963690813], 'size': [0.049837904948193595, 0.0813235869879147, 0.05243307039854257]}, 'pillar_obstacle': {'pos': [0.39994824830915515, -0.3824307480766307, 0.23470116647765446], 'size': [0.033663755439403885, 0.20172185302840845, 0.0]}, 'small_block': {'pos': [0.6140097595303955, -0.3535133918987863, 0.1097032402875184], 'size': [0.04461973939918376, 0.0849493067344041, 0.09534921802665242]}}"
6.957000000000658,0.6479955601240316,0.0,0.4,0.6441520509719154,2.782702947119106e-07,0.39998544497149113,"{'table_obstacle': {'pos': [0.3825981920028062, 0.37518922255766707, 0.1646257963690813], 'size': [0.049837904948193595, 0.0813235869879147, 0.05243307039854257]}, 'pillar_obstacle': {'pos': [0.39994824830915515, -0.3824307480766307, 0.23470116647765446], 'size': [0.033663755439403885, 0.20172185302840845, 0.0]}, 'small_block': {'pos': [0.6140097595303955, -0.3535133918987863, 0.1097032402875184], 'size': [0.04461973939918376, 0.0849493067344041, 0.09534921802665242]}}"
6.958000000000658,0.6479955601240316,0.0,0.4,0.6442058896177931,2.517496463266867e-07,0.39998555140514175,"{'table_obstacle': {'pos': [0.3825981920028062, 0.37518922255766707, 0.1646257963690813], 'size': [0.049837904948193595, 0.0813235869879147, 0.05243307039854257]}, 'pillar_obstacle': {'pos': [0.39994824830915515, -0.3824307480766307, 0.23470116647765446], 'size': [0.033663755439403885, 0.20172185302840845, 0.0]}, 'small_block': {'pos': [0.6140097595303955, -0.3535133918987863, 0.1097032402875184], 'size': [0.04461973939918376, 0.0849493067344041, 0.09534921802665242]}}"
6.959000000000659,0.6479955601240316,0.0,0.4,0.6442589820767848,2.2564389981895794e-07,0.3999856597316043,"{'table_obstacle': {'pos': [0.3825981920028062, 0.37518922255766707, 0.1646257963690813], 'size': [0.049837904948193595, 0.0813235869879147, 0.05243307039854257]}, 'pillar_obstacle': {'pos': [0.39994824830915515, -0.3824307480766307, 0.23470116647765446], 'size': [0.033663755439403885, 0.20172185302840845, 0.0]}, 'small_block': {'pos': [0.6140097595303955, -0.3535133918987863, 0.1097032402875184], 'size': [0.04461973939918376, 0.0849493067344041, 0.09534921802665242]}}"
6.960000000000659,0.6479955601240316,0.0,0.4,0.6443113375485816,1.99988335294151e-07,0.39998576967195787,"{'table_obstacle': {'pos': [0.3825981920028062, 0.37518922255766707, 0.1646257963690813], 'size': [0.049837904948193595, 0.0813235869879147, 0.05243307039854257]}, 'pillar_obstacle': {'pos': [0.39994824830915515, -0.3824307480766307, 0.23470116647765446], 'size': [0.033663755439403885, 0.20172185302840845, 0.0]}, 'small_block': {'pos': [0.6140097595303955, -0.3535133918987863, 0.1097032402875184], 'size': [0.04461973939918376, 0.0849493067344041, 0.09534921802665242]}}"
6.961000000000659,0.6479955601240316,0.0,0.4,0.6443629653248854,1.7481063754066356e-07,0.3999858809840927,"{'table_obstacle': {'pos': [0.3825981920028062, 0.37518922255766707, 0.1646257963690813], 'size': [0.049837904948193595, 0.0813235869879147, 0.05243307039854257]}, 'pillar_obstacle': {'pos': [0.39994824830915515, -0.3824307480766307, 0.23470116647765446], 'size': [0.033663755439403885, 0.20172185302840845, 0.0]}, 'small_block': {'pos': [0.6140097595303955, -0.3535133918987863, 0.1097032402875184], 'size': [0.04461973939918376, 0.0849493067344041, 0.09534921802665242]}}"
6.96200000000066,0.6479955601240316,0.0,0.4,0.6444138747475286,1.50132096192408e-07,0.3999859934573453,"{'table_obstacle': {'pos': [0.3825981920028062, 0.37518922255766707, 0.1646257963690813], 'size': [0.049837904948193595, 0.0813235869879147, 0.05243307039854257]}, 'pillar_obstacle': {'pos': [0.39994824830915515, -0.3824307480766307, 0.23470116647765446], 'size': [0.033663755439403885, 0.20172185302840845, 0.0]}, 'small_block': {'pos': [0.6140097595303955, -0.3535133918987863, 0.1097032402875184], 'size': [0.04461973939918376, 0.0849493067344041, 0.09534921802665242]}}"
6.96300000000066,0.6479955601240316,0.0,0.4,0.6444640751746986,1.2596862850689983e-07,0.3999861069079027,"{'table_obstacle': {'pos': [0.3825981920028062, 0.37518922255766707, 0.1646257963690813], 'size': [0.049837904948193595, 0.0813235869879147, 0.05243307039854257]}, 'pillar_obstacle': {'pos': [0.39994824830915515, -0.3824307480766307, 0.23470116647765446], 'size': [0.033663755439403885, 0.20172185302840845, 0.0]}, 'small_block': {'pos': [0.6140097595303955, -0.3535133918987863, 0.1097032402875184], 'size': [0.04461973939918376, 0.0849493067344041, 0.09534921802665242]}}"
6.96400000000066,0.6479955601240316,0.0,0.4,0.6445135759537611,1.0233164903928067e-07,0.39998622117487614,"{'table_obstacle': {'pos': [0.3825981920028062, 0.37518922255766707, 0.1646257963690813], 'size': [0.049837904948193595, 0.0813235869879147, 0.05243307039854257]}, 'pillar_obstacle': {'pos': [0.39994824830915515, -0.3824307480766307, 0.23470116647765446], 'size': [0.033663755439403885, 0.20172185302840845, 0.0]}, 'small_block': {'pos': [0.6140097595303955, -0.3535133918987863, 0.1097032402875184], 'size': [0.04461973939918376, 0.0849493067344041, 0.09534921802665242]}}"
6.965000000000661,0.6479955601240316,0.0,0.4,0.64456238639945,7.922881193997399e-08,0.3999863361169513,"{'table_obstacle': {'pos': [0.3825981920028062, 0.37518922255766707, 0.1646257963690813], 'size': [0.049837904948193595, 0.0813235869879147, 0.05243307039854257]}, 'pillar_obstacle': {'pos': [0.39994824830915515, -0.3824307480766307, 0.23470116647765446], 'size': [0.033663755439403885, 0.20172185302840845, 0.0]}, 'small_block': {'pos': [0.6140097595303955, -0.3535133918987863, 0.1097032402875184], 'size': [0.04461973939918376, 0.0849493067344041, 0.09534921802665242]}}"
6.966000000000661,0.6479955601240316,0.0,0.4,0.6446105157764249,5.6664638273756345e-08,0.39998645160953666,"{'table_obstacle': {'pos': [0.3825981920028062, 0.37518922255766707, 0.1646257963690813], 'size': [0.049837904948193595, 0.0813235869879147, 0.05243307039854257]}, 'pillar_obstacle': {'pos': [0.39994824830915515, -0.3824307480766307, 0.23470116647765446], 'size': [0.033663755439403885, 0.20172185302840845, 0.0]}, 'small_block': {'pos': [0.6140097595303955, -0.3535133918987863, 0.1097032402875184], 'size': [0.04461973939918376, 0.0849493067344041, 0.09534921802665242]}}"
6.967000000000661,0.6479955601240316,0.0,0.4,0.6446579732853819,3.464104607914164e-08,0.3999865675423402,"{'table_obstacle': {'pos': [0.3825981920028062, 0.37518922255766707, 0.1646257963690813], 'size': [0.049837904948193595, 0.0813235869879147, 0.05243307039854257]}, 'pillar_obstacle': {'pos': [0.39994824830915515, -0.3824307480766307, 0.23470116647765446], 'size': [0.033663755439403885, 0.20172185302840845, 0.0]}, 'small_block': {'pos': [0.6140097595303955, -0.3535133918987863, 0.1097032402875184], 'size': [0.04461973939918376, 0.0849493067344041, 0.09534921802665242]}}"
6.968000000000662,0.6479955601240316,0.0,0.4,0.6447047680520549,1.3157801032254813e-08,0.39998668381731156,"{'table_obstacle': {'pos': [0.3825981920028062, 0.37518922255766707, 0.1646257963690813], 'size': [0.049837904948193595, 0.0813235869879147, 0.05243307039854257]}, 'pillar_obstacle': {'pos': [0.39994824830915515, -0.3824307480766307, 0.23470116647765446], 'size': [0.033663755439403885, 0.20172185302840845, 0.0]}, 'small_block': {'pos': [0.6140097595303955, -0.3535133918987863, 0.1097032402875184], 'size': [0.04461973939918376, 0.0849493067344041, 0.09534921802665242]}}"
6.969000000000662,0.6479955601240316,0.0,0.4,0.6447509091185639,-7.787106345765542e-09,0.39998680034689615,"{'table_obstacle': {'pos': [0.3825981920028062, 0.37518922255766707, 0.1646257963690813], 'size': [0.049837904948193595, 0.0813235869879147, 0.05243307039854257]}, 'pillar_obstacle': {'pos': [0.39994824830915515, -0.3824307480766307, 0.23470116647765446], 'size': [0.033663755439403885, 0.20172185302840845, 0.0]}, 'small_block': {'pos': [0.6140097595303955, -0.3535133918987863, 0.1097032402875184], 'size': [0.04461973939918376, 0.0849493067344041, 0.09534921802665242]}}"
6.970000000000662,0.6479955601240316,0.0,0.4,0.644796405436676,-2.8197142618165886e-08,0.39998691705255884,"{'table_obstacle': {'pos': [0.3825981920028062, 0.37518922255766707, 0.1646257963690813], 'size': [0.049837904948193595, 0.0813235869879147, 0.05243307039854257]}, 'pillar_obstacle': {'pos': [0.39994824830915515, -0.3824307480766307, 0.23470116647765446], 'size': [0.033663755439403885, 0.20172185302840845, 0.0]}, 'small_block': {'pos': [0.6140097595303955, -0.3535133918987863, 0.1097032402875184], 'size': [0.04461973939918376, 0.0849493067344041, 0.09534921802665242]}}"
6.971000000000663,0.6479955601240316,0.0,0.4,0.6448412658626195,-4.8076962196255266e-08,0.39998703386353024,"{'table_obstacle': {'pos': [0.3825981920028062, 0.37518922255766707, 0.1646257963690813], 'size': [0.049837904948193595, 0.0813235869879147, 0.05243307039854257]}, 'pillar_obstacle': {'pos': [0.39994824830915515, -0.3824307480766307, 0.23470116647765446], 'size': [0.033663755439403885, 0.20172185302840845, 0.0]}, 'small_block': {'pos': [0.6140097595303955, -0.3535133918987863, 0.1097032402875184], 'size': [0.04461973939918376, 0.0849493067344041, 0.09534921802665242]}}"
6.972000000000663,0.6479955601240316,0.0,0.4,0.6448854991531527,-6.743218398836489e-08,0.39998715071574864,"{'table_obstacle': {'pos': [0.3825981920028062, 0.37518922255766707, 0.1646257963690813], 'size': [0.049837904948193595, 0.0813235869879147, 0.05243307039854257]}, 'pillar_obstacle': {'pos': [0.39994824830915515, -0.3824307480766307, 0.23470116647765446], 'size': [0.033663755439403885, 0.20172185302840845, 0.0]}, 'small_block': {'pos': [0.6140097595303955, -0.3535133918987863, 0.1097032402875184], 'size': [0.04461973939918376, 0.0849493067344041, 0.09534921802665242]}}"
6.973000000000663,0.6479955601240316,0.0,0.4,0.6449291139626617,-8.626920285595355e-08,0.39998726755096436,"{'table_obstacle': {'pos': [0.3825981920028062, 0.37518922255766707, 0.1646257963690813], 'size': [0.049837904948193595, 0.0813235869879147, 0.05243307039854257]}, 'pillar_obstacle': {'pos': [0.39994824830915515, -0.3824307480766307, 0.23470116647765446], 'size': [0.033663755439403885, 0.20172185302840845, 0.0]}, 'small_block': {'pos': [0.6140097595303955, -0.3535133918987863, 0.1097032402875184], 'size': [0.04461973939918376, 0.0849493067344041, 0.09534921802665242]}}"
6.974000000000664,0.6479955601240316,0.0,0.4,0.6449721188410835,-1.0459503131634634e-07,0.3999873843159805,"{'table_obstacle': {'pos': [0.3825981920028062, 0.37518922255766707, 0.1646257963690813], 'size': [0.049837904948193595, 0.0813235869879147, 0.05243307039854257]}, 'pillar_obstacle': {'pos': [0.39994824830915515, -0.3824307480766307, 0.23470116647765446], 'size': [0.033663755439403885, 0.20172185302840845, 0.0]}, 'small_block': {'pos': [0.6140097595303955, -0.3535133918987863, 0.1097032402875184], 'size': [0.04461973939918376, 0.0849493067344041, 0.09534921802665242]}}"
6.975000000000664,0.6479955601240316,0.0,0.4,0.6450145222325051,-1.2241716931543465e-07,0.3999875009620122,"{'table_obstacle': {'pos': [0.3825981920028062, 0.37518922255766707, 0.1646257963690813], 'size': [0.049837904948193595, 0.0813235869879147, 0.05243307039854257]}, 'pillar_obstacle': {'pos': [0.39994824830915515, -0.3824307480766307, 0.23470116647765446], 'size': [0.033663755439403885, 0.20172185302840845, 0.0]}, 'small_block': {'pos': [0.6140097595303955, -0.3535133918987863, 0.1097032402875184], 'size': [0.04461973939918376, 0.0849493067344041, 0.09534921802665242]}}"
6.976000000000664,0.6479955601240316,0.0,0.4,0.6450563324742999,-1.3974349383847415e-07,0.39998761744414446,"{'table_obstacle': {'pos': [0.3825981920028062, 0.37518922255766707, 0.1646257963690813], 'size': [0.049837904948193595, 0.0813235869879147, 0.05243307039854257]}, 'pillar_obstacle': {'pos': [0.39994824830915515, -0.3824307480766307, 0.23470116647765446], 'size': [0.033663755439403885, 0.20172185302840845, 0.0]}, 'small_block': {'pos': [0.6140097595303955, -0.3535133918987863, 0.1097032402875184], 'size': [0.04461973939918376, 0.0849493067344041, 0.09534921802665242]}}"
6.977000000000665,0.6479955601240316,0.0,0.4,0.6450975577967113,-1.5658216688718338e-07,0.39998773372087043,"{'table_obstacle': {'pos': [0.3825981920028062, 0.37518922255766707, 0.1646257963690813], 'size': [0.049837904948193595, 0.0813235869879147, 0.05243307039854257]}, 'pillar_obstacle': {'pos': [0.39994824830915515, -0.3824307480766307, 0.23470116647765446], 'size': [0.033663755439403885, 0.20172185302840845, 0.0]}, 'small_block': {'pos': [0.6140097595303955, -0.3535133918987863, 0.1097032402875184], 'size': [0.04461973939918376, 0.0849493067344041, 0.09534921802665242]}}"
6.978000000000665,0.6479955601240316,0.0,0.4,0.6451382063227832,-1.729415607465216e-07,0.39998784975370344,"{'table_obstacle': {'pos': [0.3825981920028062, 0.37518922255766707, 0.1646257963690813], 'size': [0.049837904948193595, 0.0813235869879147, 0.05243307039854257]}, 'pillar_obstacle': {'pos': [0.39994824830915515, -0.3824307480766307, 0.23470116647765446], 'size': [0.033663755439403885, 0.20172185302840845, 0.0]}, 'small_block': {'pos': [0.6140097595303955, -0.3535133918987863, 0.1097032402875184], 'size': [0.04461973939918376, 0.0849493067344041, 0.09534921802665242]}}"
6.979000000000665,0.6479955601240316,0.0,0.4,0.6451782860685806,-1.8883019453797523e-07,0.39998796550684385,"{'table_obstacle': {'pos': [0.3825981920028062, 0.37518922255766707, 0.1646257963690813], 'size': [0.049837904948193595, 0.0813235869879147, 0.05243307039854257]}, 'pillar_obstacle': {'pos': [0.39994824830915515, -0.3824307480766307, 0.23470116647765446], 'size': [0.033663755439403885, 0.20172185302840845, 0.0]}, 'small_block': {'pos': [0.6140097595303955, -0.3535133918987863, 0.1097032402875184], 'size': [0.04461973939918376, 0.0849493067344041, 0.09534921802665242]}}"
6.980000000000666,0.6479955601240316,0.0,0.4,0.6452178049436356,-2.0425668146912754e-07,0.399988080946899,"{'table_obstacle': {'pos': [0.3825981920028062, 0.37518922255766707, 0.1646257963690813], 'size': [0.049837904948193595, 0.0813235869879147, 0.05243307039854257]}, 'pillar_obstacle': {'pos': [0.39994824830915515, -0.3824307480766307, 0.23470116647765446], 'size': [0.033663755439403885, 0.20172185302840845, 0.0]}, 'small_block': {'pos': [0.6140097595303955, -0.3535133918987863, 0.1097032402875184], 'size': [0.04461973939918376, 0.0849493067344041, 0.09534921802665242]}}"
6.981000000000666,0.6479955601240316,0.0,0.4,0.6452567707515792,-2.1922968647164378e-07,0.39998819604264235,"{'table_obstacle': {'pos': [0.3825981920028062, 0.37518922255766707, 0.1646257963690813], 'size': [0.049837904948193595, 0.0813235869879147, 0.05243307039854257]}, 'pillar_obstacle': {'pos': [0.39994824830915515, -0.3824307480766307, 0.23470116647765446], 'size': [0.033663755439403885, 0.20172185302840845, 0.0]}, 'small_block': {'pos': [0.6140097595303955, -0.3535133918987863, 0.1097032402875184], 'size': [0.04461973939918376, 0.0849493067344041, 0.09534921802665242]}}"
6.982000000000666,0.6479955601240316,0.0,0.4,0.6452951911909137,-2.3375789037345422e-07,0.39998831076480806,"{'table_obstacle': {'pos': [0.3825981920028062, 0.37518922255766707, 0.1646257963690813], 'size': [0.049837904948193595, 0.0813235869879147, 0.05243307039854257]}, 'pillar_obstacle': {'pos': [0.39994824830915515, -0.3824307480766307, 0.23470116647765446], 'size': [0.033663755439403885, 0.20172185302840845, 0.0]}, 'small_block': {'pos': [0.6140097595303955, -0.3535133918987863, 0.1097032402875184], 'size': [0.04461973939918376, 0.0849493067344041, 0.09534921802665242]}}"
6.983000000000667,0.6479955601240316,0.0,0.4,0.6453330738559045,-2.4784996085044813e-07,0.39998842508591703,"{'table_obstacle': {'pos': [0.3825981920028062, 0.37518922255766707, 0.1646257963690813], 'size': [0.049837904948193595, 0.0813235869879147, 0.05243307039854257]}, 'pillar_obstacle': {'pos': [0.39994824830915515, -0.3824307480766307, 0.23470116647765446], 'size': [0.033663755439403885, 0.20172185302840845, 0.0]}, 'small_block': {'pos': [0.6140097595303955, -0.3535133918987863, 0.1097032402875184], 'size': [0.04461973939918376, 0.0849493067344041, 0.09534921802665242]}}"
6.984000000000667,0.6479955601240316,0.0,0.4,0.6453704262375599,-2.6151452827355266e-07,0.3999885389801229,"{'table_obstacle': {'pos': [0.3825981920028062, 0.37518922255766707, 0.1646257963690813], 'size': [0.049837904948193595, 0.0813235869879147, 0.05243307039854257]}, 'pillar_obstacle': {'pos': [0.39994824830915515, -0.3824307480766307, 0.23470116647765446], 'size': [0.033663755439403885, 0.20172185302840845, 0.0]}, 'small_block': {'pos': [0.6140097595303955, -0.3535133918987863, 0.1097032402875184], 'size': [0.04461973939918376, 0.0849493067344041, 0.09534921802665242]}}"
6.985000000000667,0.6479955601240316,0.0,0.4,0.6454072557246822,-2.747601666402965e-07,0.39998865242308496,"{'table_obstacle': {'pos': [0.3825981920028062, 0.37518922255766707, 0.1646257963690813], 'size': [0.049837904948193595, 0.0813235869879147, 0.05243307039854257]}, 'pillar_obstacle': {'pos': [0.39994824830915515, -0.3824307480766307, 0.23470116647765446], 'size': [0.033663755439403885, 0.20172185302840845, 0.0]}, 'small_block': {'pos': [0.6140097595303955, -0.3535133918987863, 0.1097032402875184], 'size': [0.04461973939918376, 0.0849493067344041, 0.09534921802665242]}}"
6.986000000000668,0.6479955601240316,0.0,0.4,0.6454435696049687,-2.875953772673063e-07,0.39998876539185263,"{'table_obstacle': {'pos': [0.3825981920028062, 0.37518922255766707, 0.1646257963690813], 'size': [0.049837904948193595, 0.0813235869879147, 0.05243307039854257]}, 'pillar_obstacle': {'pos': [0.39994824830915515, -0.3824307480766307, 0.23470116647765446], 'size': [0.033663755439403885, 0.20172185302840845, 0.0]}, 'small_block': {'pos': [0.6140097595303955, -0.3535133918987863, 0.1097032402875184], 'size': [0.04461973939918376, 0.0849493067344041, 0.09534921802665242]}}"
6.987000000000668,0.6479955601240316,0.0,0.4,0.64547937506616,-3.0002857688380444e-07,0.399988877864769,"{'table_obstacle': {'pos': [0.3825981920028062, 0.37518922255766707, 0.1646257963690813], 'size': [0.049837904948193595, 0.0813235869879147, 0.05243307039854257]}, 'pillar_obstacle': {'pos': [0.39994824830915515, -0.3824307480766307, 0.23470116647765446], 'size': [0.033663755439403885, 0.20172185302840845, 0.0]}, 'small_block': {'pos': [0.6140097595303955, -0.3535133918987863, 0.1097032402875184], 'size': [0.04461973939918376, 0.0849493067344041, 0.09534921802665242]}}"
6.988000000000668,0.6479955601240316,0.0,0.4,0.6455146791972113,-3.1206808606918587e-07,0.39998898982138437,"{'table_obstacle': {'pos': [0.3825981920028062, 0.37518922255766707, 0.1646257963690813], 'size': [0.049837904948193595, 0.0813235869879147, 0.05243307039854257]}, 'pillar_obstacle': {'pos': [0.39994824830915515, -0.3824307480766307, 0.23470116647765446], 'size': [0.033663755439403885, 0.20172185302840845, 0.0]}, 'small_block': {'pos': [0.6140097595303955, -0.3535133918987863, 0.1097032402875184], 'size': [0.04461973939918376, 0.0849493067344041, 0.09534921802665242]}}"
6.989000000000669,0.6479955601240316,0.0,0.4,0.6455494889894876,-3.2372212247594677e-07,0.39998910124238,"{'table_obstacle': {'pos': [0.3825981920028062, 0.37518922255766707, 0.1646257963690813], 'size': [0.049837904948193595, 0.0813235869879147, 0.05243307039854257]}, 'pillar_obstacle': {'pos': [0.39994824830915515, -0.3824307480766307, 0.23470116647765446], 'size': [0.033663755439403885, 0.20172185302840845, 0.0]}, 'small_block': {'pos': [0.6140097595303955, -0.3535133918987863, 0.1097032402875184], 'size': [0.04461973939918376, 0.0849493067344041, 0.09534921802665242]}}"
6.990000000000669,0.6479955601240316,0.0,0.4,0.6455838113379733,-3.349987942467323e-07,0.39998921210950245,"{'table_obstacle': {'pos': [0.3825981920028062, 0.37518922255766707, 0.1646257963690813], 'size': [0.049837904948193595, 0.0813235869879147, 0.05243307039854257]}, 'pillar_obstacle': {'pos': [0.39994824830915515, -0.3824307480766307, 0.23470116647765446], 'size': [0.033663755439403885, 0.20172185302840845, 0.0]}, 'small_block': {'pos': [0.6140097595303955, -0.3535133918987863, 0.1097032402875184], 'size': [0.04461973939918376, 0.0849493067344041, 0.09534921802665242]}}"
6.991000000000669,0.6479955601240316,0.0,0.4,0.6456176530424887,-3.459060940694379e-07,0.3999893224055033,"{'table_obstacle': {'pos': [0.3825981920028062, 0.37518922255766707, 0.1646257963690813], 'size': [0.049837904948193595, 0.0813235869879147, 0.05243307039854257]}, 'pillar_obstacle': {'pos': [0.39994824830915515, -0.3824307480766307, 0.23470116647765446], 'size': [0.033663755439403885, 0.20172185302840845, 0.0]}, 'small_block': {'pos': [0.6140097595303955, -0.3535133918987863, 0.1097032402875184], 'size': [0.04461973939918376, 0.0849493067344041, 0.09534921802665242]}}"
6.99200000000067,0.6479955601240316,0.0,0.4,0.6456510208089092,-3.5645189713242825e-07,0.39998943211408616,"{'table_obstacle': {'pos': [0.3825981920028062, 0.37518922255766707, 0.1646257963690813], 'size': [0.049837904948193595, 0.0813235869879147, 0.05243307039854257]}, 'pillar_obstacle': {'pos': [0.39994824830915515, -0.3824307480766307, 0.23470116647765446], 'size': [0.033663755439403885, 0.20172185302840845, 0.0]}, 'small_block': {'pos': [0.6140097595303955, -0.3535133918987863, 0.1097032402875184], 'size': [0.04461973939918376, 0.0849493067344041, 0.09534921802665242]}}"
6.99300000000067,0.6479955601240316,0.0,0.4,0.6456839212503869,-3.6664395692171744e-07,0.3999895412198594,"{'table_obstacle': {'pos': [0.3825981920028062, 0.37518922255766707, 0.1646257963690813], 'size': [0.049837904948193595, 0.0813235869879147, 0.05243307039854257]}, 'pillar_obstacle': {'pos': [0.39994824830915515, -0.3824307480766307, 0.23470116647765446], 'size': [0.033663755439403885, 0.20172185302840845, 0.0]}, 'small_block': {'pos': [0.6140097595303955, -0.3535133918987863, 0.1097032402875184], 'size': [0.04461973939918376, 0.0849493067344041, 0.09534921802665242]}}"
6.99400000000067,0.6479955601240316,0.0,0.4,0.6457163608885652,-3.764899044059381e-07,0.39998964970829204,"{'table_obstacle': {'pos': [0.3825981920028062, 0.37518922255766707, 0.1646257963690813], 'size': [0.049837904948193595, 0.0813235869879147, 0.05243307039854257]}, 'pillar_obstacle': {'pos': [0.39994824830915515, -0.3824307480766307, 0.23470116647765446], 'size': [0.033663755439403885, 0.20172185302840845, 0.0]}, 'small_block': {'pos': [0.6140097595303955, -0.3535133918987863, 0.1097032402875184], 'size': [0.04461973939918376, 0.0849493067344041, 0.09534921802665242]}}"
6.995000000000671,0.6479955601240316,0.0,0.4,0.6457483461547915,-3.859972463795984e-07,0.3999897575656743,"{'table_obstacle': {'pos': [0.3825981920028062, 0.37518922255766707, 0.1646257963690813], 'size': [0.049837904948193595, 0.0813235869879147, 0.05243307039854257]}, 'pillar_obstacle': {'pos': [0.39994824830915515, -0.3824307480766307, 0.23470116647765446], 'size': [0.033663755439403885, 0.20172185302840845, 0.0]}, 'small_block': {'pos': [0.6140097595303955, -0.3535133918987863, 0.1097032402875184], 'size': [0.04461973939918376, 0.0849493067344041, 0.09534921802665242]}}"
6.996000000000671,0.6479955601240316,0.0,0.4,0.6457798833913186,-3.9517336476641504e-07,0.3999898647790818,"{'table_obstacle': {'pos': [0.3825981920028062, 0.37518922255766707, 0.1646257963690813], 'size': [0.049837904948193595, 0.0813235869879147, 0.05243307039854257]}, 'pillar_obstacle': {'pos': [0.39994824830915515, -0.3824307480766307, 0.23470116647765446], 'size': [0.033663755439403885, 0.20172185302840845, 0.0]}, 'small_block': {'pos': [0.6140097595303955, -0.3535133918987863, 0.1097032402875184], 'size': [0.04461973939918376, 0.0849493067344041, 0.09534921802665242]}}"
6.997000000000671,0.6479955601240316,0.0,0.4,0.645810978852501,-4.040255167723209e-07,0.399989971336341,"{'table_obstacle': {'pos': [0.3825981920028062, 0.37518922255766707, 0.1646257963690813], 'size': [0.049837904948193595, 0.0813235869879147, 0.05243307039854257]}, 'pillar_obstacle': {'pos': [0.39994824830915515, -0.3824307480766307, 0.23470116647765446], 'size': [0.033663755439403885, 0.20172185302840845, 0.0]}, 'small_block': {'pos': [0.6140097595303955, -0.3535133918987863, 0.1097032402875184], 'size': [0.04461973939918376, 0.0849493067344041, 0.09534921802665242]}}"
6.998000000000672,0.6479955601240316,0.0,0.4,0.6458416387059766,-4.1256083472815695e-07,0.3999900772259997,"{'table_obstacle': {'pos': [0.3825981920028062, 0.37518922255766707, 0.1646257963690813], 'size': [0.049837904948193595, 0.0813235869879147, 0.05243307039854257]}, 'pillar_obstacle': {'pos': [0.39994824830915515, -0.3824307480766307, 0.23470116647765446], 'size': [0.033663755439403885, 0.20172185302840845, 0.0]}, 'small_block': {'pos': [0.6140097595303955, -0.3535133918987863, 0.1097032402875184], 'size': [0.04461973939918376, 0.0849493067344041, 0.09534921802665242]}}"
6.999000000000672,0.6479955601240316,0.0,0.4,0.6458718690338402,-4.2078632702218905e-07,0.39999018243729684,"{'table_obstacle': {'pos': [0.3825981920028062, 0.37518922255766707, 0.1646257963690813], 'size': [0.049837904948193595, 0.0813235869879147, 0.05243307039854257]}, 'pillar_obstacle': {'pos': [0.39994824830915515, -0.3824307480766307, 0.23470116647765446], 'size': [0.033663755439403885, 0.20172185302840845, 0.0]}, 'small_block': {'pos': [0.6140097595303955, -0.3535133918987863, 0.1097032402875184], 'size': [0.04461973939918376, 0.0849493067344041, 0.09534921802665242]}}"
7.000000000000672,0.6479955601240316,0.0,0.4,0.6459016758338039,-4.2870887830367617e-07,0.39999028696013555,"{'table_obstacle': {'pos': [0.3825981920028062, 0.37518922255766707, 0.1646257963690813], 'size': [0.049837904948193595, 0.0813235869879147, 0.05243307039854257]}, 'pillar_obstacle': {'pos': [0.39994824830915515, -0.3824307480766307, 0.23470116647765446], 'size': [0.033663755439403885, 0.20172185302840845, 0.0]}, 'small_block': {'pos': [0.6140097595303955, -0.3535133918987863, 0.1097032402875184], 'size': [0.04461973939918376, 0.0849493067344041, 0.09534921802665242]}}"
